R2: 0.5310168692289055

MAE: 0.054514654672785705

MSE: 0.007175117482324672

Accuracy: 0.7773564463705309

F1: 0.7773352757768992

Confusion Matrix: [[1417, 358], [464, 1453]]

Uncertainties: {'class0': [0.31257379055023193, 0.3829491138458252, 0.4595142602920532, 0.4656818211078644, 0.49570292234420776], 'class1': [0.1997101753950119, 0.3119320571422577, 0.37454232573509216, 0.3885038495063782, 0.660416305065155]}

Most important rules
-----------------------------

---0---
rule44: a2pop < 1.018
probabilities_array:[0.6874262 0.        0.3125738]

rule20: a1pop < 0.982
probabilities_array:[0.6170509 0.        0.3829491]

rule68: a3pop < 0.948
probabilities_array:[0.54048574 0.         0.45951426]

rule128: mxql = 9.0
probabilities_array:[0.53431815 0.         0.46568182]

rule45: 1.018 < a2pop < 3.101
probabilities_array:[0.5042971  0.         0.49570292]

rule21: 0.982 < a1pop < 3.043
probabilities_array:[0.44783685 0.         0.5521631 ]

rule127: mxql = 8.0
probabilities_array:[0.38862044 0.         0.61137956]

rule69: 0.948 < a3pop < 3.063
probabilities_array:[0.3755318 0.        0.6244682]

rule100: b2call < 2.874
probabilities_array:[0.25099707 0.         0.74900293]

rule90: 1.254 < b1eff < 1.546
probabilities_array:[0.23319611 0.         0.76680386]

rule98: 0.007 < b2y < 0.390
probabilities_array:[0.21911699 0.         0.780883  ]


---1---
rule47: a2pop > 5.184
probabilities_array:[0.         0.8002898  0.19971018]

rule71: a3pop > 5.179
probabilities_array:[0.         0.688068   0.31193206]

rule23: a1pop > 5.103
probabilities_array:[0.         0.6254577  0.37454233]

rule124: mxql = 5.0
probabilities_array:[0.         0.61149615 0.38850385]

rule46: 3.101 < a2pop < 5.184
probabilities_array:[0.         0.33958367 0.6604163 ]

rule125: mxql = 6.0
probabilities_array:[0.         0.31689468 0.6831053 ]

rule87: b1call > 5.023
probabilities_array:[0.         0.31657606 0.68342394]

rule103: b2call > 5.060
probabilities_array:[0.         0.29172525 0.7082747 ]

rule118: 4.010 < b3call < 5.113
probabilities_array:[0.        0.2810784 0.7189216]

rule70: 3.063 < a3pop < 5.179
probabilities_array:[0.        0.2778435 0.7221565]

rule29: -0.372 < a2cy < 0.017
probabilities_array:[0.         0.23241058 0.76758945]

rule56: a3sx < 0.321
probabilities_array:[0.         0.22021309 0.77978694]

rule122: 1.241 < b3eff < 1.533
probabilities_array:[0.         0.21496795 0.78503203]

rule43: a2rho > 0.192
probabilities_array:[0.         0.21311851 0.7868815 ]

rule88: b1eff < 0.961
probabilities_array:[0.         0.21070082 0.7892992 ]

rule22: 3.043 < a1pop < 5.103
probabilities_array:[0.04081188 0.18679003 0.7723981 ]

