R2: 0.538383650185396

MAE: 0.05424219498250685

MSE: 0.0070624108296515505

Accuracy: 0.781148429035753

F1: 0.7810980671172774

Confusion Matrix: [[1414, 361], [447, 1470]]

Uncertainties: {'class0': [0.26408112049102783, 0.33990979194641113, 0.41579341888427734, 0.421970397233963, 0.4343612492084503], 'class1': [0.25760531425476074, 0.3609663248062134, 0.37196195125579834, 0.37736985087394714, 0.6564160585403442]}

Most important rules
-----------------------------

---0---
rule44: a2pop < 1.018
probabilities_array:[0.7359189  0.         0.26408112]

rule20: a1pop < 0.982
probabilities_array:[0.6600902 0.        0.3399098]

rule68: a3pop < 0.948
probabilities_array:[0.5842066  0.         0.41579342]

rule45: 1.018 < a2pop < 3.101
probabilities_array:[0.57802963 0.         0.4219704 ]

rule128: mxql = 9.0
probabilities_array:[0.5656387  0.         0.43436125]

rule21: 0.982 < a1pop < 3.043
probabilities_array:[0.49341577 0.         0.5065842 ]

rule69: 0.948 < a3pop < 3.063
probabilities_array:[0.45686027 0.         0.54313976]

rule127: mxql = 8.0
probabilities_array:[0.39465973 0.         0.6053403 ]

rule90: 1.254 < b1eff < 1.546
probabilities_array:[0.24668464 0.         0.7533153 ]

rule100: b2call < 2.874
probabilities_array:[0.22603096 0.         0.77396905]


---1---
rule47: a2pop > 5.184
probabilities_array:[0.        0.7423947 0.2576053]

rule71: a3pop > 5.179
probabilities_array:[0.         0.6390337  0.36096632]

rule124: mxql = 5.0
probabilities_array:[0.         0.62803805 0.37196195]

rule23: a1pop > 5.103
probabilities_array:[0.         0.6226301  0.37736985]

rule103: b2call > 5.060
probabilities_array:[0.         0.3435839  0.65641606]

rule87: b1call > 5.023
probabilities_array:[0.         0.33790505 0.66209495]

rule125: mxql = 6.0
probabilities_array:[0.        0.3264615 0.6735385]

rule118: 4.010 < b3call < 5.113
probabilities_array:[0.         0.27416894 0.72583103]

rule46: 3.101 < a2pop < 5.184
probabilities_array:[0.01618379 0.25467464 0.7291416 ]

rule29: -0.372 < a2cy < 0.017
probabilities_array:[0.         0.22051512 0.77948487]

rule88: b1eff < 0.961
probabilities_array:[0.       0.214303 0.785697]

rule70: 3.063 < a3pop < 5.179
probabilities_array:[0.01312213 0.20598836 0.7808895 ]

rule96: b2y < -0.376
probabilities_array:[0.         0.21044064 0.78955936]

rule122: 1.241 < b3eff < 1.533
probabilities_array:[0.         0.20869133 0.7913087 ]

rule73: 0.353 < temp < 0.495
probabilities_array:[0.        0.2021542 0.7978458]

