R2: 0.5389742095221373

MAE: 0.054114915041717164

MSE: 0.007053375680318065

Accuracy: 0.7797941495124594

F1: 0.7797416495843184

Confusion Matrix: [[1411, 364], [449, 1468]]

Uncertainties: {'class0': [0.24819913506507874, 0.40361103415489197, 0.4059062600135803, 0.421526163816452, 0.4469805061817169], 'class1': [0.2660679221153259, 0.32601767778396606, 0.3896714448928833, 0.41400107741355896, 0.674082338809967]}

Most important rules
-----------------------------

---0---
rule44: a2pop < 1.018
probabilities_array:[0.7518009  0.         0.24819914]

rule20: a1pop < 0.982
probabilities_array:[0.596389   0.         0.40361103]

rule68: a3pop < 0.948
probabilities_array:[0.59409374 0.         0.40590626]

rule45: 1.018 < a2pop < 3.101
probabilities_array:[0.57847387 0.         0.42152616]

rule128: mxql = 9.0
probabilities_array:[0.55301946 0.         0.4469805 ]

rule69: 0.948 < a3pop < 3.063
probabilities_array:[0.4669297  0.         0.53307027]

rule21: 0.982 < a1pop < 3.043
probabilities_array:[0.4111835  0.         0.58881646]

rule127: mxql = 8.0
probabilities_array:[0.39763603 0.         0.60236394]

rule100: b2call < 2.874
probabilities_array:[0.20804372 0.         0.7919563 ]


---1---
rule47: a2pop > 5.184
probabilities_array:[0.         0.7339321  0.26606792]

rule23: a1pop > 5.103
probabilities_array:[0.         0.6739823  0.32601768]

rule71: a3pop > 5.179
probabilities_array:[0.         0.61032856 0.38967144]

rule124: mxql = 5.0
probabilities_array:[0.         0.58599895 0.41400108]

rule103: b2call > 5.060
probabilities_array:[0.         0.32591766 0.67408234]

rule118: 4.010 < b3call < 5.113
probabilities_array:[0.         0.32551566 0.6744843 ]

rule125: mxql = 6.0
probabilities_array:[0.       0.286034 0.713966]

rule87: b1call > 5.023
probabilities_array:[0.       0.270612 0.729388]

rule29: -0.372 < a2cy < 0.017
probabilities_array:[0.       0.260338 0.739662]

rule88: b1eff < 0.961
probabilities_array:[0.         0.25453717 0.74546283]

rule122: 1.241 < b3eff < 1.533
probabilities_array:[0.         0.23595534 0.76404464]

rule46: 3.101 < a2pop < 5.184
probabilities_array:[0.02098722 0.22556657 0.75344616]

rule96: b2y < -0.376
probabilities_array:[0.        0.2242286 0.7757714]

rule73: 0.353 < temp < 0.495
probabilities_array:[0.         0.21614338 0.78385663]

rule56: a3sx < 0.321
probabilities_array:[0.         0.21495953 0.7850405 ]

rule70: 3.063 < a3pop < 5.179
probabilities_array:[0.03548867 0.19231413 0.7721971 ]

