R2: 0.5379570407739229

MAE: 0.054169822316586395

MSE: 0.007068937658540581

Accuracy: 0.781148429035753

F1: 0.7811201033083622

Confusion Matrix: [[1421, 354], [454, 1463]]

Uncertainties: {'class0': [0.30887719988822937, 0.3340805172920227, 0.39485397934913635, 0.46248194575309753, 0.47900262475013733], 'class1': [0.18881763517856598, 0.31573978066444397, 0.4192134439945221, 0.4215206205844879, 0.5902531147003174]}

Most important rules
-----------------------------

---0---
rule20: a1pop < 0.982
probabilities_array:[0.6911228 0.        0.3088772]

rule44: a2pop < 1.018
probabilities_array:[0.6659195  0.         0.33408052]

rule68: a3pop < 0.948
probabilities_array:[0.60514605 0.         0.39485398]

rule21: 0.982 < a1pop < 3.043
probabilities_array:[0.537518   0.         0.46248195]

rule128: mxql = 9.0
probabilities_array:[0.5209974  0.         0.47900262]

rule69: 0.948 < a3pop < 3.063
probabilities_array:[0.48924503 0.         0.510755  ]

rule45: 1.018 < a2pop < 3.101
probabilities_array:[0.47470084 0.         0.5252992 ]

rule127: mxql = 8.0
probabilities_array:[0.3305015 0.        0.6694985]

rule90: 1.254 < b1eff < 1.546
probabilities_array:[0.20515913 0.         0.7948409 ]

rule100: b2call < 2.874
probabilities_array:[0.20320539 0.         0.7967946 ]


---1---
rule47: a2pop > 5.184
probabilities_array:[0.         0.8111824  0.18881764]

rule124: mxql = 5.0
probabilities_array:[0.         0.68426025 0.31573978]

rule23: a1pop > 5.103
probabilities_array:[0.         0.5807865  0.41921344]

rule71: a3pop > 5.179
probabilities_array:[0.         0.5784794  0.42152062]

rule125: mxql = 6.0
probabilities_array:[0.        0.4097469 0.5902531]

rule46: 3.101 < a2pop < 5.184
probabilities_array:[0.         0.38562545 0.6143746 ]

rule103: b2call > 5.060
probabilities_array:[1.1473089e-05 3.7289512e-01 6.2709343e-01]

rule118: 4.010 < b3call < 5.113
probabilities_array:[0.         0.30092895 0.69907105]

rule87: b1call > 5.023
probabilities_array:[0.        0.2767738 0.7232262]

rule96: b2y < -0.376
probabilities_array:[0.         0.24795774 0.7520423 ]

rule88: b1eff < 0.961
probabilities_array:[0.         0.24650691 0.7534931 ]

rule29: -0.372 < a2cy < 0.017
probabilities_array:[0.         0.23880382 0.7611962 ]

rule53: -0.398 < a3cy < -0.006
probabilities_array:[0.         0.22513276 0.77486724]

rule73: 0.353 < temp < 0.495
probabilities_array:[0.         0.21553156 0.7844685 ]

rule108: b3x < -0.393
probabilities_array:[3.4350469e-05 2.0747323e-01 7.9249245e-01]

rule70: 3.063 < a3pop < 5.179
probabilities_array:[0.04730566 0.18201368 0.7706807 ]

rule56: a3sx < 0.321
probabilities_array:[0.         0.20337285 0.79662716]

