R2: 0.534449564393055

MAE: 0.05449836964776129

MSE: 0.007122599620875617

Accuracy: 0.7814192849404117

F1: 0.7813742313191427

Confusion Matrix: [[1416, 359], [448, 1469]]

Uncertainties: {'class0': [0.21398958563804626, 0.3484784960746765, 0.37034520506858826, 0.39149391651153564, 0.40107840299606323], 'class1': [0.32055795192718506, 0.3513369560241699, 0.3651604950428009, 0.46185413002967834, 0.6578280329704285]}

Most important rules
-----------------------------

---0---
rule44: a2pop < 1.018
probabilities_array:[0.78601044 0.         0.21398959]

rule45: 1.018 < a2pop < 3.101
probabilities_array:[0.6515215 0.        0.3484785]

rule128: mxql = 9.0
probabilities_array:[0.6296548 0.        0.3703452]

rule68: a3pop < 0.948
probabilities_array:[0.6085061  0.         0.39149392]

rule20: a1pop < 0.982
probabilities_array:[0.5989216 0.        0.4010784]

rule127: mxql = 8.0
probabilities_array:[0.48126096 0.         0.51873904]

rule69: 0.948 < a3pop < 3.063
probabilities_array:[0.46922037 0.         0.53077966]

rule21: 0.982 < a1pop < 3.043
probabilities_array:[0.42516452 0.         0.5748355 ]

rule126: mxql = 7.0
probabilities_array:[0.24604894 0.         0.7539511 ]

rule100: b2call < 2.874
probabilities_array:[0.22006756 0.         0.77993244]


---1---
rule47: a2pop > 5.184
probabilities_array:[0.         0.67944205 0.32055795]

rule23: a1pop > 5.103
probabilities_array:[0.         0.64866304 0.35133696]

rule71: a3pop > 5.179
probabilities_array:[0.        0.6348395 0.3651605]

rule124: mxql = 5.0
probabilities_array:[0.         0.53814584 0.46185413]

rule103: b2call > 5.060
probabilities_array:[0.         0.342172   0.65782803]

rule118: 4.010 < b3call < 5.113
probabilities_array:[0.         0.33399767 0.66600233]

rule88: b1eff < 0.961
probabilities_array:[0.        0.2707842 0.7292158]

rule29: -0.372 < a2cy < 0.017
probabilities_array:[0.         0.25520322 0.7447968 ]

rule87: b1call > 5.023
probabilities_array:[0.        0.2542848 0.7457152]

rule56: a3sx < 0.321
probabilities_array:[0.         0.24120529 0.7587947 ]

rule122: 1.241 < b3eff < 1.533
probabilities_array:[0.         0.23248534 0.76751465]

rule73: 0.353 < temp < 0.495
probabilities_array:[0.         0.23225988 0.76774013]

rule22: 3.043 < a1pop < 5.103
probabilities_array:[0.02729219 0.20993477 0.76277304]

rule96: b2y < -0.376
probabilities_array:[0.        0.2063567 0.7936433]

rule66: -0.002 < a3rho < 0.193
probabilities_array:[0.         0.20105363 0.7989464 ]

