R2: 0.5354497333826908

MAE: 0.05422399776266139

MSE: 0.007107297727199793

Accuracy: 0.781148429035753

F1: 0.7810784685261991

Confusion Matrix: [[1409, 366], [442, 1475]]

Uncertainties: {'class0': [0.24637800455093384, 0.33738818764686584, 0.40291279554367065, 0.4566039443016052, 0.49198681116104126], 'class1': [0.27334272861480713, 0.29901283979415894, 0.35196030139923096, 0.37756189703941345, 0.6399791240692139]}

Most important rules
-----------------------------

---0---
rule44: a2pop < 1.018
probabilities_array:[0.753622 0.       0.246378]

rule20: a1pop < 0.982
probabilities_array:[0.66261184 0.         0.3373882 ]

rule45: 1.018 < a2pop < 3.101
probabilities_array:[0.5970872 0.        0.4029128]

rule128: mxql = 9.0
probabilities_array:[0.54339606 0.         0.45660394]

rule21: 0.982 < a1pop < 3.043
probabilities_array:[0.5080132 0.        0.4919868]

rule68: a3pop < 0.948
probabilities_array:[0.5049755 0.        0.4950245]

rule127: mxql = 8.0
probabilities_array:[0.37215033 0.         0.62784964]

rule69: 0.948 < a3pop < 3.063
probabilities_array:[0.36732915 0.         0.6326709 ]

rule100: b2call < 2.874
probabilities_array:[0.22677733 0.         0.7732227 ]


---1---
rule47: a2pop > 5.184
probabilities_array:[0.         0.7266573  0.27334273]

rule71: a3pop > 5.179
probabilities_array:[0.         0.70098716 0.29901284]

rule124: mxql = 5.0
probabilities_array:[0.        0.6480397 0.3519603]

rule23: a1pop > 5.103
probabilities_array:[0.         0.62243813 0.3775619 ]

rule125: mxql = 6.0
probabilities_array:[0.         0.36002088 0.6399791 ]

rule118: 4.010 < b3call < 5.113
probabilities_array:[0.         0.35071215 0.6492878 ]

rule103: b2call > 5.060
probabilities_array:[0.         0.34982157 0.65017843]

rule87: b1call > 5.023
probabilities_array:[0.         0.32576743 0.6742326 ]

rule70: 3.063 < a3pop < 5.179
probabilities_array:[0.         0.30869174 0.69130826]

rule88: b1eff < 0.961
probabilities_array:[0.         0.28482988 0.71517015]

rule46: 3.101 < a2pop < 5.184
probabilities_array:[0.05594641 0.24670912 0.69734454]

rule29: -0.372 < a2cy < 0.017
probabilities_array:[0.         0.2574235  0.74257654]

rule77: -0.385 < b1x < 0.008
probabilities_array:[0.         0.23440656 0.7655934 ]

rule56: a3sx < 0.321
probabilities_array:[0.         0.22717857 0.7728214 ]

rule92: b2x < -0.396
probabilities_array:[0.         0.21230999 0.78769004]

rule96: b2y < -0.376
probabilities_array:[0.         0.20856033 0.79143965]

rule73: 0.353 < temp < 0.495
probabilities_array:[0.         0.2084404  0.79155964]

rule122: 1.241 < b3eff < 1.533
probabilities_array:[0.         0.2076433  0.79235667]

