R2: 0.5343412453248617

MAE: 0.05439944613898314

MSE: 0.0071242568276893995

Accuracy: 0.7822318526543879

F1: 0.7821704231739588

Confusion Matrix: [[1413, 362], [442, 1475]]

Uncertainties: {'class0': [0.26054126024246216, 0.3848136067390442, 0.38599255681037903, 0.4126358926296234, 0.4737873673439026], 'class1': [0.27087685465812683, 0.32500243186950684, 0.3437194228172302, 0.37662163376808167, 0.6034225225448608]}

Most important rules
-----------------------------

---0---
rule44: a2pop < 1.018
probabilities_array:[0.73945874 0.         0.26054126]

rule68: a3pop < 0.948
probabilities_array:[0.6151864 0.        0.3848136]

rule20: a1pop < 0.982
probabilities_array:[0.6140074  0.         0.38599256]

rule45: 1.018 < a2pop < 3.101
probabilities_array:[0.58736414 0.         0.4126359 ]

rule128: mxql = 9.0
probabilities_array:[0.52621263 0.         0.47378737]

rule69: 0.948 < a3pop < 3.063
probabilities_array:[0.48705932 0.         0.51294065]

rule21: 0.982 < a1pop < 3.043
probabilities_array:[0.44244266 0.         0.55755734]

rule127: mxql = 8.0
probabilities_array:[0.33037212 0.         0.6696279 ]

rule90: 1.254 < b1eff < 1.546
probabilities_array:[0.25262812 0.         0.74737185]

rule98: 0.007 < b2y < 0.390
probabilities_array:[0.20397297 0.00120294 0.79482406]


---1---
rule47: a2pop > 5.184
probabilities_array:[0.         0.7291232  0.27087685]

rule124: mxql = 5.0
probabilities_array:[0.         0.67499757 0.32500243]

rule23: a1pop > 5.103
probabilities_array:[0.         0.6562806  0.34371942]

rule71: a3pop > 5.179
probabilities_array:[0.         0.62337834 0.37662163]

rule125: mxql = 6.0
probabilities_array:[0.         0.39657748 0.6034225 ]

rule103: b2call > 5.060
probabilities_array:[4.8055168e-05 3.8249335e-01 6.1745864e-01]

rule87: b1call > 5.023
probabilities_array:[0.       0.301373 0.698627]

rule118: 4.010 < b3call < 5.113
probabilities_array:[0.         0.28514522 0.7148548 ]

rule46: 3.101 < a2pop < 5.184
probabilities_array:[0.03323906 0.25491887 0.71184206]

rule29: -0.372 < a2cy < 0.017
probabilities_array:[0.         0.24009857 0.75990146]

rule122: 1.241 < b3eff < 1.533
probabilities_array:[0.         0.23178414 0.76821584]

rule14: 1.016 < a1sy < 1.700
probabilities_array:[0.0056155  0.20230001 0.79208446]

rule22: 3.043 < a1pop < 5.103
probabilities_array:[0.01991699 0.19069621 0.7893868 ]

rule88: b1eff < 0.961
probabilities_array:[0.         0.20022166 0.79977834]

