R2: 0.5319676668169724

MAE: 0.054723681930240166

MSE: 0.00716057093694025

Accuracy: 0.7797941495124594

F1: 0.7797553546573813

Confusion Matrix: [[1415, 360], [453, 1464]]

Uncertainties: {'class0': [0.2609648108482361, 0.31181102991104126, 0.35899442434310913, 0.42534565925598145, 0.4516802132129669], 'class1': [0.25740692019462585, 0.3150520324707031, 0.4329085052013397, 0.453262060880661, 0.6627740263938904]}

Most important rules
-----------------------------

---0---
rule44: a2pop < 1.018
probabilities_array:[0.7390352 0.        0.2609648]

rule20: a1pop < 0.982
probabilities_array:[0.68818897 0.         0.31181103]

rule128: mxql = 9.0
probabilities_array:[0.6410056  0.         0.35899442]

rule45: 1.018 < a2pop < 3.101
probabilities_array:[0.57465434 0.         0.42534566]

rule21: 0.982 < a1pop < 3.043
probabilities_array:[0.5483198 0.        0.4516802]

rule68: a3pop < 0.948
probabilities_array:[0.5157505  0.         0.48424947]

rule127: mxql = 8.0
probabilities_array:[0.4856887 0.        0.5143113]

rule69: 0.948 < a3pop < 3.063
probabilities_array:[0.37090683 0.         0.62909317]

rule126: mxql = 7.0
probabilities_array:[0.25370517 0.         0.7462948 ]

rule100: b2call < 2.874
probabilities_array:[0.23773997 0.         0.76226   ]


---1---
rule47: a2pop > 5.184
probabilities_array:[0.         0.7425931  0.25740692]

rule71: a3pop > 5.179
probabilities_array:[0.         0.68494797 0.31505203]

rule23: a1pop > 5.103
probabilities_array:[0.        0.5670915 0.4329085]

rule124: mxql = 5.0
probabilities_array:[0.         0.5467379  0.45326206]

rule103: b2call > 5.060
probabilities_array:[0.         0.33722597 0.662774  ]

rule118: 4.010 < b3call < 5.113
probabilities_array:[0.         0.3051866  0.69481343]

rule88: b1eff < 0.961
probabilities_array:[0.         0.29768074 0.70231926]

rule70: 3.063 < a3pop < 5.179
probabilities_array:[0.         0.28908673 0.71091324]

rule73: 0.353 < temp < 0.495
probabilities_array:[0.        0.2837423 0.7162577]

rule46: 3.101 < a2pop < 5.184
probabilities_array:[0.0265392  0.25627744 0.71718335]

rule87: b1call > 5.023
probabilities_array:[0.         0.26362255 0.7363774 ]

rule29: -0.372 < a2cy < 0.017
probabilities_array:[0.        0.2596599 0.7403401]

rule96: b2y < -0.376
probabilities_array:[0.         0.24597035 0.75402963]

rule56: a3sx < 0.321
probabilities_array:[0.         0.21687773 0.78312224]

rule92: b2x < -0.396
probabilities_array:[0.         0.21616328 0.7838367 ]

rule125: mxql = 6.0
probabilities_array:[0.         0.20360461 0.79639536]

