R2: 0.5346035187200477

MAE: 0.054373929227638666

MSE: 0.007120244226170335

Accuracy: 0.7803358613217768

F1: 0.7802718814520844

Confusion Matrix: [[1409, 366], [445, 1472]]

Uncertainties: {'class0': [0.23042336106300354, 0.3274678885936737, 0.3576647639274597, 0.44317182898521423, 0.48248204588890076], 'class1': [0.2980674207210541, 0.3002520203590393, 0.33679935336112976, 0.3805501461029053, 0.6111524105072021]}

Most important rules
-----------------------------

---0---
rule44: a2pop < 1.018
probabilities_array:[0.76957667 0.         0.23042336]

rule20: a1pop < 0.982
probabilities_array:[0.67253214 0.         0.3274679 ]

rule45: 1.018 < a2pop < 3.101
probabilities_array:[0.64233524 0.         0.35766476]

rule128: mxql = 9.0
probabilities_array:[0.55682814 0.         0.44317183]

rule21: 0.982 < a1pop < 3.043
probabilities_array:[0.517518   0.         0.48248205]

rule68: a3pop < 0.948
probabilities_array:[0.5030405 0.        0.4969595]

rule69: 0.948 < a3pop < 3.063
probabilities_array:[0.37171754 0.         0.6282825 ]

rule127: mxql = 8.0
probabilities_array:[0.36599156 0.         0.63400847]

rule100: b2call < 2.874
probabilities_array:[0.3138386 0.        0.6861614]

rule90: 1.254 < b1eff < 1.546
probabilities_array:[0.21671951 0.         0.7832805 ]


---1---
rule71: a3pop > 5.179
probabilities_array:[0.         0.70193255 0.29806742]

rule47: a2pop > 5.184
probabilities_array:[0.         0.699748   0.30025202]

rule124: mxql = 5.0
probabilities_array:[0.         0.6632007  0.33679935]

rule23: a1pop > 5.103
probabilities_array:[0.         0.61944985 0.38055015]

rule87: b1call > 5.023
probabilities_array:[0.        0.3888476 0.6111524]

rule125: mxql = 6.0
probabilities_array:[0.        0.3772821 0.6227179]

rule70: 3.063 < a3pop < 5.179
probabilities_array:[0.         0.31391224 0.6860877 ]

rule118: 4.010 < b3call < 5.113
probabilities_array:[0.         0.29139042 0.7086096 ]

rule103: b2call > 5.060
probabilities_array:[0.        0.2827012 0.7172988]

rule92: b2x < -0.396
probabilities_array:[0.         0.25943393 0.7405661 ]

rule29: -0.372 < a2cy < 0.017
probabilities_array:[0.        0.2510969 0.7489031]

rule56: a3sx < 0.321
probabilities_array:[0.         0.24812989 0.7518701 ]

rule122: 1.241 < b3eff < 1.533
probabilities_array:[0.        0.2443824 0.7556176]

rule96: b2y < -0.376
probabilities_array:[0.         0.24266948 0.75733054]

rule46: 3.101 < a2pop < 5.184
probabilities_array:[0.08274132 0.2019062  0.71535254]

rule88: b1eff < 0.961
probabilities_array:[0.         0.23932406 0.7606759 ]

rule86: 3.936 < b1call < 5.023
probabilities_array:[0.         0.23062505 0.76937497]

