R2: 0.5280766310394533

MAE: 0.05480582193569495

MSE: 0.007220101092717332

Accuracy: 0.7787107258938245

F1: 0.7786884987301437

Confusion Matrix: [[1419, 356], [461, 1456]]

Uncertainties: {'class0': [0.3864988386631012, 0.3875412344932556, 0.41054150462150574, 0.47791630029678345, 0.5086167454719543], 'class1': [0.16236178576946259, 0.30044230818748474, 0.3688928186893463, 0.3869933784008026, 0.556323230266571]}

Most important rules
-----------------------------

---0---
rule44: a2pop < 1.018
probabilities_array:[0.6135012  0.         0.38649884]

rule68: a3pop < 0.948
probabilities_array:[0.61245877 0.         0.38754123]

rule20: a1pop < 0.982
probabilities_array:[0.5894585 0.        0.4105415]

rule128: mxql = 9.0
probabilities_array:[0.5220837 0.        0.4779163]

rule69: 0.948 < a3pop < 3.063
probabilities_array:[0.49138322 0.         0.50861675]

rule45: 1.018 < a2pop < 3.101
probabilities_array:[0.41548374 0.         0.5845162 ]

rule21: 0.982 < a1pop < 3.043
probabilities_array:[0.39657548 0.         0.6034245 ]

rule127: mxql = 8.0
probabilities_array:[0.36823475 0.         0.63176525]

rule100: b2call < 2.874
probabilities_array:[0.25077382 0.         0.74922615]

rule84: b1call < 2.848
probabilities_array:[0.22223209 0.         0.7777679 ]


---1---
rule47: a2pop > 5.184
probabilities_array:[0.         0.8376382  0.16236179]

rule23: a1pop > 5.103
probabilities_array:[0.         0.69955766 0.3004423 ]

rule124: mxql = 5.0
probabilities_array:[0.         0.6311072  0.36889282]

rule71: a3pop > 5.179
probabilities_array:[0.         0.61300665 0.38699338]

rule46: 3.101 < a2pop < 5.184
probabilities_array:[0.         0.4436768  0.55632323]

rule125: mxql = 6.0
probabilities_array:[0.        0.3429633 0.6570367]

rule103: b2call > 5.060
probabilities_array:[0.         0.30186874 0.69813126]

rule96: b2y < -0.376
probabilities_array:[0.         0.27921885 0.72078115]

rule118: 4.010 < b3call < 5.113
probabilities_array:[0.         0.27828068 0.7217193 ]

rule88: b1eff < 0.961
probabilities_array:[0.       0.272352 0.727648]

rule22: 3.043 < a1pop < 5.103
probabilities_array:[5.7459681e-04 2.3590192e-01 7.6352346e-01]

rule29: -0.372 < a2cy < 0.017
probabilities_array:[0.        0.2316362 0.7683638]

rule87: b1call > 5.023
probabilities_array:[0.         0.21750109 0.7824989 ]

rule73: 0.353 < temp < 0.495
probabilities_array:[0.         0.21342924 0.7865707 ]

rule14: 1.016 < a1sy < 1.700
probabilities_array:[0.0074413  0.19979937 0.79275936]

rule77: -0.385 < b1x < 0.008
probabilities_array:[0.        0.2022232 0.7977768]

rule37: 0.318 < a2sy < 1.003
probabilities_array:[0.         0.20196357 0.7980364 ]

