R2: 0.540816706508523

MAE: 0.05425691625477215

MSE: 0.007025186750971266

Accuracy: 0.7808775731310943

F1: 0.7808324078527713

Confusion Matrix: [[1415, 360], [449, 1468]]

Uncertainties: {'class0': [0.2642535865306854, 0.3642999231815338, 0.4107151925563812, 0.418112576007843, 0.4506036639213562], 'class1': [0.23639294505119324, 0.34867188334465027, 0.3743901550769806, 0.4459048807621002, 0.6661643981933594]}

Most important rules
-----------------------------

---0---
rule44: a2pop < 1.018
probabilities_array:[0.73574644 0.         0.2642536 ]

rule128: mxql = 9.0
probabilities_array:[0.63570005 0.         0.36429992]

rule20: a1pop < 0.982
probabilities_array:[0.58928484 0.         0.4107152 ]

rule68: a3pop < 0.948
probabilities_array:[0.5818874  0.         0.41811258]

rule45: 1.018 < a2pop < 3.101
probabilities_array:[0.54939634 0.         0.45060366]

rule127: mxql = 8.0
probabilities_array:[0.48673365 0.         0.5132663 ]

rule69: 0.948 < a3pop < 3.063
probabilities_array:[0.4534552 0.        0.5465448]

rule21: 0.982 < a1pop < 3.043
probabilities_array:[0.41003823 0.         0.58996177]

rule100: b2call < 2.874
probabilities_array:[0.25261217 0.         0.7473878 ]

rule126: mxql = 7.0
probabilities_array:[0.23356132 0.         0.76643866]


---1---
rule47: a2pop > 5.184
probabilities_array:[0.         0.7636071  0.23639295]

rule23: a1pop > 5.103
probabilities_array:[0.         0.6513281  0.34867188]

rule71: a3pop > 5.179
probabilities_array:[0.         0.6256098  0.37439016]

rule124: mxql = 5.0
probabilities_array:[0.         0.5540951  0.44590488]

rule118: 4.010 < b3call < 5.113
probabilities_array:[0.        0.3338356 0.6661644]

rule103: b2call > 5.060
probabilities_array:[0.         0.31214175 0.6878583 ]

rule87: b1call > 5.023
probabilities_array:[0.         0.28713402 0.71286595]

rule46: 3.101 < a2pop < 5.184
probabilities_array:[0.00398422 0.2650864  0.7309294 ]

rule88: b1eff < 0.961
probabilities_array:[0.       0.248587 0.751413]

rule22: 3.043 < a1pop < 5.103
probabilities_array:[0.02972444 0.23355068 0.7367248 ]

rule14: 1.016 < a1sy < 1.700
probabilities_array:[0.00265686 0.23930977 0.7580334 ]

rule96: b2y < -0.376
probabilities_array:[0.         0.23160191 0.7683981 ]

rule70: 3.063 < a3pop < 5.179
probabilities_array:[0.02836421 0.21269812 0.7589377 ]

rule66: -0.002 < a3rho < 0.193
probabilities_array:[0.         0.21325208 0.78674793]

rule92: b2x < -0.396
probabilities_array:[0.         0.20939834 0.7906017 ]

rule125: mxql = 6.0
probabilities_array:[0.         0.20850635 0.79149365]

rule29: -0.372 < a2cy < 0.017
probabilities_array:[0.         0.20488726 0.7951127 ]

rule56: a3sx < 0.321
probabilities_array:[0.         0.20486481 0.7951352 ]

rule73: 0.353 < temp < 0.495
probabilities_array:[0.        0.2010932 0.7989068]

