R2: 0.5352415553859805

MAE: 0.05463837576453305

MSE: 0.007110482706542601

Accuracy: 0.7816901408450704

F1: 0.7816324685571514

Confusion Matrix: [[1413, 362], [444, 1473]]

Uncertainties: {'class0': [0.27035555243492126, 0.334036648273468, 0.435334712266922, 0.4428733289241791, 0.4528419077396393], 'class1': [0.2487655133008957, 0.32343927025794983, 0.35816311836242676, 0.436798095703125, 0.6191614270210266]}

Most important rules
-----------------------------

---0---
rule44: a2pop < 1.018
probabilities_array:[0.7296444  0.         0.27035555]

rule20: a1pop < 0.982
probabilities_array:[0.66596335 0.         0.33403665]

rule45: 1.018 < a2pop < 3.101
probabilities_array:[0.5646653 0.        0.4353347]

rule68: a3pop < 0.948
probabilities_array:[0.55712664 0.         0.44287333]

rule128: mxql = 9.0
probabilities_array:[0.54715806 0.         0.4528419 ]

rule21: 0.982 < a1pop < 3.043
probabilities_array:[0.5206954  0.         0.47930458]

rule69: 0.948 < a3pop < 3.063
probabilities_array:[0.4158249 0.        0.5841751]

rule127: mxql = 8.0
probabilities_array:[0.3732564 0.        0.6267436]

rule90: 1.254 < b1eff < 1.546
probabilities_array:[0.20374107 0.         0.7962589 ]


---1---
rule47: a2pop > 5.184
probabilities_array:[0.         0.7512345  0.24876551]

rule71: a3pop > 5.179
probabilities_array:[0.         0.6765607  0.32343927]

rule124: mxql = 5.0
probabilities_array:[0.         0.6418369  0.35816312]

rule23: a1pop > 5.103
probabilities_array:[0.        0.5632019 0.4367981]

rule103: b2call > 5.060
probabilities_array:[0.         0.38083854 0.6191614 ]

rule125: mxql = 6.0
probabilities_array:[0.        0.3497966 0.6502034]

rule118: 4.010 < b3call < 5.113
probabilities_array:[0.         0.29349363 0.7065064 ]

rule46: 3.101 < a2pop < 5.184
probabilities_array:[0.01256682 0.26750606 0.71992713]

rule87: b1call > 5.023
probabilities_array:[0.         0.26336023 0.7366398 ]

rule88: b1eff < 0.961
probabilities_array:[0.         0.24891728 0.7510827 ]

rule70: 3.063 < a3pop < 5.179
probabilities_array:[0.         0.24561872 0.7543813 ]

rule96: b2y < -0.376
probabilities_array:[0.         0.23728076 0.7627193 ]

rule29: -0.372 < a2cy < 0.017
probabilities_array:[0.         0.23497088 0.76502913]

rule122: 1.241 < b3eff < 1.533
probabilities_array:[0.        0.2264422 0.7735578]

rule92: b2x < -0.396
probabilities_array:[0.         0.21639104 0.783609  ]

rule106: 1.248 < b2eff < 1.537
probabilities_array:[0.         0.20261618 0.79738384]

