R2: 0.5302713504345129

MAE: 0.05472847765303765

MSE: 0.007186523404167218

Accuracy: 0.7795232936078007

F1: 0.7795045939355414

Confusion Matrix: [[1422, 353], [461, 1456]]

Uncertainties: {'class0': [0.32096344232559204, 0.36050230264663696, 0.38589075207710266, 0.4568589925765991, 0.4597349166870117], 'class1': [0.17097771167755127, 0.3684392273426056, 0.4096395671367645, 0.45055246353149414, 0.596693754196167]}

Most important rules
-----------------------------

---0---
rule20: a1pop < 0.982
probabilities_array:[0.67903656 0.         0.32096344]

rule44: a2pop < 1.018
probabilities_array:[0.6394977 0.        0.3605023]

rule68: a3pop < 0.948
probabilities_array:[0.6141092  0.         0.38589075]

rule21: 0.982 < a1pop < 3.043
probabilities_array:[0.543141 0.       0.456859]

rule128: mxql = 9.0
probabilities_array:[0.5402651  0.         0.45973492]

rule69: 0.948 < a3pop < 3.063
probabilities_array:[0.48709837 0.         0.51290166]

rule45: 1.018 < a2pop < 3.101
probabilities_array:[0.43454358 0.         0.5654564 ]

rule127: mxql = 8.0
probabilities_array:[0.36276528 0.         0.6372347 ]

rule100: b2call < 2.874
probabilities_array:[0.25364769 0.         0.7463523 ]


---1---
rule47: a2pop > 5.184
probabilities_array:[0.         0.8290223  0.17097771]

rule124: mxql = 5.0
probabilities_array:[0.         0.63156074 0.36843923]

rule71: a3pop > 5.179
probabilities_array:[0.         0.5903604  0.40963957]

rule23: a1pop > 5.103
probabilities_array:[0.         0.54944754 0.45055246]

rule46: 3.101 < a2pop < 5.184
probabilities_array:[0.         0.40330625 0.59669375]

rule125: mxql = 6.0
probabilities_array:[0.         0.33032545 0.6696746 ]

rule88: b1eff < 0.961
probabilities_array:[0.         0.31218135 0.68781865]

rule103: b2call > 5.060
probabilities_array:[0.         0.29716033 0.7028397 ]

rule87: b1call > 5.023
probabilities_array:[0.         0.29493135 0.70506865]

rule118: 4.010 < b3call < 5.113
probabilities_array:[0.         0.28025183 0.71974814]

rule122: 1.241 < b3eff < 1.533
probabilities_array:[0.         0.24970464 0.75029534]

rule56: a3sx < 0.321
probabilities_array:[0.         0.23259881 0.76740116]

rule96: b2y < -0.376
probabilities_array:[0.         0.23054144 0.76945853]

rule92: b2x < -0.396
probabilities_array:[0.         0.21309558 0.7869044 ]

rule29: -0.372 < a2cy < 0.017
probabilities_array:[0.         0.21036434 0.78963566]

rule73: 0.353 < temp < 0.495
probabilities_array:[0.         0.21018001 0.78982   ]

rule89: 0.961 < b1eff < 1.254
probabilities_array:[0.00267115 0.20264447 0.7946844 ]

