R2: 0.5331864653719115

MAE: 0.054478180735802365

MSE: 0.007141924162152001

Accuracy: 0.7765438786565547

F1: 0.7765012313014505

Confusion Matrix: [[1408, 367], [458, 1459]]

Uncertainties: {'class0': [0.31593701243400574, 0.3493873178958893, 0.37349218130111694, 0.43583914637565613, 0.4626557528972626], 'class1': [0.21021917462348938, 0.3390195071697235, 0.37131446599960327, 0.42877328395843506, 0.6255967020988464]}

Most important rules
-----------------------------

---0---
rule44: a2pop < 1.018
probabilities_array:[0.684063 0.       0.315937]

rule68: a3pop < 0.948
probabilities_array:[0.6506127  0.         0.34938732]

rule20: a1pop < 0.982
probabilities_array:[0.6265078  0.         0.37349218]

rule128: mxql = 9.0
probabilities_array:[0.5641609  0.         0.43583915]

rule69: 0.948 < a3pop < 3.063
probabilities_array:[0.5373442  0.         0.46265575]

rule45: 1.018 < a2pop < 3.101
probabilities_array:[0.5020612 0.        0.4979388]

rule21: 0.982 < a1pop < 3.043
probabilities_array:[0.43205318 0.         0.56794685]

rule127: mxql = 8.0
probabilities_array:[0.39634976 0.         0.6036502 ]


---1---
rule47: a2pop > 5.184
probabilities_array:[0.         0.7897808  0.21021917]

rule23: a1pop > 5.103
probabilities_array:[0.        0.6609805 0.3390195]

rule124: mxql = 5.0
probabilities_array:[0.         0.62868553 0.37131447]

rule71: a3pop > 5.179
probabilities_array:[0.         0.5712267  0.42877328]

rule103: b2call > 5.060
probabilities_array:[0.        0.3744033 0.6255967]

rule46: 3.101 < a2pop < 5.184
probabilities_array:[0.         0.34899673 0.65100324]

rule125: mxql = 6.0
probabilities_array:[0.         0.33260554 0.66739446]

rule118: 4.010 < b3call < 5.113
probabilities_array:[0.        0.3175979 0.6824021]

rule88: b1eff < 0.961
probabilities_array:[0.         0.27133483 0.7286652 ]

rule87: b1call > 5.023
probabilities_array:[0.         0.26090735 0.73909265]

rule96: b2y < -0.376
probabilities_array:[0.         0.23944366 0.76055634]

rule56: a3sx < 0.321
probabilities_array:[0.         0.23114584 0.76885414]

rule22: 3.043 < a1pop < 5.103
probabilities_array:[0.02970427 0.19908766 0.77120805]

rule77: -0.385 < b1x < 0.008
probabilities_array:[0.         0.21141012 0.7885899 ]

rule92: b2x < -0.396
probabilities_array:[0.         0.20833504 0.79166496]

rule14: 1.016 < a1sy < 1.700
probabilities_array:[0.00840331 0.19597149 0.7956252 ]

