R2: 0.5329748383949549

MAE: 0.0544582845364025

MSE: 0.007145161908506752

Accuracy: 0.7814192849404117

F1: 0.7813595997341483

Confusion Matrix: [[1412, 363], [444, 1473]]

Uncertainties: {'class0': [0.25369638204574585, 0.3384491801261902, 0.40923216938972473, 0.41903260350227356, 0.49117425084114075], 'class1': [0.26176074147224426, 0.30102482438087463, 0.37533220648765564, 0.39493513107299805, 0.6315805315971375]}

Most important rules
-----------------------------

---0---
rule44: a2pop < 1.018
probabilities_array:[0.7463036  0.         0.25369638]

rule20: a1pop < 0.982
probabilities_array:[0.6615508  0.         0.33844918]

rule128: mxql = 9.0
probabilities_array:[0.5907678  0.         0.40923217]

rule45: 1.018 < a2pop < 3.101
probabilities_array:[0.5809674 0.        0.4190326]

rule68: a3pop < 0.948
probabilities_array:[0.5088258  0.         0.49117425]

rule21: 0.982 < a1pop < 3.043
probabilities_array:[0.5001975  0.         0.49980247]

rule127: mxql = 8.0
probabilities_array:[0.42528695 0.         0.57471305]

rule69: 0.948 < a3pop < 3.063
probabilities_array:[0.37101787 0.         0.6289821 ]

rule100: b2call < 2.874
probabilities_array:[0.20282836 0.         0.79717165]


---1---
rule47: a2pop > 5.184
probabilities_array:[0.         0.7382392  0.26176074]

rule71: a3pop > 5.179
probabilities_array:[0.         0.69897515 0.30102482]

rule23: a1pop > 5.103
probabilities_array:[0.        0.6246678 0.3753322]

rule124: mxql = 5.0
probabilities_array:[0.         0.60506487 0.39493513]

rule103: b2call > 5.060
probabilities_array:[0.         0.36841947 0.63158053]

rule87: b1call > 5.023
probabilities_array:[0.         0.32697272 0.6730273 ]

rule70: 3.063 < a3pop < 5.179
probabilities_array:[0.         0.30105865 0.69894135]

rule125: mxql = 6.0
probabilities_array:[0.         0.29110757 0.70889246]

rule46: 3.101 < a2pop < 5.184
probabilities_array:[0.04704465 0.26447928 0.6884761 ]

rule88: b1eff < 0.961
probabilities_array:[0.         0.27719244 0.7228076 ]

rule118: 4.010 < b3call < 5.113
probabilities_array:[0.         0.27361566 0.72638434]

rule92: b2x < -0.396
probabilities_array:[0.         0.2727528  0.72724724]

rule56: a3sx < 0.321
probabilities_array:[0.        0.2509517 0.7490483]

rule29: -0.372 < a2cy < 0.017
probabilities_array:[0.         0.22827248 0.7717275 ]

rule96: b2y < -0.376
probabilities_array:[0.         0.20916636 0.79083365]

rule66: -0.002 < a3rho < 0.193
probabilities_array:[0.         0.20791613 0.79208386]

