R2: 0.5379579207029698

MAE: 0.05419571651389902

MSE: 0.007068924196234854

Accuracy: 0.7827735644637053

F1: 0.7827270840775148

Confusion Matrix: [[1418, 357], [445, 1472]]

Uncertainties: {'class0': [0.29028263688087463, 0.3147262930870056, 0.3764849901199341, 0.4015918970108032, 0.461860328912735], 'class1': [0.238874152302742, 0.3606172204017639, 0.40074291825294495, 0.40220656991004944, 0.6543846130371094]}

Most important rules
-----------------------------

---0---
rule44: a2pop < 1.018
probabilities_array:[0.7097174  0.         0.29028264]

rule20: a1pop < 0.982
probabilities_array:[0.6852737 0.        0.3147263]

rule128: mxql = 9.0
probabilities_array:[0.623515 0.       0.376485]

rule68: a3pop < 0.948
probabilities_array:[0.5984081 0.        0.4015919]

rule45: 1.018 < a2pop < 3.101
probabilities_array:[0.53813964 0.         0.46186033]

rule21: 0.982 < a1pop < 3.043
probabilities_array:[0.52810115 0.         0.47189888]

rule69: 0.948 < a3pop < 3.063
probabilities_array:[0.47142902 0.         0.52857095]

rule127: mxql = 8.0
probabilities_array:[0.45760012 0.         0.5423999 ]

rule90: 1.254 < b1eff < 1.546
probabilities_array:[0.25342095 0.         0.74657905]

rule100: b2call < 2.874
probabilities_array:[0.2511767 0.        0.7488233]

rule98: 0.007 < b2y < 0.390
probabilities_array:[0.21112126 0.01510889 0.77376986]

rule126: mxql = 7.0
probabilities_array:[0.20512341 0.         0.7948766 ]


---1---
rule47: a2pop > 5.184
probabilities_array:[0.         0.76112586 0.23887415]

rule71: a3pop > 5.179
probabilities_array:[0.         0.6393828  0.36061722]

rule124: mxql = 5.0
probabilities_array:[0.         0.59925705 0.40074292]

rule23: a1pop > 5.103
probabilities_array:[0.         0.5977934  0.40220657]

rule103: b2call > 5.060
probabilities_array:[4.7894908e-05 3.4556749e-01 6.5438461e-01]

rule46: 3.101 < a2pop < 5.184
probabilities_array:[0.01167643 0.3170709  0.6712527 ]

rule87: b1call > 5.023
probabilities_array:[0.        0.2989878 0.7010122]

rule118: 4.010 < b3call < 5.113
probabilities_array:[0.         0.26820222 0.73179775]

rule29: -0.372 < a2cy < 0.017
probabilities_array:[0.         0.26753104 0.73246896]

rule125: mxql = 6.0
probabilities_array:[0.         0.26435608 0.7356439 ]

rule106: 1.248 < b2eff < 1.537
probabilities_array:[0.        0.2472658 0.7527342]

rule92: b2x < -0.396
probabilities_array:[0.         0.23473455 0.76526546]

rule70: 3.063 < a3pop < 5.179
probabilities_array:[0.03500358 0.20882733 0.75616914]

rule88: b1eff < 0.961
probabilities_array:[0.         0.20877282 0.79122716]

rule96: b2y < -0.376
probabilities_array:[0.        0.2007774 0.7992226]

