R2: 0.534898830751372

MAE: 0.05466427101188316

MSE: 0.007115726156372787

Accuracy: 0.7808775731310943

F1: 0.7808324078527714

Confusion Matrix: [[1415, 360], [449, 1468]]

Uncertainties: {'class0': [0.26251935958862305, 0.3767000436782837, 0.4244630038738251, 0.43745264410972595, 0.44271621108055115], 'class1': [0.2638983428478241, 0.34918662905693054, 0.36683371663093567, 0.38311344385147095, 0.6868478059768677]}

Most important rules
-----------------------------

---0---
rule44: a2pop < 1.018
probabilities_array:[0.73748064 0.         0.26251936]

rule20: a1pop < 0.982
probabilities_array:[0.62329996 0.         0.37670004]

rule45: 1.018 < a2pop < 3.101
probabilities_array:[0.57553697 0.         0.424463  ]

rule128: mxql = 9.0
probabilities_array:[0.5625474  0.         0.43745264]

rule68: a3pop < 0.948
probabilities_array:[0.55728376 0.         0.4427162 ]

rule21: 0.982 < a1pop < 3.043
probabilities_array:[0.44820106 0.         0.55179894]

rule69: 0.948 < a3pop < 3.063
probabilities_array:[0.40428755 0.         0.5957124 ]

rule127: mxql = 8.0
probabilities_array:[0.38418528 0.         0.6158147 ]

rule100: b2call < 2.874
probabilities_array:[0.2549855 0.        0.7450145]

rule90: 1.254 < b1eff < 1.546
probabilities_array:[0.2206708 0.        0.7793292]

rule84: b1call < 2.848
probabilities_array:[0.21503109 0.         0.7849689 ]


---1---
rule47: a2pop > 5.184
probabilities_array:[0.         0.7361017  0.26389834]

rule71: a3pop > 5.179
probabilities_array:[0.         0.65081334 0.34918663]

rule23: a1pop > 5.103
probabilities_array:[0.         0.6331663  0.36683372]

rule124: mxql = 5.0
probabilities_array:[0.         0.61688656 0.38311344]

rule103: b2call > 5.060
probabilities_array:[0.        0.3131522 0.6868478]

rule125: mxql = 6.0
probabilities_array:[0.        0.3123873 0.6876127]

rule29: -0.372 < a2cy < 0.017
probabilities_array:[0.         0.29445043 0.70554954]

rule46: 3.101 < a2pop < 5.184
probabilities_array:[0.02526888 0.25098127 0.7237498 ]

rule118: 4.010 < b3call < 5.113
probabilities_array:[0.         0.25653604 0.743464  ]

rule70: 3.063 < a3pop < 5.179
probabilities_array:[0.00703238 0.24822374 0.7447439 ]

rule96: b2y < -0.376
probabilities_array:[0.         0.25023678 0.74976325]

rule122: 1.241 < b3eff < 1.533
probabilities_array:[0.         0.24427536 0.7557246 ]

rule56: a3sx < 0.321
probabilities_array:[0.         0.23712178 0.76287824]

rule88: b1eff < 0.961
probabilities_array:[0.         0.22417204 0.77582794]

rule87: b1call > 5.023
probabilities_array:[0.         0.22225317 0.7777468 ]

rule14: 1.016 < a1sy < 1.700
probabilities_array:[0.00243647 0.1999927  0.7975708 ]

