R2: 0.5397795993541055

MAE: 0.05422244727465822

MSE: 0.007041053773016322

Accuracy: 0.7808775731310943

F1: 0.7808253315051827

Confusion Matrix: [[1413, 362], [447, 1470]]

Uncertainties: {'class0': [0.2675633728504181, 0.3675914704799652, 0.41448086500167847, 0.43141970038414, 0.43729668855667114], 'class1': [0.24255672097206116, 0.34272319078445435, 0.3713817596435547, 0.38489851355552673, 0.6662200689315796]}

Most important rules
-----------------------------

---0---
rule44: a2pop < 1.018
probabilities_array:[0.73243666 0.         0.26756337]

rule20: a1pop < 0.982
probabilities_array:[0.63240856 0.         0.36759147]

rule128: mxql = 9.0
probabilities_array:[0.58551913 0.         0.41448087]

rule68: a3pop < 0.948
probabilities_array:[0.56858027 0.         0.4314197 ]

rule45: 1.018 < a2pop < 3.101
probabilities_array:[0.5627033 0.        0.4372967]

rule21: 0.982 < a1pop < 3.043
probabilities_array:[0.4652079  0.         0.53479207]

rule69: 0.948 < a3pop < 3.063
probabilities_array:[0.43982536 0.         0.56017464]

rule127: mxql = 8.0
probabilities_array:[0.41442215 0.         0.58557785]

rule100: b2call < 2.874
probabilities_array:[0.2436617 0.        0.7563383]


---1---
rule47: a2pop > 5.184
probabilities_array:[0.         0.75744325 0.24255672]

rule71: a3pop > 5.179
probabilities_array:[0.        0.6572768 0.3427232]

rule23: a1pop > 5.103
probabilities_array:[0.         0.62861824 0.37138176]

rule124: mxql = 5.0
probabilities_array:[0.        0.6151015 0.3848985]

rule103: b2call > 5.060
probabilities_array:[1.2997139e-05 3.3376700e-01 6.6622007e-01]

rule118: 4.010 < b3call < 5.113
probabilities_array:[0.        0.3111115 0.6888885]

rule125: mxql = 6.0
probabilities_array:[0.         0.30544704 0.69455296]

rule46: 3.101 < a2pop < 5.184
probabilities_array:[0.02702781 0.28192917 0.691043  ]

rule96: b2y < -0.376
probabilities_array:[0.         0.28835356 0.71164644]

rule87: b1call > 5.023
probabilities_array:[0.         0.28576413 0.71423584]

rule88: b1eff < 0.961
probabilities_array:[0.         0.26130837 0.7386916 ]

rule70: 3.063 < a3pop < 5.179
probabilities_array:[0.00688619 0.22783105 0.76528275]

rule73: 0.353 < temp < 0.495
probabilities_array:[0.         0.21352386 0.78647614]

rule92: b2x < -0.396
probabilities_array:[0.         0.20987529 0.7901247 ]

rule43: a2rho > 0.192
probabilities_array:[0.         0.20911731 0.7908827 ]

rule14: 1.016 < a1sy < 1.700
probabilities_array:[0.00966139 0.1994697  0.79086894]

rule22: 3.043 < a1pop < 5.103
probabilities_array:[0.04794814 0.17772658 0.77432525]

