R2: 0.5368541530540183

MAE: 0.05427641401819481

MSE: 0.00708581107773397

Accuracy: 0.7841278439869989

F1: 0.7840649685786821

Confusion Matrix: [[1416, 359], [438, 1479]]

Uncertainties: {'class0': [0.23966236412525177, 0.31731465458869934, 0.3899086117744446, 0.3973245620727539, 0.44266679883003235], 'class1': [0.2866148054599762, 0.3443579077720642, 0.37186306715011597, 0.4488024413585663, 0.6072052717208862]}

Most important rules
-----------------------------

---0---
rule44: a2pop < 1.018
probabilities_array:[0.76033765 0.         0.23966236]

rule20: a1pop < 0.982
probabilities_array:[0.6826853  0.         0.31731465]

rule68: a3pop < 0.948
probabilities_array:[0.6100914 0.        0.3899086]

rule45: 1.018 < a2pop < 3.101
probabilities_array:[0.60267544 0.         0.39732456]

rule128: mxql = 9.0
probabilities_array:[0.55733323 0.         0.4426668 ]

rule21: 0.982 < a1pop < 3.043
probabilities_array:[0.55197966 0.         0.44802037]

rule69: 0.948 < a3pop < 3.063
probabilities_array:[0.48269126 0.         0.5173088 ]

rule127: mxql = 8.0
probabilities_array:[0.37028313 0.         0.6297169 ]

rule90: 1.254 < b1eff < 1.546
probabilities_array:[0.21846102 0.         0.78153896]

rule117: 2.907 < b3call < 4.010
probabilities_array:[0.21802741 0.         0.7819726 ]

rule84: b1call < 2.848
probabilities_array:[0.20504476 0.         0.79495525]


---1---
rule47: a2pop > 5.184
probabilities_array:[0.         0.71338516 0.2866148 ]

rule124: mxql = 5.0
probabilities_array:[0.        0.6556421 0.3443579]

rule71: a3pop > 5.179
probabilities_array:[0.         0.62813693 0.37186307]

rule23: a1pop > 5.103
probabilities_array:[0.         0.5511976  0.44880244]

rule103: b2call > 5.060
probabilities_array:[7.3064366e-05 3.9272174e-01 6.0720527e-01]

rule125: mxql = 6.0
probabilities_array:[0.         0.36732262 0.6326774 ]

rule73: 0.353 < temp < 0.495
probabilities_array:[0.        0.2736792 0.7263208]

rule87: b1call > 5.023
probabilities_array:[0.        0.2726152 0.7273848]

rule46: 3.101 < a2pop < 5.184
probabilities_array:[0.06840445 0.24009699 0.6914986 ]

rule29: -0.372 < a2cy < 0.017
probabilities_array:[0.         0.24831843 0.75168157]

rule88: b1eff < 0.961
probabilities_array:[0.         0.23784786 0.76215214]

rule118: 4.010 < b3call < 5.113
probabilities_array:[0.        0.2365347 0.7634653]

rule56: a3sx < 0.321
probabilities_array:[0.         0.23513733 0.76486266]

rule96: b2y < -0.376
probabilities_array:[0.         0.22244367 0.77755636]

rule122: 1.241 < b3eff < 1.533
probabilities_array:[0.         0.21518853 0.78481144]

rule53: -0.398 < a3cy < -0.006
probabilities_array:[0.        0.2060167 0.7939833]

rule77: -0.385 < b1x < 0.008
probabilities_array:[0.         0.20321046 0.7967895 ]

rule70: 3.063 < a3pop < 5.179
probabilities_array:[0.03873334 0.1845782  0.77668846]

