R2: 0.5356931834010972

MAE: 0.054324977623660176

MSE: 0.007103573110324409

Accuracy: 0.7816901408450704

F1: 0.781656246046959

Confusion Matrix: [[1420, 355], [451, 1466]]

Uncertainties: {'class0': [0.2572628855705261, 0.3714623749256134, 0.37952932715415955, 0.38667353987693787, 0.4060458838939667], 'class1': [0.2532181739807129, 0.39351344108581543, 0.4123992919921875, 0.41549697518348694, 0.6541594862937927]}

Most important rules
-----------------------------

---0---
rule44: a2pop < 1.018
probabilities_array:[0.7427371 0.        0.2572629]

rule68: a3pop < 0.948
probabilities_array:[0.62853765 0.         0.37146237]

rule20: a1pop < 0.982
probabilities_array:[0.6204707  0.         0.37952933]

rule128: mxql = 9.0
probabilities_array:[0.61332643 0.         0.38667354]

rule45: 1.018 < a2pop < 3.101
probabilities_array:[0.5939541  0.         0.40604588]

rule69: 0.948 < a3pop < 3.063
probabilities_array:[0.5155848  0.         0.48441517]

rule21: 0.982 < a1pop < 3.043
probabilities_array:[0.47812963 0.         0.5218704 ]

rule127: mxql = 8.0
probabilities_array:[0.44740823 0.         0.55259174]

rule84: b1call < 2.848
probabilities_array:[0.2663152 0.        0.7336848]

rule85: 2.848 < b1call < 3.936
probabilities_array:[0.23547676 0.         0.7645232 ]

rule100: b2call < 2.874
probabilities_array:[0.22390555 0.         0.77609444]


---1---
rule47: a2pop > 5.184
probabilities_array:[0.         0.7467818  0.25321817]

rule23: a1pop > 5.103
probabilities_array:[0.         0.60648656 0.39351344]

rule124: mxql = 5.0
probabilities_array:[0.        0.5876007 0.4123993]

rule71: a3pop > 5.179
probabilities_array:[0.         0.584503   0.41549698]

rule103: b2call > 5.060
probabilities_array:[0.         0.34584048 0.6541595 ]

rule118: 4.010 < b3call < 5.113
probabilities_array:[0.         0.32151434 0.67848563]

rule29: -0.372 < a2cy < 0.017
probabilities_array:[0.         0.28599367 0.7140063 ]

rule56: a3sx < 0.321
probabilities_array:[0.        0.2736395 0.7263605]

rule73: 0.353 < temp < 0.495
probabilities_array:[0.         0.27249506 0.72750497]

rule125: mxql = 6.0
probabilities_array:[0.        0.2657649 0.7342351]

rule66: -0.002 < a3rho < 0.193
probabilities_array:[0.         0.25834742 0.7416526 ]

rule88: b1eff < 0.961
probabilities_array:[0.        0.2481624 0.7518376]

rule46: 3.101 < a2pop < 5.184
probabilities_array:[0.02599473 0.23271196 0.7412933 ]

rule96: b2y < -0.376
probabilities_array:[0.         0.21926935 0.78073066]

rule87: b1call > 5.023
probabilities_array:[0.         0.20374341 0.7962566 ]

rule43: a2rho > 0.192
probabilities_array:[0.         0.20171045 0.79828954]

