R2: 0.5395090429157856

MAE: 0.05438875664064922

MSE: 0.007045193099365551

Accuracy: 0.781148429035753

F1: 0.7811050061050062

Confusion Matrix: [[1416, 359], [449, 1468]]

Uncertainties: {'class0': [0.25765106081962585, 0.30577027797698975, 0.4002286195755005, 0.42835497856140137, 0.45177319645881653], 'class1': [0.25511428713798523, 0.35060539841651917, 0.3915061354637146, 0.4315091371536255, 0.6582736968994141]}

Most important rules
-----------------------------

---0---
rule44: a2pop < 1.018
probabilities_array:[0.74234897 0.         0.25765106]

rule20: a1pop < 0.982
probabilities_array:[0.6942297  0.         0.30577028]

rule128: mxql = 9.0
probabilities_array:[0.5997714  0.         0.40022862]

rule45: 1.018 < a2pop < 3.101
probabilities_array:[0.571645   0.         0.42835498]

rule68: a3pop < 0.948
probabilities_array:[0.54822683 0.         0.4517732 ]

rule21: 0.982 < a1pop < 3.043
probabilities_array:[0.5421298  0.         0.45787022]

rule127: mxql = 8.0
probabilities_array:[0.42847157 0.         0.57152843]

rule69: 0.948 < a3pop < 3.063
probabilities_array:[0.41944334 0.         0.5805567 ]

rule100: b2call < 2.874
probabilities_array:[0.23916909 0.         0.7608309 ]


---1---
rule47: a2pop > 5.184
probabilities_array:[0.        0.7448857 0.2551143]

rule71: a3pop > 5.179
probabilities_array:[0.         0.64939463 0.3506054 ]

rule124: mxql = 5.0
probabilities_array:[0.         0.60849386 0.39150614]

rule23: a1pop > 5.103
probabilities_array:[0.         0.56849086 0.43150914]

rule103: b2call > 5.060
probabilities_array:[0.         0.34172633 0.6582737 ]

rule118: 4.010 < b3call < 5.113
probabilities_array:[0.         0.31727085 0.6827292 ]

rule87: b1call > 5.023
probabilities_array:[0.        0.2929238 0.7070762]

rule125: mxql = 6.0
probabilities_array:[0.         0.28964996 0.71035004]

rule46: 3.101 < a2pop < 5.184
probabilities_array:[0.03405858 0.26450342 0.70143807]

rule88: b1eff < 0.961
probabilities_array:[0.         0.2741066  0.72589344]

rule29: -0.372 < a2cy < 0.017
probabilities_array:[0.         0.25459746 0.7454026 ]

rule96: b2y < -0.376
probabilities_array:[0.         0.24787337 0.75212663]

rule73: 0.353 < temp < 0.495
probabilities_array:[0.         0.23792098 0.762079  ]

rule70: 3.063 < a3pop < 5.179
probabilities_array:[0.         0.23688132 0.7631187 ]

rule14: 1.016 < a1sy < 1.700
probabilities_array:[0.00563297 0.22176273 0.7726043 ]

rule56: a3sx < 0.321
probabilities_array:[0.         0.21268642 0.7873136 ]

rule122: 1.241 < b3eff < 1.533
probabilities_array:[0.        0.2086065 0.7913935]

