R2: 0.5379479776071509

MAE: 0.05437974880838265

MSE: 0.007069076318722759

Accuracy: 0.7822318526543879

F1: 0.7821919050591839

Confusion Matrix: [[1419, 356], [448, 1469]]

Uncertainties: {'class0': [0.271646648645401, 0.36683040857315063, 0.438855916261673, 0.4413210153579712, 0.4959949254989624], 'class1': [0.23870694637298584, 0.29224342107772827, 0.3457692861557007, 0.43957987427711487, 0.649435818195343]}

Most important rules
-----------------------------

---0---
rule44: a2pop < 1.018
probabilities_array:[0.7283533  0.         0.27164665]

rule128: mxql = 9.0
probabilities_array:[0.6331696 0.        0.3668304]

rule20: a1pop < 0.982
probabilities_array:[0.56114405 0.         0.43885592]

rule45: 1.018 < a2pop < 3.101
probabilities_array:[0.558679   0.         0.44132102]

rule68: a3pop < 0.948
probabilities_array:[0.5040051  0.         0.49599493]

rule127: mxql = 8.0
probabilities_array:[0.4757272 0.        0.5242728]

rule21: 0.982 < a1pop < 3.043
probabilities_array:[0.39599717 0.         0.60400283]

rule69: 0.948 < a3pop < 3.063
probabilities_array:[0.3433881 0.        0.6566119]

rule90: 1.254 < b1eff < 1.546
probabilities_array:[0.2389209  0.         0.76107913]

rule126: mxql = 7.0
probabilities_array:[0.22089013 0.         0.77910984]

rule100: b2call < 2.874
probabilities_array:[0.21188979 0.         0.7881102 ]


---1---
rule47: a2pop > 5.184
probabilities_array:[0.         0.76129305 0.23870695]

rule71: a3pop > 5.179
probabilities_array:[0.         0.7077566  0.29224342]

rule23: a1pop > 5.103
probabilities_array:[0.        0.6542307 0.3457693]

rule124: mxql = 5.0
probabilities_array:[0.         0.56042016 0.43957987]

rule103: b2call > 5.060
probabilities_array:[0.         0.35056418 0.6494358 ]

rule70: 3.063 < a3pop < 5.179
probabilities_array:[0.         0.31256586 0.68743414]

rule118: 4.010 < b3call < 5.113
probabilities_array:[0.         0.30334076 0.69665927]

rule87: b1call > 5.023
probabilities_array:[0.         0.29960355 0.7003965 ]

rule46: 3.101 < a2pop < 5.184
probabilities_array:[0.02683413 0.28255993 0.6906059 ]

rule96: b2y < -0.376
probabilities_array:[0.        0.2478419 0.7521581]

rule22: 3.043 < a1pop < 5.103
probabilities_array:[0.         0.22939828 0.7706017 ]

rule73: 0.353 < temp < 0.495
probabilities_array:[0.         0.22521429 0.7747857 ]

rule125: mxql = 6.0
probabilities_array:[0.         0.21537764 0.7846224 ]

rule29: -0.372 < a2cy < 0.017
probabilities_array:[0.         0.21288398 0.787116  ]

rule92: b2x < -0.396
probabilities_array:[0.         0.20237324 0.79762673]

rule106: 1.248 < b2eff < 1.537
probabilities_array:[0.         0.20145395 0.798546  ]

