R2: 0.5364735415183765

MAE: 0.05421428180764154

MSE: 0.007091634170941753

Accuracy: 0.7816901408450704

F1: 0.781639903584809

Confusion Matrix: [[1415, 360], [446, 1471]]

Uncertainties: {'class0': [0.2380484789609909, 0.3360062539577484, 0.3467489182949066, 0.39246177673339844, 0.4429227411746979], 'class1': [0.29590901732444763, 0.33399176597595215, 0.373635470867157, 0.45539385080337524, 0.6038857698440552]}

Most important rules
-----------------------------

---0---
rule44: a2pop < 1.018
probabilities_array:[0.7619515  0.         0.23804848]

rule68: a3pop < 0.948
probabilities_array:[0.6639937  0.         0.33600625]

rule20: a1pop < 0.982
probabilities_array:[0.65325105 0.         0.34674892]

rule45: 1.018 < a2pop < 3.101
probabilities_array:[0.6075382  0.         0.39246178]

rule69: 0.948 < a3pop < 3.063
probabilities_array:[0.5570772  0.         0.44292274]

rule128: mxql = 9.0
probabilities_array:[0.5144678  0.         0.48553222]

rule21: 0.982 < a1pop < 3.043
probabilities_array:[0.49870095 0.         0.5012991 ]

rule127: mxql = 8.0
probabilities_array:[0.33243516 0.         0.66756487]

rule90: 1.254 < b1eff < 1.546
probabilities_array:[0.21775374 0.         0.7822463 ]

rule84: b1call < 2.848
probabilities_array:[0.20295927 0.         0.7970407 ]


---1---
rule47: a2pop > 5.184
probabilities_array:[0.         0.704091   0.29590902]

rule124: mxql = 5.0
probabilities_array:[0.         0.66600823 0.33399177]

rule23: a1pop > 5.103
probabilities_array:[0.         0.6263645  0.37363547]

rule71: a3pop > 5.179
probabilities_array:[0.         0.54460615 0.45539385]

rule103: b2call > 5.060
probabilities_array:[5.3895805e-05 3.9606029e-01 6.0388577e-01]

rule125: mxql = 6.0
probabilities_array:[0.         0.39483982 0.6051602 ]

rule118: 4.010 < b3call < 5.113
probabilities_array:[0.        0.3259272 0.6740728]

rule96: b2y < -0.376
probabilities_array:[0.         0.3070009  0.69299906]

rule56: a3sx < 0.321
probabilities_array:[0.        0.2596495 0.7403505]

rule87: b1call > 5.023
probabilities_array:[0.         0.25532645 0.74467355]

rule88: b1eff < 0.961
probabilities_array:[0.         0.24372277 0.7562772 ]

rule46: 3.101 < a2pop < 5.184
probabilities_array:[0.05141329 0.21706058 0.73152614]

rule114: -0.002 < b3y < 0.392
probabilities_array:[0.         0.22111626 0.77888376]

rule73: 0.353 < temp < 0.495
probabilities_array:[0.         0.21529296 0.78470707]

rule29: -0.372 < a2cy < 0.017
probabilities_array:[0.         0.21137512 0.7886249 ]

