R2: 0.5363254037288365

MAE: 0.0543427306492439

MSE: 0.00709390057664759

Accuracy: 0.7797941495124594

F1: 0.7797521224825203

Confusion Matrix: [[1414, 361], [452, 1465]]

Uncertainties: {'class0': [0.2974405288696289, 0.3189835548400879, 0.3597651720046997, 0.37363407015800476, 0.4188712537288666], 'class1': [0.21394628286361694, 0.38583308458328247, 0.4464178681373596, 0.4615255296230316, 0.6301911473274231]}

Most important rules
-----------------------------

---0---
rule44: a2pop < 1.018
probabilities_array:[0.7025595  0.         0.29744053]

rule68: a3pop < 0.948
probabilities_array:[0.68101645 0.         0.31898355]

rule20: a1pop < 0.982
probabilities_array:[0.6402348  0.         0.35976517]

rule128: mxql = 9.0
probabilities_array:[0.62636596 0.         0.37363407]

rule69: 0.948 < a3pop < 3.063
probabilities_array:[0.5811288  0.         0.41887125]

rule45: 1.018 < a2pop < 3.101
probabilities_array:[0.52178437 0.         0.47821563]

rule21: 0.982 < a1pop < 3.043
probabilities_array:[0.4886862 0.        0.5113138]

rule127: mxql = 8.0
probabilities_array:[0.48580176 0.         0.51419824]

rule98: 0.007 < b2y < 0.390
probabilities_array:[0.23746958 0.         0.7625304 ]

rule126: mxql = 7.0
probabilities_array:[0.23272035 0.         0.7672796 ]

rule99: b2y > 0.390
probabilities_array:[0.20631102 0.         0.793689  ]


---1---
rule47: a2pop > 5.184
probabilities_array:[0.         0.7860537  0.21394628]

rule23: a1pop > 5.103
probabilities_array:[0.         0.6141669  0.38583308]

rule124: mxql = 5.0
probabilities_array:[0.         0.55358213 0.44641787]

rule71: a3pop > 5.179
probabilities_array:[0.         0.53847444 0.46152553]

rule103: b2call > 5.060
probabilities_array:[0.         0.36980888 0.63019115]

rule87: b1call > 5.023
probabilities_array:[0.        0.3355118 0.6644882]

rule46: 3.101 < a2pop < 5.184
probabilities_array:[0.         0.3163837  0.68361634]

rule88: b1eff < 0.961
probabilities_array:[0.         0.30582505 0.69417495]

rule118: 4.010 < b3call < 5.113
probabilities_array:[0.         0.27322975 0.7267702 ]

rule92: b2x < -0.396
probabilities_array:[0.         0.25534502 0.744655  ]

rule73: 0.353 < temp < 0.495
probabilities_array:[0.         0.24222545 0.75777453]

rule56: a3sx < 0.321
probabilities_array:[0.         0.23244645 0.76755357]

rule53: -0.398 < a3cy < -0.006
probabilities_array:[0.         0.22027786 0.77972215]

rule125: mxql = 6.0
probabilities_array:[0.         0.21740799 0.782592  ]

rule122: 1.241 < b3eff < 1.533
probabilities_array:[0.        0.2120997 0.7879003]

rule66: -0.002 < a3rho < 0.193
probabilities_array:[0.         0.20480563 0.7951944 ]

rule14: 1.016 < a1sy < 1.700
probabilities_array:[0.00418011 0.20213525 0.79368466]

rule29: -0.372 < a2cy < 0.017
probabilities_array:[0.         0.20115362 0.79884636]

