R2: 0.5325420035305517

MAE: 0.05432793579595397

MSE: 0.007151783982519162

Accuracy: 0.7789815817984832

F1: 0.7789410379705151

Confusion Matrix: [[1413, 362], [454, 1463]]

Uncertainties: {'class0': [0.2840118408203125, 0.4048563539981842, 0.4224133789539337, 0.4553581774234772, 0.47838452458381653], 'class1': [0.22069662809371948, 0.3083574175834656, 0.3475021719932556, 0.4090583622455597, 0.6412181258201599]}

Most important rules
-----------------------------

---0---
rule44: a2pop < 1.018
probabilities_array:[0.71598816 0.         0.28401184]

rule20: a1pop < 0.982
probabilities_array:[0.5951436  0.         0.40485635]

rule68: a3pop < 0.948
probabilities_array:[0.5775866  0.         0.42241338]

rule128: mxql = 9.0
probabilities_array:[0.54464185 0.         0.45535818]

rule45: 1.018 < a2pop < 3.101
probabilities_array:[0.5216155  0.         0.47838452]

rule69: 0.948 < a3pop < 3.063
probabilities_array:[0.43910894 0.         0.5608911 ]

rule127: mxql = 8.0
probabilities_array:[0.39459687 0.         0.6054031 ]

rule21: 0.982 < a1pop < 3.043
probabilities_array:[0.3868521 0.        0.6131479]

rule117: 2.907 < b3call < 4.010
probabilities_array:[0.20264119 0.         0.7973588 ]


---1---
rule47: a2pop > 5.184
probabilities_array:[0.         0.7793034  0.22069663]

rule23: a1pop > 5.103
probabilities_array:[0.         0.6916426  0.30835742]

rule71: a3pop > 5.179
probabilities_array:[0.         0.6524978  0.34750217]

rule124: mxql = 5.0
probabilities_array:[0.         0.5909416  0.40905836]

rule103: b2call > 5.060
probabilities_array:[0.         0.35878184 0.6412181 ]

rule46: 3.101 < a2pop < 5.184
probabilities_array:[2.4922781e-05 3.0995667e-01 6.9001836e-01]

rule125: mxql = 6.0
probabilities_array:[0.         0.28077897 0.71922106]

rule29: -0.372 < a2cy < 0.017
probabilities_array:[0.         0.27363077 0.7263692 ]

rule56: a3sx < 0.321
probabilities_array:[0.         0.2635586  0.73644143]

rule88: b1eff < 0.961
probabilities_array:[0.         0.26209506 0.7379049 ]

rule14: 1.016 < a1sy < 1.700
probabilities_array:[0.00324053 0.22241564 0.77434385]

rule118: 4.010 < b3call < 5.113
probabilities_array:[0.         0.22173554 0.77826446]

rule22: 3.043 < a1pop < 5.103
probabilities_array:[0.         0.22072436 0.77927566]

rule87: b1call > 5.023
probabilities_array:[0.         0.21814474 0.7818553 ]

rule70: 3.063 < a3pop < 5.179
probabilities_array:[0.         0.21075085 0.7892491 ]

rule122: 1.241 < b3eff < 1.533
probabilities_array:[0.         0.20945565 0.79054433]

