R2: 0.5360766387551177

MAE: 0.05450271369585833

MSE: 0.007097706508662641

Accuracy: 0.7792524377031419

F1: 0.7791960496010129

Confusion Matrix: [[1409, 366], [449, 1468]]

Uncertainties: {'class0': [0.26393142342567444, 0.3559161126613617, 0.40510159730911255, 0.43176907300949097, 0.49141836166381836], 'class1': [0.2681678831577301, 0.3212015926837921, 0.33125510811805725, 0.34908321499824524, 0.6011772155761719]}

Most important rules
-----------------------------

---0---
rule44: a2pop < 1.018
probabilities_array:[0.73606855 0.         0.26393142]

rule20: a1pop < 0.982
probabilities_array:[0.6440839 0.        0.3559161]

rule45: 1.018 < a2pop < 3.101
probabilities_array:[0.5948984 0.        0.4051016]

rule68: a3pop < 0.948
probabilities_array:[0.5682309  0.         0.43176907]

rule128: mxql = 9.0
probabilities_array:[0.50858164 0.         0.49141836]

rule21: 0.982 < a1pop < 3.043
probabilities_array:[0.47106078 0.         0.5289392 ]

rule69: 0.948 < a3pop < 3.063
probabilities_array:[0.42607117 0.         0.57392883]

rule127: mxql = 8.0
probabilities_array:[0.32921767 0.         0.6707823 ]

rule100: b2call < 2.874
probabilities_array:[0.279982   0.         0.72001797]


---1---
rule47: a2pop > 5.184
probabilities_array:[0.         0.7318321  0.26816788]

rule71: a3pop > 5.179
probabilities_array:[0.         0.67879844 0.3212016 ]

rule124: mxql = 5.0
probabilities_array:[0.        0.6687449 0.3312551]

rule23: a1pop > 5.103
probabilities_array:[0.         0.65091676 0.34908321]

rule125: mxql = 6.0
probabilities_array:[0.         0.39882278 0.6011772 ]

rule87: b1call > 5.023
probabilities_array:[0.         0.3117055  0.68829453]

rule103: b2call > 5.060
probabilities_array:[0.         0.30109912 0.6989009 ]

rule88: b1eff < 0.961
probabilities_array:[0.         0.29128054 0.70871943]

rule46: 3.101 < a2pop < 5.184
probabilities_array:[0.04009045 0.2608968  0.6990127 ]

rule118: 4.010 < b3call < 5.113
probabilities_array:[0.        0.2551523 0.7448477]

rule29: -0.372 < a2cy < 0.017
probabilities_array:[0.         0.25016534 0.74983466]

rule96: b2y < -0.376
probabilities_array:[0.         0.24369662 0.75630337]

rule70: 3.063 < a3pop < 5.179
probabilities_array:[0.        0.2339186 0.7660814]

rule92: b2x < -0.396
probabilities_array:[0.         0.22443646 0.77556354]

rule114: -0.002 < b3y < 0.392
probabilities_array:[0.         0.20273675 0.79726326]

