R2: 0.5361679903222254

MAE: 0.05433378115908775

MSE: 0.00709630889287822

Accuracy: 0.7825027085590466

F1: 0.7824544302291802

Confusion Matrix: [[1417, 358], [445, 1472]]

Uncertainties: {'class0': [0.27653905749320984, 0.36583706736564636, 0.3696102797985077, 0.40899890661239624, 0.4551061987876892], 'class1': [0.23633688688278198, 0.35163018107414246, 0.3939003050327301, 0.42448586225509644, 0.6011938452720642]}

Most important rules
-----------------------------

---0---
rule44: a2pop < 1.018
probabilities_array:[0.723461   0.         0.27653906]

rule20: a1pop < 0.982
probabilities_array:[0.6341629  0.         0.36583707]

rule128: mxql = 9.0
probabilities_array:[0.63038975 0.         0.36961028]

rule68: a3pop < 0.948
probabilities_array:[0.5910011 0.        0.4089989]

rule45: 1.018 < a2pop < 3.101
probabilities_array:[0.5448938 0.        0.4551062]

rule127: mxql = 8.0
probabilities_array:[0.47786164 0.         0.52213836]

rule21: 0.982 < a1pop < 3.043
probabilities_array:[0.46529937 0.         0.53470063]

rule69: 0.948 < a3pop < 3.063
probabilities_array:[0.44720864 0.         0.55279136]

rule90: 1.254 < b1eff < 1.546
probabilities_array:[0.22212794 0.         0.777872  ]

rule126: mxql = 7.0
probabilities_array:[0.22137243 0.         0.7786276 ]


---1---
rule47: a2pop > 5.184
probabilities_array:[0.         0.7636631  0.23633689]

rule71: a3pop > 5.179
probabilities_array:[0.         0.64836985 0.35163018]

rule23: a1pop > 5.103
probabilities_array:[0.         0.60609967 0.3939003 ]

rule124: mxql = 5.0
probabilities_array:[0.         0.57551414 0.42448586]

rule103: b2call > 5.060
probabilities_array:[0.         0.39880618 0.60119385]

rule87: b1call > 5.023
probabilities_array:[0.         0.31411543 0.68588454]

rule46: 3.101 < a2pop < 5.184
probabilities_array:[0.012273  0.2953294 0.6923976]

rule118: 4.010 < b3call < 5.113
probabilities_array:[0.         0.29928285 0.70071715]

rule73: 0.353 < temp < 0.495
probabilities_array:[0.         0.25412226 0.74587774]

rule70: 3.063 < a3pop < 5.179
probabilities_array:[0.03382458 0.22769704 0.7384784 ]

rule96: b2y < -0.376
probabilities_array:[0.         0.24069068 0.75930935]

rule125: mxql = 6.0
probabilities_array:[0.         0.23201784 0.7679821 ]

rule37: 0.318 < a2sy < 1.003
probabilities_array:[0.         0.23091818 0.76908183]

rule88: b1eff < 0.961
probabilities_array:[0.         0.22964458 0.7703554 ]

rule29: -0.372 < a2cy < 0.017
probabilities_array:[0.         0.21390192 0.78609806]

rule92: b2x < -0.396
probabilities_array:[0.         0.21366277 0.7863372 ]

