R2: 0.5327638935734573

MAE: 0.05445729379851138

MSE: 0.0071483892183548566

Accuracy: 0.7816901408450704

F1: 0.7816468253968254

Confusion Matrix: [[1417, 358], [448, 1469]]

Uncertainties: {'class0': [0.2829446494579315, 0.3905598819255829, 0.42705628275871277, 0.4484103322029114, 0.4840538501739502], 'class1': [0.24560920894145966, 0.31569936871528625, 0.32608380913734436, 0.33678850531578064, 0.5856024026870728]}

Most important rules
-----------------------------

---0---
rule44: a2pop < 1.018
probabilities_array:[0.7170553  0.         0.28294465]

rule20: a1pop < 0.982
probabilities_array:[0.60944015 0.         0.39055988]

rule68: a3pop < 0.948
probabilities_array:[0.5729437  0.         0.42705628]

rule45: 1.018 < a2pop < 3.101
probabilities_array:[0.55158967 0.         0.44841033]

rule128: mxql = 9.0
probabilities_array:[0.51594615 0.         0.48405385]

rule21: 0.982 < a1pop < 3.043
probabilities_array:[0.42608592 0.         0.5739141 ]

rule69: 0.948 < a3pop < 3.063
probabilities_array:[0.42381626 0.         0.57618374]

rule127: mxql = 8.0
probabilities_array:[0.31791428 0.         0.68208575]

rule84: b1call < 2.848
probabilities_array:[0.2631942 0.        0.7368058]

rule85: 2.848 < b1call < 3.936
probabilities_array:[0.24014051 0.         0.7598595 ]

rule100: b2call < 2.874
probabilities_array:[0.23273006 0.         0.76726997]

rule90: 1.254 < b1eff < 1.546
probabilities_array:[0.22128019 0.         0.77871984]

rule117: 2.907 < b3call < 4.010
probabilities_array:[0.20276703 0.         0.797233  ]


---1---
rule47: a2pop > 5.184
probabilities_array:[0.         0.7543908  0.24560921]

rule124: mxql = 5.0
probabilities_array:[0.         0.68430066 0.31569937]

rule23: a1pop > 5.103
probabilities_array:[0.        0.6739162 0.3260838]

rule71: a3pop > 5.179
probabilities_array:[0.         0.66321146 0.3367885 ]

rule125: mxql = 6.0
probabilities_array:[0.         0.41439763 0.5856024 ]

rule103: b2call > 5.060
probabilities_array:[3.5865654e-05 3.5874760e-01 6.4121658e-01]

rule46: 3.101 < a2pop < 5.184
probabilities_array:[0.00758369 0.29617882 0.6962375 ]

rule29: -0.372 < a2cy < 0.017
probabilities_array:[0.         0.26128983 0.73871017]

rule96: b2y < -0.376
probabilities_array:[0.         0.25658175 0.7434182 ]

rule118: 4.010 < b3call < 5.113
probabilities_array:[0.         0.25325835 0.74674165]

rule88: b1eff < 0.961
probabilities_array:[0.         0.23898347 0.76101655]

rule70: 3.063 < a3pop < 5.179
probabilities_array:[6.4070814e-04 2.3476949e-01 7.6458979e-01]

rule122: 1.241 < b3eff < 1.533
probabilities_array:[0.        0.2170284 0.7829716]

rule2: -0.007 < a1cx < 0.381
probabilities_array:[0.         0.21539167 0.7846083 ]

rule87: b1call > 5.023
probabilities_array:[0.         0.20113453 0.7988655 ]

rule22: 3.043 < a1pop < 5.103
probabilities_array:[0.00419228 0.19899236 0.79681534]

