R2: 0.5348839912347292

MAE: 0.05440444605735683

MSE: 0.007115953190712206

Accuracy: 0.781148429035753

F1: 0.781101600916

Confusion Matrix: [[1415, 360], [448, 1469]]

Uncertainties: {'class0': [0.23664143681526184, 0.3524939715862274, 0.3929678201675415, 0.4027475416660309, 0.4450050890445709], 'class1': [0.27820146083831787, 0.3862361013889313, 0.40756848454475403, 0.4090328514575958, 0.6961313486099243]}

Most important rules
-----------------------------

---0---
rule44: a2pop < 1.018
probabilities_array:[0.7633586  0.         0.23664144]

rule20: a1pop < 0.982
probabilities_array:[0.64750606 0.         0.35249397]

rule68: a3pop < 0.948
probabilities_array:[0.6070322  0.         0.39296782]

rule45: 1.018 < a2pop < 3.101
probabilities_array:[0.5972524  0.         0.40274754]

rule128: mxql = 9.0
probabilities_array:[0.55499494 0.         0.4450051 ]

rule21: 0.982 < a1pop < 3.043
probabilities_array:[0.4804725 0.        0.5195275]

rule69: 0.948 < a3pop < 3.063
probabilities_array:[0.47586548 0.         0.5241345 ]

rule127: mxql = 8.0
probabilities_array:[0.41067564 0.         0.58932436]

rule100: b2call < 2.874
probabilities_array:[0.2490584 0.        0.7509416]


---1---
rule47: a2pop > 5.184
probabilities_array:[0.         0.72179854 0.27820146]

rule23: a1pop > 5.103
probabilities_array:[0.        0.6137639 0.3862361]

rule71: a3pop > 5.179
probabilities_array:[0.         0.5924315  0.40756848]

rule124: mxql = 5.0
probabilities_array:[0.         0.5909672  0.40903285]

rule88: b1eff < 0.961
probabilities_array:[0.         0.30386865 0.69613135]

rule118: 4.010 < b3call < 5.113
probabilities_array:[0.         0.30035895 0.69964105]

rule103: b2call > 5.060
probabilities_array:[0.        0.3000667 0.6999333]

rule125: mxql = 6.0
probabilities_array:[0.         0.29303563 0.7069644 ]

rule87: b1call > 5.023
probabilities_array:[0.         0.28023955 0.7197604 ]

rule46: 3.101 < a2pop < 5.184
probabilities_array:[0.05314555 0.21902911 0.72782534]

rule56: a3sx < 0.321
probabilities_array:[0.         0.24335101 0.756649  ]

rule53: -0.398 < a3cy < -0.006
probabilities_array:[0.        0.2269468 0.7730532]

rule37: 0.318 < a2sy < 1.003
probabilities_array:[0.         0.21721438 0.78278565]

rule29: -0.372 < a2cy < 0.017
probabilities_array:[0.         0.21434791 0.7856521 ]

rule92: b2x < -0.396
probabilities_array:[0.         0.20560442 0.79439557]

rule96: b2y < -0.376
probabilities_array:[0.         0.20393468 0.79606533]

