R2: 0.5366018667801542

MAE: 0.05447448801012287

MSE: 0.007089670883205387

Accuracy: 0.7816901408450704

F1: 0.7816468253968254

Confusion Matrix: [[1417, 358], [448, 1469]]

Uncertainties: {'class0': [0.3321201801300049, 0.3368571698665619, 0.43995437026023865, 0.468557745218277, 0.4958899915218353], 'class1': [0.2034868597984314, 0.335101842880249, 0.35774922370910645, 0.4105302691459656, 0.6287962198257446]}

Most important rules
-----------------------------

---0---
rule44: a2pop < 1.018
probabilities_array:[0.6678798  0.         0.33212018]

rule20: a1pop < 0.982
probabilities_array:[0.66314286 0.         0.33685717]

rule128: mxql = 9.0
probabilities_array:[0.5600456  0.         0.43995437]

rule68: a3pop < 0.948
probabilities_array:[0.5314423  0.         0.46855775]

rule21: 0.982 < a1pop < 3.043
probabilities_array:[0.50411 0.      0.49589]

rule45: 1.018 < a2pop < 3.101
probabilities_array:[0.48716632 0.         0.51283365]

rule69: 0.948 < a3pop < 3.063
probabilities_array:[0.39966467 0.         0.6003353 ]

rule127: mxql = 8.0
probabilities_array:[0.38487473 0.         0.61512524]

rule39: a2sy > 1.688
probabilities_array:[0.22627819 0.03368246 0.74003935]

rule100: b2call < 2.874
probabilities_array:[0.22059968 0.         0.77940035]


---1---
rule47: a2pop > 5.184
probabilities_array:[0.         0.79651314 0.20348686]

rule71: a3pop > 5.179
probabilities_array:[0.         0.66489816 0.33510184]

rule124: mxql = 5.0
probabilities_array:[0.         0.6422508  0.35774922]

rule23: a1pop > 5.103
probabilities_array:[0.         0.58946973 0.41053027]

rule46: 3.101 < a2pop < 5.184
probabilities_array:[0.         0.37120375 0.6287962 ]

rule103: b2call > 5.060
probabilities_array:[3.1307763e-06 3.5356957e-01 6.4642727e-01]

rule125: mxql = 6.0
probabilities_array:[0.         0.34907383 0.6509262 ]

rule118: 4.010 < b3call < 5.113
probabilities_array:[0.         0.32299575 0.6770042 ]

rule87: b1call > 5.023
probabilities_array:[0.         0.31789032 0.68210965]

rule88: b1eff < 0.961
probabilities_array:[0.         0.30993372 0.6900663 ]

rule70: 3.063 < a3pop < 5.179
probabilities_array:[0.00317249 0.27186203 0.7249655 ]

rule106: 1.248 < b2eff < 1.537
probabilities_array:[0.        0.2184317 0.7815683]

rule96: b2y < -0.376
probabilities_array:[0.         0.21830852 0.7816915 ]

rule92: b2x < -0.396
probabilities_array:[0.        0.2148963 0.7851037]

rule73: 0.353 < temp < 0.495
probabilities_array:[0.         0.20429783 0.79570216]

