R2: 0.5387493895302244

MAE: 0.05423748012739773

MSE: 0.007056815270675393

Accuracy: 0.7789815817984832

F1: 0.7789472664693778

Confusion Matrix: [[1415, 360], [456, 1461]]

Uncertainties: {'class0': [0.31498822569847107, 0.4278583228588104, 0.48652735352516174, 0.4948458969593048, 0.512099027633667], 'class1': [0.206154927611351, 0.2670389711856842, 0.34427404403686523, 0.3495537042617798, 0.616571307182312]}

Most important rules
-----------------------------

---0---
rule44: a2pop < 1.018
probabilities_array:[0.6850118  0.         0.31498823]

rule68: a3pop < 0.948
probabilities_array:[0.57214165 0.         0.42785832]

rule20: a1pop < 0.982
probabilities_array:[0.5134727  0.         0.48652735]

rule45: 1.018 < a2pop < 3.101
probabilities_array:[0.50515413 0.         0.4948459 ]

rule128: mxql = 9.0
probabilities_array:[0.48790097 0.         0.512099  ]

rule69: 0.948 < a3pop < 3.063
probabilities_array:[0.44331428 0.         0.5566857 ]

rule127: mxql = 8.0
probabilities_array:[0.32746163 0.         0.67253834]

rule21: 0.982 < a1pop < 3.043
probabilities_array:[0.31462365 0.         0.68537635]

rule90: 1.254 < b1eff < 1.546
probabilities_array:[0.24962452 0.         0.75037545]

rule98: 0.007 < b2y < 0.390
probabilities_array:[0.22438797 0.         0.775612  ]

rule84: b1call < 2.848
probabilities_array:[0.21701594 0.         0.7829841 ]


---1---
rule47: a2pop > 5.184
probabilities_array:[0.         0.79384506 0.20615493]

rule23: a1pop > 5.103
probabilities_array:[0.         0.732961   0.26703897]

rule124: mxql = 5.0
probabilities_array:[0.         0.65572596 0.34427404]

rule71: a3pop > 5.179
probabilities_array:[0.        0.6504463 0.3495537]

rule125: mxql = 6.0
probabilities_array:[0.         0.38342866 0.6165713 ]

rule103: b2call > 5.060
probabilities_array:[0.         0.37441608 0.62558395]

rule46: 3.101 < a2pop < 5.184
probabilities_array:[0.         0.34264967 0.65735036]

rule22: 3.043 < a1pop < 5.103
probabilities_array:[0.        0.3219412 0.6780588]

rule118: 4.010 < b3call < 5.113
probabilities_array:[0.         0.29649016 0.7035098 ]

rule29: -0.372 < a2cy < 0.017
probabilities_array:[0.         0.25684983 0.7431502 ]

rule56: a3sx < 0.321
probabilities_array:[0.         0.23808809 0.7619119 ]

rule87: b1call > 5.023
probabilities_array:[0.         0.22610185 0.7738982 ]

rule70: 3.063 < a3pop < 5.179
probabilities_array:[0.00519538 0.21707861 0.777726  ]

rule73: 0.353 < temp < 0.495
probabilities_array:[0.         0.21496814 0.78503186]

rule88: b1eff < 0.961
probabilities_array:[0.         0.20528074 0.7947193 ]

rule92: b2x < -0.396
probabilities_array:[0.        0.2046014 0.7953986]

