R2: 0.5319931995823678

MAE: 0.05443080279910368

MSE: 0.007160180303291956

Accuracy: 0.7789815817984832

F1: 0.7789581654978714

Confusion Matrix: [[1419, 356], [460, 1457]]

Uncertainties: {'class0': [0.34816035628318787, 0.35211682319641113, 0.3618846833705902, 0.3959650993347168, 0.49128273129463196], 'class1': [0.17529405653476715, 0.3751184940338135, 0.40377604961395264, 0.4640629291534424, 0.5993351936340332]}

Most important rules
-----------------------------

---0---
rule128: mxql = 9.0
probabilities_array:[0.6518396  0.         0.34816036]

rule44: a2pop < 1.018
probabilities_array:[0.6478832  0.         0.35211682]

rule20: a1pop < 0.982
probabilities_array:[0.63811535 0.         0.36188468]

rule68: a3pop < 0.948
probabilities_array:[0.6040349 0.        0.3959651]

rule127: mxql = 8.0
probabilities_array:[0.50871724 0.         0.49128273]

rule69: 0.948 < a3pop < 3.063
probabilities_array:[0.4890955 0.        0.5109045]

rule21: 0.982 < a1pop < 3.043
probabilities_array:[0.47839364 0.         0.5216064 ]

rule45: 1.018 < a2pop < 3.101
probabilities_array:[0.45795888 0.         0.5420411 ]

rule126: mxql = 7.0
probabilities_array:[0.27243412 0.         0.7275659 ]

rule90: 1.254 < b1eff < 1.546
probabilities_array:[0.2044917 0.        0.7955083]


---1---
rule47: a2pop > 5.184
probabilities_array:[0.         0.82470596 0.17529406]

rule23: a1pop > 5.103
probabilities_array:[0.        0.6248815 0.3751185]

rule71: a3pop > 5.179
probabilities_array:[0.         0.59622395 0.40377605]

rule124: mxql = 5.0
probabilities_array:[0.         0.5359371  0.46406293]

rule46: 3.101 < a2pop < 5.184
probabilities_array:[0.         0.40066478 0.5993352 ]

rule103: b2call > 5.060
probabilities_array:[3.7921425e-05 3.9174253e-01 6.0821950e-01]

rule87: b1call > 5.023
probabilities_array:[0.        0.3514411 0.6485589]

rule118: 4.010 < b3call < 5.113
probabilities_array:[0.         0.25425935 0.74574065]

rule88: b1eff < 0.961
probabilities_array:[0.         0.24157089 0.7584291 ]

rule29: -0.372 < a2cy < 0.017
probabilities_array:[0.         0.22964641 0.77035356]

rule96: b2y < -0.376
probabilities_array:[0.         0.22075726 0.77924275]

rule122: 1.241 < b3eff < 1.533
probabilities_array:[0.         0.21332256 0.7866774 ]

rule66: -0.002 < a3rho < 0.193
probabilities_array:[0.         0.21257292 0.78742707]

rule73: 0.353 < temp < 0.495
probabilities_array:[0.         0.20699182 0.7930082 ]

