R2: 0.537467953779029

MAE: 0.054079627745266076

MSE: 0.0070764203512371626

Accuracy: 0.7816901408450704

F1: 0.7816591297569405

Confusion Matrix: [[1421, 354], [452, 1465]]

Uncertainties: {'class0': [0.3170892596244812, 0.37387558817863464, 0.39192643761634827, 0.45880407094955444, 0.48968732357025146], 'class1': [0.19880008697509766, 0.3203543424606323, 0.4002494812011719, 0.4054936468601227, 0.6015699505805969]}

Most important rules
-----------------------------

---0---
rule44: a2pop < 1.018
probabilities_array:[0.68291074 0.         0.31708926]

rule68: a3pop < 0.948
probabilities_array:[0.6261244 0.        0.3738756]

rule128: mxql = 9.0
probabilities_array:[0.6080736  0.         0.39192644]

rule20: a1pop < 0.982
probabilities_array:[0.5411959  0.         0.45880407]

rule69: 0.948 < a3pop < 3.063
probabilities_array:[0.5103127  0.         0.48968732]

rule45: 1.018 < a2pop < 3.101
probabilities_array:[0.48853558 0.         0.5114644 ]

rule127: mxql = 8.0
probabilities_array:[0.45573992 0.         0.5442601 ]

rule21: 0.982 < a1pop < 3.043
probabilities_array:[0.37854248 0.         0.6214575 ]

rule90: 1.254 < b1eff < 1.546
probabilities_array:[0.22312889 0.         0.77687114]


---1---
rule47: a2pop > 5.184
probabilities_array:[0.         0.8011999  0.19880009]

rule23: a1pop > 5.103
probabilities_array:[0.         0.67964566 0.32035434]

rule124: mxql = 5.0
probabilities_array:[0.         0.5997505  0.40024948]

rule71: a3pop > 5.179
probabilities_array:[0.         0.5945063  0.40549365]

rule103: b2call > 5.060
probabilities_array:[7.8365105e-05 3.9835170e-01 6.0156995e-01]

rule46: 3.101 < a2pop < 5.184
probabilities_array:[0.         0.36093402 0.639066  ]

rule87: b1call > 5.023
probabilities_array:[0.         0.30525377 0.6947462 ]

rule118: 4.010 < b3call < 5.113
probabilities_array:[0.         0.28746006 0.71254   ]

rule96: b2y < -0.376
probabilities_array:[0.         0.28188628 0.7181137 ]

rule125: mxql = 6.0
probabilities_array:[0.        0.2785061 0.7214939]

rule73: 0.353 < temp < 0.495
probabilities_array:[0.         0.27263895 0.7273611 ]

rule22: 3.043 < a1pop < 5.103
probabilities_array:[0.         0.2528523  0.74714774]

rule29: -0.372 < a2cy < 0.017
probabilities_array:[0.         0.24790224 0.7520977 ]

rule88: b1eff < 0.961
probabilities_array:[0.         0.22683747 0.77316254]

