R2: 0.5330020810439026

MAE: 0.05443689351293238

MSE: 0.007144745114822918

Accuracy: 0.7819609967497292

F1: 0.7819125981749564

Confusion Matrix: [[1416, 359], [446, 1471]]

Uncertainties: {'class0': [0.21868355572223663, 0.3136804699897766, 0.3564084768295288, 0.39814525842666626, 0.4376668930053711], 'class1': [0.30570700764656067, 0.3537035882472992, 0.3870706260204315, 0.4147913157939911, 0.6332079768180847]}

Most important rules
-----------------------------

---0---
rule44: a2pop < 1.018
probabilities_array:[0.78131646 0.         0.21868356]

rule20: a1pop < 0.982
probabilities_array:[0.68631953 0.         0.31368047]

rule45: 1.018 < a2pop < 3.101
probabilities_array:[0.6435915  0.         0.35640848]

rule128: mxql = 9.0
probabilities_array:[0.60185474 0.         0.39814526]

rule68: a3pop < 0.948
probabilities_array:[0.5623331 0.        0.4376669]

rule21: 0.982 < a1pop < 3.043
probabilities_array:[0.5388426 0.        0.4611574]

rule69: 0.948 < a3pop < 3.063
probabilities_array:[0.4362275 0.        0.5637725]

rule127: mxql = 8.0
probabilities_array:[0.43448645 0.         0.56551355]

rule90: 1.254 < b1eff < 1.546
probabilities_array:[0.22274892 0.         0.77725106]

rule100: b2call < 2.874
probabilities_array:[0.21568395 0.         0.78431606]

rule57: 0.321 < a3sx < 0.965
probabilities_array:[0.20514883 0.01046264 0.78438854]


---1---
rule47: a2pop > 5.184
probabilities_array:[0.       0.694293 0.305707]

rule71: a3pop > 5.179
probabilities_array:[0.        0.6462964 0.3537036]

rule124: mxql = 5.0
probabilities_array:[0.         0.6129294  0.38707063]

rule23: a1pop > 5.103
probabilities_array:[0.         0.5852087  0.41479132]

rule103: b2call > 5.060
probabilities_array:[0.         0.36679208 0.633208  ]

rule118: 4.010 < b3call < 5.113
probabilities_array:[0.         0.30560136 0.69439864]

rule125: mxql = 6.0
probabilities_array:[0.         0.2979292  0.70207083]

rule87: b1call > 5.023
probabilities_array:[0.         0.28197923 0.71802074]

rule92: b2x < -0.396
probabilities_array:[0.         0.26050925 0.73949075]

rule70: 3.063 < a3pop < 5.179
probabilities_array:[0.01122545 0.23456351 0.754211  ]

rule88: b1eff < 0.961
probabilities_array:[0.        0.2375161 0.7624839]

rule96: b2y < -0.376
probabilities_array:[0.         0.23387407 0.7661259 ]

rule106: 1.248 < b2eff < 1.537
probabilities_array:[0.         0.23025082 0.76974916]

rule29: -0.372 < a2cy < 0.017
probabilities_array:[0.         0.21307965 0.78692037]

rule114: -0.002 < b3y < 0.392
probabilities_array:[0.         0.21086513 0.78913486]

rule122: 1.241 < b3eff < 1.533
probabilities_array:[0.        0.2065159 0.7934841]

rule73: 0.353 < temp < 0.495
probabilities_array:[0.         0.20300835 0.79699165]

rule46: 3.101 < a2pop < 5.184
probabilities_array:[0.06694867 0.1710248  0.76202655]

