R2: 0.5382345023070911

MAE: 0.05433346276732972

MSE: 0.007064692689016764

Accuracy: 0.7830444203683641

F1: 0.7830121846769194

Confusion Matrix: [[1423, 352], [449, 1468]]

Uncertainties: {'class0': [0.26667025685310364, 0.35084787011146545, 0.413410484790802, 0.4396434426307678, 0.44258394837379456], 'class1': [0.23229612410068512, 0.3625844717025757, 0.3638412654399872, 0.39600613713264465, 0.6530020236968994]}

Most important rules
-----------------------------

---0---
rule44: a2pop < 1.018
probabilities_array:[0.7333298  0.         0.26667026]

rule20: a1pop < 0.982
probabilities_array:[0.6491521  0.         0.35084787]

rule128: mxql = 9.0
probabilities_array:[0.5865895  0.         0.41341048]

rule45: 1.018 < a2pop < 3.101
probabilities_array:[0.56035656 0.         0.43964344]

rule68: a3pop < 0.948
probabilities_array:[0.557416   0.         0.44258395]

rule21: 0.982 < a1pop < 3.043
probabilities_array:[0.4817292 0.        0.5182708]

rule69: 0.948 < a3pop < 3.063
probabilities_array:[0.44179115 0.         0.5582089 ]

rule127: mxql = 8.0
probabilities_array:[0.41115138 0.         0.58884865]

rule100: b2call < 2.874
probabilities_array:[0.23884979 0.         0.76115024]

rule90: 1.254 < b1eff < 1.546
probabilities_array:[0.2232533 0.        0.7767467]


---1---
rule47: a2pop > 5.184
probabilities_array:[0.         0.7677039  0.23229612]

rule124: mxql = 5.0
probabilities_array:[0.         0.6374155  0.36258447]

rule71: a3pop > 5.179
probabilities_array:[0.         0.63615876 0.36384127]

rule23: a1pop > 5.103
probabilities_array:[0.         0.6039939  0.39600614]

rule87: b1call > 5.023
probabilities_array:[0.         0.34699798 0.653002  ]

rule103: b2call > 5.060
probabilities_array:[0.         0.34316486 0.65683514]

rule125: mxql = 6.0
probabilities_array:[0.         0.326076   0.67392397]

rule118: 4.010 < b3call < 5.113
probabilities_array:[0.         0.30636007 0.69363993]

rule46: 3.101 < a2pop < 5.184
probabilities_array:[0.01815621 0.278054   0.70378983]

rule96: b2y < -0.376
probabilities_array:[0.        0.2702633 0.7297367]

rule29: -0.372 < a2cy < 0.017
probabilities_array:[0.         0.25287023 0.7471298 ]

rule14: 1.016 < a1sy < 1.700
probabilities_array:[0.0039994  0.22113904 0.7748616 ]

rule88: b1eff < 0.961
probabilities_array:[0.         0.22264455 0.77735543]

rule70: 3.063 < a3pop < 5.179
probabilities_array:[0.         0.21292199 0.787078  ]

rule114: -0.002 < b3y < 0.392
probabilities_array:[0.         0.20645453 0.7935455 ]

