R2: 0.5302011740212959

MAE: 0.054927119482771875

MSE: 0.007187597054744997

Accuracy: 0.7800650054171181

F1: 0.7800029646980778

Confusion Matrix: [[1409, 366], [446, 1471]]

Uncertainties: {'class0': [0.23373985290527344, 0.3761387765407562, 0.4011734127998352, 0.4095473289489746, 0.4770221710205078], 'class1': [0.2893204689025879, 0.3043907880783081, 0.3271588683128357, 0.40395981073379517, 0.6316371560096741]}

Most important rules
-----------------------------

---0---
rule44: a2pop < 1.018
probabilities_array:[0.76626015 0.         0.23373985]

rule45: 1.018 < a2pop < 3.101
probabilities_array:[0.6238612  0.         0.37613878]

rule128: mxql = 9.0
probabilities_array:[0.5988266 0.        0.4011734]

rule20: a1pop < 0.982
probabilities_array:[0.5904527  0.         0.40954733]

rule68: a3pop < 0.948
probabilities_array:[0.5229778  0.         0.47702217]

rule127: mxql = 8.0
probabilities_array:[0.42746696 0.         0.5725331 ]

rule69: 0.948 < a3pop < 3.063
probabilities_array:[0.4059746 0.        0.5940254]

rule21: 0.982 < a1pop < 3.043
probabilities_array:[0.39008838 0.         0.6099116 ]

rule98: 0.007 < b2y < 0.390
probabilities_array:[0.22133276 0.         0.7786672 ]

rule100: b2call < 2.874
probabilities_array:[0.21932133 0.         0.7806787 ]

rule90: 1.254 < b1eff < 1.546
probabilities_array:[0.20055954 0.         0.79944044]


---1---
rule47: a2pop > 5.184
probabilities_array:[0.         0.71067953 0.28932047]

rule23: a1pop > 5.103
probabilities_array:[0.        0.6956092 0.3043908]

rule71: a3pop > 5.179
probabilities_array:[0.         0.67284113 0.32715887]

rule124: mxql = 5.0
probabilities_array:[0.        0.5960402 0.4039598]

rule118: 4.010 < b3call < 5.113
probabilities_array:[0.         0.3683628  0.63163716]

rule103: b2call > 5.060
probabilities_array:[0.         0.35406044 0.6459395 ]

rule87: b1call > 5.023
probabilities_array:[0.         0.28081283 0.7191872 ]

rule125: mxql = 6.0
probabilities_array:[0.         0.27973714 0.7202629 ]

rule70: 3.063 < a3pop < 5.179
probabilities_array:[0.         0.26991785 0.73008215]

rule92: b2x < -0.396
probabilities_array:[0.        0.2643097 0.7356903]

rule88: b1eff < 0.961
probabilities_array:[0.        0.2608637 0.7391363]

rule73: 0.353 < temp < 0.495
probabilities_array:[0.         0.25804582 0.74195415]

rule22: 3.043 < a1pop < 5.103
probabilities_array:[0.01495018 0.24993694 0.7351129 ]

rule43: a2rho > 0.192
probabilities_array:[0.         0.24017256 0.75982744]

rule46: 3.101 < a2pop < 5.184
probabilities_array:[0.03814664 0.18858604 0.77326727]

rule29: -0.372 < a2cy < 0.017
probabilities_array:[0.         0.20588924 0.7941108 ]

rule53: -0.398 < a3cy < -0.006
probabilities_array:[0.         0.20061742 0.79938257]

