R2: 0.5354261230728814

MAE: 0.05429982350015705

MSE: 0.007107658948607475

Accuracy: 0.7830444203683641

F1: 0.782999701718257

Confusion Matrix: [[1419, 356], [445, 1472]]

Uncertainties: {'class0': [0.2595776319503784, 0.3734373152256012, 0.38028016686439514, 0.4432826042175293, 0.4671602249145508], 'class1': [0.24812375009059906, 0.3164774477481842, 0.373081237077713, 0.3769429326057434, 0.5907627940177917]}

Most important rules
-----------------------------

---0---
rule44: a2pop < 1.018
probabilities_array:[0.74042237 0.         0.25957763]

rule20: a1pop < 0.982
probabilities_array:[0.6265627  0.         0.37343732]

rule68: a3pop < 0.948
probabilities_array:[0.6197198  0.         0.38028017]

rule45: 1.018 < a2pop < 3.101
probabilities_array:[0.5567174 0.        0.4432826]

rule128: mxql = 9.0
probabilities_array:[0.5328398  0.         0.46716022]

rule69: 0.948 < a3pop < 3.063
probabilities_array:[0.5003716  0.         0.49962845]

rule21: 0.982 < a1pop < 3.043
probabilities_array:[0.46858513 0.         0.53141487]

rule127: mxql = 8.0
probabilities_array:[0.33795118 0.         0.6620488 ]

rule100: b2call < 2.874
probabilities_array:[0.20381804 0.         0.796182  ]

rule84: b1call < 2.848
probabilities_array:[0.20184681 0.         0.79815316]


---1---
rule47: a2pop > 5.184
probabilities_array:[0.         0.75187624 0.24812375]

rule124: mxql = 5.0
probabilities_array:[0.         0.6835225  0.31647745]

rule71: a3pop > 5.179
probabilities_array:[0.         0.6269188  0.37308124]

rule23: a1pop > 5.103
probabilities_array:[0.         0.62305707 0.37694293]

rule125: mxql = 6.0
probabilities_array:[0.         0.40923718 0.5907628 ]

rule103: b2call > 5.060
probabilities_array:[8.2388658e-05 3.8396472e-01 6.1595285e-01]

rule118: 4.010 < b3call < 5.113
probabilities_array:[0.        0.3438314 0.6561686]

rule88: b1eff < 0.961
probabilities_array:[0.         0.29961237 0.70038766]

rule87: b1call > 5.023
probabilities_array:[0.         0.28224856 0.71775144]

rule46: 3.101 < a2pop < 5.184
probabilities_array:[0.00634127 0.26904842 0.7246104 ]

rule73: 0.353 < temp < 0.495
probabilities_array:[0.         0.23532982 0.7646702 ]

rule96: b2y < -0.376
probabilities_array:[0.         0.23527077 0.76472926]

