R2: 0.5390117146442326

MAE: 0.054187425384317964

MSE: 0.007052801877894125

Accuracy: 0.7797941495124594

F1: 0.7797765553723374

Confusion Matrix: [[1423, 352], [461, 1456]]

Uncertainties: {'class0': [0.3380441963672638, 0.36930376291275024, 0.426469624042511, 0.43978163599967957, 0.5254039168357849], 'class1': [0.18038101494312286, 0.37450703978538513, 0.38832876086235046, 0.40722590684890747, 0.6164140105247498]}

Most important rules
-----------------------------

---0---
rule44: a2pop < 1.018
probabilities_array:[0.66195583 0.         0.3380442 ]

rule20: a1pop < 0.982
probabilities_array:[0.63069624 0.         0.36930376]

rule68: a3pop < 0.948
probabilities_array:[0.5735304  0.         0.42646962]

rule128: mxql = 9.0
probabilities_array:[0.5602184  0.         0.43978164]

rule21: 0.982 < a1pop < 3.043
probabilities_array:[0.4745961 0.        0.5254039]

rule45: 1.018 < a2pop < 3.101
probabilities_array:[0.46159333 0.         0.53840667]

rule69: 0.948 < a3pop < 3.063
probabilities_array:[0.43104807 0.         0.5689519 ]

rule127: mxql = 8.0
probabilities_array:[0.4171402 0.        0.5828598]

rule90: 1.254 < b1eff < 1.546
probabilities_array:[0.23545608 0.         0.76454395]

rule98: 0.007 < b2y < 0.390
probabilities_array:[0.21702541 0.         0.7829746 ]


---1---
rule47: a2pop > 5.184
probabilities_array:[0.         0.819619   0.18038101]

rule23: a1pop > 5.103
probabilities_array:[0.         0.625493   0.37450704]

rule71: a3pop > 5.179
probabilities_array:[0.         0.6116712  0.38832876]

rule124: mxql = 5.0
probabilities_array:[0.        0.5927741 0.4072259]

rule46: 3.101 < a2pop < 5.184
probabilities_array:[0.         0.38358602 0.616414  ]

rule103: b2call > 5.060
probabilities_array:[0.         0.37375352 0.6262465 ]

rule118: 4.010 < b3call < 5.113
probabilities_array:[0.         0.30363607 0.6963639 ]

rule87: b1call > 5.023
probabilities_array:[0.         0.29498175 0.7050182 ]

rule125: mxql = 6.0
probabilities_array:[0.         0.28739947 0.7126005 ]

rule56: a3sx < 0.321
probabilities_array:[0.         0.25788292 0.74211705]

rule70: 3.063 < a3pop < 5.179
probabilities_array:[0.00652761 0.20997438 0.783498  ]

rule88: b1eff < 0.961
probabilities_array:[0.         0.20010005 0.79989994]

