R2: 0.5386508753816337

MAE: 0.054197324822084586

MSE: 0.0070583224690017946

Accuracy: 0.7816901408450704

F1: 0.7816362502293157

Confusion Matrix: [[1414, 361], [445, 1472]]

Uncertainties: {'class0': [0.25209754705429077, 0.430330753326416, 0.435482382774353, 0.4396784007549286, 0.4769536852836609], 'class1': [0.2509753108024597, 0.31459879875183105, 0.32416847348213196, 0.3729371130466461, 0.6791553497314453]}

Most important rules
-----------------------------

---0---
rule44: a2pop < 1.018
probabilities_array:[0.74790245 0.         0.25209755]

rule128: mxql = 9.0
probabilities_array:[0.56966925 0.         0.43033075]

rule20: a1pop < 0.982
probabilities_array:[0.5645176  0.         0.43548238]

rule45: 1.018 < a2pop < 3.101
probabilities_array:[0.56032157 0.         0.4396784 ]

rule68: a3pop < 0.948
probabilities_array:[0.5230463 0.        0.4769537]

rule127: mxql = 8.0
probabilities_array:[0.39018008 0.         0.6098199 ]

rule21: 0.982 < a1pop < 3.043
probabilities_array:[0.3900137 0.        0.6099863]

rule69: 0.948 < a3pop < 3.063
probabilities_array:[0.36130804 0.         0.63869196]

rule100: b2call < 2.874
probabilities_array:[0.25848484 0.         0.74151516]

rule90: 1.254 < b1eff < 1.546
probabilities_array:[0.23369874 0.         0.7663013 ]


---1---
rule47: a2pop > 5.184
probabilities_array:[0.        0.7490247 0.2509753]

rule71: a3pop > 5.179
probabilities_array:[0.        0.6854012 0.3145988]

rule23: a1pop > 5.103
probabilities_array:[0.         0.67583156 0.32416847]

rule124: mxql = 5.0
probabilities_array:[0.         0.62706286 0.3729371 ]

rule125: mxql = 6.0
probabilities_array:[0.         0.32084465 0.67915535]

rule103: b2call > 5.060
probabilities_array:[0.         0.30975446 0.69024557]

rule87: b1call > 5.023
probabilities_array:[0.         0.29175106 0.708249  ]

rule70: 3.063 < a3pop < 5.179
probabilities_array:[0.         0.28880978 0.7111902 ]

rule29: -0.372 < a2cy < 0.017
probabilities_array:[0.         0.27774063 0.72225934]

rule46: 3.101 < a2pop < 5.184
probabilities_array:[0.03001324 0.26263186 0.7073549 ]

rule118: 4.010 < b3call < 5.113
probabilities_array:[0.        0.2522087 0.7477913]

rule22: 3.043 < a1pop < 5.103
probabilities_array:[0.         0.23657818 0.76342183]

rule14: 1.016 < a1sy < 1.700
probabilities_array:[0.00097682 0.23538047 0.7636427 ]

rule88: b1eff < 0.961
probabilities_array:[0.         0.2047135  0.79528654]

rule92: b2x < -0.396
probabilities_array:[0.         0.20334867 0.7966513 ]

rule96: b2y < -0.376
probabilities_array:[0.         0.20104674 0.79895324]

