R2: 0.5390081013639862

MAE: 0.05435904886311587

MSE: 0.007052857158582414

Accuracy: 0.7830444203683641

F1: 0.7829812293996541

Confusion Matrix: [[1414, 361], [440, 1477]]

Uncertainties: {'class0': [0.25948262214660645, 0.3596979081630707, 0.38366463780403137, 0.40255898237228394, 0.41827934980392456], 'class1': [0.27087193727493286, 0.35843339562416077, 0.36341482400894165, 0.4203921854496002, 0.6436261534690857]}

Most important rules
-----------------------------

---0---
rule44: a2pop < 1.018
probabilities_array:[0.7405174  0.         0.25948262]

rule20: a1pop < 0.982
probabilities_array:[0.6403021 0.        0.3596979]

rule128: mxql = 9.0
probabilities_array:[0.6163354  0.         0.38366464]

rule68: a3pop < 0.948
probabilities_array:[0.597441   0.         0.40255898]

rule45: 1.018 < a2pop < 3.101
probabilities_array:[0.58172065 0.         0.41827935]

rule21: 0.982 < a1pop < 3.043
probabilities_array:[0.46667665 0.         0.53332335]

rule69: 0.948 < a3pop < 3.063
probabilities_array:[0.46317998 0.         0.53682005]

rule127: mxql = 8.0
probabilities_array:[0.4622593 0.        0.5377407]

rule90: 1.254 < b1eff < 1.546
probabilities_array:[0.23362544 0.         0.7663746 ]

rule84: b1call < 2.848
probabilities_array:[0.22258253 0.         0.7774175 ]

rule100: b2call < 2.874
probabilities_array:[0.21620691 0.         0.7837931 ]

rule126: mxql = 7.0
probabilities_array:[0.21316738 0.         0.78683263]


---1---
rule47: a2pop > 5.184
probabilities_array:[0.         0.72912806 0.27087194]

rule23: a1pop > 5.103
probabilities_array:[0.        0.6415666 0.3584334]

rule71: a3pop > 5.179
probabilities_array:[0.         0.6365852  0.36341482]

rule124: mxql = 5.0
probabilities_array:[0.         0.57960784 0.4203922 ]

rule103: b2call > 5.060
probabilities_array:[0.         0.35637382 0.64362615]

rule46: 3.101 < a2pop < 5.184
probabilities_array:[0.02056847 0.24775332 0.73167825]

rule29: -0.372 < a2cy < 0.017
probabilities_array:[0.         0.25226444 0.74773556]

rule118: 4.010 < b3call < 5.113
probabilities_array:[0.         0.25051516 0.74948484]

rule66: -0.002 < a3rho < 0.193
probabilities_array:[0.         0.24956672 0.75043327]

rule125: mxql = 6.0
probabilities_array:[0.         0.24215768 0.7578423 ]

rule87: b1call > 5.023
probabilities_array:[0.         0.23164882 0.7683512 ]

rule73: 0.353 < temp < 0.495
probabilities_array:[0.         0.22871442 0.7712856 ]

rule88: b1eff < 0.961
probabilities_array:[0.         0.22102466 0.77897537]

rule96: b2y < -0.376
probabilities_array:[0.         0.21346177 0.78653824]

rule70: 3.063 < a3pop < 5.179
probabilities_array:[0.0257654  0.20048915 0.77374536]

rule92: b2x < -0.396
probabilities_array:[0.         0.21047884 0.78952116]

rule122: 1.241 < b3eff < 1.533
probabilities_array:[0.        0.2060589 0.7939411]

