R2: 0.5325685675228043

MAE: 0.054664410632084236

MSE: 0.007151377571813305

Accuracy: 0.7814192849404117

F1: 0.7813707661207328

Confusion Matrix: [[1415, 360], [447, 1470]]

Uncertainties: {'class0': [0.23040233552455902, 0.3389946520328522, 0.37130260467529297, 0.3774852752685547, 0.47335106134414673], 'class1': [0.29754623770713806, 0.32151949405670166, 0.3857908248901367, 0.43156689405441284, 0.6170641779899597]}

Most important rules
-----------------------------

---0---
rule44: a2pop < 1.018
probabilities_array:[0.76959765 0.         0.23040234]

rule20: a1pop < 0.982
probabilities_array:[0.6610054  0.         0.33899465]

rule45: 1.018 < a2pop < 3.101
probabilities_array:[0.6286974 0.        0.3713026]

rule128: mxql = 9.0
probabilities_array:[0.6225147  0.         0.37748528]

rule68: a3pop < 0.948
probabilities_array:[0.52664894 0.         0.47335106]

rule21: 0.982 < a1pop < 3.043
probabilities_array:[0.49596044 0.         0.5040396 ]

rule127: mxql = 8.0
probabilities_array:[0.47413382 0.         0.5258662 ]

rule69: 0.948 < a3pop < 3.063
probabilities_array:[0.39514127 0.         0.6048587 ]

rule90: 1.254 < b1eff < 1.546
probabilities_array:[0.23122953 0.         0.76877046]

rule126: mxql = 7.0
probabilities_array:[0.22845386 0.         0.7715461 ]


---1---
rule47: a2pop > 5.184
probabilities_array:[0.         0.70245373 0.29754624]

rule71: a3pop > 5.179
probabilities_array:[0.        0.6784805 0.3215195]

rule23: a1pop > 5.103
probabilities_array:[0.         0.6142092  0.38579082]

rule124: mxql = 5.0
probabilities_array:[0.        0.5684331 0.4315669]

rule103: b2call > 5.060
probabilities_array:[2.6247533e-05 3.8290954e-01 6.1706418e-01]

rule70: 3.063 < a3pop < 5.179
probabilities_array:[0.         0.27346373 0.7265363 ]

rule87: b1call > 5.023
probabilities_array:[0.        0.2615049 0.7384951]

rule96: b2y < -0.376
probabilities_array:[0.         0.2594619  0.74053806]

rule118: 4.010 < b3call < 5.113
probabilities_array:[0.         0.25241864 0.74758136]

rule46: 3.101 < a2pop < 5.184
probabilities_array:[0.07768098 0.20540105 0.716918  ]

rule73: 0.353 < temp < 0.495
probabilities_array:[0.         0.23973437 0.76026565]

rule125: mxql = 6.0
probabilities_array:[0.         0.23573712 0.7642629 ]

rule56: a3sx < 0.321
probabilities_array:[0.         0.23310134 0.76689863]

rule88: b1eff < 0.961
probabilities_array:[0.         0.22791913 0.77208084]

rule43: a2rho > 0.192
probabilities_array:[0.         0.20634103 0.793659  ]

