R2: 0.5365670063214576

MAE: 0.05425038490011539

MSE: 0.007090204224108767

Accuracy: 0.7835861321776815

F1: 0.7835480053766886

Confusion Matrix: [[1422, 353], [446, 1471]]

Uncertainties: {'class0': [0.2907702922821045, 0.40737923979759216, 0.4357950985431671, 0.45976388454437256, 0.4886001944541931], 'class1': [0.2192709594964981, 0.32590577006340027, 0.32782018184661865, 0.3702574670314789, 0.601492702960968]}

Most important rules
-----------------------------

---0---
rule44: a2pop < 1.018
probabilities_array:[0.7092297 0.        0.2907703]

rule68: a3pop < 0.948
probabilities_array:[0.59262073 0.         0.40737924]

rule20: a1pop < 0.982
probabilities_array:[0.5642049 0.        0.4357951]

rule45: 1.018 < a2pop < 3.101
probabilities_array:[0.5402361  0.         0.45976388]

rule128: mxql = 9.0
probabilities_array:[0.5113998 0.        0.4886002]

rule69: 0.948 < a3pop < 3.063
probabilities_array:[0.46482706 0.         0.53517294]

rule21: 0.982 < a1pop < 3.043
probabilities_array:[0.39410016 0.         0.6058998 ]

rule127: mxql = 8.0
probabilities_array:[0.3279828  0.         0.67201716]

rule100: b2call < 2.874
probabilities_array:[0.23918542 0.         0.7608146 ]


---1---
rule47: a2pop > 5.184
probabilities_array:[0.         0.78072906 0.21927096]

rule23: a1pop > 5.103
probabilities_array:[0.         0.6740942  0.32590577]

rule124: mxql = 5.0
probabilities_array:[0.         0.6721798  0.32782018]

rule71: a3pop > 5.179
probabilities_array:[0.         0.6297425  0.37025747]

rule125: mxql = 6.0
probabilities_array:[0.         0.39850727 0.6014927 ]

rule103: b2call > 5.060
probabilities_array:[0.        0.3239469 0.6760531]

rule118: 4.010 < b3call < 5.113
probabilities_array:[0.         0.31462902 0.685371  ]

rule87: b1call > 5.023
probabilities_array:[0.         0.31214243 0.68785757]

rule46: 3.101 < a2pop < 5.184
probabilities_array:[0.00344973 0.30673906 0.68981117]

rule96: b2y < -0.376
probabilities_array:[0.         0.28311294 0.71688706]

rule29: -0.372 < a2cy < 0.017
probabilities_array:[0.        0.2647292 0.7352708]

rule88: b1eff < 0.961
probabilities_array:[0.         0.26145124 0.73854876]

rule22: 3.043 < a1pop < 5.103
probabilities_array:[0.         0.23761177 0.7623882 ]

rule73: 0.353 < temp < 0.495
probabilities_array:[0.         0.22316465 0.7768354 ]

rule92: b2x < -0.396
probabilities_array:[0.         0.21448313 0.78551686]

rule14: 1.016 < a1sy < 1.700
probabilities_array:[0.0067508  0.21075189 0.7824973 ]

rule70: 3.063 < a3pop < 5.179
probabilities_array:[0.02354212 0.19879211 0.7776658 ]

