R2: 0.5354636478203404

MAE: 0.054408889462903884

MSE: 0.007107084845929048

Accuracy: 0.7787107258938245

F1: 0.7786717401661507

Confusion Matrix: [[1413, 362], [455, 1462]]

Uncertainties: {'class0': [0.318909227848053, 0.37939220666885376, 0.40894797444343567, 0.4311505854129791, 0.4751804769039154], 'class1': [0.17010007798671722, 0.3501792848110199, 0.4087517559528351, 0.42397722601890564, 0.5572550892829895]}

Most important rules
-----------------------------

---0---
rule20: a1pop < 0.982
probabilities_array:[0.6810908  0.         0.31890923]

rule44: a2pop < 1.018
probabilities_array:[0.6206078 0.        0.3793922]

rule68: a3pop < 0.948
probabilities_array:[0.59105206 0.         0.40894797]

rule128: mxql = 9.0
probabilities_array:[0.5688494 0.        0.4311506]

rule21: 0.982 < a1pop < 3.043
probabilities_array:[0.5248195  0.         0.47518048]

rule69: 0.948 < a3pop < 3.063
probabilities_array:[0.45274818 0.         0.5472518 ]

rule127: mxql = 8.0
probabilities_array:[0.43967658 0.         0.5603234 ]

rule45: 1.018 < a2pop < 3.101
probabilities_array:[0.42572317 0.         0.5742768 ]

rule57: 0.321 < a3sx < 0.965
probabilities_array:[0.19536354 0.01038642 0.7942501 ]


---1---
rule47: a2pop > 5.184
probabilities_array:[0.         0.8298999  0.17010008]

rule71: a3pop > 5.179
probabilities_array:[0.         0.6498207  0.35017928]

rule23: a1pop > 5.103
probabilities_array:[0.         0.5912482  0.40875176]

rule124: mxql = 5.0
probabilities_array:[0.         0.57602274 0.42397723]

rule46: 3.101 < a2pop < 5.184
probabilities_array:[0.         0.44274488 0.5572551 ]

rule103: b2call > 5.060
probabilities_array:[0.        0.3602228 0.6397772]

rule88: b1eff < 0.961
probabilities_array:[0.         0.33902758 0.6609724 ]

rule87: b1call > 5.023
probabilities_array:[0.         0.29528117 0.7047188 ]

rule29: -0.372 < a2cy < 0.017
probabilities_array:[0.         0.27299276 0.72700727]

rule118: 4.010 < b3call < 5.113
probabilities_array:[0.         0.27225092 0.72774905]

rule125: mxql = 6.0
probabilities_array:[0.         0.26791647 0.73208356]

rule96: b2y < -0.376
probabilities_array:[0.         0.23565538 0.76434463]

rule73: 0.353 < temp < 0.495
probabilities_array:[0.         0.23275536 0.76724464]

rule89: 0.961 < b1eff < 1.254
probabilities_array:[0.         0.22258519 0.7774148 ]

rule70: 3.063 < a3pop < 5.179
probabilities_array:[0.01110789 0.20853998 0.7803521 ]

rule122: 1.241 < b3eff < 1.533
probabilities_array:[0.         0.20763992 0.79236007]

rule14: 1.016 < a1sy < 1.700
probabilities_array:[0.0031922  0.19946447 0.7973433 ]

