R2: 0.5347971800283841

MAE: 0.054318866063707824

MSE: 0.007117281342117748

Accuracy: 0.7778981581798483

F1: 0.7778574156076254

Confusion Matrix: [[1411, 364], [456, 1461]]

Uncertainties: {'class0': [0.327482134103775, 0.3552582561969757, 0.4065544605255127, 0.420329749584198, 0.49529796838760376], 'class1': [0.2118837833404541, 0.30508947372436523, 0.3583226501941681, 0.45782339572906494, 0.6206409931182861]}

Most important rules
-----------------------------

---0---
rule44: a2pop < 1.018
probabilities_array:[0.6725179  0.         0.32748213]

rule128: mxql = 9.0
probabilities_array:[0.6447418  0.         0.35525826]

rule68: a3pop < 0.948
probabilities_array:[0.59344554 0.         0.40655446]

rule20: a1pop < 0.982
probabilities_array:[0.57967025 0.         0.42032975]

rule127: mxql = 8.0
probabilities_array:[0.50470203 0.         0.49529797]

rule45: 1.018 < a2pop < 3.101
probabilities_array:[0.49986327 0.         0.50013673]

rule69: 0.948 < a3pop < 3.063
probabilities_array:[0.45791605 0.         0.5420839 ]

rule21: 0.982 < a1pop < 3.043
probabilities_array:[0.40112486 0.         0.5988751 ]

rule126: mxql = 7.0
probabilities_array:[0.2724912 0.        0.7275088]

rule90: 1.254 < b1eff < 1.546
probabilities_array:[0.2566405 0.        0.7433595]

rule117: 2.907 < b3call < 4.010
probabilities_array:[0.2260109 0.        0.7739891]

rule107: b2eff > 1.537
probabilities_array:[0.20273863 0.01214894 0.78511244]


---1---
rule47: a2pop > 5.184
probabilities_array:[0.         0.7881162  0.21188378]

rule23: a1pop > 5.103
probabilities_array:[0.         0.6949105  0.30508947]

rule71: a3pop > 5.179
probabilities_array:[0.         0.6416774  0.35832265]

rule124: mxql = 5.0
probabilities_array:[0.        0.5421766 0.4578234]

rule103: b2call > 5.060
probabilities_array:[1.1730210e-04 3.7924165e-01 6.2064099e-01]

rule46: 3.101 < a2pop < 5.184
probabilities_array:[0.         0.36159113 0.63840884]

rule87: b1call > 5.023
probabilities_array:[0.         0.32174835 0.6782517 ]

rule96: b2y < -0.376
probabilities_array:[0.         0.25830764 0.74169236]

rule29: -0.372 < a2cy < 0.017
probabilities_array:[0.         0.24593382 0.75406617]

rule22: 3.043 < a1pop < 5.103
probabilities_array:[0.         0.23269628 0.7673037 ]

rule70: 3.063 < a3pop < 5.179
probabilities_array:[0.02442815 0.21089801 0.7646739 ]

rule122: 1.241 < b3eff < 1.533
probabilities_array:[0.         0.21951374 0.7804863 ]

rule118: 4.010 < b3call < 5.113
probabilities_array:[0.         0.21583554 0.7841645 ]

rule56: a3sx < 0.321
probabilities_array:[0.         0.21283752 0.7871625 ]

rule37: 0.318 < a2sy < 1.003
probabilities_array:[0.         0.20076475 0.7992352 ]

rule114: -0.002 < b3y < 0.392
probabilities_array:[0.         0.20003363 0.7999664 ]

