R2: 0.5357611242775477

MAE: 0.05449743888059092

MSE: 0.007102533661912729

Accuracy: 0.7792524377031419

F1: 0.7792034379038378

Confusion Matrix: [[1411, 364], [451, 1466]]

Uncertainties: {'class0': [0.2213425636291504, 0.37280410528182983, 0.379625141620636, 0.3967972695827484, 0.45827528834342957], 'class1': [0.2857675552368164, 0.2861155867576599, 0.3746946454048157, 0.44846072793006897, 0.6990815997123718]}

Most important rules
-----------------------------

---0---
rule44: a2pop < 1.018
probabilities_array:[0.77865744 0.         0.22134256]

rule45: 1.018 < a2pop < 3.101
probabilities_array:[0.6271959 0.        0.3728041]

rule68: a3pop < 0.948
probabilities_array:[0.62037486 0.         0.37962514]

rule128: mxql = 9.0
probabilities_array:[0.6032027  0.         0.39679727]

rule20: a1pop < 0.982
probabilities_array:[0.54172474 0.         0.4582753 ]

rule69: 0.948 < a3pop < 3.063
probabilities_array:[0.481383   0.         0.51861703]

rule127: mxql = 8.0
probabilities_array:[0.46395066 0.         0.5360493 ]

rule21: 0.982 < a1pop < 3.043
probabilities_array:[0.34718058 0.         0.6528194 ]

rule100: b2call < 2.874
probabilities_array:[0.27525973 0.         0.72474027]

rule126: mxql = 7.0
probabilities_array:[0.22468545 0.         0.77531457]


---1---
rule47: a2pop > 5.184
probabilities_array:[0.         0.71423244 0.28576756]

rule23: a1pop > 5.103
probabilities_array:[0.        0.7138844 0.2861156]

rule71: a3pop > 5.179
probabilities_array:[0.         0.62530535 0.37469465]

rule124: mxql = 5.0
probabilities_array:[0.         0.5515393  0.44846073]

rule118: 4.010 < b3call < 5.113
probabilities_array:[0.        0.3009184 0.6990816]

rule22: 3.043 < a1pop < 5.103
probabilities_array:[0.        0.2900662 0.7099338]

rule88: b1eff < 0.961
probabilities_array:[0.        0.2895144 0.7104856]

rule103: b2call > 5.060
probabilities_array:[0.        0.2758351 0.7241649]

rule87: b1call > 5.023
probabilities_array:[0.         0.26471564 0.7352844 ]

rule56: a3sx < 0.321
probabilities_array:[0.         0.26220474 0.73779523]

rule66: -0.002 < a3rho < 0.193
probabilities_array:[0.         0.23792535 0.76207465]

rule96: b2y < -0.376
probabilities_array:[0.         0.23389691 0.7661031 ]

rule46: 3.101 < a2pop < 5.184
probabilities_array:[0.06000149 0.1886748  0.7513237 ]

rule125: mxql = 6.0
probabilities_array:[0.         0.21221599 0.78778404]

rule122: 1.241 < b3eff < 1.533
probabilities_array:[0.         0.21112266 0.78887737]

rule106: 1.248 < b2eff < 1.537
probabilities_array:[0.         0.20843358 0.79156643]

rule73: 0.353 < temp < 0.495
probabilities_array:[0.         0.20672506 0.79327494]

