R2: 0.5376887457275621

MAE: 0.05442126912132747

MSE: 0.007073042387157151

Accuracy: 0.7789815817984832

F1: 0.7789231939734931

Confusion Matrix: [[1408, 367], [449, 1468]]

Uncertainties: {'class0': [0.25786399841308594, 0.307071715593338, 0.4049789309501648, 0.4298590421676636, 0.45778343081474304], 'class1': [0.2508426308631897, 0.35246849060058594, 0.3721672594547272, 0.4359464645385742, 0.6128988862037659]}

Most important rules
-----------------------------

---0---
rule44: a2pop < 1.018
probabilities_array:[0.742136 0.       0.257864]

rule20: a1pop < 0.982
probabilities_array:[0.6929283  0.         0.30707172]

rule68: a3pop < 0.948
probabilities_array:[0.59502107 0.         0.40497893]

rule45: 1.018 < a2pop < 3.101
probabilities_array:[0.57014096 0.         0.42985904]

rule128: mxql = 9.0
probabilities_array:[0.5422166  0.         0.45778343]

rule21: 0.982 < a1pop < 3.043
probabilities_array:[0.5339603 0.        0.4660397]

rule69: 0.948 < a3pop < 3.063
probabilities_array:[0.46442786 0.         0.5355721 ]

rule127: mxql = 8.0
probabilities_array:[0.37469128 0.         0.6253087 ]


---1---
rule47: a2pop > 5.184
probabilities_array:[0.         0.74915737 0.25084263]

rule71: a3pop > 5.179
probabilities_array:[0.        0.6475315 0.3524685]

rule124: mxql = 5.0
probabilities_array:[0.         0.6278327  0.37216726]

rule23: a1pop > 5.103
probabilities_array:[0.         0.56405354 0.43594646]

rule103: b2call > 5.060
probabilities_array:[0.         0.38710108 0.6128989 ]

rule125: mxql = 6.0
probabilities_array:[0.         0.33846402 0.661536  ]

rule118: 4.010 < b3call < 5.113
probabilities_array:[0.         0.32085934 0.6791407 ]

rule87: b1call > 5.023
probabilities_array:[0.         0.29810053 0.70189947]

rule88: b1eff < 0.961
probabilities_array:[0.         0.28718102 0.712819  ]

rule46: 3.101 < a2pop < 5.184
probabilities_array:[0.02254665 0.26204965 0.7154037 ]

rule96: b2y < -0.376
probabilities_array:[0.         0.25755268 0.7424473 ]

rule70: 3.063 < a3pop < 5.179
probabilities_array:[0.02241196 0.2047731  0.772815  ]

rule29: -0.372 < a2cy < 0.017
probabilities_array:[0.         0.21334052 0.7866595 ]

rule73: 0.353 < temp < 0.495
probabilities_array:[0.         0.21065919 0.7893408 ]

rule66: -0.002 < a3rho < 0.193
probabilities_array:[0.         0.20563322 0.7943668 ]

