R2: 0.5363411963357768

MAE: 0.05441977891740103

MSE: 0.007093658960685919

Accuracy: 0.7816901408450704

F1: 0.7816618852308663

Confusion Matrix: [[1422, 353], [453, 1464]]

Uncertainties: {'class0': [0.34932973980903625, 0.37850090861320496, 0.4206462800502777, 0.48020556569099426, 0.5181483030319214], 'class1': [0.1793731153011322, 0.3373061418533325, 0.36900967359542847, 0.3986320197582245, 0.5892272591590881]}

Most important rules
-----------------------------

---0---
rule44: a2pop < 1.018
probabilities_array:[0.6506703  0.         0.34932974]

rule68: a3pop < 0.948
probabilities_array:[0.6214991 0.        0.3785009]

rule20: a1pop < 0.982
probabilities_array:[0.57935375 0.         0.42064628]

rule128: mxql = 9.0
probabilities_array:[0.5197944  0.         0.48020557]

rule69: 0.948 < a3pop < 3.063
probabilities_array:[0.4818517 0.        0.5181483]

rule45: 1.018 < a2pop < 3.101
probabilities_array:[0.42836645 0.         0.5716336 ]

rule21: 0.982 < a1pop < 3.043
probabilities_array:[0.42329797 0.         0.576702  ]

rule127: mxql = 8.0
probabilities_array:[0.33633393 0.         0.66366607]

rule90: 1.254 < b1eff < 1.546
probabilities_array:[0.22028391 0.         0.7797161 ]

rule100: b2call < 2.874
probabilities_array:[0.21973377 0.         0.7802662 ]

rule98: 0.007 < b2y < 0.390
probabilities_array:[0.21722817 0.         0.7827718 ]


---1---
rule47: a2pop > 5.184
probabilities_array:[0.         0.8206269  0.17937312]

rule124: mxql = 5.0
probabilities_array:[0.         0.66269386 0.33730614]

rule23: a1pop > 5.103
probabilities_array:[0.         0.6309903  0.36900967]

rule71: a3pop > 5.179
probabilities_array:[0.         0.601368   0.39863202]

rule46: 3.101 < a2pop < 5.184
probabilities_array:[0.         0.4107727  0.58922726]

rule125: mxql = 6.0
probabilities_array:[0.        0.3803951 0.6196049]

rule103: b2call > 5.060
probabilities_array:[0.         0.34063834 0.65936166]

rule118: 4.010 < b3call < 5.113
probabilities_array:[0.        0.3299776 0.6700224]

rule87: b1call > 5.023
probabilities_array:[0.         0.29409721 0.7059028 ]

rule56: a3sx < 0.321
probabilities_array:[0.         0.22921947 0.7707805 ]

rule29: -0.372 < a2cy < 0.017
probabilities_array:[0.         0.22832277 0.7716772 ]

rule66: -0.002 < a3rho < 0.193
probabilities_array:[0.         0.21964511 0.7803549 ]

rule88: b1eff < 0.961
probabilities_array:[0.         0.21761385 0.7823861 ]

rule22: 3.043 < a1pop < 5.103
probabilities_array:[0.00898241 0.20556948 0.7854481 ]

rule92: b2x < -0.396
probabilities_array:[0.         0.20773481 0.7922652 ]

rule106: 1.248 < b2eff < 1.537
probabilities_array:[0.         0.20385283 0.79614717]

rule77: -0.385 < b1x < 0.008
probabilities_array:[0.        0.2035934 0.7964066]

