R2: 0.5344489824294765

MAE: 0.054706348992868394

MSE: 0.007122608524515796

Accuracy: 0.7776273022751896

F1: 0.7775998752089541

Confusion Matrix: [[1415, 360], [461, 1456]]

Uncertainties: {'class0': [0.2828320860862732, 0.3409913182258606, 0.39850422739982605, 0.4468717873096466, 0.4494100511074066], 'class1': [0.22364363074302673, 0.31554484367370605, 0.4190746247768402, 0.4511546194553375, 0.6896318197250366]}

Most important rules
-----------------------------

---0---
rule44: a2pop < 1.018
probabilities_array:[0.7171679 0.        0.2828321]

rule68: a3pop < 0.948
probabilities_array:[0.6590087  0.         0.34099132]

rule20: a1pop < 0.982
probabilities_array:[0.6014958  0.         0.39850423]

rule45: 1.018 < a2pop < 3.101
probabilities_array:[0.55312824 0.         0.4468718 ]

rule128: mxql = 9.0
probabilities_array:[0.5505899  0.         0.44941005]

rule69: 0.948 < a3pop < 3.063
probabilities_array:[0.5482787  0.         0.45172134]

rule127: mxql = 8.0
probabilities_array:[0.41429728 0.         0.5857027 ]

rule21: 0.982 < a1pop < 3.043
probabilities_array:[0.40267226 0.         0.5973277 ]

rule100: b2call < 2.874
probabilities_array:[0.22710343 0.         0.7728966 ]

rule90: 1.254 < b1eff < 1.546
probabilities_array:[0.22062217 0.         0.7793778 ]


---1---
rule47: a2pop > 5.184
probabilities_array:[0.         0.7763564  0.22364363]

rule23: a1pop > 5.103
probabilities_array:[0.         0.68445516 0.31554484]

rule124: mxql = 5.0
probabilities_array:[0.         0.5809254  0.41907462]

rule71: a3pop > 5.179
probabilities_array:[0.         0.5488454  0.45115462]

rule103: b2call > 5.060
probabilities_array:[0.         0.31036818 0.6896318 ]

rule46: 3.101 < a2pop < 5.184
probabilities_array:[0.01346105 0.29443723 0.6921017 ]

rule125: mxql = 6.0
probabilities_array:[0.        0.2767862 0.7232138]

rule118: 4.010 < b3call < 5.113
probabilities_array:[0.         0.27592748 0.7240725 ]

rule73: 0.353 < temp < 0.495
probabilities_array:[0.         0.27091786 0.7290821 ]

rule87: b1call > 5.023
probabilities_array:[0.         0.26064268 0.7393573 ]

rule96: b2y < -0.376
probabilities_array:[0.         0.25199935 0.7480006 ]

rule88: b1eff < 0.961
probabilities_array:[0.         0.23841266 0.7615873 ]

rule56: a3sx < 0.321
probabilities_array:[0.        0.2273885 0.7726115]

rule22: 3.043 < a1pop < 5.103
probabilities_array:[0.00131262 0.21274269 0.7859447 ]

