R2: 0.5350033507936283

MAE: 0.054225860645600685

MSE: 0.007114127072027871

Accuracy: 0.778169014084507

F1: 0.7781442583109106

Confusion Matrix: [[1417, 358], [461, 1456]]

Uncertainties: {'class0': [0.31449800729751587, 0.35220175981521606, 0.36339256167411804, 0.4021439552307129, 0.4846925139427185], 'class1': [0.19957758486270905, 0.39309969544410706, 0.4136136472225189, 0.4197978973388672, 0.6445566415786743]}

Most important rules
-----------------------------

---0---
rule44: a2pop < 1.018
probabilities_array:[0.685502 0.       0.314498]

rule20: a1pop < 0.982
probabilities_array:[0.64779824 0.         0.35220176]

rule68: a3pop < 0.948
probabilities_array:[0.6366074  0.         0.36339256]

rule128: mxql = 9.0
probabilities_array:[0.59785604 0.         0.40214396]

rule69: 0.948 < a3pop < 3.063
probabilities_array:[0.5153075 0.        0.4846925]

rule21: 0.982 < a1pop < 3.043
probabilities_array:[0.50002784 0.         0.49997216]

rule45: 1.018 < a2pop < 3.101
probabilities_array:[0.4956368 0.        0.5043632]

rule127: mxql = 8.0
probabilities_array:[0.4587091 0.        0.5412909]

rule100: b2call < 2.874
probabilities_array:[0.24093527 0.         0.75906473]


---1---
rule47: a2pop > 5.184
probabilities_array:[0.         0.80042243 0.19957758]

rule23: a1pop > 5.103
probabilities_array:[0.        0.6069003 0.3930997]

rule71: a3pop > 5.179
probabilities_array:[0.         0.5863864  0.41361365]

rule124: mxql = 5.0
probabilities_array:[0.        0.5802021 0.4197979]

rule46: 3.101 < a2pop < 5.184
probabilities_array:[0.         0.35544336 0.64455664]

rule103: b2call > 5.060
probabilities_array:[0.       0.317204 0.682796]

rule87: b1call > 5.023
probabilities_array:[0.        0.3112254 0.6887746]

rule118: 4.010 < b3call < 5.113
probabilities_array:[0.        0.2850095 0.7149905]

rule88: b1eff < 0.961
probabilities_array:[0.         0.2806745  0.71932554]

rule125: mxql = 6.0
probabilities_array:[0.        0.2594999 0.7405001]

rule73: 0.353 < temp < 0.495
probabilities_array:[0.         0.24604487 0.7539551 ]

rule96: b2y < -0.376
probabilities_array:[0.         0.23947684 0.76052314]

rule56: a3sx < 0.321
probabilities_array:[0.         0.22736403 0.772636  ]

rule37: 0.318 < a2sy < 1.003
probabilities_array:[0.         0.20861173 0.7913883 ]

rule29: -0.372 < a2cy < 0.017
probabilities_array:[0.         0.20049122 0.7995088 ]

