R2: 0.5362209600836116

MAE: 0.05419725878319949

MSE: 0.007095498492170776

Accuracy: 0.7827735644637053

F1: 0.7827337162406287

Confusion Matrix: [[1420, 355], [447, 1470]]

Uncertainties: {'class0': [0.32258930802345276, 0.4161655604839325, 0.4509214162826538, 0.4535958766937256, 0.48535269498825073], 'class1': [0.22071650624275208, 0.2891201674938202, 0.329973965883255, 0.35255563259124756, 0.6490830779075623]}

Most important rules
-----------------------------

---0---
rule44: a2pop < 1.018
probabilities_array:[0.67741066 0.         0.3225893 ]

rule128: mxql = 9.0
probabilities_array:[0.5838344  0.         0.41616556]

rule68: a3pop < 0.948
probabilities_array:[0.5490786  0.         0.45092142]

rule20: a1pop < 0.982
probabilities_array:[0.5464041  0.         0.45359588]

rule45: 1.018 < a2pop < 3.101
probabilities_array:[0.5146473 0.        0.4853527]

rule69: 0.948 < a3pop < 3.063
probabilities_array:[0.42987943 0.         0.5701206 ]

rule127: mxql = 8.0
probabilities_array:[0.39759266 0.         0.60240734]

rule21: 0.982 < a1pop < 3.043
probabilities_array:[0.3553285 0.        0.6446715]

rule100: b2call < 2.874
probabilities_array:[0.29498354 0.         0.70501643]

rule84: b1call < 2.848
probabilities_array:[0.2401264  0.         0.75987357]

rule85: 2.848 < b1call < 3.936
probabilities_array:[0.21279222 0.         0.7872078 ]

rule30: 0.017 < a2cy < 0.406
probabilities_array:[0.20604095 0.00193582 0.79202324]

rule90: 1.254 < b1eff < 1.546
probabilities_array:[0.20374627 0.         0.79625374]


---1---
rule47: a2pop > 5.184
probabilities_array:[0.         0.77928346 0.2207165 ]

rule23: a1pop > 5.103
probabilities_array:[0.         0.71087986 0.28912017]

rule71: a3pop > 5.179
probabilities_array:[0.         0.670026   0.32997397]

rule124: mxql = 5.0
probabilities_array:[0.         0.64744437 0.35255563]

rule46: 3.101 < a2pop < 5.184
probabilities_array:[0.         0.35091692 0.6490831 ]

rule125: mxql = 6.0
probabilities_array:[0.        0.3499533 0.6500467]

rule103: b2call > 5.060
probabilities_array:[1.20410856e-04 3.06974173e-01 6.92905486e-01]

rule22: 3.043 < a1pop < 5.103
probabilities_array:[0.         0.28349972 0.7165003 ]

rule118: 4.010 < b3call < 5.113
probabilities_array:[0.        0.2765513 0.7234487]

rule96: b2y < -0.376
probabilities_array:[0.         0.26959315 0.7304069 ]

rule88: b1eff < 0.961
probabilities_array:[0.       0.255306 0.744694]

rule87: b1call > 5.023
probabilities_array:[0.         0.24804008 0.7519599 ]

rule70: 3.063 < a3pop < 5.179
probabilities_array:[0.         0.24232358 0.7576764 ]

rule92: b2x < -0.396
probabilities_array:[0.         0.23713596 0.76286405]

rule73: 0.353 < temp < 0.495
probabilities_array:[0.         0.22051626 0.77948374]

