R2: 0.5318536916723827

MAE: 0.054694518849331325

MSE: 0.007162314677810312

Accuracy: 0.778169014084507

F1: 0.7781299329205356

Confusion Matrix: [[1412, 363], [456, 1461]]

Uncertainties: {'class0': [0.335561066865921, 0.33558690547943115, 0.40030762553215027, 0.4683520793914795, 0.4752499461174011], 'class1': [0.18760530650615692, 0.30784374475479126, 0.3292989730834961, 0.4905884861946106, 0.6297216415405273]}

Most important rules
-----------------------------

---0---
rule128: mxql = 9.0
probabilities_array:[0.66443896 0.         0.33556107]

rule44: a2pop < 1.018
probabilities_array:[0.6644131 0.        0.3355869]

rule20: a1pop < 0.982
probabilities_array:[0.5996924  0.         0.40030763]

rule127: mxql = 8.0
probabilities_array:[0.5316479  0.         0.46835208]

rule68: a3pop < 0.948
probabilities_array:[0.52475005 0.         0.47524995]

rule45: 1.018 < a2pop < 3.101
probabilities_array:[0.48205066 0.         0.51794934]

rule21: 0.982 < a1pop < 3.043
probabilities_array:[0.41548917 0.         0.5845108 ]

rule69: 0.948 < a3pop < 3.063
probabilities_array:[0.3933915 0.        0.6066085]

rule126: mxql = 7.0
probabilities_array:[0.31067887 0.         0.6893211 ]

rule100: b2call < 2.874
probabilities_array:[0.23252709 0.         0.7674729 ]

rule84: b1call < 2.848
probabilities_array:[0.21867916 0.         0.7813208 ]


---1---
rule47: a2pop > 5.184
probabilities_array:[0.        0.8123947 0.1876053]

rule23: a1pop > 5.103
probabilities_array:[0.         0.69215626 0.30784374]

rule71: a3pop > 5.179
probabilities_array:[0.         0.670701   0.32929897]

rule124: mxql = 5.0
probabilities_array:[0.        0.5094115 0.4905885]

rule46: 3.101 < a2pop < 5.184
probabilities_array:[0.         0.37027836 0.62972164]

rule103: b2call > 5.060
probabilities_array:[1.1220630e-05 3.3450973e-01 6.6547900e-01]

rule88: b1eff < 0.961
probabilities_array:[0.         0.31095254 0.68904746]

rule70: 3.063 < a3pop < 5.179
probabilities_array:[0.         0.27524456 0.7247554 ]

rule118: 4.010 < b3call < 5.113
probabilities_array:[0.         0.26002532 0.7399747 ]

rule22: 3.043 < a1pop < 5.103
probabilities_array:[0.02379164 0.23703279 0.73917556]

rule73: 0.353 < temp < 0.495
probabilities_array:[0.         0.24576162 0.75423837]

rule87: b1call > 5.023
probabilities_array:[0.        0.2383237 0.7616763]

rule96: b2y < -0.376
probabilities_array:[0.         0.22141807 0.7785819 ]

rule89: 0.961 < b1eff < 1.254
probabilities_array:[0.00728623 0.199369   0.7933448 ]

rule14: 1.016 < a1sy < 1.700
probabilities_array:[0.00763498 0.19829412 0.7940709 ]

