R2: 0.5332916316569078

MAE: 0.0544515456540639

MSE: 0.007140315190740199

Accuracy: 0.7797941495124594

F1: 0.7797584574559999

Confusion Matrix: [[1416, 359], [454, 1463]]

Uncertainties: {'class0': [0.3058170974254608, 0.3554241955280304, 0.36956357955932617, 0.3906251788139343, 0.455138236284256], 'class1': [0.1727467030286789, 0.34475359320640564, 0.40642404556274414, 0.4725108742713928, 0.5744417905807495]}

Most important rules
-----------------------------

---0---
rule20: a1pop < 0.982
probabilities_array:[0.69418293 0.         0.3058171 ]

rule128: mxql = 9.0
probabilities_array:[0.6445758 0.        0.3554242]

rule44: a2pop < 1.018
probabilities_array:[0.6304364  0.         0.36956358]

rule68: a3pop < 0.948
probabilities_array:[0.6093748  0.         0.39062518]

rule21: 0.982 < a1pop < 3.043
probabilities_array:[0.5448618  0.         0.45513824]

rule127: mxql = 8.0
probabilities_array:[0.4968237  0.         0.50317633]

rule69: 0.948 < a3pop < 3.063
probabilities_array:[0.48148736 0.         0.5185126 ]

rule45: 1.018 < a2pop < 3.101
probabilities_array:[0.4448602 0.        0.5551398]

rule126: mxql = 7.0
probabilities_array:[0.27554542 0.         0.7244546 ]

rule90: 1.254 < b1eff < 1.546
probabilities_array:[0.20472702 0.         0.79527295]


---1---
rule47: a2pop > 5.184
probabilities_array:[0.        0.8272533 0.1727467]

rule71: a3pop > 5.179
probabilities_array:[0.         0.65524644 0.3447536 ]

rule23: a1pop > 5.103
probabilities_array:[0.         0.59357595 0.40642405]

rule124: mxql = 5.0
probabilities_array:[0.         0.5274891  0.47251087]

rule46: 3.101 < a2pop < 5.184
probabilities_array:[0.         0.42555824 0.5744418 ]

rule103: b2call > 5.060
probabilities_array:[4.1585634e-05 3.9523920e-01 6.0471922e-01]

rule87: b1call > 5.023
probabilities_array:[0.         0.34231532 0.6576847 ]

rule96: b2y < -0.376
probabilities_array:[0.         0.28119126 0.7188087 ]

rule118: 4.010 < b3call < 5.113
probabilities_array:[0.         0.27433893 0.7256611 ]

rule88: b1eff < 0.961
probabilities_array:[0.         0.25912455 0.7408755 ]

rule56: a3sx < 0.321
probabilities_array:[0.         0.23636758 0.7636324 ]

rule122: 1.241 < b3eff < 1.533
probabilities_array:[0.         0.22428988 0.7757101 ]

rule43: a2rho > 0.192
probabilities_array:[0.         0.21499158 0.78500843]

rule70: 3.063 < a3pop < 5.179
probabilities_array:[0.02225653 0.19510195 0.7826415 ]

