R2: 0.5302085209660972

MAE: 0.05473555295056152

MSE: 0.0071874846515717775

Accuracy: 0.7773564463705309

F1: 0.7773088068724653

Confusion Matrix: [[1408, 367], [455, 1462]]

Uncertainties: {'class0': [0.3121313452720642, 0.31552526354789734, 0.36749666929244995, 0.39199450612068176, 0.41754794120788574], 'class1': [0.20725473761558533, 0.3427588939666748, 0.39441099762916565, 0.47054120898246765, 0.6291930079460144]}

Most important rules
-----------------------------

---0---
rule68: a3pop < 0.948
probabilities_array:[0.68786865 0.         0.31213135]

rule44: a2pop < 1.018
probabilities_array:[0.68447477 0.         0.31552526]

rule20: a1pop < 0.982
probabilities_array:[0.63250333 0.         0.36749667]

rule128: mxql = 9.0
probabilities_array:[0.60800546 0.         0.3919945 ]

rule69: 0.948 < a3pop < 3.063
probabilities_array:[0.58245206 0.         0.41754794]

rule45: 1.018 < a2pop < 3.101
probabilities_array:[0.5104361  0.         0.48956388]

rule21: 0.982 < a1pop < 3.043
probabilities_array:[0.45774615 0.         0.54225385]

rule127: mxql = 8.0
probabilities_array:[0.44348672 0.         0.5565133 ]

rule90: 1.254 < b1eff < 1.546
probabilities_array:[0.2121414 0.        0.7878586]

rule100: b2call < 2.874
probabilities_array:[0.20739289 0.         0.7926071 ]


---1---
rule47: a2pop > 5.184
probabilities_array:[0.         0.7927453  0.20725474]

rule23: a1pop > 5.103
probabilities_array:[0.        0.6572411 0.3427589]

rule124: mxql = 5.0
probabilities_array:[0.         0.60558903 0.394411  ]

rule71: a3pop > 5.179
probabilities_array:[0.         0.52945876 0.4705412 ]

rule103: b2call > 5.060
probabilities_array:[1.3392943e-05 3.7079358e-01 6.2919301e-01]

rule87: b1call > 5.023
probabilities_array:[0.         0.36658514 0.63341486]

rule46: 3.101 < a2pop < 5.184
probabilities_array:[0.         0.35420933 0.6457907 ]

rule125: mxql = 6.0
probabilities_array:[0.         0.28312963 0.71687037]

rule118: 4.010 < b3call < 5.113
probabilities_array:[0.        0.2606052 0.7393948]

rule88: b1eff < 0.961
probabilities_array:[0.         0.24948399 0.750516  ]

rule96: b2y < -0.376
probabilities_array:[0.         0.23435636 0.76564366]

rule73: 0.353 < temp < 0.495
probabilities_array:[0.         0.22545339 0.7745466 ]

rule29: -0.372 < a2cy < 0.017
probabilities_array:[0.         0.22327596 0.77672404]

rule92: b2x < -0.396
probabilities_array:[0.         0.21250129 0.7874987 ]

rule86: 3.936 < b1call < 5.023
probabilities_array:[0.        0.2064985 0.7935015]

