R2: 0.5358483930305573

MAE: 0.05426348743764977

MSE: 0.007101198510359731

Accuracy: 0.7778981581798483

F1: 0.7778506345929703

Confusion Matrix: [[1409, 366], [454, 1463]]

Uncertainties: {'class0': [0.2901546359062195, 0.4081372320652008, 0.4191943109035492, 0.4678928256034851, 0.49288704991340637], 'class1': [0.22426576912403107, 0.30887457728385925, 0.3278578817844391, 0.36853060126304626, 0.6445009708404541]}

Most important rules
-----------------------------

---0---
rule44: a2pop < 1.018
probabilities_array:[0.70984536 0.         0.29015464]

rule20: a1pop < 0.982
probabilities_array:[0.5918628  0.         0.40813723]

rule68: a3pop < 0.948
probabilities_array:[0.5808057 0.        0.4191943]

rule45: 1.018 < a2pop < 3.101
probabilities_array:[0.5321072  0.         0.46789283]

rule128: mxql = 9.0
probabilities_array:[0.507113   0.         0.49288705]

rule69: 0.948 < a3pop < 3.063
probabilities_array:[0.44493333 0.         0.55506665]

rule21: 0.982 < a1pop < 3.043
probabilities_array:[0.40789303 0.         0.592107  ]

rule127: mxql = 8.0
probabilities_array:[0.359796 0.       0.640204]

rule100: b2call < 2.874
probabilities_array:[0.23293427 0.         0.7670657 ]


---1---
rule47: a2pop > 5.184
probabilities_array:[0.         0.77573425 0.22426577]

rule23: a1pop > 5.103
probabilities_array:[0.         0.6911254  0.30887458]

rule71: a3pop > 5.179
probabilities_array:[0.         0.6721421  0.32785788]

rule124: mxql = 5.0
probabilities_array:[0.        0.6314694 0.3685306]

rule125: mxql = 6.0
probabilities_array:[0.         0.35549903 0.644501  ]

rule46: 3.101 < a2pop < 5.184
probabilities_array:[0.00560521 0.31696835 0.67742646]

rule103: b2call > 5.060
probabilities_array:[0.         0.31887615 0.68112385]

rule88: b1eff < 0.961
probabilities_array:[0.         0.26929894 0.730701  ]

rule87: b1call > 5.023
probabilities_array:[0.         0.26922223 0.7307778 ]

rule118: 4.010 < b3call < 5.113
probabilities_array:[0.         0.26241884 0.7375812 ]

rule96: b2y < -0.376
probabilities_array:[0.         0.24924572 0.7507543 ]

rule70: 3.063 < a3pop < 5.179
probabilities_array:[0.00722328 0.22524539 0.76753134]

rule29: -0.372 < a2cy < 0.017
probabilities_array:[0.         0.21552922 0.7844708 ]

rule22: 3.043 < a1pop < 5.103
probabilities_array:[0.         0.21388863 0.78611135]

rule37: 0.318 < a2sy < 1.003
probabilities_array:[0.         0.21212268 0.7878773 ]

rule73: 0.353 < temp < 0.495
probabilities_array:[0.         0.20639494 0.7936051 ]

rule92: b2x < -0.396
probabilities_array:[0.         0.2043542  0.79564583]

rule106: 1.248 < b2eff < 1.537
probabilities_array:[0.         0.20313492 0.79686505]

