R2: 0.5359800304606437

MAE: 0.05436686496529872

MSE: 0.0070991845487394295

Accuracy: 0.7838569880823402

F1: 0.7837998882240779

Confusion Matrix: [[1417, 358], [440, 1477]]

Uncertainties: {'class0': [0.3035120666027069, 0.3789437711238861, 0.3974614441394806, 0.40431109070777893, 0.47677353024482727], 'class1': [0.23610414564609528, 0.31043681502342224, 0.361572802066803, 0.3841242790222168, 0.6388130784034729]}

Most important rules
-----------------------------

---0---
rule44: a2pop < 1.018
probabilities_array:[0.6964879  0.         0.30351207]

rule128: mxql = 9.0
probabilities_array:[0.62105626 0.         0.37894377]

rule20: a1pop < 0.982
probabilities_array:[0.6025385  0.         0.39746144]

rule68: a3pop < 0.948
probabilities_array:[0.59568894 0.         0.4043111 ]

rule45: 1.018 < a2pop < 3.101
probabilities_array:[0.52322644 0.         0.47677353]

rule69: 0.948 < a3pop < 3.063
probabilities_array:[0.47756317 0.         0.5224368 ]

rule127: mxql = 8.0
probabilities_array:[0.44958332 0.         0.5504167 ]

rule21: 0.982 < a1pop < 3.043
probabilities_array:[0.41958362 0.         0.5804164 ]

rule100: b2call < 2.874
probabilities_array:[0.24273074 0.         0.75726926]

rule90: 1.254 < b1eff < 1.546
probabilities_array:[0.20434712 0.         0.79565287]


---1---
rule47: a2pop > 5.184
probabilities_array:[0.         0.76389587 0.23610415]

rule23: a1pop > 5.103
probabilities_array:[0.         0.6895632  0.31043682]

rule71: a3pop > 5.179
probabilities_array:[0.        0.6384272 0.3615728]

rule124: mxql = 5.0
probabilities_array:[0.         0.6158757  0.38412428]

rule103: b2call > 5.060
probabilities_array:[1.0975104e-04 3.6107710e-01 6.3881308e-01]

rule46: 3.101 < a2pop < 5.184
probabilities_array:[0.01141679 0.3393874  0.6491958 ]

rule87: b1call > 5.023
probabilities_array:[0.         0.29087037 0.70912963]

rule125: mxql = 6.0
probabilities_array:[0.        0.2884946 0.7115054]

rule96: b2y < -0.376
probabilities_array:[0.         0.28223237 0.71776766]

rule118: 4.010 < b3call < 5.113
probabilities_array:[0.        0.2798227 0.7201773]

rule88: b1eff < 0.961
probabilities_array:[0.       0.262331 0.737669]

rule92: b2x < -0.396
probabilities_array:[0.         0.24017385 0.7598261 ]

rule29: -0.372 < a2cy < 0.017
probabilities_array:[0.         0.21675844 0.78324157]

rule22: 3.043 < a1pop < 5.103
probabilities_array:[0.         0.21054979 0.7894502 ]

rule122: 1.241 < b3eff < 1.533
probabilities_array:[0.       0.201169 0.798831]

rule70: 3.063 < a3pop < 5.179
probabilities_array:[0.01942358 0.19156736 0.7890091 ]

