R2: 0.5379338203064954

MAE: 0.054131828914983235

MSE: 0.007069292915629493

Accuracy: 0.7773564463705309

F1: 0.7773156044261806

Confusion Matrix: [[1410, 365], [457, 1460]]

Uncertainties: {'class0': [0.28933605551719666, 0.3313577175140381, 0.37777596712112427, 0.4367648959159851, 0.471472829580307], 'class1': [0.21578361093997955, 0.36518532037734985, 0.3729467988014221, 0.4416724741458893, 0.6376731395721436]}

Most important rules
-----------------------------

---0---
rule44: a2pop < 1.018
probabilities_array:[0.7106639  0.         0.28933606]

rule20: a1pop < 0.982
probabilities_array:[0.6686423  0.         0.33135772]

rule68: a3pop < 0.948
probabilities_array:[0.62222403 0.         0.37777597]

rule128: mxql = 9.0
probabilities_array:[0.5632351 0.        0.4367649]

rule45: 1.018 < a2pop < 3.101
probabilities_array:[0.52852714 0.         0.47147283]

rule21: 0.982 < a1pop < 3.043
probabilities_array:[0.5010256  0.         0.49897438]

rule69: 0.948 < a3pop < 3.063
probabilities_array:[0.48886085 0.         0.51113915]

rule127: mxql = 8.0
probabilities_array:[0.43315056 0.         0.5668494 ]


---1---
rule47: a2pop > 5.184
probabilities_array:[0.         0.7842164  0.21578361]

rule23: a1pop > 5.103
probabilities_array:[0.         0.6348147  0.36518532]

rule71: a3pop > 5.179
probabilities_array:[0.        0.6270532 0.3729468]

rule124: mxql = 5.0
probabilities_array:[0.         0.5583275  0.44167247]

rule103: b2call > 5.060
probabilities_array:[0.         0.36232683 0.63767314]

rule46: 3.101 < a2pop < 5.184
probabilities_array:[2.1626462e-05 3.1582665e-01 6.8415165e-01]

rule88: b1eff < 0.961
probabilities_array:[0.        0.3032769 0.6967231]

rule118: 4.010 < b3call < 5.113
probabilities_array:[0.         0.25801042 0.7419896 ]

rule125: mxql = 6.0
probabilities_array:[0.         0.25677228 0.7432277 ]

rule87: b1call > 5.023
probabilities_array:[0.         0.25169078 0.7483092 ]

rule96: b2y < -0.376
probabilities_array:[0.         0.24566227 0.7543377 ]

rule66: -0.002 < a3rho < 0.193
probabilities_array:[0.        0.2434463 0.7565537]

rule29: -0.372 < a2cy < 0.017
probabilities_array:[0.        0.2338892 0.7661108]

rule106: 1.248 < b2eff < 1.537
probabilities_array:[0.         0.21005373 0.78994626]

rule37: 0.318 < a2sy < 1.003
probabilities_array:[0.         0.20200402 0.797996  ]

rule56: a3sx < 0.321
probabilities_array:[0.         0.20149489 0.7985051 ]

