R2: 0.5368997750499389

MAE: 0.05413253329817588

MSE: 0.00708511309275534

Accuracy: 0.7800650054171181

F1: 0.7800440923732872

Confusion Matrix: [[1422, 353], [459, 1458]]

Uncertainties: {'class0': [0.33622539043426514, 0.45257651805877686, 0.46158722043037415, 0.4847700893878937, 0.5224694013595581], 'class1': [0.19170832633972168, 0.2974279224872589, 0.33710038661956787, 0.34437406063079834, 0.6211618185043335]}

Most important rules
-----------------------------

---0---
rule44: a2pop < 1.018
probabilities_array:[0.6637746 0.        0.3362254]

rule68: a3pop < 0.948
probabilities_array:[0.5474235  0.         0.45257652]

rule20: a1pop < 0.982
probabilities_array:[0.5384128  0.         0.46158722]

rule128: mxql = 9.0
probabilities_array:[0.5152299 0.        0.4847701]

rule45: 1.018 < a2pop < 3.101
probabilities_array:[0.4775306 0.        0.5224694]

rule69: 0.948 < a3pop < 3.063
probabilities_array:[0.40442452 0.         0.59557545]

rule21: 0.982 < a1pop < 3.043
probabilities_array:[0.34623715 0.         0.6537628 ]

rule127: mxql = 8.0
probabilities_array:[0.33987468 0.         0.6601253 ]

rule90: 1.254 < b1eff < 1.546
probabilities_array:[0.24892606 0.         0.75107396]

rule100: b2call < 2.874
probabilities_array:[0.23100272 0.         0.76899725]

rule75: temp > 0.637
probabilities_array:[0.22843719 0.         0.7715628 ]

rule98: 0.007 < b2y < 0.390
probabilities_array:[0.20213476 0.         0.7978652 ]


---1---
rule47: a2pop > 5.184
probabilities_array:[0.         0.8082917  0.19170833]

rule23: a1pop > 5.103
probabilities_array:[0.         0.70257205 0.29742792]

rule71: a3pop > 5.179
probabilities_array:[0.        0.6628996 0.3371004]

rule124: mxql = 5.0
probabilities_array:[0.         0.65562594 0.34437406]

rule46: 3.101 < a2pop < 5.184
probabilities_array:[0.         0.37883818 0.6211618 ]

rule125: mxql = 6.0
probabilities_array:[0.         0.37329063 0.62670934]

rule103: b2call > 5.060
probabilities_array:[0.         0.32500243 0.67499757]

rule87: b1call > 5.023
probabilities_array:[0.        0.3054477 0.6945523]

rule22: 3.043 < a1pop < 5.103
probabilities_array:[0.         0.2821783  0.71782166]

rule118: 4.010 < b3call < 5.113
probabilities_array:[0.         0.27758563 0.7224144 ]

rule70: 3.063 < a3pop < 5.179
probabilities_array:[0.         0.24831845 0.75168157]

rule29: -0.372 < a2cy < 0.017
probabilities_array:[0.         0.20864084 0.7913591 ]

rule92: b2x < -0.396
probabilities_array:[0.         0.20265442 0.7973456 ]

