R2: 0.5361905783633267

MAE: 0.05431704174657417

MSE: 0.007095963311474619

Accuracy: 0.7835861321776815

F1: 0.7835308510812384

Confusion Matrix: [[1417, 358], [441, 1476]]

Uncertainties: {'class0': [0.26412510871887207, 0.3828536868095398, 0.43812790513038635, 0.4494931995868683, 0.49100160598754883], 'class1': [0.26463499665260315, 0.29350781440734863, 0.3213541507720947, 0.39545172452926636, 0.6261635422706604]}

Most important rules
-----------------------------

---0---
rule44: a2pop < 1.018
probabilities_array:[0.7358749 0.        0.2641251]

rule128: mxql = 9.0
probabilities_array:[0.6171463 0.        0.3828537]

rule20: a1pop < 0.982
probabilities_array:[0.56187207 0.         0.4381279 ]

rule45: 1.018 < a2pop < 3.101
probabilities_array:[0.5505068 0.        0.4494932]

rule68: a3pop < 0.948
probabilities_array:[0.5089984 0.        0.4910016]

rule127: mxql = 8.0
probabilities_array:[0.45077512 0.         0.5492249 ]

rule21: 0.982 < a1pop < 3.043
probabilities_array:[0.38255802 0.         0.61744195]

rule69: 0.948 < a3pop < 3.063
probabilities_array:[0.35607457 0.         0.6439254 ]

rule90: 1.254 < b1eff < 1.546
probabilities_array:[0.21576655 0.         0.78423345]

rule100: b2call < 2.874
probabilities_array:[0.21521756 0.         0.78478247]

rule39: a2sy > 1.688
probabilities_array:[0.19791238 0.03285917 0.7692285 ]

rule98: 0.007 < b2y < 0.390
probabilities_array:[0.20140369 0.         0.7985963 ]


---1---
rule47: a2pop > 5.184
probabilities_array:[0.         0.73536503 0.264635  ]

rule71: a3pop > 5.179
probabilities_array:[0.        0.7064922 0.2935078]

rule23: a1pop > 5.103
probabilities_array:[0.         0.67864585 0.32135415]

rule124: mxql = 5.0
probabilities_array:[0.         0.6045483  0.39545172]

rule103: b2call > 5.060
probabilities_array:[7.7573735e-05 3.7375891e-01 6.2616354e-01]

rule118: 4.010 < b3call < 5.113
probabilities_array:[0.         0.31665313 0.68334687]

rule70: 3.063 < a3pop < 5.179
probabilities_array:[0.         0.31240368 0.6875963 ]

rule46: 3.101 < a2pop < 5.184
probabilities_array:[0.03953665 0.29026353 0.6701998 ]

rule87: b1call > 5.023
probabilities_array:[0.        0.2823927 0.7176073]

rule125: mxql = 6.0
probabilities_array:[0.         0.26970878 0.73029125]

rule92: b2x < -0.396
probabilities_array:[0.         0.25264093 0.7473591 ]

rule73: 0.353 < temp < 0.495
probabilities_array:[0.         0.24629807 0.7537019 ]

rule22: 3.043 < a1pop < 5.103
probabilities_array:[0.         0.24498026 0.7550197 ]

rule88: b1eff < 0.961
probabilities_array:[0.         0.24190451 0.7580955 ]

rule29: -0.372 < a2cy < 0.017
probabilities_array:[0.         0.23149686 0.7685031 ]

