R2: 0.5319487424896798

MAE: 0.05456362820266856

MSE: 0.007160860466056946

Accuracy: 0.7797941495124594

F1: 0.7797416495843184

Confusion Matrix: [[1411, 364], [449, 1468]]

Uncertainties: {'class0': [0.2899077236652374, 0.38856616616249084, 0.4455471336841583, 0.4544529914855957, 0.4692431688308716], 'class1': [0.2297806292772293, 0.3219452500343323, 0.33955782651901245, 0.35539326071739197, 0.6540363430976868]}

Most important rules
-----------------------------

---0---
rule44: a2pop < 1.018
probabilities_array:[0.7100923  0.         0.28990772]

rule20: a1pop < 0.982
probabilities_array:[0.6114338  0.         0.38856617]

rule68: a3pop < 0.948
probabilities_array:[0.55445284 0.         0.44554713]

rule128: mxql = 9.0
probabilities_array:[0.545547 0.       0.454453]

rule45: 1.018 < a2pop < 3.101
probabilities_array:[0.53075683 0.         0.46924317]

rule21: 0.982 < a1pop < 3.043
probabilities_array:[0.43354064 0.         0.56645936]

rule69: 0.948 < a3pop < 3.063
probabilities_array:[0.42364773 0.         0.57635224]

rule127: mxql = 8.0
probabilities_array:[0.3672493 0.        0.6327507]

rule100: b2call < 2.874
probabilities_array:[0.24706896 0.         0.75293106]

rule39: a2sy > 1.688
probabilities_array:[0.20516068 0.0312134  0.763626  ]

rule84: b1call < 2.848
probabilities_array:[0.20838118 0.         0.7916188 ]


---1---
rule47: a2pop > 5.184
probabilities_array:[0.         0.7702194  0.22978063]

rule23: a1pop > 5.103
probabilities_array:[0.         0.67805475 0.32194525]

rule71: a3pop > 5.179
probabilities_array:[0.         0.6604422  0.33955783]

rule124: mxql = 5.0
probabilities_array:[0.         0.64460677 0.35539326]

rule125: mxql = 6.0
probabilities_array:[0.         0.3459637  0.65403634]

rule46: 3.101 < a2pop < 5.184
probabilities_array:[0.01611584 0.32254604 0.66133815]

rule103: b2call > 5.060
probabilities_array:[0.         0.32443035 0.67556965]

rule96: b2y < -0.376
probabilities_array:[0.         0.2875863  0.71241367]

rule88: b1eff < 0.961
probabilities_array:[0.        0.2707607 0.7292393]

rule118: 4.010 < b3call < 5.113
probabilities_array:[0.         0.25191748 0.7480825 ]

rule70: 3.063 < a3pop < 5.179
probabilities_array:[0.0057687  0.24732478 0.7469065 ]

rule87: b1call > 5.023
probabilities_array:[0.         0.24512881 0.7548712 ]

rule73: 0.353 < temp < 0.495
probabilities_array:[0.         0.23635632 0.7636437 ]

rule122: 1.241 < b3eff < 1.533
probabilities_array:[0.         0.20350578 0.79649425]

rule14: 1.016 < a1sy < 1.700
probabilities_array:[0.00518668 0.19769081 0.79712254]

