R2: 0.6337743219144267

MAE: 0.0010761490123651176

MSE: 2.0040097457807635e-06

Accuracy: 0.6835402737981534

F1: 0.6149462873386162

Confusion Matrix: [[1406, 93, 32], [253, 317, 267], [61, 288, 424]]

Uncertainties: {'class0': [0.3114373981952667, 0.32684415578842163, 0.37038955092430115, 0.4615676999092102, 0.47258856892585754], 'class1': [0.03233984112739563, 0.10834895074367523, 0.14024057984352112, 0.3114373981952667, 0.32684415578842163], 'class2': [0.03233984112739563, 0.10834895074367523, 0.14024057984352112, 0.3713238835334778, 0.4235318899154663]}

Most important rules
-----------------------------

---0---
rule8: RollRate < -0.004
probabilities_array:[0.54028624 0.13286962 0.         0.32684416]

rule17: -0.121 < diffClb < -0.001
probabilities_array:[0.4748366  0.21372598 0.         0.3114374 ]

rule4: Altitude < -29.495
probabilities_array:[0.49914876 0.13046172 0.         0.37038955]

rule0: climbRate < -3.621
probabilities_array:[0.5384323 0.        0.        0.4615677]

rule16: diffClb < -0.121
probabilities_array:[0.5219832 0.        0.        0.4780168]

rule12: curRoll < -0.009
probabilities_array:[0.4890523  0.         0.00208268 0.508865  ]

rule5: -29.495 < Altitude < -12.222
probabilities_array:[0.46443513 0.03169069 0.         0.5038742 ]

rule9: -0.004 < RollRate < 0.000
probabilities_array:[0.44142854 0.         0.         0.55857146]

rule7: Altitude > 5.050
probabilities_array:[0.38679433 0.11433937 0.         0.49886632]

rule14: 0.002 < curRoll < 0.012
probabilities_array:[0.43802658 0.00103625 0.         0.56093717]

rule6: -12.222 < Altitude < 5.050
probabilities_array:[0.41312537 0.         0.         0.5868746 ]

rule15: curRoll > 0.012
probabilities_array:[0.3972132  0.02231239 0.         0.58047444]

rule1: -3.621 < climbRate < -0.319
probabilities_array:[0.2910537  0.23635776 0.         0.47258857]

rule23: diffDiffClb = 0.0
probabilities_array:[0.30091098 0.         0.1007729  0.59831613]

rule13: -0.009 < curRoll < 0.002
probabilities_array:[0.3294495  0.01436601 0.         0.6561845 ]

rule10: 0.000 < RollRate < 0.004
probabilities_array:[0.22847617 0.01192784 0.03149105 0.72810495]


---1---
rule3: climbRate > 2.982
probabilities_array:[0.         0.39374995 0.57391024 0.03233984]

rule2: -0.319 < climbRate < 2.982
probabilities_array:[0.         0.4315908  0.4281686  0.14024058]

rule18: -0.001 < diffClb < 0.119
probabilities_array:[0.         0.40749103 0.22118507 0.37132388]

rule19: diffClb > 0.119
probabilities_array:[0.         0.26409313 0.6275579  0.10834895]

rule11: RollRate > 0.004
probabilities_array:[0.         0.38020745 0.19626065 0.4235319 ]

rule17: -0.121 < diffClb < -0.001
probabilities_array:[0.4748366  0.21372598 0.         0.3114374 ]

rule1: -3.621 < climbRate < -0.319
probabilities_array:[0.2910537  0.23635776 0.         0.47258857]

rule8: RollRate < -0.004
probabilities_array:[0.54028624 0.13286962 0.         0.32684416]

rule4: Altitude < -29.495
probabilities_array:[0.49914876 0.13046172 0.         0.37038955]

rule7: Altitude > 5.050
probabilities_array:[0.38679433 0.11433937 0.         0.49886632]


---2---
rule19: diffClb > 0.119
probabilities_array:[0.         0.26409313 0.6275579  0.10834895]

rule3: climbRate > 2.982
probabilities_array:[0.         0.39374995 0.57391024 0.03233984]

rule2: -0.319 < climbRate < 2.982
probabilities_array:[0.         0.4315908  0.4281686  0.14024058]

rule18: -0.001 < diffClb < 0.119
probabilities_array:[0.         0.40749103 0.22118507 0.37132388]

rule11: RollRate > 0.004
probabilities_array:[0.         0.38020745 0.19626065 0.4235319 ]

rule23: diffDiffClb = 0.0
probabilities_array:[0.30091098 0.         0.1007729  0.59831613]

