R2: 0.6396495139653664

MAE: 0.0010572940475691776

MSE: 1.9553846689183894e-06

Accuracy: 0.8701050620821394

F1: 0.8700459326634616

Confusion Matrix: [[1333, 164], [244, 1400]]

Uncertainties: {'class0': [0.1750263124704361, 0.2605225443840027, 0.4083569049835205, 0.5201774835586548, 0.5385043025016785], 'class1': [0.2220790982246399, 0.2434164434671402, 0.47341153025627136, 0.5312182307243347, 0.5586332082748413]}

Most important rules
-----------------------------

---0---
rule0: climbRate < -3.683
probabilities_array:[0.8249737  0.         0.17502631]

rule16: diffClb < -0.121
probabilities_array:[0.73947746 0.         0.26052254]

rule1: -3.683 < climbRate < -0.346
probabilities_array:[0.5916431 0.        0.4083569]

rule17: -0.121 < diffClb < -0.002
probabilities_array:[0.47982255 0.         0.5201775 ]

rule8: RollRate < -0.004
probabilities_array:[0.4614957 0.        0.5385043]

rule9: -0.004 < RollRate < 0.000
probabilities_array:[0.27985793 0.         0.72014207]


---1---
rule3: climbRate > 2.991
probabilities_array:[0.        0.7779209 0.2220791]

rule19: diffClb > 0.118
probabilities_array:[0.         0.7565836  0.24341644]

rule2: -0.346 < climbRate < 2.991
probabilities_array:[0.00671156 0.5198769  0.47341153]

rule11: RollRate > 0.004
probabilities_array:[0.         0.46878177 0.53121823]

rule18: -0.002 < diffClb < 0.118
probabilities_array:[0.        0.4413668 0.5586332]

rule7: Altitude > 5.001
probabilities_array:[0.         0.26022115 0.7397788 ]

