R2: 0.6323749872728983

MAE: 0.0010713802243324632

MSE: 2.100919865121946e-06

Accuracy: 0.6978669213626234

F1: 0.6305116975801958

Confusion Matrix: [[1436, 89, 35], [265, 343, 230], [60, 270, 413]]

Uncertainties: {'class0': [0.29998779296875, 0.4199458360671997, 0.4265511631965637, 0.4284854829311371, 0.45573240518569946], 'class1': [0.029218869283795357, 0.12665428221225739, 0.13733063638210297, 0.29998779296875, 0.4284854829311371], 'class2': [0.029218869283795357, 0.12665428221225739, 0.13733063638210297, 0.4721713364124298, 0.4787117540836334]}

Most important rules
-----------------------------

---0---
rule17: -0.120 < diffClb < -0.000
probabilities_array:[0.4917159  0.20829631 0.         0.2999878 ]

rule16: diffClb < -0.120
probabilities_array:[0.57344884 0.         0.         0.42655116]

rule8: RollRate < -0.004
probabilities_array:[0.52249086 0.05756329 0.         0.41994584]

rule0: climbRate < -3.592
probabilities_array:[0.5442676 0.        0.        0.4557324]

rule4: Altitude < -29.409
probabilities_array:[0.42909393 0.14242059 0.         0.42848548]

rule5: -29.409 < Altitude < -12.288
probabilities_array:[0.4525372 0.        0.        0.5474628]

rule9: -0.004 < RollRate < 0.000
probabilities_array:[0.44941044 0.         0.         0.55058956]

rule12: curRoll < -0.009
probabilities_array:[0.44940487 0.         0.         0.55059516]

rule15: curRoll > 0.012
probabilities_array:[0.40102234 0.05140415 0.         0.5475735 ]

rule14: 0.002 < curRoll < 0.012
probabilities_array:[0.4064932  0.01081275 0.         0.58269405]

rule6: -12.288 < Altitude < 4.833
probabilities_array:[4.0083092e-01 7.1706752e-05 0.0000000e+00 5.9909737e-01]

rule7: Altitude > 4.833
probabilities_array:[0.34183916 0.0995106  0.         0.55865026]

rule1: -3.592 < climbRate < -0.280
probabilities_array:[0.28129628 0.21365793 0.         0.5050457 ]

rule13: -0.009 < curRoll < 0.002
probabilities_array:[0.28097308 0.06110668 0.         0.65792024]

rule23: diffDiffClb = 0.0
probabilities_array:[0.2657917  0.         0.04885572 0.68535256]

rule10: 0.000 < RollRate < 0.004
probabilities_array:[0.24494654 0.0044205  0.07212947 0.6785035 ]


---1---
rule3: climbRate > 3.032
probabilities_array:[0.         0.4047252  0.56605595 0.02921887]

rule2: -0.280 < climbRate < 3.032
probabilities_array:[0.         0.41969287 0.45365283 0.12665428]

rule19: diffClb > 0.119
probabilities_array:[0.         0.24095978 0.6217096  0.13733064]

rule18: -0.000 < diffClb < 0.119
probabilities_array:[0.         0.36250857 0.16532005 0.47217134]

rule11: RollRate > 0.004
probabilities_array:[0.00131446 0.3081068  0.21186692 0.47871175]

rule17: -0.120 < diffClb < -0.000
probabilities_array:[0.4917159  0.20829631 0.         0.2999878 ]

rule1: -3.592 < climbRate < -0.280
probabilities_array:[0.28129628 0.21365793 0.         0.5050457 ]

rule4: Altitude < -29.409
probabilities_array:[0.42909393 0.14242059 0.         0.42848548]

rule7: Altitude > 4.833
probabilities_array:[0.34183916 0.0995106  0.         0.55865026]


---2---
rule3: climbRate > 3.032
probabilities_array:[0.         0.4047252  0.56605595 0.02921887]

rule19: diffClb > 0.119
probabilities_array:[0.         0.24095978 0.6217096  0.13733064]

rule2: -0.280 < climbRate < 3.032
probabilities_array:[0.         0.41969287 0.45365283 0.12665428]

rule11: RollRate > 0.004
probabilities_array:[0.00131446 0.3081068  0.21186692 0.47871175]

rule18: -0.000 < diffClb < 0.119
probabilities_array:[0.         0.36250857 0.16532005 0.47217134]

