R2: 0.6360535268826706

MAE: 0.0010743900557117969

MSE: 2.0637414989206124e-06

Accuracy: 0.6950015918497294

F1: 0.6298242730100044

Confusion Matrix: [[1389, 76, 39], [263, 298, 306], [76, 198, 496]]

Uncertainties: {'class0': [0.2944784462451935, 0.36553704738616943, 0.39033886790275574, 0.41711774468421936, 0.4476388394832611], 'class1': [0.03985675051808357, 0.12880872189998627, 0.15716995298862457, 0.2944784462451935, 0.3635568618774414], 'class2': [0.03985675051808357, 0.12880872189998627, 0.15716995298862457, 0.3635568618774414, 0.4386480748653412]}

Most important rules
-----------------------------

---0---
rule16: diffClb < -0.120
probabilities_array:[0.60966116 0.         0.         0.39033887]

rule17: -0.120 < diffClb < -0.001
probabilities_array:[0.4924101  0.21311146 0.         0.29447845]

rule0: climbRate < -3.640
probabilities_array:[0.5828822  0.         0.         0.41711774]

rule4: Altitude < -29.612
probabilities_array:[0.530445   0.104018   0.         0.36553705]

rule5: -29.612 < Altitude < -12.390
probabilities_array:[0.5371851  0.0151761  0.         0.44763884]

rule15: curRoll > 0.012
probabilities_array:[0.43452337 0.1097312  0.         0.45574546]

rule8: RollRate < -0.004
probabilities_array:[0.45605516 0.02779725 0.         0.51614755]

rule9: -0.004 < RollRate < -0.000
probabilities_array:[0.40949106 0.         0.05180411 0.5387048 ]

rule12: curRoll < -0.009
probabilities_array:[0.4103928  0.04274603 0.         0.5468612 ]

rule7: Altitude > 4.831
probabilities_array:[0.38403252 0.0884285  0.         0.52753896]

rule6: -12.390 < Altitude < 4.831
probabilities_array:[0.42580685 0.         0.         0.5741932 ]

rule1: -3.640 < climbRate < -0.320
probabilities_array:[0.31992674 0.22783698 0.         0.45223632]

rule14: 0.002 < curRoll < 0.012
probabilities_array:[0.39638844 0.         0.         0.6036115 ]

rule23: diffDiffClb = 0.0
probabilities_array:[0.27808803 0.00848424 0.06061937 0.65280837]

rule10: -0.000 < RollRate < 0.004
probabilities_array:[0.22150935 0.02116287 0.14466886 0.6126589 ]

rule13: -0.009 < curRoll < 0.002
probabilities_array:[0.25164852 0.0284023  0.         0.7199492 ]


---1---
rule3: climbRate > 3.000
probabilities_array:[0.         0.39108872 0.56905454 0.03985675]

rule2: -0.320 < climbRate < 3.000
probabilities_array:[8.3018285e-06 4.4338402e-01 3.9943770e-01 1.5716995e-01]

rule18: -0.001 < diffClb < 0.118
probabilities_array:[0.         0.40184203 0.23460113 0.36355686]

rule19: diffClb > 0.118
probabilities_array:[0.         0.26358798 0.60760325 0.12880872]

rule11: RollRate > 0.004
probabilities_array:[3.2851025e-05 2.9494616e-01 2.6637286e-01 4.3864807e-01]

rule17: -0.120 < diffClb < -0.001
probabilities_array:[0.4924101  0.21311146 0.         0.29447845]

rule1: -3.640 < climbRate < -0.320
probabilities_array:[0.31992674 0.22783698 0.         0.45223632]

rule4: Altitude < -29.612
probabilities_array:[0.530445   0.104018   0.         0.36553705]

rule15: curRoll > 0.012
probabilities_array:[0.43452337 0.1097312  0.         0.45574546]

rule7: Altitude > 4.831
probabilities_array:[0.38403252 0.0884285  0.         0.52753896]


---2---
rule3: climbRate > 3.000
probabilities_array:[0.         0.39108872 0.56905454 0.03985675]

rule19: diffClb > 0.118
probabilities_array:[0.         0.26358798 0.60760325 0.12880872]

rule2: -0.320 < climbRate < 3.000
probabilities_array:[8.3018285e-06 4.4338402e-01 3.9943770e-01 1.5716995e-01]

rule11: RollRate > 0.004
probabilities_array:[3.2851025e-05 2.9494616e-01 2.6637286e-01 4.3864807e-01]

rule18: -0.001 < diffClb < 0.118
probabilities_array:[0.         0.40184203 0.23460113 0.36355686]

rule10: -0.000 < RollRate < 0.004
probabilities_array:[0.22150935 0.02116287 0.14466886 0.6126589 ]

