R2: 0.627707432977083

MAE: 0.0010851093141429707

MSE: 2.163263863690286e-06

Accuracy: 0.70264247055078

F1: 0.6385104761143415

Confusion Matrix: [[1408, 74, 46], [239, 330, 279], [54, 242, 469]]

Uncertainties: {'class0': [0.28204217553138733, 0.38848841190338135, 0.40849071741104126, 0.45841383934020996, 0.4712655246257782], 'class1': [0.03575919568538666, 0.11812768131494522, 0.147307887673378, 0.28204217553138733, 0.43879401683807373], 'class2': [0.03575919568538666, 0.11812768131494522, 0.147307887673378, 0.43879401683807373, 0.4508640170097351]}

Most important rules
-----------------------------

---0---
rule17: -0.120 < diffClb < -0.000
probabilities_array:[0.54954576 0.16841206 0.         0.28204218]

rule16: diffClb < -0.120
probabilities_array:[0.6115116 0.        0.        0.3884884]

rule8: RollRate < -0.004
probabilities_array:[0.53833735 0.05317191 0.         0.40849072]

rule0: climbRate < -3.642
probabilities_array:[0.52873445 0.         0.         0.47126552]

rule4: Altitude < -29.468
probabilities_array:[0.44232407 0.09926212 0.         0.45841384]

rule9: -0.004 < RollRate < -0.000
probabilities_array:[0.48702103 0.         0.         0.512979  ]

rule5: -29.468 < Altitude < -12.354
probabilities_array:[0.42427754 0.         0.063705   0.5120174 ]

rule15: curRoll > 0.012
probabilities_array:[0.3970188  0.11802426 0.         0.484957  ]

rule12: curRoll < -0.009
probabilities_array:[0.42307162 0.00162856 0.         0.5752998 ]

rule14: 0.002 < curRoll < 0.012
probabilities_array:[0.40140072 0.         0.         0.59859926]

rule1: -3.642 < climbRate < -0.330
probabilities_array:[0.29962295 0.19178373 0.         0.50859326]

rule7: Altitude > 4.760
probabilities_array:[0.3428083 0.0596987 0.        0.597493 ]

rule13: -0.009 < curRoll < 0.002
probabilities_array:[0.31502882 0.07760452 0.         0.6073667 ]

rule6: -12.354 < Altitude < 4.760
probabilities_array:[0.3313355  0.00074412 0.         0.66792035]

rule10: -0.000 < RollRate < 0.004
probabilities_array:[0.28922224 0.         0.02506509 0.6857127 ]

rule23: diffDiffClb = 0.0
probabilities_array:[0.23693925 0.         0.04003167 0.7230291 ]


---1---
rule2: -0.330 < climbRate < 2.982
probabilities_array:[0.         0.43255052 0.42014164 0.14730789]

rule3: climbRate > 2.982
probabilities_array:[0.        0.3736011 0.5906397 0.0357592]

rule19: diffClb > 0.119
probabilities_array:[0.         0.27904585 0.6028265  0.11812768]

rule18: -0.000 < diffClb < 0.119
probabilities_array:[0.         0.3764561  0.17267986 0.45086402]

rule11: RollRate > 0.004
probabilities_array:[0.         0.33710307 0.22410293 0.43879402]

rule17: -0.120 < diffClb < -0.000
probabilities_array:[0.54954576 0.16841206 0.         0.28204218]

rule1: -3.642 < climbRate < -0.330
probabilities_array:[0.29962295 0.19178373 0.         0.50859326]

rule15: curRoll > 0.012
probabilities_array:[0.3970188  0.11802426 0.         0.484957  ]

rule4: Altitude < -29.468
probabilities_array:[0.44232407 0.09926212 0.         0.45841384]


---2---
rule3: climbRate > 2.982
probabilities_array:[0.        0.3736011 0.5906397 0.0357592]

rule19: diffClb > 0.119
probabilities_array:[0.         0.27904585 0.6028265  0.11812768]

rule2: -0.330 < climbRate < 2.982
probabilities_array:[0.         0.43255052 0.42014164 0.14730789]

rule11: RollRate > 0.004
probabilities_array:[0.         0.33710307 0.22410293 0.43879402]

rule18: -0.000 < diffClb < 0.119
probabilities_array:[0.         0.3764561  0.17267986 0.45086402]

