R2: 0.6365635909684314

MAE: 0.001067885310530442

MSE: 2.0059913788602803e-06

Accuracy: 0.813435211716014

F1: 0.7128508580343214

Confusion Matrix: [[2207, 184], [402, 348]]

Uncertainties: {'class0': [0.48616328835487366, 0.5130822658538818, 0.5225486755371094, 0.5303811430931091, 0.5450224876403809], 'class1': [0.3361080586910248, 0.37804365158081055, 0.6015530228614807]}

Most important rules
-----------------------------

---0---
rule0: climbRate < -3.591
probabilities_array:[0.51383674 0.         0.4861633 ]

rule17: -0.120 < diffClb < -0.000
probabilities_array:[0.48691773 0.         0.51308227]

rule16: diffClb < -0.120
probabilities_array:[0.4774513 0.        0.5225487]

rule1: -3.591 < climbRate < -0.292
probabilities_array:[0.46961886 0.         0.53038114]

rule8: RollRate < -0.003
probabilities_array:[0.45497754 0.         0.5450225 ]

rule4: Altitude < -29.850
probabilities_array:[0.41489094 0.         0.58510906]

rule15: curRoll > 0.013
probabilities_array:[0.3879399 0.        0.6120601]

rule14: 0.002 < curRoll < 0.013
probabilities_array:[0.369707 0.       0.630293]

rule7: Altitude > 4.913
probabilities_array:[0.35265034 0.         0.64734966]

rule13: -0.009 < curRoll < 0.002
probabilities_array:[0.33443883 0.         0.66556114]

rule12: curRoll < -0.009
probabilities_array:[0.32243168 0.         0.6775683 ]

rule5: -29.850 < Altitude < -12.469
probabilities_array:[0.3056022 0.        0.6943978]

rule9: -0.003 < RollRate < 0.000
probabilities_array:[0.25735384 0.         0.74264616]

rule6: -12.469 < Altitude < 4.913
probabilities_array:[0.21597214 0.         0.7840279 ]


---1---
rule3: climbRate > 3.006
probabilities_array:[0.         0.663892   0.33610806]

rule19: diffClb > 0.119
probabilities_array:[0.         0.62195635 0.37804365]

rule2: -0.292 < climbRate < 3.006
probabilities_array:[0.         0.39844698 0.601553  ]

