R2: 0.6365803857051302

MAE: 0.0010756220670947822

MSE: 2.0292054817654394e-06

Accuracy: 0.8143903215536453

F1: 0.7221147409906339

Confusion Matrix: [[2184, 209], [374, 374]]

Uncertainties: {'class0': [0.46369311213493347, 0.5142562985420227, 0.514991044998169, 0.5317535400390625, 0.5358502268791199], 'class1': [0.3154178261756897, 0.3755633533000946, 0.5971221923828125]}

Most important rules
-----------------------------

---0---
rule0: climbRate < -3.584
probabilities_array:[0.53630686 0.         0.4636931 ]

rule8: RollRate < -0.003
probabilities_array:[0.48574373 0.         0.5142563 ]

rule16: diffClb < -0.119
probabilities_array:[0.48500898 0.         0.51499104]

rule17: -0.119 < diffClb < -0.000
probabilities_array:[0.4682465  0.         0.53175354]

rule1: -3.584 < climbRate < -0.287
probabilities_array:[0.46414977 0.         0.5358502 ]

rule4: Altitude < -29.787
probabilities_array:[0.44494292 0.         0.55505705]

rule7: Altitude > 4.351
probabilities_array:[0.38912955 0.         0.6108704 ]

rule15: curRoll > 0.012
probabilities_array:[0.37946066 0.         0.62053937]

rule12: curRoll < -0.009
probabilities_array:[0.29729602 0.         0.702704  ]

rule6: -12.718 < Altitude < 4.351
probabilities_array:[0.29643154 0.         0.70356846]

rule9: -0.003 < RollRate < 0.000
probabilities_array:[0.294025 0.       0.705975]

rule14: 0.002 < curRoll < 0.012
probabilities_array:[0.28082395 0.         0.71917605]

rule5: -29.787 < Altitude < -12.718
probabilities_array:[0.27123493 0.         0.7287651 ]

rule13: -0.009 < curRoll < 0.002
probabilities_array:[0.25331107 0.         0.74668896]

rule23: diffDiffClb = 0.0
probabilities_array:[0.18816246 0.0494206  0.76241696]


---1---
rule3: climbRate > 3.009
probabilities_array:[0.         0.6845822  0.31541783]

rule19: diffClb > 0.118
probabilities_array:[0.         0.6244366  0.37556335]

rule2: -0.287 < climbRate < 3.009
probabilities_array:[0.         0.40287778 0.5971222 ]

