R2: 0.6296823760852843

MAE: 0.0010744782316331853

MSE: 2.0231040382499956e-06

Accuracy: 0.6975485514167462

F1: 0.6370911879404506

Confusion Matrix: [[1386, 114, 46], [237, 333, 269], [58, 226, 472]]

Uncertainties: {'class0': [0.3621501624584198, 0.41730624437332153, 0.4219682812690735, 0.43110960721969604, 0.4660388231277466], 'class1': [0.027736304327845573, 0.10842421650886536, 0.1325218826532364, 0.3621501624584198, 0.39535170793533325], 'class2': [0.027736304327845573, 0.10842421650886536, 0.1325218826532364, 0.39535170793533325, 0.4172631502151489]}

Most important rules
-----------------------------

---0---
rule16: diffClb < -0.122
probabilities_array:[0.5688904 0.        0.        0.4311096]

rule4: Altitude < -29.339
probabilities_array:[0.5063828  0.13146698 0.         0.36215016]

rule0: climbRate < -3.630
probabilities_array:[0.5339612  0.         0.         0.46603882]

rule8: RollRate < -0.004
probabilities_array:[0.4887094  0.08932235 0.         0.42196828]

rule17: -0.122 < diffClb < -0.002
probabilities_array:[0.44338402 0.13930972 0.         0.41730624]

rule15: curRoll > 0.012
probabilities_array:[0.4759751  0.0461545  0.         0.47787037]

rule12: curRoll < -0.009
probabilities_array:[0.46776724 0.         0.         0.53223276]

rule9: -0.004 < RollRate < 0.000
probabilities_array:[0.45264593 0.         0.         0.54735404]

rule7: Altitude > 4.920
probabilities_array:[0.38972923 0.13381389 0.         0.47645688]

rule5: -29.339 < Altitude < -12.210
probabilities_array:[0.44711885 0.         0.         0.5528812 ]

rule14: 0.001 < curRoll < 0.012
probabilities_array:[0.42094612 0.00113067 0.         0.57792324]

rule6: -12.210 < Altitude < 4.920
probabilities_array:[0.4071935 0.005879  0.        0.5869275]

rule13: -0.009 < curRoll < 0.001
probabilities_array:[0.37658718 0.0680925  0.         0.5553203 ]

rule1: -3.630 < climbRate < -0.322
probabilities_array:[0.27573338 0.20252399 0.         0.52174264]

rule10: 0.000 < RollRate < 0.004
probabilities_array:[0.26889986 0.00751066 0.05982136 0.6637681 ]

rule23: diffDiffClb = 0.0
probabilities_array:[0.25092813 0.         0.06642986 0.682642  ]


---1---
rule3: climbRate > 2.987
probabilities_array:[0.         0.38251528 0.58974844 0.0277363 ]

rule2: -0.322 < climbRate < 2.987
probabilities_array:[0.         0.4243055  0.4431726  0.13252188]

rule19: diffClb > 0.118
probabilities_array:[0.         0.27710685 0.614469   0.10842422]

rule11: RollRate > 0.004
probabilities_array:[0.         0.37181178 0.2328365  0.3953517 ]

rule18: -0.002 < diffClb < 0.118
probabilities_array:[0.         0.3726768  0.21006003 0.41726315]

rule1: -3.630 < climbRate < -0.322
probabilities_array:[0.27573338 0.20252399 0.         0.52174264]

rule4: Altitude < -29.339
probabilities_array:[0.5063828  0.13146698 0.         0.36215016]

rule17: -0.122 < diffClb < -0.002
probabilities_array:[0.44338402 0.13930972 0.         0.41730624]

rule7: Altitude > 4.920
probabilities_array:[0.38972923 0.13381389 0.         0.47645688]

rule8: RollRate < -0.004
probabilities_array:[0.4887094  0.08932235 0.         0.42196828]


---2---
rule3: climbRate > 2.987
probabilities_array:[0.         0.38251528 0.58974844 0.0277363 ]

rule19: diffClb > 0.118
probabilities_array:[0.         0.27710685 0.614469   0.10842422]

rule2: -0.322 < climbRate < 2.987
probabilities_array:[0.         0.4243055  0.4431726  0.13252188]

rule11: RollRate > 0.004
probabilities_array:[0.         0.37181178 0.2328365  0.3953517 ]

rule18: -0.002 < diffClb < 0.118
probabilities_array:[0.         0.3726768  0.21006003 0.41726315]

