R2: 0.6340861680508215

MAE: 0.0010826573813078008

MSE: 2.1164202462231044e-06

Accuracy: 0.7109200891435848

F1: 0.6404383644753805

Confusion Matrix: [[1456, 66, 52], [227, 320, 275], [59, 229, 457]]

Uncertainties: {'class0': [0.247405543923378, 0.34084969758987427, 0.38902485370635986, 0.4488051235675812, 0.4547703266143799], 'class1': [0.02986318990588188, 0.14239846169948578, 0.20906484127044678, 0.247405543923378, 0.29282283782958984], 'class2': [0.02986318990588188, 0.14239846169948578, 0.20906484127044678, 0.29282283782958984, 0.3354669511318207]}

Most important rules
-----------------------------

---0---
rule16: diffClb < -0.117
probabilities_array:[0.6591503 0.        0.        0.3408497]

rule17: -0.117 < diffClb < 0.001
probabilities_array:[0.46594125 0.2866532  0.         0.24740554]

rule0: climbRate < -3.605
probabilities_array:[0.5511949  0.         0.         0.44880512]

rule4: Altitude < -30.073
probabilities_array:[0.43618658 0.17478853 0.         0.38902485]

rule8: RollRate < -0.004
probabilities_array:[0.4398745  0.07693264 0.         0.48319283]

rule5: -30.073 < Altitude < -12.773
probabilities_array:[0.42270526 0.02968033 0.         0.5476144 ]

rule12: curRoll < -0.009
probabilities_array:[0.3873485  0.01529886 0.         0.5973526 ]

rule1: -3.605 < climbRate < -0.287
probabilities_array:[0.2847021  0.26052758 0.         0.45477033]

rule7: Altitude > 4.527
probabilities_array:[0.34709042 0.09283464 0.         0.5600749 ]

rule9: -0.004 < RollRate < 0.000
probabilities_array:[0.37998986 0.         0.00383594 0.61617416]

rule15: curRoll > 0.012
probabilities_array:[0.36770624 0.         0.         0.63229376]

rule14: 0.002 < curRoll < 0.012
probabilities_array:[0.34495953 0.0027345  0.         0.65230596]

rule6: -12.773 < Altitude < 4.527
probabilities_array:[0.3342853  0.         0.         0.66571474]

rule10: 0.000 < RollRate < 0.004
probabilities_array:[0.23679467 0.01142487 0.11089736 0.6408831 ]

rule23: diffDiffClb = 0.0
probabilities_array:[0.22090279 0.00098337 0.06556115 0.71255267]


---1---
rule3: climbRate > 3.030
probabilities_array:[0.         0.3759269  0.5942099  0.02986319]

rule2: -0.287 < climbRate < 3.030
probabilities_array:[0.         0.37243882 0.48516273 0.14239846]

rule18: 0.001 < diffClb < 0.119
probabilities_array:[0.         0.4262258  0.28095135 0.29282284]

rule11: RollRate > 0.004
probabilities_array:[0.         0.3819389  0.28259408 0.33546695]

rule17: -0.117 < diffClb < 0.001
probabilities_array:[0.46594125 0.2866532  0.         0.24740554]

rule19: diffClb > 0.119
probabilities_array:[0.         0.21380338 0.5771318  0.20906484]

rule1: -3.605 < climbRate < -0.287
probabilities_array:[0.2847021  0.26052758 0.         0.45477033]

rule4: Altitude < -30.073
probabilities_array:[0.43618658 0.17478853 0.         0.38902485]

rule7: Altitude > 4.527
probabilities_array:[0.34709042 0.09283464 0.         0.5600749 ]


---2---
rule3: climbRate > 3.030
probabilities_array:[0.         0.3759269  0.5942099  0.02986319]

rule19: diffClb > 0.119
probabilities_array:[0.         0.21380338 0.5771318  0.20906484]

rule2: -0.287 < climbRate < 3.030
probabilities_array:[0.         0.37243882 0.48516273 0.14239846]

rule18: 0.001 < diffClb < 0.119
probabilities_array:[0.         0.4262258  0.28095135 0.29282284]

rule11: RollRate > 0.004
probabilities_array:[0.         0.3819389  0.28259408 0.33546695]

