R2: 0.6454382984473555

MAE: 0.0010551612651277876

MSE: 2.015144219295623e-06

Accuracy: 0.8185291308500477

F1: 0.7275618200344023

Confusion Matrix: [[2193, 190], [380, 378]]

Uncertainties: {'class0': [0.46087586879730225, 0.5193586349487305, 0.5520303845405579, 0.5705540776252747, 0.5934156179428101], 'class1': [0.3481147587299347, 0.3546925187110901, 0.6356455683708191, 0.7983148097991943]}

Most important rules
-----------------------------

---0---
rule8: RollRate < -0.004
probabilities_array:[0.53912413 0.         0.46087587]

rule16: diffClb < -0.120
probabilities_array:[0.48064134 0.         0.51935863]

rule0: climbRate < -3.576
probabilities_array:[0.44796962 0.         0.5520304 ]

rule1: -3.576 < climbRate < -0.269
probabilities_array:[0.4294459 0.        0.5705541]

rule4: Altitude < -29.796
probabilities_array:[0.4065844 0.        0.5934156]

rule17: -0.120 < diffClb < 0.000
probabilities_array:[0.40218124 0.         0.59781873]

rule15: curRoll > 0.012
probabilities_array:[0.38845736 0.         0.61154264]

rule12: curRoll < -0.009
probabilities_array:[0.28943387 0.         0.7105661 ]

rule13: -0.009 < curRoll < 0.002
probabilities_array:[0.28936088 0.         0.7106391 ]

rule9: -0.004 < RollRate < 0.000
probabilities_array:[0.28874448 0.         0.7112555 ]

rule7: Altitude > 4.921
probabilities_array:[0.28244585 0.         0.71755415]

rule14: 0.002 < curRoll < 0.012
probabilities_array:[0.28220695 0.         0.71779305]

rule5: -29.796 < Altitude < -12.437
probabilities_array:[0.24091327 0.         0.7590867 ]

rule10: 0.000 < RollRate < 0.004
probabilities_array:[0.23427555 0.         0.7657244 ]

rule6: -12.437 < Altitude < 4.921
probabilities_array:[0.22325927 0.         0.77674073]


---1---
rule19: diffClb > 0.120
probabilities_array:[0.         0.6518852  0.34811476]

rule3: climbRate > 3.037
probabilities_array:[0.         0.6453075  0.35469252]

rule2: -0.269 < climbRate < 3.037
probabilities_array:[0.         0.36435443 0.63564557]

rule18: 0.000 < diffClb < 0.120
probabilities_array:[0.        0.2016852 0.7983148]

