R2: 0.6291863046667096

MAE: 0.001056999017381955

MSE: 2.0006143057257714e-06

Accuracy: 0.70264247055078

F1: 0.640603368025635

Confusion Matrix: [[1406, 82, 43], [238, 350, 274], [71, 226, 451]]

Uncertainties: {'class0': [0.279220849275589, 0.4021667242050171, 0.41660892963409424, 0.43690237402915955, 0.4530603587627411], 'class1': [0.03242158144712448, 0.12317264825105667, 0.1433030366897583, 0.279220849275589, 0.3951486349105835], 'class2': [0.03242158144712448, 0.12317264825105667, 0.1433030366897583, 0.3951486349105835, 0.4381207227706909]}

Most important rules
-----------------------------

---0---
rule17: -0.122 < diffClb < -0.002
probabilities_array:[0.49927366 0.2215055  0.         0.27922085]

rule16: diffClb < -0.122
probabilities_array:[0.5833911  0.         0.         0.41660893]

rule0: climbRate < -3.632
probabilities_array:[0.5469396  0.         0.         0.45306036]

rule4: Altitude < -29.595
probabilities_array:[0.49881575 0.09901752 0.         0.40216672]

rule8: RollRate < -0.003
probabilities_array:[0.49154872 0.04822678 0.         0.46022448]

rule15: curRoll > 0.012
probabilities_array:[0.4330875  0.08279302 0.         0.48411947]

rule5: -29.595 < Altitude < -12.106
probabilities_array:[0.45962757 0.         0.         0.54037243]

rule7: Altitude > 5.382
probabilities_array:[0.41290528 0.09635518 0.         0.49073952]

rule12: curRoll < -0.009
probabilities_array:[4.5464855e-01 1.7856725e-04 0.0000000e+00 5.4517287e-01]

rule14: 0.002 < curRoll < 0.012
probabilities_array:[0.43651515 0.         0.         0.56348485]

rule9: -0.003 < RollRate < 0.000
probabilities_array:[0.42140663 0.         0.         0.5785934 ]

rule6: -12.106 < Altitude < 5.382
probabilities_array:[4.0132985e-01 9.1913949e-05 0.0000000e+00 5.9857827e-01]

rule1: -3.632 < climbRate < -0.326
probabilities_array:[0.26675215 0.29634544 0.         0.43690237]

rule13: -0.009 < curRoll < 0.002
probabilities_array:[0.32911825 0.06208789 0.         0.60879385]

rule10: 0.000 < RollRate < 0.004
probabilities_array:[0.26072925 0.         0.11114139 0.62812936]

rule23: diffDiffClb = 0.0
probabilities_array:[0.26700792 0.01339246 0.06954847 0.6500511 ]


---1---
rule3: climbRate > 2.980
probabilities_array:[0.         0.3858743  0.5817041  0.03242158]

rule2: -0.326 < climbRate < 2.980
probabilities_array:[0.         0.4151872  0.44150972 0.14330304]

rule19: diffClb > 0.119
probabilities_array:[0.         0.2671996  0.6096278  0.12317265]

rule18: -0.002 < diffClb < 0.119
probabilities_array:[0.         0.39280313 0.16907613 0.43812072]

rule11: RollRate > 0.004
probabilities_array:[1.5304035e-04 3.3794683e-01 2.6675153e-01 3.9514863e-01]

rule1: -3.632 < climbRate < -0.326
probabilities_array:[0.26675215 0.29634544 0.         0.43690237]

rule17: -0.122 < diffClb < -0.002
probabilities_array:[0.49927366 0.2215055  0.         0.27922085]

rule4: Altitude < -29.595
probabilities_array:[0.49881575 0.09901752 0.         0.40216672]

rule7: Altitude > 5.382
probabilities_array:[0.41290528 0.09635518 0.         0.49073952]

rule15: curRoll > 0.012
probabilities_array:[0.4330875  0.08279302 0.         0.48411947]


---2---
rule3: climbRate > 2.980
probabilities_array:[0.         0.3858743  0.5817041  0.03242158]

rule19: diffClb > 0.119
probabilities_array:[0.         0.2671996  0.6096278  0.12317265]

rule2: -0.326 < climbRate < 2.980
probabilities_array:[0.         0.4151872  0.44150972 0.14330304]

rule11: RollRate > 0.004
probabilities_array:[1.5304035e-04 3.3794683e-01 2.6675153e-01 3.9514863e-01]

rule18: -0.002 < diffClb < 0.119
probabilities_array:[0.         0.39280313 0.16907613 0.43812072]

rule10: 0.000 < RollRate < 0.004
probabilities_array:[0.26072925 0.         0.11114139 0.62812936]

