R2: 0.6313526166349432

MAE: 0.0010651224993469142

MSE: 2.022467283289031e-06

Accuracy: 0.6781279847182426

F1: 0.609360915333674

Confusion Matrix: [[1407, 89, 36], [280, 334, 237], [64, 305, 389]]

Uncertainties: {'class0': [0.2636418044567108, 0.3516439199447632, 0.4132121503353119, 0.4288424551486969, 0.46165910363197327], 'class1': [0.027764776721596718, 0.10637125372886658, 0.13860194385051727, 0.2636418044567108, 0.3516439199447632], 'class2': [0.027764776721596718, 0.10637125372886658, 0.13860194385051727, 0.42360109090805054, 0.44945821166038513]}

Most important rules
-----------------------------

---0---
rule17: -0.120 < diffClb < -0.001
probabilities_array:[0.53641564 0.19994251 0.         0.2636418 ]

rule4: Altitude < -29.854
probabilities_array:[0.51838493 0.12997116 0.         0.35164392]

rule16: diffClb < -0.120
probabilities_array:[0.53834087 0.         0.         0.4616591 ]

rule8: RollRate < -0.004
probabilities_array:[0.5019181  0.0692395  0.         0.42884246]

rule5: -29.854 < Altitude < -12.459
probabilities_array:[0.51032835 0.00915861 0.         0.48051307]

rule0: climbRate < -3.623
probabilities_array:[0.50801015 0.         0.         0.49198982]

rule7: Altitude > 4.936
probabilities_array:[0.43877387 0.14801395 0.         0.41321215]

rule12: curRoll < -0.009
probabilities_array:[0.4716582 0.        0.        0.5283418]

rule9: -0.004 < RollRate < 0.000
probabilities_array:[0.44329298 0.         0.00469585 0.5520112 ]

rule14: 0.002 < curRoll < 0.012
probabilities_array:[0.43215007 0.01144067 0.         0.55640924]

rule6: -12.459 < Altitude < 4.936
probabilities_array:[0.43383044 0.         0.         0.56616956]

rule15: curRoll > 0.012
probabilities_array:[0.38124964 0.01233424 0.         0.60641617]

rule1: -3.623 < climbRate < -0.306
probabilities_array:[0.27395073 0.15292633 0.         0.5731229 ]

rule10: 0.000 < RollRate < 0.004
probabilities_array:[0.29030263 0.00331763 0.04579129 0.66058844]

rule23: diffDiffClb = 0.0
probabilities_array:[0.24444757 0.00722101 0.06013657 0.6881948 ]

rule13: -0.009 < curRoll < 0.002
probabilities_array:[0.2222749 0.029783  0.        0.7479421]


---1---
rule3: climbRate > 3.012
probabilities_array:[0.         0.3904296  0.5818056  0.02776478]

rule2: -0.306 < climbRate < 3.012
probabilities_array:[1.5299648e-04 4.3042234e-01 4.3082270e-01 1.3860194e-01]

rule19: diffClb > 0.119
probabilities_array:[0.         0.26124552 0.6323832  0.10637125]

rule18: -0.001 < diffClb < 0.119
probabilities_array:[0.         0.3837309  0.16681093 0.4494582 ]

rule11: RollRate > 0.004
probabilities_array:[0.00263919 0.34016246 0.23359731 0.4236011 ]

rule17: -0.120 < diffClb < -0.001
probabilities_array:[0.53641564 0.19994251 0.         0.2636418 ]

rule7: Altitude > 4.936
probabilities_array:[0.43877387 0.14801395 0.         0.41321215]

rule4: Altitude < -29.854
probabilities_array:[0.51838493 0.12997116 0.         0.35164392]

rule1: -3.623 < climbRate < -0.306
probabilities_array:[0.27395073 0.15292633 0.         0.5731229 ]


---2---
rule3: climbRate > 3.012
probabilities_array:[0.         0.3904296  0.5818056  0.02776478]

rule19: diffClb > 0.119
probabilities_array:[0.         0.26124552 0.6323832  0.10637125]

rule2: -0.306 < climbRate < 3.012
probabilities_array:[1.5299648e-04 4.3042234e-01 4.3082270e-01 1.3860194e-01]

rule11: RollRate > 0.004
probabilities_array:[0.00263919 0.34016246 0.23359731 0.4236011 ]

rule18: -0.001 < diffClb < 0.119
probabilities_array:[0.         0.3837309  0.16681093 0.4494582 ]

