R2: 0.6345189456186113

MAE: 0.0010794257869560756

MSE: 2.0863758755578164e-06

Accuracy: 0.8121617319325056

F1: 0.7151564281050453

Confusion Matrix: [[2192, 209], [381, 359]]

Uncertainties: {'class0': [0.4960910975933075, 0.4975380599498749, 0.49776506423950195, 0.5098055005073547, 0.5403451919555664], 'class1': [0.3192256987094879, 0.4027490019798279, 0.7029717564582825]}

Most important rules
-----------------------------

---0---
rule1: -3.609 < climbRate < -0.310
probabilities_array:[0.5039089 0.        0.4960911]

rule17: -0.120 < diffClb < -0.001
probabilities_array:[0.5024619  0.         0.49753806]

rule0: climbRate < -3.609
probabilities_array:[0.50223494 0.         0.49776506]

rule16: diffClb < -0.120
probabilities_array:[0.4901945 0.        0.5098055]

rule8: RollRate < -0.004
probabilities_array:[0.45965478 0.         0.5403452 ]

rule15: curRoll > 0.012
probabilities_array:[0.40761366 0.         0.5923863 ]

rule4: Altitude < -29.478
probabilities_array:[0.37505227 0.         0.6249477 ]

rule7: Altitude > 5.040
probabilities_array:[0.34370437 0.         0.6562956 ]

rule14: 0.001 < curRoll < 0.012
probabilities_array:[0.3129311 0.        0.6870689]

rule12: curRoll < -0.009
probabilities_array:[0.30327484 0.         0.6967252 ]

rule9: -0.004 < RollRate < 0.000
probabilities_array:[0.30163735 0.         0.69836265]

rule13: -0.009 < curRoll < 0.001
probabilities_array:[0.29193017 0.         0.70806986]

rule6: -12.219 < Altitude < 5.040
probabilities_array:[0.22124617 0.         0.7787538 ]

rule18: -0.001 < diffClb < 0.118
probabilities_array:[0.20764664 0.02200531 0.7703481 ]

rule10: 0.000 < RollRate < 0.004
probabilities_array:[0.1797528 0.0566959 0.7635513]


---1---
rule3: climbRate > 2.990
probabilities_array:[0.         0.68077433 0.3192257 ]

rule19: diffClb > 0.118
probabilities_array:[0.       0.597251 0.402749]

rule2: -0.310 < climbRate < 2.990
probabilities_array:[0.         0.29702824 0.70297176]

