R2: 0.6359344929183928

MAE: 0.0010553141021050819

MSE: 2.001061966095726e-06

Accuracy: 0.8207577204711876

F1: 0.7381796619429288

Confusion Matrix: [[2171, 222], [341, 407]]

Uncertainties: {'class0': [0.4282693564891815, 0.4776258170604706, 0.48690083622932434, 0.5343418717384338, 0.5499498844146729], 'class1': [0.37431785464286804, 0.416226863861084, 0.6917701363563538, 0.7797518968582153]}

Most important rules
-----------------------------

---0---
rule0: climbRate < -3.685
probabilities_array:[0.5717306  0.         0.42826936]

rule1: -3.685 < climbRate < -0.351
probabilities_array:[0.5223742  0.         0.47762582]

rule16: diffClb < -0.119
probabilities_array:[0.51309913 0.         0.48690084]

rule8: RollRate < -0.004
probabilities_array:[0.46565816 0.         0.5343419 ]

rule17: -0.119 < diffClb < 0.000
probabilities_array:[0.45005015 0.         0.5499499 ]

rule4: Altitude < -29.649
probabilities_array:[0.4381168 0.        0.5618832]

rule7: Altitude > 4.615
probabilities_array:[0.3291609 0.        0.6708391]

rule15: curRoll > 0.013
probabilities_array:[0.3159322 0.        0.6840678]

rule5: -29.649 < Altitude < -12.517
probabilities_array:[0.31236082 0.         0.6876392 ]

rule14: 0.002 < curRoll < 0.013
probabilities_array:[0.30372223 0.         0.6962778 ]

rule9: -0.004 < RollRate < -0.000
probabilities_array:[0.288573   0.         0.71142703]

rule13: -0.009 < curRoll < 0.002
probabilities_array:[0.25744385 0.         0.74255615]

rule6: -12.517 < Altitude < 4.615
probabilities_array:[0.25358364 0.         0.74641633]

rule12: curRoll < -0.009
probabilities_array:[0.22994636 0.         0.7700536 ]


---1---
rule3: climbRate > 2.983
probabilities_array:[0.         0.6256821  0.37431785]

rule19: diffClb > 0.119
probabilities_array:[0.         0.58377314 0.41622686]

rule2: -0.351 < climbRate < 2.983
probabilities_array:[0.         0.30822986 0.69177014]

rule18: 0.000 < diffClb < 0.119
probabilities_array:[0.         0.22024812 0.7797519 ]

