R2: 0.6301191866588383

MAE: 0.0010759696859772086

MSE: 2.134615043905848e-06

Accuracy: 0.8083412925819803

F1: 0.6953292067817409

Confusion Matrix: [[2226, 172], [430, 313]]

Uncertainties: {'class0': [0.47228866815567017, 0.48072096705436707, 0.4981297552585602, 0.5060251951217651, 0.5838369727134705], 'class1': [0.31930097937583923, 0.4085894525051117, 0.5842248797416687]}

Most important rules
-----------------------------

---0---
rule0: climbRate < -3.630
probabilities_array:[0.52771133 0.         0.47228867]

rule8: RollRate < -0.004
probabilities_array:[0.519279   0.         0.48072097]

rule17: -0.120 < diffClb < -0.001
probabilities_array:[0.5018702  0.         0.49812976]

rule16: diffClb < -0.120
probabilities_array:[0.4939748 0.        0.5060252]

rule4: Altitude < -29.384
probabilities_array:[0.41616303 0.         0.583837  ]

rule7: Altitude > 5.021
probabilities_array:[0.40358678 0.         0.59641325]

rule15: curRoll > 0.012
probabilities_array:[0.395077 0.       0.604923]

rule1: -3.630 < climbRate < -0.319
probabilities_array:[0.38539383 0.         0.6146062 ]

rule9: -0.004 < RollRate < 0.000
probabilities_array:[0.30780843 0.         0.69219154]

rule14: 0.002 < curRoll < 0.012
probabilities_array:[0.30270785 0.         0.69729215]

rule6: -12.182 < Altitude < 5.021
probabilities_array:[0.2953519  0.         0.70464814]

rule13: -0.009 < curRoll < 0.002
probabilities_array:[0.29197666 0.         0.70802337]

rule5: -29.384 < Altitude < -12.182
probabilities_array:[0.2700414 0.        0.7299586]

rule12: curRoll < -0.009
probabilities_array:[0.25845784 0.         0.74154216]

rule11: RollRate > 0.004
probabilities_array:[0.22315966 0.03220111 0.7446392 ]

rule18: -0.001 < diffClb < 0.119
probabilities_array:[0.20755705 0.06413556 0.7283073 ]


---1---
rule3: climbRate > 2.992
probabilities_array:[0.         0.680699   0.31930098]

rule19: diffClb > 0.119
probabilities_array:[0.         0.5914105  0.40858945]

rule2: -0.319 < climbRate < 2.992
probabilities_array:[0.         0.41577512 0.5842249 ]

