R2: 0.6315959470360695

MAE: 0.0010542508279795494

MSE: 2.01802098269486e-06

Accuracy: 0.8115249920407513

F1: 0.7148328998380528

Confusion Matrix: [[2189, 209], [383, 360]]

Uncertainties: {'class0': [0.4618450999259949, 0.5017246007919312, 0.5189281702041626, 0.5360015034675598, 0.5365238785743713], 'class1': [0.28455647826194763, 0.4234648644924164, 0.5000361800193787]}

Most important rules
-----------------------------

---0---
rule8: RollRate < -0.004
probabilities_array:[0.5381549 0.        0.4618451]

rule16: diffClb < -0.120
probabilities_array:[0.49827537 0.         0.5017246 ]

rule17: -0.120 < diffClb < -0.000
probabilities_array:[0.48107183 0.         0.5189282 ]

rule1: -3.594 < climbRate < -0.271
probabilities_array:[0.46399847 0.         0.5360015 ]

rule4: Altitude < -29.614
probabilities_array:[0.4634761 0.        0.5365239]

rule0: climbRate < -3.594
probabilities_array:[0.46093896 0.         0.539061  ]

rule15: curRoll > 0.012
probabilities_array:[0.41389412 0.         0.5861059 ]

rule7: Altitude > 4.658
probabilities_array:[0.3663359  0.         0.63366413]

rule14: 0.001 < curRoll < 0.012
probabilities_array:[0.34355095 0.         0.656449  ]

rule9: -0.004 < RollRate < 0.000
probabilities_array:[0.304735 0.       0.695265]

rule12: curRoll < -0.009
probabilities_array:[0.2943704 0.        0.7056296]

rule6: -12.478 < Altitude < 4.658
probabilities_array:[0.2761331 0.        0.7238669]

rule13: -0.009 < curRoll < 0.001
probabilities_array:[0.2677056  0.         0.73229444]

rule5: -29.614 < Altitude < -12.478
probabilities_array:[0.23828542 0.         0.7617146 ]

rule11: RollRate > 0.004
probabilities_array:[0.23805138 0.         0.7619486 ]


---1---
rule3: climbRate > 3.052
probabilities_array:[0.         0.7154435  0.28455648]

rule19: diffClb > 0.120
probabilities_array:[0.         0.57653517 0.42346486]

rule2: -0.271 < climbRate < 3.052
probabilities_array:[0.         0.49996385 0.5000362 ]

