R2: 0.6405815522887353

MAE: 0.0010528223358410378

MSE: 2.0311306423202084e-06

Accuracy: 0.819165870741802

F1: 0.7263937282229966

Confusion Matrix: [[2201, 210], [358, 372]]

Uncertainties: {'class0': [0.3812783360481262, 0.4969174861907959, 0.5030426383018494, 0.5267077088356018, 0.562492847442627], 'class1': [0.33874648809432983, 0.44749540090560913, 0.5842368006706238]}

Most important rules
-----------------------------

---0---
rule16: diffClb < -0.116
probabilities_array:[0.61872166 0.         0.38127834]

rule17: -0.116 < diffClb < 0.003
probabilities_array:[0.5030825 0.        0.4969175]

rule0: climbRate < -3.574
probabilities_array:[0.49695736 0.         0.50304264]

rule4: Altitude < -29.643
probabilities_array:[0.4732923 0.        0.5267077]

rule1: -3.574 < climbRate < -0.278
probabilities_array:[0.43750718 0.         0.56249285]

rule8: RollRate < -0.004
probabilities_array:[0.39339668 0.         0.6066033 ]

rule15: curRoll > 0.012
probabilities_array:[0.3822232 0.        0.6177768]

rule7: Altitude > 4.771
probabilities_array:[0.34541133 0.         0.65458864]

rule14: 0.001 < curRoll < 0.012
probabilities_array:[0.3388411 0.        0.6611589]

rule12: curRoll < -0.009
probabilities_array:[0.27569783 0.         0.7243022 ]

rule9: -0.004 < RollRate < 0.000
probabilities_array:[0.27508026 0.         0.72491974]

rule5: -29.643 < Altitude < -12.436
probabilities_array:[0.26470813 0.         0.7352919 ]

rule13: -0.009 < curRoll < 0.001
probabilities_array:[0.24993794 0.         0.75006205]

rule6: -12.436 < Altitude < 4.771
probabilities_array:[0.23816861 0.         0.7618314 ]


---1---
rule3: climbRate > 3.018
probabilities_array:[0.        0.6612535 0.3387465]

rule19: diffClb > 0.122
probabilities_array:[0.        0.5525046 0.4474954]

rule2: -0.278 < climbRate < 3.018
probabilities_array:[0.         0.41576317 0.5842368 ]

