R2: 0.6293138630217672

MAE: 0.0010698681690324752

MSE: 2.0559703446808073e-06

Accuracy: 0.7106017191977078

F1: 0.6450549100059176

Confusion Matrix: [[1440, 98, 39], [227, 339, 263], [55, 227, 453]]

Uncertainties: {'class0': [0.39963385462760925, 0.4087064862251282, 0.4125772714614868, 0.4263013005256653, 0.430156409740448], 'class1': [0.03590453416109085, 0.11993680149316788, 0.14755596220493317, 0.20639021694660187, 0.38589444756507874], 'class2': [0.03590453416109085, 0.11993680149316788, 0.14755596220493317, 0.20639021694660187, 0.38589444756507874]}

Most important rules
-----------------------------

---0---
rule0: climbRate < -3.631
probabilities_array:[0.5698436 0.        0.        0.4301564]

rule16: diffClb < -0.118
probabilities_array:[0.5658238  0.         0.         0.43417618]

rule8: RollRate < -0.004
probabilities_array:[0.47333276 0.12703343 0.         0.39963385]

rule4: Altitude < -29.479
probabilities_array:[0.44994703 0.1413465  0.         0.4087065 ]

rule5: -29.479 < Altitude < -12.417
probabilities_array:[0.4433332  0.01894594 0.         0.53772086]

rule15: curRoll > 0.012
probabilities_array:[0.41905984 0.06885873 0.         0.51208144]

rule17: -0.118 < diffClb < 0.001
probabilities_array:[0.3306808  0.25674194 0.         0.41257727]

rule1: -3.631 < climbRate < -0.314
probabilities_array:[0.33837292 0.23532577 0.         0.4263013 ]

rule12: curRoll < -0.009
probabilities_array:[4.3234754e-01 4.2198837e-04 0.0000000e+00 5.6723046e-01]

rule7: Altitude > 4.645
probabilities_array:[0.39473215 0.06596139 0.         0.53930646]

rule9: -0.004 < RollRate < -0.000
probabilities_array:[0.4189243  0.         0.         0.58107567]

rule14: 0.002 < curRoll < 0.012
probabilities_array:[0.40412435 0.         0.         0.5958757 ]

rule6: -12.417 < Altitude < 4.645
probabilities_array:[0.38315043 0.         0.         0.61684954]

rule10: -0.000 < RollRate < 0.004
probabilities_array:[0.2697327  0.00129299 0.05704496 0.67192936]

rule23: diffDiffClb = 0.0
probabilities_array:[0.23481262 0.         0.08890122 0.67628616]

rule13: -0.009 < curRoll < 0.002
probabilities_array:[0.24904142 0.04705595 0.         0.7039026 ]


---1---
rule3: climbRate > 3.002
probabilities_array:[0.         0.39765987 0.56643564 0.03590453]

rule2: -0.314 < climbRate < 3.002
probabilities_array:[0.         0.4289005  0.42354357 0.14755596]

rule18: 0.001 < diffClb < 0.120
probabilities_array:[0.         0.39449722 0.39911258 0.20639022]

rule11: RollRate > 0.004
probabilities_array:[0.         0.3930586  0.22104701 0.38589445]

rule19: diffClb > 0.120
probabilities_array:[0.         0.2507387  0.62932444 0.1199368 ]

rule17: -0.118 < diffClb < 0.001
probabilities_array:[0.3306808  0.25674194 0.         0.41257727]

rule1: -3.631 < climbRate < -0.314
probabilities_array:[0.33837292 0.23532577 0.         0.4263013 ]

rule4: Altitude < -29.479
probabilities_array:[0.44994703 0.1413465  0.         0.4087065 ]

rule8: RollRate < -0.004
probabilities_array:[0.47333276 0.12703343 0.         0.39963385]


---2---
rule19: diffClb > 0.120
probabilities_array:[0.         0.2507387  0.62932444 0.1199368 ]

rule3: climbRate > 3.002
probabilities_array:[0.         0.39765987 0.56643564 0.03590453]

rule2: -0.314 < climbRate < 3.002
probabilities_array:[0.         0.4289005  0.42354357 0.14755596]

rule18: 0.001 < diffClb < 0.120
probabilities_array:[0.         0.39449722 0.39911258 0.20639022]

rule11: RollRate > 0.004
probabilities_array:[0.         0.3930586  0.22104701 0.38589445]

