R2: 0.633769287908063

MAE: 0.001072669481838622

MSE: 2.096313844917544e-06

Accuracy: 0.708373129576568

F1: 0.6393671939438402

Confusion Matrix: [[1448, 82, 47], [242, 318, 281], [49, 215, 459]]

Uncertainties: {'class0': [0.38311827182769775, 0.4112637937068939, 0.43715211749076843, 0.4480706453323364, 0.46206530928611755], 'class1': [0.03591763228178024, 0.11064540594816208, 0.14736761152744293, 0.38311827182769775, 0.39709359407424927], 'class2': [0.03591763228178024, 0.11064540594816208, 0.14736761152744293, 0.39709359407424927, 0.4008065462112427]}

Most important rules
-----------------------------

---0---
rule0: climbRate < -3.578
probabilities_array:[0.5628479  0.         0.         0.43715212]

rule17: -0.120 < diffClb < -0.000
probabilities_array:[0.478197   0.1386847  0.         0.38311827]

rule16: diffClb < -0.120
probabilities_array:[0.53793466 0.         0.         0.4620653 ]

rule8: RollRate < -0.004
probabilities_array:[0.50774044 0.04418894 0.         0.44807065]

rule4: Altitude < -29.828
probabilities_array:[0.4476069  0.14112933 0.         0.4112638 ]

rule15: curRoll > 0.012
probabilities_array:[0.4382871  0.08476116 0.         0.47695172]

rule12: curRoll < -0.009
probabilities_array:[0.47547898 0.00066449 0.         0.5238566 ]

rule14: 0.002 < curRoll < 0.012
probabilities_array:[0.46740195 0.         0.         0.5325981 ]

rule9: -0.004 < RollRate < 0.000
probabilities_array:[0.4374531  0.         0.03657623 0.52597064]

rule5: -29.828 < Altitude < -12.489
probabilities_array:[0.44804963 0.01238898 0.         0.5395614 ]

rule13: -0.009 < curRoll < 0.002
probabilities_array:[0.37963283 0.12198359 0.         0.49838358]

rule7: Altitude > 4.850
probabilities_array:[0.35618752 0.1652513  0.         0.47856116]

rule1: -3.578 < climbRate < -0.256
probabilities_array:[0.32211637 0.20576693 0.         0.4721167 ]

rule6: -12.489 < Altitude < 4.850
probabilities_array:[0.35243732 0.         0.         0.6475627 ]

rule10: 0.000 < RollRate < 0.004
probabilities_array:[0.27923116 0.00869688 0.07212973 0.6399422 ]

rule23: diffDiffClb = 0.0
probabilities_array:[0.23841381 0.         0.04141951 0.7201667 ]


---1---
rule3: climbRate > 3.065
probabilities_array:[0.         0.38888565 0.57519674 0.03591763]

rule2: -0.256 < climbRate < 3.065
probabilities_array:[0.         0.43824312 0.41438925 0.14736761]

rule19: diffClb > 0.120
probabilities_array:[0.         0.26405206 0.6253025  0.11064541]

rule18: -0.000 < diffClb < 0.120
probabilities_array:[0.         0.34733817 0.2518553  0.40080655]

rule11: RollRate > 0.004
probabilities_array:[0.         0.33590922 0.2669972  0.3970936 ]

rule1: -3.578 < climbRate < -0.256
probabilities_array:[0.32211637 0.20576693 0.         0.4721167 ]

rule7: Altitude > 4.850
probabilities_array:[0.35618752 0.1652513  0.         0.47856116]

rule17: -0.120 < diffClb < -0.000
probabilities_array:[0.478197   0.1386847  0.         0.38311827]

rule4: Altitude < -29.828
probabilities_array:[0.4476069  0.14112933 0.         0.4112638 ]

rule13: -0.009 < curRoll < 0.002
probabilities_array:[0.37963283 0.12198359 0.         0.49838358]

rule15: curRoll > 0.012
probabilities_array:[0.4382871  0.08476116 0.         0.47695172]


---2---
rule19: diffClb > 0.120
probabilities_array:[0.         0.26405206 0.6253025  0.11064541]

rule3: climbRate > 3.065
probabilities_array:[0.         0.38888565 0.57519674 0.03591763]

rule2: -0.256 < climbRate < 3.065
probabilities_array:[0.         0.43824312 0.41438925 0.14736761]

rule11: RollRate > 0.004
probabilities_array:[0.         0.33590922 0.2669972  0.3970936 ]

rule18: -0.000 < diffClb < 0.120
probabilities_array:[0.         0.34733817 0.2518553  0.40080655]

