R2: 0.6296891916824907

MAE: 0.001075930269880133

MSE: 2.0378933773861983e-06

Accuracy: 0.822031200254696

F1: 0.72905202721919

Confusion Matrix: [[2211, 177], [382, 371]]

Uncertainties: {'class0': [0.40778326988220215, 0.4683506190776825, 0.4721156656742096, 0.5046069622039795, 0.544461190700531], 'class1': [0.38224753737449646, 0.4048177897930145, 0.6776351928710938]}

Most important rules
-----------------------------

---0---
rule0: climbRate < -3.585
probabilities_array:[0.59221673 0.         0.40778327]

rule16: diffClb < -0.122
probabilities_array:[0.53164935 0.         0.46835062]

rule8: RollRate < -0.003
probabilities_array:[0.5278843  0.         0.47211567]

rule17: -0.122 < diffClb < -0.002
probabilities_array:[0.495393   0.         0.50460696]

rule1: -3.585 < climbRate < -0.276
probabilities_array:[0.4555388 0.        0.5444612]

rule4: Altitude < -29.277
probabilities_array:[0.4287598 0.        0.5712402]

rule15: curRoll > 0.012
probabilities_array:[0.3937419 0.        0.6062581]

rule13: -0.009 < curRoll < 0.002
probabilities_array:[0.34078667 0.         0.6592133 ]

rule7: Altitude > 5.133
probabilities_array:[0.34018743 0.         0.65981257]

rule5: -29.277 < Altitude < -12.072
probabilities_array:[0.27264985 0.         0.7273501 ]

rule6: -12.072 < Altitude < 5.133
probabilities_array:[0.2618956  0.02085923 0.71724516]

rule14: 0.002 < curRoll < 0.012
probabilities_array:[0.25491354 0.01190843 0.73317796]

rule12: curRoll < -0.009
probabilities_array:[0.25170368 0.         0.7482963 ]

rule9: -0.003 < RollRate < 0.000
probabilities_array:[0.22794656 0.         0.7720534 ]


---1---
rule19: diffClb > 0.118
probabilities_array:[0.         0.6177525  0.38224754]

rule3: climbRate > 3.033
probabilities_array:[0.        0.5951822 0.4048178]

rule2: -0.276 < climbRate < 3.033
probabilities_array:[0.        0.3223648 0.6776352]

