R2: 0.6365109130620716

MAE: 0.0010779410700245528

MSE: 2.0819417574807485e-06

Accuracy: 0.7099649793059535

F1: 0.6448360178955551

Confusion Matrix: [[1423, 107, 44], [216, 319, 296], [43, 205, 488]]

Uncertainties: {'class0': [0.3846975862979889, 0.41881263256073, 0.42575183510780334, 0.42916277050971985, 0.43955469131469727], 'class1': [0.033787600696086884, 0.11507486552000046, 0.16052745282649994, 0.3709201514720917, 0.3846975862979889], 'class2': [0.033787600696086884, 0.11507486552000046, 0.16052745282649994, 0.3709201514720917, 0.43633633852005005]}

Most important rules
-----------------------------

---0---
rule0: climbRate < -3.631
probabilities_array:[0.58118737 0.         0.         0.41881263]

rule16: diffClb < -0.122
probabilities_array:[0.57424814 0.         0.         0.42575184]

rule8: RollRate < -0.004
probabilities_array:[0.5097013  0.10560107 0.         0.3846976 ]

rule4: Altitude < -29.515
probabilities_array:[0.46608892 0.09435641 0.         0.4395547 ]

rule17: -0.122 < diffClb < -0.003
probabilities_array:[0.44690636 0.12393086 0.         0.42916277]

rule9: -0.004 < RollRate < 0.000
probabilities_array:[0.4616019 0.        0.        0.5383981]

rule5: -29.515 < Altitude < -12.315
probabilities_array:[0.4478079  0.         0.01729202 0.53490007]

rule15: curRoll > 0.012
probabilities_array:[0.3821608  0.11711856 0.         0.5007206 ]

rule7: Altitude > 4.885
probabilities_array:[0.37419936 0.08534791 0.         0.5404527 ]

rule12: curRoll < -0.009
probabilities_array:[0.40432587 0.         0.         0.5956741 ]

rule6: -12.315 < Altitude < 4.885
probabilities_array:[0.39586174 0.         0.         0.60413826]

rule14: 0.002 < curRoll < 0.012
probabilities_array:[0.39145327 0.00237011 0.         0.6061766 ]

rule1: -3.631 < climbRate < -0.315
probabilities_array:[0.28226444 0.2459779  0.         0.4717577 ]

rule10: 0.000 < RollRate < 0.004
probabilities_array:[0.30593035 0.         0.01359438 0.6804753 ]

rule13: -0.009 < curRoll < 0.002
probabilities_array:[0.27339372 0.037087   0.         0.6895193 ]

rule23: diffDiffClb = 0.0
probabilities_array:[0.26116595 0.         0.01114707 0.727687  ]


---1---
rule3: climbRate > 3.000
probabilities_array:[0.         0.38182154 0.5843909  0.0337876 ]

rule2: -0.315 < climbRate < 3.000
probabilities_array:[0.         0.3985492  0.4409233  0.16052745]

rule19: diffClb > 0.117
probabilities_array:[0.         0.2601562  0.6247689  0.11507487]

rule18: -0.003 < diffClb < 0.117
probabilities_array:[0.         0.3578914  0.27118838 0.37092015]

rule11: RollRate > 0.004
probabilities_array:[0.         0.37918738 0.1844763  0.43633634]

rule1: -3.631 < climbRate < -0.315
probabilities_array:[0.28226444 0.2459779  0.         0.4717577 ]

rule17: -0.122 < diffClb < -0.003
probabilities_array:[0.44690636 0.12393086 0.         0.42916277]

rule8: RollRate < -0.004
probabilities_array:[0.5097013  0.10560107 0.         0.3846976 ]

rule15: curRoll > 0.012
probabilities_array:[0.3821608  0.11711856 0.         0.5007206 ]

rule4: Altitude < -29.515
probabilities_array:[0.46608892 0.09435641 0.         0.4395547 ]


---2---
rule3: climbRate > 3.000
probabilities_array:[0.         0.38182154 0.5843909  0.0337876 ]

rule19: diffClb > 0.117
probabilities_array:[0.         0.2601562  0.6247689  0.11507487]

rule2: -0.315 < climbRate < 3.000
probabilities_array:[0.         0.3985492  0.4409233  0.16052745]

rule18: -0.003 < diffClb < 0.117
probabilities_array:[0.         0.3578914  0.27118838 0.37092015]

rule11: RollRate > 0.004
probabilities_array:[0.         0.37918738 0.1844763  0.43633634]

