R2: 0.6338696799744907

MAE: 0.0010670126249643448

MSE: 2.033474843021019e-06

Accuracy: 0.6778096147723655

F1: 0.6083209977563414

Confusion Matrix: [[1400, 82, 55], [268, 310, 304], [62, 241, 419]]

Uncertainties: {'class0': [0.28512752056121826, 0.37687501311302185, 0.4006689786911011, 0.4321691691875458, 0.47028374671936035], 'class1': [0.0326785147190094, 0.11117048561573029, 0.14392195641994476, 0.28512752056121826, 0.4006689786911011], 'class2': [0.0326785147190094, 0.11117048561573029, 0.14392195641994476, 0.42072033882141113, 0.4635657072067261]}

Most important rules
-----------------------------

---0---
rule16: diffClb < -0.120
probabilities_array:[0.623125 0.       0.       0.376875]

rule17: -0.120 < diffClb < -0.001
probabilities_array:[0.52990615 0.18496633 0.         0.28512752]

rule4: Altitude < -29.213
probabilities_array:[0.4840778  0.11525319 0.         0.40066898]

rule8: RollRate < -0.003
probabilities_array:[0.46803957 0.09979121 0.         0.43216917]

rule0: climbRate < -3.631
probabilities_array:[0.50987947 0.         0.         0.49012056]

rule15: curRoll > 0.012
probabilities_array:[0.4512523  0.05878725 0.         0.48996043]

rule14: 0.002 < curRoll < 0.012
probabilities_array:[0.4536135  0.02003812 0.         0.5263484 ]

rule12: curRoll < -0.009
probabilities_array:[0.45602453 0.         0.         0.5439755 ]

rule9: -0.003 < RollRate < 0.000
probabilities_array:[0.4281641 0.        0.0247146 0.5471213]

rule5: -29.213 < Altitude < -12.040
probabilities_array:[0.4374537 0.        0.        0.5625463]

rule7: Altitude > 5.132
probabilities_array:[0.3801342  0.11982974 0.         0.5000361 ]

rule13: -0.009 < curRoll < 0.002
probabilities_array:[0.35299495 0.09262147 0.         0.5543836 ]

rule6: -12.040 < Altitude < 5.132
probabilities_array:[0.3918701  0.00396967 0.         0.60416025]

rule1: -3.631 < climbRate < -0.308
probabilities_array:[0.27457455 0.25514162 0.         0.47028375]

rule10: 0.000 < RollRate < 0.004
probabilities_array:[0.24490064 0.0294808  0.08877672 0.63684183]

rule23: diffDiffClb = 0.0
probabilities_array:[2.5365973e-01 2.9280415e-04 8.4672563e-02 6.6137493e-01]


---1---
rule3: climbRate > 3.015
probabilities_array:[0.         0.38926315 0.57805836 0.03267851]

rule2: -0.308 < climbRate < 3.015
probabilities_array:[0.         0.42737243 0.42870554 0.14392196]

rule19: diffClb > 0.118
probabilities_array:[0.         0.24318142 0.6456481  0.11117049]

rule11: RollRate > 0.004
probabilities_array:[0.         0.34087276 0.23840693 0.42072034]

rule18: -0.001 < diffClb < 0.118
probabilities_array:[0.         0.3572108  0.17922352 0.4635657 ]

rule1: -3.631 < climbRate < -0.308
probabilities_array:[0.27457455 0.25514162 0.         0.47028375]

rule17: -0.120 < diffClb < -0.001
probabilities_array:[0.52990615 0.18496633 0.         0.28512752]

rule4: Altitude < -29.213
probabilities_array:[0.4840778  0.11525319 0.         0.40066898]

rule7: Altitude > 5.132
probabilities_array:[0.3801342  0.11982974 0.         0.5000361 ]

rule8: RollRate < -0.003
probabilities_array:[0.46803957 0.09979121 0.         0.43216917]

rule13: -0.009 < curRoll < 0.002
probabilities_array:[0.35299495 0.09262147 0.         0.5543836 ]


---2---
rule19: diffClb > 0.118
probabilities_array:[0.         0.24318142 0.6456481  0.11117049]

rule3: climbRate > 3.015
probabilities_array:[0.         0.38926315 0.57805836 0.03267851]

rule2: -0.308 < climbRate < 3.015
probabilities_array:[0.         0.42737243 0.42870554 0.14392196]

rule11: RollRate > 0.004
probabilities_array:[0.         0.34087276 0.23840693 0.42072034]

rule18: -0.001 < diffClb < 0.118
probabilities_array:[0.         0.3572108  0.17922352 0.4635657 ]

