R2: 0.6481652690914539

MAE: 0.0010679375463595148

MSE: 2.007795890874878e-06

Accuracy: 0.8182107609041707

F1: 0.7244845619362126

Confusion Matrix: [[2201, 184], [387, 369]]

Uncertainties: {'class0': [0.49464330077171326, 0.4984823763370514, 0.5122085213661194, 0.5167513489723206, 0.5428992509841919], 'class1': [0.3333914279937744, 0.3901670277118683, 0.6029381155967712]}

Most important rules
-----------------------------

---0---
rule16: diffClb < -0.119
probabilities_array:[0.5053567 0.        0.4946433]

rule0: climbRate < -3.617
probabilities_array:[0.5015176  0.         0.49848238]

rule17: -0.119 < diffClb < -0.000
probabilities_array:[0.4877915 0.        0.5122085]

rule8: RollRate < -0.004
probabilities_array:[0.48324865 0.         0.51675135]

rule1: -3.617 < climbRate < -0.305
probabilities_array:[0.45710072 0.         0.54289925]

rule4: Altitude < -29.546
probabilities_array:[0.42504594 0.         0.57495403]

rule15: curRoll > 0.012
probabilities_array:[0.34488764 0.         0.6551124 ]

rule14: 0.002 < curRoll < 0.012
probabilities_array:[0.33929697 0.         0.66070306]

rule7: Altitude > 4.684
probabilities_array:[0.33110365 0.         0.6688964 ]

rule9: -0.004 < RollRate < 0.000
probabilities_array:[0.27188554 0.         0.7281144 ]

rule5: -29.546 < Altitude < -12.431
probabilities_array:[0.2693961  0.         0.73060393]

rule12: curRoll < -0.009
probabilities_array:[0.26495788 0.         0.73504215]

rule10: 0.000 < RollRate < 0.004
probabilities_array:[0.21696883 0.05944218 0.723589  ]

rule13: -0.009 < curRoll < 0.002
probabilities_array:[0.22276448 0.         0.7772355 ]

rule6: -12.431 < Altitude < 4.684
probabilities_array:[0.21930961 0.         0.7806904 ]

rule11: RollRate > 0.004
probabilities_array:[0.21242969 0.00791847 0.7796519 ]

rule18: -0.000 < diffClb < 0.118
probabilities_array:[0.1714036  0.06319936 0.765397  ]


---1---
rule3: climbRate > 3.008
probabilities_array:[0.         0.6666086  0.33339143]

rule19: diffClb > 0.118
probabilities_array:[0.         0.60983294 0.39016703]

rule2: -0.305 < climbRate < 3.008
probabilities_array:[0.         0.39706185 0.6029381 ]

