R2: 0.6254374864649469

MAE: 0.0010650347907405606

MSE: 2.0504429526367793e-06

Accuracy: 0.8124801018783827

F1: 0.7180128756483436

Confusion Matrix: [[2185, 229], [360, 367]]

Uncertainties: {'class0': [0.46345415711402893, 0.493512898683548, 0.5148395299911499, 0.5595723390579224, 0.5628871917724609], 'class1': [0.30049896240234375, 0.3757058084011078, 0.565836489200592]}

Most important rules
-----------------------------

---0---
rule8: RollRate < -0.004
probabilities_array:[0.5365458  0.         0.46345416]

rule16: diffClb < -0.122
probabilities_array:[0.50648713 0.         0.4935129 ]

rule17: -0.122 < diffClb < -0.002
probabilities_array:[0.48516047 0.         0.51483953]

rule0: climbRate < -3.608
probabilities_array:[0.44042763 0.         0.55957234]

rule1: -3.608 < climbRate < -0.271
probabilities_array:[0.4371128 0.        0.5628872]

rule15: curRoll > 0.012
probabilities_array:[0.4040049 0.        0.5959951]

rule4: Altitude < -29.668
probabilities_array:[0.40361673 0.         0.5963833 ]

rule14: 0.002 < curRoll < 0.012
probabilities_array:[0.36531556 0.         0.63468444]

rule7: Altitude > 4.912
probabilities_array:[0.34494936 0.         0.65505064]

rule12: curRoll < -0.009
probabilities_array:[0.30493802 0.         0.695062  ]

rule9: -0.004 < RollRate < 0.000
probabilities_array:[0.30311608 0.         0.6968839 ]

rule13: -0.009 < curRoll < 0.002
probabilities_array:[0.29606283 0.         0.7039372 ]

rule5: -29.668 < Altitude < -12.378
probabilities_array:[0.27336654 0.         0.7266335 ]

rule6: -12.378 < Altitude < 4.912
probabilities_array:[2.7255148e-01 7.9337478e-06 7.2744060e-01]

rule10: 0.000 < RollRate < 0.004
probabilities_array:[0.23110309 0.         0.76889694]


---1---
rule3: climbRate > 3.066
probabilities_array:[0.         0.69950104 0.30049896]

rule19: diffClb > 0.118
probabilities_array:[0.        0.6242942 0.3757058]

rule2: -0.271 < climbRate < 3.066
probabilities_array:[0.         0.43416348 0.5658365 ]

