R2: 0.6365542419964041

MAE: 0.0010729444848184386

MSE: 2.0530689199156607e-06

Accuracy: 0.8150270614453996

F1: 0.7221507226297097

Confusion Matrix: [[2188, 194], [387, 372]]

Uncertainties: {'class0': [0.40928688645362854, 0.47840383648872375, 0.5046038031578064, 0.5078096985816956, 0.5281451940536499], 'class1': [0.3570222556591034, 0.40787065029144287, 0.645393431186676]}

Most important rules
-----------------------------

---0---
rule0: climbRate < -3.603
probabilities_array:[0.59071314 0.         0.4092869 ]

rule16: diffClb < -0.121
probabilities_array:[0.52159613 0.         0.47840384]

rule8: RollRate < -0.004
probabilities_array:[0.4953962 0.        0.5046038]

rule17: -0.121 < diffClb < -0.001
probabilities_array:[0.4921903 0.        0.5078097]

rule1: -3.603 < climbRate < -0.300
probabilities_array:[0.47185478 0.         0.5281452 ]

rule4: Altitude < -29.625
probabilities_array:[0.39586592 0.         0.6041341 ]

rule7: Altitude > 5.033
probabilities_array:[0.37707338 0.         0.6229266 ]

rule15: curRoll > 0.012
probabilities_array:[0.37628132 0.         0.6237187 ]

rule14: 0.001 < curRoll < 0.012
probabilities_array:[0.30890056 0.         0.69109946]

rule12: curRoll < -0.009
probabilities_array:[0.27771136 0.         0.72228867]

rule6: -12.296 < Altitude < 5.033
probabilities_array:[0.25373992 0.         0.7462601 ]

rule13: -0.009 < curRoll < 0.001
probabilities_array:[0.24854212 0.         0.75145787]

rule5: -29.625 < Altitude < -12.296
probabilities_array:[0.23528153 0.         0.7647185 ]

rule9: -0.004 < RollRate < 0.000
probabilities_array:[0.22668482 0.         0.7733152 ]


---1---
rule3: climbRate > 3.002
probabilities_array:[0.         0.6429778  0.35702226]

rule19: diffClb > 0.119
probabilities_array:[0.         0.59212935 0.40787065]

rule2: -0.300 < climbRate < 3.002
probabilities_array:[0.         0.35460657 0.64539343]

