R2: 0.6334376348765776

MAE: 0.0010761903006141398

MSE: 2.0597780086312064e-06

Accuracy: 0.6956383317414836

F1: 0.6293019280340674

Confusion Matrix: [[1426, 109, 28], [239, 354, 242], [62, 276, 405]]

Uncertainties: {'class0': [0.3497433662414551, 0.38502994179725647, 0.3852750360965729, 0.39731931686401367, 0.4242522418498993], 'class1': [0.03741670772433281, 0.11577034741640091, 0.16732612252235413, 0.3497433662414551, 0.3741818070411682], 'class2': [0.03741670772433281, 0.11577034741640091, 0.16732612252235413, 0.3741818070411682, 0.3747320771217346]}

Most important rules
-----------------------------

---0---
rule16: diffClb < -0.121
probabilities_array:[0.6149701  0.         0.         0.38502994]

rule0: climbRate < -3.593
probabilities_array:[0.6026807  0.         0.         0.39731932]

rule4: Altitude < -29.919
probabilities_array:[0.49469522 0.12002971 0.         0.38527504]

rule17: -0.121 < diffClb < -0.000
probabilities_array:[0.46538323 0.1848734  0.         0.34974337]

rule8: RollRate < -0.003
probabilities_array:[0.4641592  0.07294805 0.         0.4628928 ]

rule5: -29.919 < Altitude < -12.614
probabilities_array:[4.9292240e-01 9.1075141e-05 0.0000000e+00 5.0698656e-01]

rule7: Altitude > 4.690
probabilities_array:[0.40522608 0.17052168 0.         0.42425224]

rule15: curRoll > 0.012
probabilities_array:[0.39927593 0.09789117 0.         0.5028329 ]

rule1: -3.593 < climbRate < -0.282
probabilities_array:[0.30638093 0.2330846  0.         0.4605345 ]

rule9: -0.003 < RollRate < 0.000
probabilities_array:[0.38591307 0.         0.         0.6140869 ]

rule12: curRoll < -0.009
probabilities_array:[0.37237367 0.         0.022426   0.60520035]

rule23: diffDiffClb = 0.0
probabilities_array:[0.33026266 0.         0.09242658 0.5773108 ]

rule6: -12.614 < Altitude < 4.690
probabilities_array:[0.373583 0.       0.       0.626417]

rule14: 0.002 < curRoll < 0.012
probabilities_array:[0.33554098 0.02109529 0.         0.6433637 ]

rule10: 0.000 < RollRate < 0.004
probabilities_array:[0.22920385 0.01548961 0.09030429 0.6650023 ]

rule13: -0.009 < curRoll < 0.002
probabilities_array:[0.25337952 0.02902063 0.         0.71759987]


---1---
rule3: climbRate > 3.029
probabilities_array:[0.         0.39024925 0.57233405 0.03741671]

rule2: -0.282 < climbRate < 3.029
probabilities_array:[0.         0.36535862 0.46731526 0.16732612]

rule18: -0.000 < diffClb < 0.120
probabilities_array:[0.         0.43016934 0.19509856 0.37473208]

rule19: diffClb > 0.120
probabilities_array:[0.         0.29086637 0.5933633  0.11577035]

rule11: RollRate > 0.004
probabilities_array:[0.         0.35919592 0.26662228 0.3741818 ]

rule1: -3.593 < climbRate < -0.282
probabilities_array:[0.30638093 0.2330846  0.         0.4605345 ]

rule17: -0.121 < diffClb < -0.000
probabilities_array:[0.46538323 0.1848734  0.         0.34974337]

rule7: Altitude > 4.690
probabilities_array:[0.40522608 0.17052168 0.         0.42425224]

rule4: Altitude < -29.919
probabilities_array:[0.49469522 0.12002971 0.         0.38527504]

rule15: curRoll > 0.012
probabilities_array:[0.39927593 0.09789117 0.         0.5028329 ]


---2---
rule3: climbRate > 3.029
probabilities_array:[0.         0.39024925 0.57233405 0.03741671]

rule19: diffClb > 0.120
probabilities_array:[0.         0.29086637 0.5933633  0.11577035]

rule2: -0.282 < climbRate < 3.029
probabilities_array:[0.         0.36535862 0.46731526 0.16732612]

rule11: RollRate > 0.004
probabilities_array:[0.         0.35919592 0.26662228 0.3741818 ]

rule18: -0.000 < diffClb < 0.120
probabilities_array:[0.         0.43016934 0.19509856 0.37473208]

