R2: 0.6256049001870962

MAE: 0.0010879849846493824

MSE: 2.125082503796546e-06

Accuracy: 0.8153454313912767

F1: 0.7254979604235376

Confusion Matrix: [[2179, 228], [352, 382]]

Uncertainties: {'class0': [0.38346993923187256, 0.39794835448265076, 0.5209421515464783, 0.5370107889175415, 0.5436457991600037], 'class1': [0.37505728006362915, 0.42877715826034546, 0.6337721347808838]}

Most important rules
-----------------------------

---0---
rule0: climbRate < -3.574
probabilities_array:[0.61653006 0.         0.38346994]

rule16: diffClb < -0.117
probabilities_array:[0.6020516  0.         0.39794835]

rule17: -0.117 < diffClb < 0.001
probabilities_array:[0.47905785 0.         0.52094215]

rule1: -3.574 < climbRate < -0.244
probabilities_array:[0.4629892 0.        0.5370108]

rule8: RollRate < -0.004
probabilities_array:[0.45635417 0.         0.5436458 ]

rule4: Altitude < -29.410
probabilities_array:[0.4155024 0.        0.5844976]

rule15: curRoll > 0.012
probabilities_array:[0.3459307 0.        0.6540693]

rule7: Altitude > 4.805
probabilities_array:[0.28595963 0.00580392 0.7082364 ]

rule5: -29.410 < Altitude < -12.302
probabilities_array:[0.28050953 0.         0.71949047]

rule14: 0.002 < curRoll < 0.012
probabilities_array:[0.27909124 0.         0.72090876]

rule9: -0.004 < RollRate < 0.000
probabilities_array:[0.26909807 0.         0.73090196]

rule6: -12.302 < Altitude < 4.805
probabilities_array:[0.2646015 0.        0.7353985]

rule12: curRoll < -0.009
probabilities_array:[0.2573274  0.         0.74267256]

rule13: -0.009 < curRoll < 0.002
probabilities_array:[0.24551758 0.         0.7544824 ]


---1---
rule3: climbRate > 3.085
probabilities_array:[0.         0.6249427  0.37505728]

rule19: diffClb > 0.120
probabilities_array:[0.         0.57122284 0.42877716]

rule2: -0.244 < climbRate < 3.085
probabilities_array:[0.         0.36622784 0.63377213]

