R2: 0.6190274731837524

MAE: 0.001089281129775515

MSE: 2.0744425172662313e-06

Accuracy: 0.6930913721744667

F1: 0.6191615181732452

Confusion Matrix: [[1434, 73, 40], [255, 283, 339], [76, 181, 460]]

Uncertainties: {'class0': [0.2758863568305969, 0.37117722630500793, 0.4112473130226135, 0.42946338653564453, 0.4398346245288849], 'class1': [0.03146953135728836, 0.11572431772947311, 0.1338973343372345, 0.2758863568305969, 0.37117722630500793], 'class2': [0.03146953135728836, 0.11572431772947311, 0.1338973343372345, 0.3979564905166626, 0.42823565006256104]}

Most important rules
-----------------------------

---0---
rule17: -0.121 < diffClb < -0.001
probabilities_array:[0.48697376 0.23713988 0.         0.27588636]

rule16: diffClb < -0.121
probabilities_array:[0.5887527 0.        0.        0.4112473]

rule8: RollRate < -0.003
probabilities_array:[0.52339166 0.10543109 0.         0.37117723]

rule4: Altitude < -29.333
probabilities_array:[0.4962374  0.07429924 0.         0.4294634 ]

rule0: climbRate < -3.594
probabilities_array:[0.4906812  0.         0.         0.50931877]

rule15: curRoll > 0.012
probabilities_array:[0.46047685 0.05092848 0.         0.48859468]

rule5: -29.333 < Altitude < -12.257
probabilities_array:[4.6260241e-01 3.7225938e-05 0.0000000e+00 5.3736037e-01]

rule12: curRoll < -0.009
probabilities_array:[0.4489464 0.        0.        0.5510536]

rule7: Altitude > 4.819
probabilities_array:[0.38070387 0.14858031 0.         0.47071582]

rule14: 0.002 < curRoll < 0.012
probabilities_array:[0.43982926 0.         0.         0.56017077]

rule9: -0.003 < RollRate < 0.000
probabilities_array:[0.43606165 0.         0.         0.5639383 ]

rule6: -12.257 < Altitude < 4.819
probabilities_array:[0.403835 0.       0.       0.596165]

rule1: -3.594 < climbRate < -0.276
probabilities_array:[0.25700268 0.30316266 0.         0.43983462]

rule13: -0.009 < curRoll < 0.002
probabilities_array:[0.33888057 0.04761551 0.         0.61350393]

rule23: diffDiffClb = 0.0
probabilities_array:[0.28085017 0.00293032 0.08157733 0.63464224]

rule10: 0.000 < RollRate < 0.004
probabilities_array:[0.2778627  0.00986344 0.03759412 0.67467976]


---1---
rule2: -0.276 < climbRate < 3.041
probabilities_array:[0.         0.4146849  0.45141777 0.13389733]

rule3: climbRate > 3.041
probabilities_array:[0.         0.37007874 0.59845173 0.03146953]

rule19: diffClb > 0.118
probabilities_array:[0.         0.27063653 0.6136391  0.11572432]

rule18: -0.001 < diffClb < 0.118
probabilities_array:[0.         0.38574365 0.21629985 0.3979565 ]

rule11: RollRate > 0.004
probabilities_array:[0.00054156 0.32567263 0.24555016 0.42823565]

rule17: -0.121 < diffClb < -0.001
probabilities_array:[0.48697376 0.23713988 0.         0.27588636]

rule1: -3.594 < climbRate < -0.276
probabilities_array:[0.25700268 0.30316266 0.         0.43983462]

rule7: Altitude > 4.819
probabilities_array:[0.38070387 0.14858031 0.         0.47071582]

rule8: RollRate < -0.003
probabilities_array:[0.52339166 0.10543109 0.         0.37117723]

rule4: Altitude < -29.333
probabilities_array:[0.4962374  0.07429924 0.         0.4294634 ]


---2---
rule3: climbRate > 3.041
probabilities_array:[0.         0.37007874 0.59845173 0.03146953]

rule19: diffClb > 0.118
probabilities_array:[0.         0.27063653 0.6136391  0.11572432]

rule2: -0.276 < climbRate < 3.041
probabilities_array:[0.         0.4146849  0.45141777 0.13389733]

rule11: RollRate > 0.004
probabilities_array:[0.00054156 0.32567263 0.24555016 0.42823565]

rule18: -0.001 < diffClb < 0.118
probabilities_array:[0.         0.38574365 0.21629985 0.3979565 ]

