R2: 0.6405297415943002

MAE: 0.0010672150599358356

MSE: 2.048915118201389e-06

Accuracy: 0.7198344476281439

F1: 0.6500534631940158

Confusion Matrix: [[1477, 80, 40], [213, 344, 229], [41, 277, 440]]

Uncertainties: {'class0': [0.30828824639320374, 0.3940718173980713, 0.39773714542388916, 0.4567461907863617, 0.48086676001548767], 'class1': [0.03567241132259369, 0.12027036398649216, 0.15597224235534668, 0.23465755581855774, 0.30828824639320374], 'class2': [0.03567241132259369, 0.12027036398649216, 0.15597224235534668, 0.23465755581855774, 0.416873961687088]}

Most important rules
-----------------------------

---0---
rule16: diffClb < -0.117
probabilities_array:[0.6059282  0.         0.         0.39407182]

rule17: -0.117 < diffClb < 0.002
probabilities_array:[0.40293872 0.28877306 0.         0.30828825]

rule4: Altitude < -29.802
probabilities_array:[0.45584577 0.1464171  0.         0.39773715]

rule0: climbRate < -3.549
probabilities_array:[0.5191332  0.         0.         0.48086676]

rule8: RollRate < -0.004
probabilities_array:[0.46904856 0.02577713 0.         0.5051743 ]

rule9: -0.004 < RollRate < 0.000
probabilities_array:[0.40137756 0.         0.         0.59862244]

rule1: -3.549 < climbRate < -0.240
probabilities_array:[0.291405  0.2518489 0.        0.4567462]

rule12: curRoll < -0.009
probabilities_array:[0.39327377 0.00683646 0.         0.5998898 ]

rule7: Altitude > 4.429
probabilities_array:[0.3121697  0.17440668 0.         0.5134236 ]

rule5: -29.802 < Altitude < -12.687
probabilities_array:[0.3683791  0.02022236 0.         0.6113986 ]

rule15: curRoll > 0.012
probabilities_array:[0.35043952 0.01579596 0.         0.6337645 ]

rule14: 0.002 < curRoll < 0.012
probabilities_array:[0.3579105 0.        0.        0.6420895]

rule6: -12.687 < Altitude < 4.429
probabilities_array:[0.34530154 0.         0.         0.65469843]

rule13: -0.009 < curRoll < 0.002
probabilities_array:[0.27669144 0.06884696 0.         0.6544616 ]

rule10: 0.000 < RollRate < 0.004
probabilities_array:[0.272524   0.         0.07456373 0.65291226]

rule23: diffDiffClb = 0.0
probabilities_array:[0.2637858  0.         0.04899217 0.687222  ]


---1---
rule3: climbRate > 3.069
probabilities_array:[0.         0.39703086 0.56729674 0.03567241]

rule2: -0.240 < climbRate < 3.069
probabilities_array:[0.         0.4473007  0.39672706 0.15597224]

rule18: 0.002 < diffClb < 0.121
probabilities_array:[0.         0.39608586 0.36925665 0.23465756]

rule19: diffClb > 0.121
probabilities_array:[0.         0.2581405  0.6215891  0.12027036]

rule17: -0.117 < diffClb < 0.002
probabilities_array:[0.40293872 0.28877306 0.         0.30828825]

rule11: RollRate > 0.004
probabilities_array:[0.         0.30009103 0.28303504 0.41687396]

rule1: -3.549 < climbRate < -0.240
probabilities_array:[0.291405  0.2518489 0.        0.4567462]

rule4: Altitude < -29.802
probabilities_array:[0.45584577 0.1464171  0.         0.39773715]

rule7: Altitude > 4.429
probabilities_array:[0.3121697  0.17440668 0.         0.5134236 ]


---2---
rule3: climbRate > 3.069
probabilities_array:[0.         0.39703086 0.56729674 0.03567241]

rule19: diffClb > 0.121
probabilities_array:[0.         0.2581405  0.6215891  0.12027036]

rule2: -0.240 < climbRate < 3.069
probabilities_array:[0.         0.4473007  0.39672706 0.15597224]

rule18: 0.002 < diffClb < 0.121
probabilities_array:[0.         0.39608586 0.36925665 0.23465756]

rule11: RollRate > 0.004
probabilities_array:[0.         0.30009103 0.28303504 0.41687396]

