R2: 0.6404235540787434

MAE: 0.0010657349133296576

MSE: 2.0726638703935972e-06

Accuracy: 0.6943648519579751

F1: 0.627370120816382

Confusion Matrix: [[1406, 86, 30], [250, 307, 297], [51, 246, 468]]

Uncertainties: {'class0': [0.3837023377418518, 0.40092986822128296, 0.40837132930755615, 0.4110075533390045, 0.43581125140190125], 'class1': [0.03912053257226944, 0.12726952135562897, 0.15849266946315765, 0.3837023377418518, 0.3956160545349121], 'class2': [0.03912053257226944, 0.12726952135562897, 0.15849266946315765, 0.3956160545349121, 0.42335328459739685]}

Most important rules
-----------------------------

---0---
rule16: diffClb < -0.119
probabilities_array:[0.59907013 0.         0.         0.40092987]

rule0: climbRate < -3.662
probabilities_array:[0.5916287  0.         0.         0.40837133]

rule17: -0.119 < diffClb < -0.001
probabilities_array:[0.494735   0.12156264 0.         0.38370234]

rule4: Altitude < -29.451
probabilities_array:[0.45880744 0.13018498 0.         0.41100755]

rule8: RollRate < -0.004
probabilities_array:[0.476883   0.08730576 0.         0.43581125]

rule15: curRoll > 0.012
probabilities_array:[0.40948248 0.06735318 0.         0.52316433]

rule5: -29.451 < Altitude < -12.345
probabilities_array:[0.43108487 0.0165667  0.         0.55234843]

rule7: Altitude > 4.762
probabilities_array:[0.37166387 0.09858158 0.         0.5297545 ]

rule12: curRoll < -0.009
probabilities_array:[0.41473076 0.         0.         0.5852693 ]

rule6: -12.345 < Altitude < 4.762
probabilities_array:[0.40882632 0.         0.00188845 0.58928525]

rule14: 0.002 < curRoll < 0.012
probabilities_array:[4.0482491e-01 1.2937016e-05 0.0000000e+00 5.9516215e-01]

rule1: -3.662 < climbRate < -0.371
probabilities_array:[0.29258457 0.20381156 0.         0.5036039 ]

rule9: -0.004 < RollRate < 0.000
probabilities_array:[0.37311852 0.         0.         0.6268815 ]

rule23: diffDiffClb = 0.0
probabilities_array:[0.29538247 0.         0.03986089 0.6647566 ]

rule10: 0.000 < RollRate < 0.004
probabilities_array:[0.2350491  0.01387182 0.13356459 0.6175145 ]

rule13: -0.009 < curRoll < 0.002
probabilities_array:[0.2652323  0.05961962 0.         0.67514807]


---1---
rule3: climbRate > 2.920
probabilities_array:[0.         0.4058867  0.55499274 0.03912053]

rule2: -0.371 < climbRate < 2.920
probabilities_array:[0.         0.44127756 0.40022972 0.15849267]

rule19: diffClb > 0.117
probabilities_array:[0.         0.24378382 0.62894666 0.12726952]

rule11: RollRate > 0.004
probabilities_array:[0.         0.34993628 0.25444764 0.39561605]

rule18: -0.001 < diffClb < 0.117
probabilities_array:[0.         0.35074997 0.22589673 0.42335328]

rule1: -3.662 < climbRate < -0.371
probabilities_array:[0.29258457 0.20381156 0.         0.5036039 ]

rule4: Altitude < -29.451
probabilities_array:[0.45880744 0.13018498 0.         0.41100755]

rule17: -0.119 < diffClb < -0.001
probabilities_array:[0.494735   0.12156264 0.         0.38370234]

rule8: RollRate < -0.004
probabilities_array:[0.476883   0.08730576 0.         0.43581125]

rule7: Altitude > 4.762
probabilities_array:[0.37166387 0.09858158 0.         0.5297545 ]


---2---
rule19: diffClb > 0.117
probabilities_array:[0.         0.24378382 0.62894666 0.12726952]

rule3: climbRate > 2.920
probabilities_array:[0.         0.4058867  0.55499274 0.03912053]

rule2: -0.371 < climbRate < 2.920
probabilities_array:[0.         0.44127756 0.40022972 0.15849267]

rule11: RollRate > 0.004
probabilities_array:[0.         0.34993628 0.25444764 0.39561605]

rule18: -0.001 < diffClb < 0.117
probabilities_array:[0.         0.35074997 0.22589673 0.42335328]

rule10: 0.000 < RollRate < 0.004
probabilities_array:[0.2350491  0.01387182 0.13356459 0.6175145 ]

