R2: 0.6390755935373322

MAE: 0.001068531234789842

MSE: 2.0695898001529957e-06

Accuracy: 0.7147405284941102

F1: 0.644647869669401

Confusion Matrix: [[1457, 72, 51], [226, 311, 256], [65, 226, 477]]

Uncertainties: {'class0': [0.25078269839286804, 0.37858739495277405, 0.3920949399471283, 0.4521608054637909, 0.507977306842804], 'class1': [0.03043767809867859, 0.14404365420341492, 0.1851460486650467, 0.25078269839286804, 0.27168038487434387], 'class2': [0.03043767809867859, 0.14404365420341492, 0.1851460486650467, 0.27168038487434387, 0.34305962920188904]}

Most important rules
-----------------------------

---0---
rule16: diffClb < -0.119
probabilities_array:[0.6214126 0.        0.        0.3785874]

rule17: -0.119 < diffClb < 0.001
probabilities_array:[0.43156746 0.31764978 0.         0.2507827 ]

rule0: climbRate < -3.593
probabilities_array:[0.5478392 0.        0.        0.4521608]

rule4: Altitude < -29.784
probabilities_array:[0.4577337  0.15017132 0.         0.39209494]

rule8: RollRate < -0.004
probabilities_array:[0.44386643 0.04815625 0.         0.5079773 ]

rule7: Altitude > 4.671
probabilities_array:[0.39048353 0.10016676 0.         0.5093497 ]

rule5: -29.784 < Altitude < -12.556
probabilities_array:[0.42304066 0.02308564 0.         0.5538737 ]

rule12: curRoll < -0.009
probabilities_array:[0.4212106  0.         0.01693168 0.5618577 ]

rule9: -0.004 < RollRate < 0.000
probabilities_array:[0.37001452 0.         0.03368113 0.59630436]

rule6: -12.556 < Altitude < 4.671
probabilities_array:[0.38156664 0.         0.00107483 0.6173585 ]

rule15: curRoll > 0.012
probabilities_array:[0.35380763 0.04941619 0.         0.5967762 ]

rule1: -3.593 < climbRate < -0.277
probabilities_array:[0.28468364 0.20352027 0.         0.5117961 ]

rule14: 0.002 < curRoll < 0.012
probabilities_array:[0.35594296 0.00541895 0.         0.6386381 ]

rule23: diffDiffClb = 0.0
probabilities_array:[0.24374361 0.         0.04900737 0.707249  ]

rule10: 0.000 < RollRate < 0.004
probabilities_array:[0.1996303  0.00316955 0.10087284 0.69632727]

rule13: -0.009 < curRoll < 0.002
probabilities_array:[0.19429041 0.08710903 0.         0.7186006 ]


---1---
rule3: climbRate > 3.039
probabilities_array:[0.         0.37365082 0.59591144 0.03043768]

rule2: -0.277 < climbRate < 3.039
probabilities_array:[0.         0.39638427 0.4595721  0.14404365]

rule18: 0.001 < diffClb < 0.120
probabilities_array:[0.         0.41303733 0.31528234 0.27168038]

rule17: -0.119 < diffClb < 0.001
probabilities_array:[0.43156746 0.31764978 0.         0.2507827 ]

rule11: RollRate > 0.004
probabilities_array:[0.         0.3364425  0.32049784 0.34305963]

rule19: diffClb > 0.120
probabilities_array:[0.         0.24814932 0.56670463 0.18514605]

rule1: -3.593 < climbRate < -0.277
probabilities_array:[0.28468364 0.20352027 0.         0.5117961 ]

rule4: Altitude < -29.784
probabilities_array:[0.4577337  0.15017132 0.         0.39209494]

rule7: Altitude > 4.671
probabilities_array:[0.39048353 0.10016676 0.         0.5093497 ]


---2---
rule3: climbRate > 3.039
probabilities_array:[0.         0.37365082 0.59591144 0.03043768]

rule19: diffClb > 0.120
probabilities_array:[0.         0.24814932 0.56670463 0.18514605]

rule2: -0.277 < climbRate < 3.039
probabilities_array:[0.         0.39638427 0.4595721  0.14404365]

rule18: 0.001 < diffClb < 0.120
probabilities_array:[0.         0.41303733 0.31528234 0.27168038]

rule11: RollRate > 0.004
probabilities_array:[0.         0.3364425  0.32049784 0.34305963]

