R2: 0.6266735031907263

MAE: 0.0010748079388025744

MSE: 2.0374058365025444e-06

Accuracy: 0.8678764724609996

F1: 0.8678674188726945

Confusion Matrix: [[1350, 177], [238, 1376]]

Uncertainties: {'class0': [0.16553598642349243, 0.1924646943807602, 0.39209917187690735, 0.405719131231308, 0.5212646722793579], 'class1': [0.21832171082496643, 0.3384683430194855, 0.5009601712226868, 0.5374242067337036, 0.6822264194488525]}

Most important rules
-----------------------------

---0---
rule0: climbRate < -3.633
probabilities_array:[0.834464   0.         0.16553599]

rule16: diffClb < -0.121
probabilities_array:[0.8075353 0.        0.1924647]

rule17: -0.121 < diffClb < -0.001
probabilities_array:[0.60790086 0.         0.39209917]

rule1: -3.633 < climbRate < -0.316
probabilities_array:[0.5942809  0.         0.40571913]

rule8: RollRate < -0.004
probabilities_array:[0.4787353 0.        0.5212647]

rule9: -0.004 < RollRate < 0.000
probabilities_array:[0.309242 0.       0.690758]


---1---
rule3: climbRate > 3.000
probabilities_array:[0.         0.7816783  0.21832171]

rule19: diffClb > 0.118
probabilities_array:[0.         0.6615316  0.33846834]

rule2: -0.316 < climbRate < 3.000
probabilities_array:[0.01496172 0.48407808 0.5009602 ]

rule11: RollRate > 0.004
probabilities_array:[0.        0.4625758 0.5374242]

rule18: -0.001 < diffClb < 0.118
probabilities_array:[0.         0.31777355 0.6822264 ]

rule13: -0.009 < curRoll < 0.002
probabilities_array:[0.         0.28441328 0.7155867 ]

rule7: Altitude > 4.957
probabilities_array:[0.         0.27934474 0.72065526]

rule6: -12.122 < Altitude < 4.957
probabilities_array:[0.         0.21612574 0.7838743 ]

