R2: 0.6356867564103769

MAE: 0.0010902080900301527

MSE: 2.1332937222314643e-06

Accuracy: 0.8732887615409105

F1: 0.873281967029661

Confusion Matrix: [[1360, 182], [216, 1383]]

Uncertainties: {'class0': [0.21360862255096436, 0.2648645043373108, 0.43869057297706604, 0.4939996302127838, 0.6135838031768799], 'class1': [0.189169779419899, 0.21872903406620026, 0.45021459460258484, 0.4553670287132263, 0.5670424699783325]}

Most important rules
-----------------------------

---0---
rule0: climbRate < -3.642
probabilities_array:[0.7863914  0.         0.21360862]

rule16: diffClb < -0.120
probabilities_array:[0.7351355 0.        0.2648645]

rule1: -3.642 < climbRate < -0.324
probabilities_array:[0.56130946 0.         0.43869057]

rule17: -0.120 < diffClb < -0.001
probabilities_array:[0.50600034 0.         0.49399963]

rule8: RollRate < -0.004
probabilities_array:[0.3864162 0.        0.6135838]

rule9: -0.004 < RollRate < -0.000
probabilities_array:[0.2652398  0.         0.73476017]


---1---
rule3: climbRate > 2.995
probabilities_array:[0.         0.81083024 0.18916978]

rule19: diffClb > 0.117
probabilities_array:[0.         0.781271   0.21872903]

rule11: RollRate > 0.004
probabilities_array:[0.        0.5497854 0.4502146]

rule2: -0.324 < climbRate < 2.995
probabilities_array:[0.         0.544633   0.45536703]

rule18: -0.001 < diffClb < 0.117
probabilities_array:[0.         0.43295753 0.56704247]

