R2: 0.6263581510047032

MAE: 0.0010721411322026288

MSE: 2.05555865600076e-06

Accuracy: 0.6902260426615727

F1: 0.6252886241544018

Confusion Matrix: [[1396, 105, 37], [213, 337, 311], [51, 256, 435]]

Uncertainties: {'class0': [0.3491039574146271, 0.38094425201416016, 0.39760729670524597, 0.41534551978111267, 0.4192439615726471], 'class1': [0.038763377815485, 0.09256958961486816, 0.1570460945367813, 0.3485948145389557, 0.3491039574146271], 'class2': [0.038763377815485, 0.09256958961486816, 0.1570460945367813, 0.3485948145389557, 0.40716928243637085]}

Most important rules
-----------------------------

---0---
rule0: climbRate < -3.614
probabilities_array:[0.60239273 0.         0.         0.3976073 ]

rule4: Altitude < -29.408
probabilities_array:[0.5245182  0.12637787 0.         0.34910396]

rule16: diffClb < -0.121
probabilities_array:[0.580756   0.         0.         0.41924396]

rule17: -0.121 < diffClb < -0.001
probabilities_array:[0.44544387 0.17361186 0.         0.38094425]

rule8: RollRate < -0.004
probabilities_array:[0.47090557 0.11374889 0.         0.41534552]

rule5: -29.408 < Altitude < -12.309
probabilities_array:[0.49516937 0.00767864 0.         0.49715197]

rule15: curRoll > 0.012
probabilities_array:[0.41583812 0.06659    0.         0.51757187]

rule12: curRoll < -0.009
probabilities_array:[0.4425039  0.00368177 0.         0.55381435]

rule7: Altitude > 4.790
probabilities_array:[0.38471594 0.10953492 0.         0.5057491 ]

rule6: -12.309 < Altitude < 4.790
probabilities_array:[0.4213525 0.        0.        0.5786475]

rule1: -3.614 < climbRate < -0.316
probabilities_array:[0.3014242  0.2600852  0.         0.43849063]

rule14: 0.002 < curRoll < 0.012
probabilities_array:[0.39640388 0.         0.         0.6035961 ]

rule9: -0.004 < RollRate < 0.000
probabilities_array:[0.39074922 0.         0.         0.6092508 ]

rule13: -0.009 < curRoll < 0.002
probabilities_array:[0.3064022  0.09205576 0.         0.601542  ]

rule23: diffDiffClb = 0.0
probabilities_array:[3.0237469e-01 2.5675652e-04 5.0345518e-02 6.4702296e-01]

rule10: 0.000 < RollRate < 0.004
probabilities_array:[0.23622076 0.0265598  0.18504386 0.55217564]


---1---
rule3: climbRate > 2.981
probabilities_array:[0.         0.38588467 0.57535195 0.03876338]

rule2: -0.316 < climbRate < 2.981
probabilities_array:[0.        0.4241761 0.4187778 0.1570461]

rule18: -0.001 < diffClb < 0.119
probabilities_array:[0.         0.39213416 0.259271   0.3485948 ]

rule19: diffClb > 0.119
probabilities_array:[0.         0.24855357 0.65887684 0.09256959]

rule11: RollRate > 0.004
probabilities_array:[0.         0.3610831  0.23174755 0.40716928]

rule1: -3.614 < climbRate < -0.316
probabilities_array:[0.3014242  0.2600852  0.         0.43849063]

rule17: -0.121 < diffClb < -0.001
probabilities_array:[0.44544387 0.17361186 0.         0.38094425]

rule4: Altitude < -29.408
probabilities_array:[0.5245182  0.12637787 0.         0.34910396]

rule8: RollRate < -0.004
probabilities_array:[0.47090557 0.11374889 0.         0.41534552]

rule7: Altitude > 4.790
probabilities_array:[0.38471594 0.10953492 0.         0.5057491 ]


---2---
rule19: diffClb > 0.119
probabilities_array:[0.         0.24855357 0.65887684 0.09256959]

rule3: climbRate > 2.981
probabilities_array:[0.         0.38588467 0.57535195 0.03876338]

rule2: -0.316 < climbRate < 2.981
probabilities_array:[0.        0.4241761 0.4187778 0.1570461]

rule18: -0.001 < diffClb < 0.119
probabilities_array:[0.         0.39213416 0.259271   0.3485948 ]

rule11: RollRate > 0.004
probabilities_array:[0.         0.3610831  0.23174755 0.40716928]

rule10: 0.000 < RollRate < 0.004
probabilities_array:[0.23622076 0.0265598  0.18504386 0.55217564]

