R2: 0.6311572789633363

MAE: 0.0011037649404532833

MSE: 2.2151047626820723e-06

Accuracy: 0.8236230499840815

F1: 0.7386509867531765

Confusion Matrix: [[2189, 197], [357, 398]]

Uncertainties: {'class0': [0.3950325548648834, 0.5015178918838501, 0.5501019954681396, 0.5679848194122314, 0.5851730108261108], 'class1': [0.3872007429599762, 0.3972519636154175, 0.6743220090866089, 0.7364376783370972]}

Most important rules
-----------------------------

---0---
rule0: climbRate < -3.574
probabilities_array:[0.6049674  0.         0.39503255]

rule16: diffClb < -0.118
probabilities_array:[0.49848214 0.         0.5015179 ]

rule1: -3.574 < climbRate < -0.258
probabilities_array:[0.44989803 0.         0.550102  ]

rule8: RollRate < -0.004
probabilities_array:[0.43201518 0.         0.5679848 ]

rule15: curRoll > 0.012
probabilities_array:[0.41482702 0.         0.585173  ]

rule17: -0.118 < diffClb < 0.001
probabilities_array:[0.41242096 0.         0.5875791 ]

rule14: 0.002 < curRoll < 0.012
probabilities_array:[0.3710761 0.        0.6289239]

rule4: Altitude < -29.918
probabilities_array:[0.36839515 0.         0.63160485]

rule13: -0.009 < curRoll < 0.002
probabilities_array:[0.36026505 0.         0.639735  ]

rule7: Altitude > 4.056
probabilities_array:[3.1398371e-01 2.5093339e-05 6.8599123e-01]

rule12: curRoll < -0.009
probabilities_array:[0.28954092 0.         0.7104591 ]

rule9: -0.004 < RollRate < 0.000
probabilities_array:[0.27850047 0.         0.7214995 ]

rule5: -29.918 < Altitude < -12.931
probabilities_array:[0.21703598 0.         0.782964  ]

rule6: -12.931 < Altitude < 4.056
probabilities_array:[0.21263744 0.         0.7873626 ]

rule10: 0.000 < RollRate < 0.004
probabilities_array:[0.19306533 0.03360904 0.7733256 ]


---1---
rule19: diffClb > 0.120
probabilities_array:[0.         0.6127992  0.38720074]

rule3: climbRate > 3.058
probabilities_array:[0.         0.60274804 0.39725196]

rule2: -0.258 < climbRate < 3.058
probabilities_array:[0.         0.32567802 0.674322  ]

rule18: 0.001 < diffClb < 0.120
probabilities_array:[0.         0.26356232 0.7364377 ]

