R2: 0.6365076163033387

MAE: 0.0010623619967814204

MSE: 2.0114360038148963e-06

Accuracy: 0.8188475007959248

F1: 0.7150039108189757

Confusion Matrix: [[2234, 174], [395, 338]]

Uncertainties: {'class0': [0.43469730019569397, 0.4443688988685608, 0.49359312653541565, 0.5014324188232422, 0.5110728144645691], 'class1': [0.38384810090065, 0.4150778353214264, 0.6557921767234802]}

Most important rules
-----------------------------

---0---
rule0: climbRate < -3.521
probabilities_array:[0.5653027 0.        0.4346973]

rule16: diffClb < -0.121
probabilities_array:[0.5556311 0.        0.4443689]

rule8: RollRate < -0.004
probabilities_array:[0.50640684 0.         0.49359313]

rule1: -3.521 < climbRate < -0.235
probabilities_array:[0.49856758 0.         0.5014324 ]

rule17: -0.121 < diffClb < -0.000
probabilities_array:[0.48892722 0.         0.5110728 ]

rule4: Altitude < -29.704
probabilities_array:[0.40052655 0.         0.5994734 ]

rule7: Altitude > 5.146
probabilities_array:[0.39303568 0.         0.60696435]

rule15: curRoll > 0.012
probabilities_array:[0.38846293 0.         0.6115371 ]

rule14: 0.002 < curRoll < 0.012
probabilities_array:[0.29381606 0.         0.7061839 ]

rule13: -0.009 < curRoll < 0.002
probabilities_array:[0.28311902 0.         0.716881  ]

rule6: -12.279 < Altitude < 5.146
probabilities_array:[0.2796223  0.         0.72037774]

rule5: -29.704 < Altitude < -12.279
probabilities_array:[0.26262513 0.         0.7373749 ]

rule12: curRoll < -0.009
probabilities_array:[0.25783446 0.         0.7421655 ]

rule9: -0.004 < RollRate < 0.000
probabilities_array:[0.23013502 0.         0.769865  ]

rule11: RollRate > 0.004
probabilities_array:[0.20349433 0.00243289 0.7940728 ]


---1---
rule3: climbRate > 3.051
probabilities_array:[0.         0.61615187 0.3838481 ]

rule19: diffClb > 0.120
probabilities_array:[0.         0.58492213 0.41507784]

rule2: -0.235 < climbRate < 3.051
probabilities_array:[0.         0.34420782 0.6557922 ]

