R2: 0.6396334112872075

MAE: 0.0010639608240837273

MSE: 2.000545444111425e-06

Accuracy: 0.8204393505253104

F1: 0.7336467483542404

Confusion Matrix: [[2185, 216], [348, 392]]

Uncertainties: {'class0': [0.4728410542011261, 0.49317994713783264, 0.5394802689552307, 0.5478453040122986, 0.5609688758850098], 'class1': [0.34380990266799927, 0.3685705363750458, 0.682435154914856, 0.6970260739326477]}

Most important rules
-----------------------------

---0---
rule0: climbRate < -3.590
probabilities_array:[0.527159   0.         0.47284105]

rule16: diffClb < -0.120
probabilities_array:[0.5068201  0.         0.49317995]

rule1: -3.590 < climbRate < -0.268
probabilities_array:[0.46051973 0.         0.53948027]

rule8: RollRate < -0.004
probabilities_array:[0.45215467 0.         0.5478453 ]

rule4: Altitude < -29.359
probabilities_array:[0.43903115 0.         0.5609689 ]

rule7: Altitude > 5.218
probabilities_array:[0.40308282 0.         0.59691715]

rule15: curRoll > 0.012
probabilities_array:[0.3819223 0.        0.6180777]

rule5: -29.359 < Altitude < -12.070
probabilities_array:[0.36509436 0.         0.63490564]

rule17: -0.120 < diffClb < 0.000
probabilities_array:[0.33376384 0.         0.66623616]

rule14: 0.001 < curRoll < 0.012
probabilities_array:[0.3040717  0.         0.69592834]

rule6: -12.070 < Altitude < 5.218
probabilities_array:[0.30206823 0.         0.69793177]

rule12: curRoll < -0.009
probabilities_array:[0.29498214 0.         0.70501786]

rule13: -0.009 < curRoll < 0.001
probabilities_array:[0.29130033 0.         0.70869964]

rule9: -0.004 < RollRate < 0.000
probabilities_array:[0.27619433 0.         0.72380567]


---1---
rule19: diffClb > 0.121
probabilities_array:[0.        0.6561901 0.3438099]

rule3: climbRate > 3.055
probabilities_array:[0.         0.63142943 0.36857054]

rule2: -0.268 < climbRate < 3.055
probabilities_array:[0.         0.31756482 0.68243515]

rule18: 0.000 < diffClb < 0.121
probabilities_array:[0.        0.3029739 0.6970261]

