R2: 0.6233051226591593

MAE: 0.0010786562569387935

MSE: 2.1396677545269165e-06

Accuracy: 0.6978669213626234

F1: 0.6314678425748811

Confusion Matrix: [[1415, 92, 49], [224, 328, 309], [57, 218, 449]]

Uncertainties: {'class0': [0.3237004578113556, 0.35549548268318176, 0.40180274844169617, 0.43723905086517334, 0.44897058606147766], 'class1': [0.03441564738750458, 0.11755968630313873, 0.13361789286136627, 0.3237004578113556, 0.35549548268318176], 'class2': [0.03441564738750458, 0.11755968630313873, 0.13361789286136627, 0.39020201563835144, 0.4339958429336548]}

Most important rules
-----------------------------

---0---
rule16: diffClb < -0.120
probabilities_array:[0.5981973  0.         0.         0.40180275]

rule17: -0.120 < diffClb < -0.001
probabilities_array:[0.4966402  0.17965934 0.         0.32370046]

rule4: Altitude < -29.511
probabilities_array:[0.50470674 0.13979784 0.         0.35549548]

rule8: RollRate < -0.004
probabilities_array:[0.49873716 0.06402379 0.         0.43723905]

rule5: -29.511 < Altitude < -12.279
probabilities_array:[0.507687   0.04334249 0.         0.4489706 ]

rule0: climbRate < -3.649
probabilities_array:[0.52327526 0.         0.         0.47672477]

rule7: Altitude > 4.953
probabilities_array:[0.42772976 0.1111951  0.         0.4610751 ]

rule6: -12.279 < Altitude < 4.953
probabilities_array:[0.47120708 0.         0.         0.5287929 ]

rule15: curRoll > 0.012
probabilities_array:[0.43766937 0.03402511 0.         0.52830553]

rule9: -0.004 < RollRate < 0.000
probabilities_array:[0.45005098 0.         0.         0.549949  ]

rule12: curRoll < -0.009
probabilities_array:[0.41438133 0.01806192 0.         0.5675568 ]

rule14: 0.002 < curRoll < 0.012
probabilities_array:[0.38123372 0.00182677 0.         0.6169395 ]

rule1: -3.649 < climbRate < -0.333
probabilities_array:[0.26037514 0.23113054 0.         0.5084943 ]

rule13: -0.009 < curRoll < 0.002
probabilities_array:[0.32235426 0.         0.         0.67764574]

rule23: diffDiffClb = 0.0
probabilities_array:[0.23338878 0.         0.0790362  0.6875751 ]

rule10: 0.000 < RollRate < 0.004
probabilities_array:[0.23600258 0.00715066 0.00415012 0.75269663]


---1---
rule3: climbRate > 2.983
probabilities_array:[0.         0.37680203 0.5887823  0.03441565]

rule2: -0.333 < climbRate < 2.983
probabilities_array:[0.         0.38775346 0.47862864 0.1336179 ]

rule18: -0.001 < diffClb < 0.117
probabilities_array:[0.         0.38868892 0.221109   0.39020202]

rule19: diffClb > 0.117
probabilities_array:[0.         0.24974951 0.6326908  0.11755969]

rule11: RollRate > 0.004
probabilities_array:[0.         0.36343783 0.20256631 0.43399584]

rule17: -0.120 < diffClb < -0.001
probabilities_array:[0.4966402  0.17965934 0.         0.32370046]

rule1: -3.649 < climbRate < -0.333
probabilities_array:[0.26037514 0.23113054 0.         0.5084943 ]

rule4: Altitude < -29.511
probabilities_array:[0.50470674 0.13979784 0.         0.35549548]

rule7: Altitude > 4.953
probabilities_array:[0.42772976 0.1111951  0.         0.4610751 ]


---2---
rule3: climbRate > 2.983
probabilities_array:[0.         0.37680203 0.5887823  0.03441565]

rule19: diffClb > 0.117
probabilities_array:[0.         0.24974951 0.6326908  0.11755969]

rule2: -0.333 < climbRate < 2.983
probabilities_array:[0.         0.38775346 0.47862864 0.1336179 ]

rule18: -0.001 < diffClb < 0.117
probabilities_array:[0.         0.38868892 0.221109   0.39020202]

rule11: RollRate > 0.004
probabilities_array:[0.         0.36343783 0.20256631 0.43399584]

