R2: 0.638813394070398

MAE: 0.001093066960220125

MSE: 2.096587966041816e-06

Accuracy: 0.8344476281439032

F1: 0.7562587299881809

Confusion Matrix: [[2200, 204], [316, 421]]

Uncertainties: {'class0': [0.4365112781524658, 0.500623345375061, 0.5432329177856445, 0.5451352000236511, 0.5549307465553284], 'class1': [0.3777146637439728, 0.38390791416168213, 0.652493417263031, 0.7200464010238647]}

Most important rules
-----------------------------

---0---
rule16: diffClb < -0.118
probabilities_array:[0.5634887  0.         0.43651128]

rule0: climbRate < -3.583
probabilities_array:[0.49937662 0.         0.50062335]

rule8: RollRate < -0.004
probabilities_array:[0.45676705 0.         0.5432329 ]

rule4: Altitude < -29.636
probabilities_array:[0.45486477 0.         0.5451352 ]

rule1: -3.583 < climbRate < -0.272
probabilities_array:[0.44506922 0.         0.55493075]

rule15: curRoll > 0.012
probabilities_array:[0.36669314 0.         0.63330686]

rule17: -0.118 < diffClb < 0.001
probabilities_array:[0.35290205 0.         0.64709795]

rule7: Altitude > 4.925
probabilities_array:[0.34096503 0.         0.65903497]

rule5: -29.636 < Altitude < -12.356
probabilities_array:[0.31459802 0.         0.685402  ]

rule14: 0.002 < curRoll < 0.012
probabilities_array:[0.31382683 0.         0.68617314]

rule6: -12.356 < Altitude < 4.925
probabilities_array:[0.29120415 0.         0.70879585]

rule13: -0.009 < curRoll < 0.002
probabilities_array:[0.2794661 0.        0.7205339]

rule9: -0.004 < RollRate < 0.000
probabilities_array:[0.2750828 0.        0.7249172]

rule12: curRoll < -0.009
probabilities_array:[0.26050696 0.         0.739493  ]

rule11: RollRate > 0.004
probabilities_array:[0.18123084 0.07522822 0.7435409 ]


---1---
rule3: climbRate > 3.039
probabilities_array:[0.         0.6222853  0.37771466]

rule19: diffClb > 0.119
probabilities_array:[0.        0.6160921 0.3839079]

rule2: -0.272 < climbRate < 3.039
probabilities_array:[0.         0.34750655 0.6524934 ]

rule18: 0.001 < diffClb < 0.119
probabilities_array:[0.         0.27995357 0.7200464 ]

