R2: 0.6256159239166845

MAE: 0.0010648074529017492

MSE: 2.031232440757863e-06

Accuracy: 0.8755173511620503

F1: 0.875516543637491

Confusion Matrix: [[1371, 164], [227, 1379]]

Uncertainties: {'class0': [0.19474215805530548, 0.2532590925693512, 0.42652443051338196, 0.484867125749588, 0.5942685008049011], 'class1': [0.1486707627773285, 0.2867089509963989, 0.4175449013710022, 0.4861815273761749, 0.6914571523666382]}

Most important rules
-----------------------------

---0---
rule16: diffClb < -0.122
probabilities_array:[0.80525786 0.         0.19474216]

rule0: climbRate < -3.641
probabilities_array:[0.74674094 0.         0.2532591 ]

rule17: -0.122 < diffClb < -0.003
probabilities_array:[0.57347554 0.         0.42652443]

rule1: -3.641 < climbRate < -0.338
probabilities_array:[0.51210403 0.00302883 0.48486713]

rule8: RollRate < -0.004
probabilities_array:[0.4057315 0.        0.5942685]

rule9: -0.004 < RollRate < 0.000
probabilities_array:[0.32600945 0.         0.67399055]


---1---
rule3: climbRate > 2.965
probabilities_array:[0.         0.85132927 0.14867076]

rule19: diffClb > 0.117
probabilities_array:[0.         0.71329105 0.28670895]

rule2: -0.338 < climbRate < 2.965
probabilities_array:[0.        0.5824551 0.4175449]

rule11: RollRate > 0.004
probabilities_array:[0.         0.5138185  0.48618153]

rule18: -0.003 < diffClb < 0.117
probabilities_array:[0.         0.30854282 0.69145715]

