R2: 0.6336424565686302

MAE: 0.0010665409608570915

MSE: 2.0245202144078117e-06

Accuracy: 0.8637376631645972

F1: 0.863734555512578

Confusion Matrix: [[1349, 189], [239, 1364]]

Uncertainties: {'class0': [0.16199131309986115, 0.24272871017456055, 0.40699824690818787, 0.48552390933036804, 0.5070697069168091], 'class1': [0.212094247341156, 0.22326195240020752, 0.5311983823776245, 0.5425367951393127, 0.5881361961364746]}

Most important rules
-----------------------------

---0---
rule0: climbRate < -3.625
probabilities_array:[0.8380087  0.         0.16199131]

rule16: diffClb < -0.120
probabilities_array:[0.7572713  0.         0.24272871]

rule1: -3.625 < climbRate < -0.322
probabilities_array:[0.5930017  0.         0.40699825]

rule8: RollRate < -0.004
probabilities_array:[0.51447606 0.         0.4855239 ]

rule17: -0.120 < diffClb < -0.000
probabilities_array:[0.49293026 0.         0.5070697 ]

rule9: -0.004 < RollRate < 0.000
probabilities_array:[0.39012295 0.         0.60987705]


---1---
rule19: diffClb > 0.120
probabilities_array:[0.         0.78790575 0.21209425]

rule3: climbRate > 2.980
probabilities_array:[0.         0.77673805 0.22326195]

rule2: -0.322 < climbRate < 2.980
probabilities_array:[0.01927317 0.44952843 0.5311984 ]

rule18: -0.000 < diffClb < 0.120
probabilities_array:[0.        0.4574632 0.5425368]

rule11: RollRate > 0.004
probabilities_array:[0.        0.4118638 0.5881362]

rule7: Altitude > 4.686
probabilities_array:[0.         0.2921982  0.70780176]

rule13: -0.009 < curRoll < 0.002
probabilities_array:[0.         0.26267722 0.7373228 ]

