R2: 0.6316523157629355

MAE: 0.0010744181667634621

MSE: 2.0752903587787115e-06

Accuracy: 0.8178923909582936

F1: 0.7256952841596129

Confusion Matrix: [[2195, 209], [363, 374]]

Uncertainties: {'class0': [0.44718658924102783, 0.48535653948783875, 0.49216464161872864, 0.511990487575531, 0.563530683517456], 'class1': [0.32090553641319275, 0.3656807243824005, 0.6833368539810181, 0.6941524744033813]}

Most important rules
-----------------------------

---0---
rule16: diffClb < -0.119
probabilities_array:[0.5528134 0.        0.4471866]

rule1: -3.549 < climbRate < -0.267
probabilities_array:[0.51464343 0.         0.48535654]

rule8: RollRate < -0.003
probabilities_array:[0.5078353  0.         0.49216464]

rule0: climbRate < -3.549
probabilities_array:[0.4880095 0.        0.5119905]

rule4: Altitude < -29.605
probabilities_array:[0.43646932 0.         0.5635307 ]

rule15: curRoll > 0.012
probabilities_array:[0.43209636 0.         0.56790364]

rule9: -0.003 < RollRate < 0.000
probabilities_array:[0.36076686 0.         0.6392332 ]

rule14: 0.002 < curRoll < 0.012
probabilities_array:[0.32957345 0.         0.67042655]

rule12: curRoll < -0.009
probabilities_array:[0.3183522  0.         0.68164784]

rule17: -0.119 < diffClb < 0.001
probabilities_array:[0.315003   0.         0.68499696]

rule13: -0.009 < curRoll < 0.002
probabilities_array:[0.29235512 0.         0.7076449 ]

rule5: -29.605 < Altitude < -12.367
probabilities_array:[0.28397003 0.         0.71602994]

rule7: Altitude > 4.872
probabilities_array:[0.28379557 0.         0.71620446]

rule6: -12.367 < Altitude < 4.872
probabilities_array:[0.24603899 0.01160217 0.74235886]


---1---
rule19: diffClb > 0.120
probabilities_array:[0.         0.6790945  0.32090554]

rule3: climbRate > 3.016
probabilities_array:[0.         0.6343193  0.36568072]

rule18: 0.001 < diffClb < 0.120
probabilities_array:[0.         0.31666315 0.68333685]

rule2: -0.267 < climbRate < 3.016
probabilities_array:[0.        0.3058475 0.6941525]

