R2: 0.635673273712669

MAE: 0.0010681544042890124

MSE: 2.06733974309654e-06

Accuracy: 0.7074180197389367

F1: 0.643048120648381

Confusion Matrix: [[1422, 85, 47], [239, 330, 271], [60, 217, 470]]

Uncertainties: {'class0': [0.2755168676376343, 0.39793840050697327, 0.43776240944862366, 0.44516387581825256, 0.45462241768836975], 'class1': [0.03435526788234711, 0.12127123773097992, 0.14591234922409058, 0.21301493048667908, 0.2755168676376343], 'class2': [0.03435526788234711, 0.12127123773097992, 0.14591234922409058, 0.21301493048667908, 0.452191561460495]}

Most important rules
-----------------------------

---0---
rule16: diffClb < -0.119
probabilities_array:[0.5548361  0.         0.         0.44516388]

rule4: Altitude < -29.550
probabilities_array:[0.5107004  0.09136115 0.         0.3979384 ]

rule0: climbRate < -3.585
probabilities_array:[0.5453776  0.         0.         0.45462242]

rule8: RollRate < -0.004
probabilities_array:[0.5001564  0.06208122 0.         0.4377624 ]

rule17: -0.119 < diffClb < 0.000
probabilities_array:[0.37636834 0.34628892 0.00182592 0.27551687]

rule9: -0.004 < RollRate < -0.000
probabilities_array:[0.48168615 0.         0.         0.5183138 ]

rule7: Altitude > 4.744
probabilities_array:[0.408439   0.07243685 0.         0.51912415]

rule5: -29.550 < Altitude < -12.403
probabilities_array:[0.40947208 0.05833916 0.         0.5321888 ]

rule15: curRoll > 0.012
probabilities_array:[0.38336033 0.08723328 0.         0.5294064 ]

rule6: -12.403 < Altitude < 4.744
probabilities_array:[0.3914103  0.         0.03758307 0.57100666]

rule1: -3.585 < climbRate < -0.286
probabilities_array:[0.30701205 0.20724532 0.         0.48574263]

rule12: curRoll < -0.009
probabilities_array:[0.3893884  0.         0.01543141 0.59518015]

rule14: 0.001 < curRoll < 0.012
probabilities_array:[0.37250137 0.         0.         0.6274986 ]

rule10: -0.000 < RollRate < 0.004
probabilities_array:[0.27870727 0.         0.11623712 0.60505563]

rule13: -0.009 < curRoll < 0.001
probabilities_array:[0.21647719 0.08513229 0.         0.69839054]

rule23: diffDiffClb = 0.0
probabilities_array:[0.22007084 0.         0.06805835 0.7118708 ]


---1---
rule18: 0.000 < diffClb < 0.119
probabilities_array:[0.         0.46518487 0.32180017 0.21301493]

rule3: climbRate > 3.012
probabilities_array:[0.         0.37158012 0.5940646  0.03435527]

rule2: -0.286 < climbRate < 3.012
probabilities_array:[4.0184593e-04 4.1189355e-01 4.4179225e-01 1.4591235e-01]

rule19: diffClb > 0.119
probabilities_array:[0.         0.2978855  0.5808432  0.12127124]

rule17: -0.119 < diffClb < 0.000
probabilities_array:[0.37636834 0.34628892 0.00182592 0.27551687]

rule11: RollRate > 0.004
probabilities_array:[0.         0.25937197 0.2884364  0.45219156]

rule1: -3.585 < climbRate < -0.286
probabilities_array:[0.30701205 0.20724532 0.         0.48574263]

rule4: Altitude < -29.550
probabilities_array:[0.5107004  0.09136115 0.         0.3979384 ]

rule15: curRoll > 0.012
probabilities_array:[0.38336033 0.08723328 0.         0.5294064 ]


---2---
rule3: climbRate > 3.012
probabilities_array:[0.         0.37158012 0.5940646  0.03435527]

rule19: diffClb > 0.119
probabilities_array:[0.         0.2978855  0.5808432  0.12127124]

rule2: -0.286 < climbRate < 3.012
probabilities_array:[4.0184593e-04 4.1189355e-01 4.4179225e-01 1.4591235e-01]

rule18: 0.000 < diffClb < 0.119
probabilities_array:[0.         0.46518487 0.32180017 0.21301493]

rule11: RollRate > 0.004
probabilities_array:[0.         0.25937197 0.2884364  0.45219156]

rule10: -0.000 < RollRate < 0.004
probabilities_array:[0.27870727 0.         0.11623712 0.60505563]

