R2: 0.6231701763760147

MAE: 0.0010763195014307167

MSE: 2.048154302953958e-06

Accuracy: 0.7007322508755174

F1: 0.6313960218506879

Confusion Matrix: [[1429, 91, 42], [244, 300, 278], [65, 220, 472]]

Uncertainties: {'class0': [0.3207554221153259, 0.39806100726127625, 0.41763752698898315, 0.422909677028656, 0.4611484408378601], 'class1': [0.03975341096520424, 0.11977314949035645, 0.1393277794122696, 0.3207554221153259, 0.38287946581840515], 'class2': [0.03975341096520424, 0.11977314949035645, 0.1393277794122696, 0.38287946581840515, 0.44980672001838684]}

Most important rules
-----------------------------

---0---
rule0: climbRate < -3.567
probabilities_array:[0.5770903  0.         0.         0.42290968]

rule17: -0.120 < diffClb < -0.001
probabilities_array:[0.48473737 0.19450723 0.         0.32075542]

rule8: RollRate < -0.004
probabilities_array:[0.52228576 0.07965327 0.         0.398061  ]

rule16: diffClb < -0.120
probabilities_array:[0.53885156 0.         0.         0.46114844]

rule4: Altitude < -29.398
probabilities_array:[0.45886415 0.12349834 0.         0.41763753]

rule12: curRoll < -0.009
probabilities_array:[0.4822419  0.         0.         0.51775813]

rule15: curRoll > 0.012
probabilities_array:[0.41868693 0.0875378  0.         0.49377525]

rule5: -29.398 < Altitude < -12.263
probabilities_array:[0.4504483  0.         0.         0.54955167]

rule9: -0.004 < RollRate < 0.000
probabilities_array:[0.41578412 0.         0.         0.5842159 ]

rule7: Altitude > 4.871
probabilities_array:[0.36512247 0.10335019 0.         0.53152734]

rule14: 0.002 < curRoll < 0.012
probabilities_array:[0.40733525 0.         0.         0.5926648 ]

rule1: -3.567 < climbRate < -0.293
probabilities_array:[0.27326304 0.22417454 0.         0.5025624 ]

rule6: -12.263 < Altitude < 4.871
probabilities_array:[0.36086118 0.         0.         0.6391388 ]

rule13: -0.009 < curRoll < 0.002
probabilities_array:[0.31484446 0.05007521 0.         0.63508034]

rule23: diffDiffClb = 0.0
probabilities_array:[2.9023051e-01 2.1535896e-04 1.0254642e-01 6.0700768e-01]

rule10: 0.000 < RollRate < 0.004
probabilities_array:[0.2862282  0.03875012 0.06854011 0.60648155]


---1---
rule2: -0.293 < climbRate < 2.981
probabilities_array:[0.         0.42542124 0.435251   0.13932778]

rule3: climbRate > 2.981
probabilities_array:[0.         0.36069456 0.599552   0.03975341]

rule19: diffClb > 0.119
probabilities_array:[0.         0.30286655 0.57736033 0.11977315]

rule18: -0.001 < diffClb < 0.119
probabilities_array:[0.         0.4201747  0.19694585 0.38287947]

rule11: RollRate > 0.004
probabilities_array:[0.         0.3597196  0.19047363 0.44980672]

rule17: -0.120 < diffClb < -0.001
probabilities_array:[0.48473737 0.19450723 0.         0.32075542]

rule1: -3.567 < climbRate < -0.293
probabilities_array:[0.27326304 0.22417454 0.         0.5025624 ]

rule4: Altitude < -29.398
probabilities_array:[0.45886415 0.12349834 0.         0.41763753]

rule7: Altitude > 4.871
probabilities_array:[0.36512247 0.10335019 0.         0.53152734]

rule8: RollRate < -0.004
probabilities_array:[0.52228576 0.07965327 0.         0.398061  ]

rule15: curRoll > 0.012
probabilities_array:[0.41868693 0.0875378  0.         0.49377525]


---2---
rule3: climbRate > 2.981
probabilities_array:[0.         0.36069456 0.599552   0.03975341]

rule19: diffClb > 0.119
probabilities_array:[0.         0.30286655 0.57736033 0.11977315]

rule2: -0.293 < climbRate < 2.981
probabilities_array:[0.         0.42542124 0.435251   0.13932778]

rule18: -0.001 < diffClb < 0.119
probabilities_array:[0.         0.4201747  0.19694585 0.38287947]

rule11: RollRate > 0.004
probabilities_array:[0.         0.3597196  0.19047363 0.44980672]

rule23: diffDiffClb = 0.0
probabilities_array:[2.9023051e-01 2.1535896e-04 1.0254642e-01 6.0700768e-01]

