R2: 0.6422167040610575

MAE: 0.0010774667915058615

MSE: 2.060121483724596e-06

Accuracy: 0.8185291308500477

F1: 0.7316797631836405

Confusion Matrix: [[2179, 221], [349, 392]]

Uncertainties: {'class0': [0.4726202189922333, 0.4831481873989105, 0.5032793283462524, 0.5271777510643005, 0.5461463332176208], 'class1': [0.34799543023109436, 0.3832038342952728, 0.6424912810325623, 0.7995439767837524]}

Most important rules
-----------------------------

---0---
rule0: climbRate < -3.583
probabilities_array:[0.52737975 0.         0.47262022]

rule8: RollRate < -0.004
probabilities_array:[0.51685184 0.         0.4831482 ]

rule1: -3.583 < climbRate < -0.276
probabilities_array:[0.49672067 0.         0.5032793 ]

rule16: diffClb < -0.116
probabilities_array:[0.47282225 0.         0.52717775]

rule17: -0.116 < diffClb < 0.002
probabilities_array:[0.4538537  0.         0.54614633]

rule4: Altitude < -29.488
probabilities_array:[0.4003014 0.        0.5996986]

rule15: curRoll > 0.012
probabilities_array:[0.36553517 0.         0.6344648 ]

rule7: Altitude > 4.705
probabilities_array:[0.36302906 0.         0.63697094]

rule13: -0.009 < curRoll < 0.001
probabilities_array:[0.31051165 0.         0.68948835]

rule9: -0.004 < RollRate < 0.000
probabilities_array:[0.2945689 0.        0.7054311]

rule14: 0.001 < curRoll < 0.012
probabilities_array:[0.28400245 0.         0.7159975 ]

rule6: -12.392 < Altitude < 4.705
probabilities_array:[0.24939255 0.01254543 0.738062  ]

rule12: curRoll < -0.009
probabilities_array:[0.2552387 0.        0.7447613]

rule5: -29.488 < Altitude < -12.392
probabilities_array:[0.24149798 0.         0.758502  ]

rule23: diffDiffClb = 0.0
probabilities_array:[0.17984346 0.0790232  0.7411333 ]

rule10: 0.000 < RollRate < 0.004
probabilities_array:[0.20484269 0.         0.7951573 ]


---1---
rule3: climbRate > 3.031
probabilities_array:[0.         0.65200454 0.34799543]

rule19: diffClb > 0.121
probabilities_array:[0.         0.6167962  0.38320383]

rule2: -0.276 < climbRate < 3.031
probabilities_array:[0.        0.3575087 0.6424913]

rule18: 0.002 < diffClb < 0.121
probabilities_array:[0.         0.20045604 0.799544  ]

