R2: 0.6376018573725813

MAE: 0.0010722113108650943

MSE: 2.04263251074506e-06

Accuracy: 0.8156638013371538

F1: 0.7353929830447662

Confusion Matrix: [[2146, 244], [335, 416]]

Uncertainties: {'class0': [0.38241052627563477, 0.48580485582351685, 0.5101354122161865, 0.5971890091896057, 0.6268984079360962], 'class1': [0.34815701842308044, 0.38480907678604126, 0.7721878290176392, 0.791526734828949]}

Most important rules
-----------------------------

---0---
rule0: climbRate < -3.623
probabilities_array:[0.6175895  0.         0.38241053]

rule16: diffClb < -0.117
probabilities_array:[0.51419514 0.         0.48580486]

rule1: -3.623 < climbRate < -0.324
probabilities_array:[0.48986462 0.         0.5101354 ]

rule8: RollRate < -0.004
probabilities_array:[0.40281096 0.         0.597189  ]

rule15: curRoll > 0.012
probabilities_array:[0.3731016 0.        0.6268984]

rule4: Altitude < -29.830
probabilities_array:[0.3719049 0.        0.6280951]

rule17: -0.117 < diffClb < 0.001
probabilities_array:[0.36985686 0.         0.6301431 ]

rule7: Altitude > 4.733
probabilities_array:[0.34852266 0.         0.65147734]

rule5: -29.830 < Altitude < -12.549
probabilities_array:[0.29727647 0.         0.70272356]

rule14: 0.002 < curRoll < 0.012
probabilities_array:[0.27434915 0.         0.72565085]

rule13: -0.009 < curRoll < 0.002
probabilities_array:[0.2669307 0.        0.7330693]

rule9: -0.004 < RollRate < 0.000
probabilities_array:[0.24103016 0.         0.75896984]

rule12: curRoll < -0.009
probabilities_array:[0.22049657 0.         0.7795034 ]

rule23: diffDiffClb = 0.0
probabilities_array:[0.20445108 0.00757531 0.78797364]

rule6: -12.549 < Altitude < 4.733
probabilities_array:[0.20141892 0.         0.79858106]


---1---
rule19: diffClb > 0.119
probabilities_array:[0.         0.65184295 0.34815702]

rule3: climbRate > 2.974
probabilities_array:[0.         0.6151909  0.38480908]

rule18: 0.001 < diffClb < 0.119
probabilities_array:[0.        0.2278122 0.7721878]

rule2: -0.324 < climbRate < 2.974
probabilities_array:[0.         0.20847327 0.79152673]

