R2: 0.6328174718110955

MAE: 0.0010630154816595107

MSE: 2.048041562945147e-06

Accuracy: 0.822031200254696

F1: 0.7332610511722153

Confusion Matrix: [[2197, 210], [349, 385]]

Uncertainties: {'class0': [0.4653709828853607, 0.4784451723098755, 0.5277630090713501, 0.5861236453056335, 0.5931545495986938], 'class1': [0.3401821255683899, 0.3765489459037781, 0.5760201811790466, 0.6930872797966003]}

Most important rules
-----------------------------

---0---
rule8: RollRate < -0.003
probabilities_array:[0.534629   0.         0.46537098]

rule0: climbRate < -3.639
probabilities_array:[0.5215548  0.         0.47844517]

rule4: Altitude < -29.774
probabilities_array:[0.472237 0.       0.527763]

rule1: -3.639 < climbRate < -0.293
probabilities_array:[0.41387635 0.         0.58612365]

rule16: diffClb < -0.118
probabilities_array:[0.40684548 0.         0.59315455]

rule7: Altitude > 4.815
probabilities_array:[0.3952362 0.        0.6047638]

rule15: curRoll > 0.012
probabilities_array:[0.37398675 0.         0.6260133 ]

rule17: -0.118 < diffClb < 0.001
probabilities_array:[0.36520526 0.         0.6347947 ]

rule14: 0.002 < curRoll < 0.012
probabilities_array:[0.33441725 0.         0.6655827 ]

rule12: curRoll < -0.009
probabilities_array:[0.31874046 0.         0.6812596 ]

rule5: -29.774 < Altitude < -12.480
probabilities_array:[0.30944565 0.         0.6905543 ]

rule13: -0.009 < curRoll < 0.002
probabilities_array:[0.3088523  0.         0.69114774]

rule9: -0.003 < RollRate < 0.000
probabilities_array:[0.28688908 0.         0.7131109 ]

rule6: -12.480 < Altitude < 4.815
probabilities_array:[0.28445607 0.         0.7155439 ]

rule11: RollRate > 0.004
probabilities_array:[0.22231379 0.         0.77768624]


---1---
rule3: climbRate > 3.054
probabilities_array:[0.         0.6598179  0.34018213]

rule19: diffClb > 0.120
probabilities_array:[0.         0.62345105 0.37654895]

rule2: -0.293 < climbRate < 3.054
probabilities_array:[0.        0.4239798 0.5760202]

rule18: 0.001 < diffClb < 0.120
probabilities_array:[0.         0.30691272 0.6930873 ]

