R2: 0.630614107361539

MAE: 0.0010820150298277167

MSE: 2.0530591243394457e-06

Accuracy: 0.7141037886023559

F1: 0.6410291658818392

Confusion Matrix: [[1485, 83, 37], [245, 313, 255], [60, 218, 445]]

Uncertainties: {'class0': [0.3142857849597931, 0.3811357021331787, 0.41997092962265015, 0.42817237973213196, 0.46554049849510193], 'class1': [0.039969801902770996, 0.1280328929424286, 0.17388246953487396, 0.2751559317111969, 0.3142857849597931], 'class2': [0.039969801902770996, 0.1280328929424286, 0.17388246953487396, 0.2751559317111969, 0.3441387116909027]}

Most important rules
-----------------------------

---0---
rule0: climbRate < -3.523
probabilities_array:[0.6188643 0.        0.        0.3811357]

rule16: diffClb < -0.119
probabilities_array:[0.5800291  0.         0.         0.41997093]

rule17: -0.119 < diffClb < 0.000
probabilities_array:[0.39015198 0.29556224 0.         0.31428578]

rule4: Altitude < -29.260
probabilities_array:[0.41979414 0.15203348 0.         0.42817238]

rule8: RollRate < -0.003
probabilities_array:[0.4510964  0.04509944 0.         0.50380415]

rule1: -3.523 < climbRate < -0.228
probabilities_array:[0.36398295 0.17047653 0.         0.4655405 ]

rule7: Altitude > 5.022
probabilities_array:[0.38173607 0.10947965 0.         0.5087843 ]

rule12: curRoll < -0.009
probabilities_array:[0.3717352  0.         0.01176579 0.616499  ]

rule6: -12.119 < Altitude < 5.022
probabilities_array:[0.3754394 0.        0.        0.6245606]

rule5: -29.260 < Altitude < -12.119
probabilities_array:[0.37495694 0.         0.         0.6250431 ]

rule15: curRoll > 0.012
probabilities_array:[0.35744068 0.01456098 0.         0.62799835]

rule14: 0.002 < curRoll < 0.012
probabilities_array:[0.33939052 0.02792423 0.         0.63268524]

rule9: -0.003 < RollRate < 0.000
probabilities_array:[0.35273042 0.         0.         0.64726955]

rule10: 0.000 < RollRate < 0.004
probabilities_array:[0.19173896 0.01258339 0.1566031  0.6390746 ]

rule23: diffDiffClb = 0.0
probabilities_array:[2.1993104e-01 8.5201682e-05 1.7355548e-02 7.6262826e-01]

rule13: -0.009 < curRoll < 0.002
probabilities_array:[0.20874818 0.01313188 0.         0.7781199 ]


---1---
rule3: climbRate > 3.067
probabilities_array:[0.         0.37553638 0.5844938  0.0399698 ]

rule2: -0.228 < climbRate < 3.067
probabilities_array:[3.9238459e-04 3.8470593e-01 4.4101918e-01 1.7388247e-01]

rule18: 0.000 < diffClb < 0.119
probabilities_array:[0.         0.3954116  0.32943252 0.27515593]

rule11: RollRate > 0.004
probabilities_array:[0.         0.36589354 0.28996775 0.3441387 ]

rule19: diffClb > 0.119
probabilities_array:[0.         0.27476093 0.5972061  0.1280329 ]

rule17: -0.119 < diffClb < 0.000
probabilities_array:[0.39015198 0.29556224 0.         0.31428578]

rule1: -3.523 < climbRate < -0.228
probabilities_array:[0.36398295 0.17047653 0.         0.4655405 ]

rule4: Altitude < -29.260
probabilities_array:[0.41979414 0.15203348 0.         0.42817238]

rule7: Altitude > 5.022
probabilities_array:[0.38173607 0.10947965 0.         0.5087843 ]


---2---
rule3: climbRate > 3.067
probabilities_array:[0.         0.37553638 0.5844938  0.0399698 ]

rule19: diffClb > 0.119
probabilities_array:[0.         0.27476093 0.5972061  0.1280329 ]

rule2: -0.228 < climbRate < 3.067
probabilities_array:[3.9238459e-04 3.8470593e-01 4.4101918e-01 1.7388247e-01]

rule18: 0.000 < diffClb < 0.119
probabilities_array:[0.         0.3954116  0.32943252 0.27515593]

rule11: RollRate > 0.004
probabilities_array:[0.         0.36589354 0.28996775 0.3441387 ]

rule10: 0.000 < RollRate < 0.004
probabilities_array:[0.19173896 0.01258339 0.1566031  0.6390746 ]

