R2: 0.6290434629882847

MAE: 0.001076587750367069

MSE: 2.07836084151221e-06

Accuracy: 0.699777141037886

F1: 0.639419999214072

Confusion Matrix: [[1393, 108, 43], [212, 363, 248], [55, 277, 442]]

Uncertainties: {'class0': [0.33975377678871155, 0.36587655544281006, 0.39015814661979675, 0.43915286660194397, 0.4597548544406891], 'class1': [0.03281295672059059, 0.10641273856163025, 0.1439736783504486, 0.33975377678871155, 0.35405194759368896], 'class2': [0.03281295672059059, 0.10641273856163025, 0.1439736783504486, 0.35405194759368896, 0.44309934973716736]}

Most important rules
-----------------------------

---0---
rule0: climbRate < -3.600
probabilities_array:[0.5608471  0.         0.         0.43915287]

rule4: Altitude < -29.393
probabilities_array:[0.4905416  0.14358184 0.         0.36587656]

rule8: RollRate < -0.004
probabilities_array:[0.5086666  0.10117532 0.         0.39015815]

rule17: -0.121 < diffClb < -0.001
probabilities_array:[0.4673313  0.19291498 0.         0.33975378]

rule16: diffClb < -0.121
probabilities_array:[0.53761405 0.         0.         0.46238598]

rule7: Altitude > 4.810
probabilities_array:[0.40772936 0.1325158  0.         0.45975485]

rule5: -29.393 < Altitude < -12.291
probabilities_array:[0.46167648 0.         0.         0.5383235 ]

rule9: -0.004 < RollRate < 0.000
probabilities_array:[0.44749647 0.         0.         0.5525035 ]

rule6: -12.291 < Altitude < 4.810
probabilities_array:[0.42429325 0.         0.         0.5757067 ]

rule12: curRoll < -0.009
probabilities_array:[0.41317245 0.01416561 0.         0.57266194]

rule15: curRoll > 0.012
probabilities_array:[0.3674721  0.05619662 0.         0.57633126]

rule14: 0.002 < curRoll < 0.012
probabilities_array:[0.38161698 0.         0.         0.618383  ]

rule1: -3.600 < climbRate < -0.299
probabilities_array:[0.28579953 0.17247754 0.         0.54172295]

rule23: diffDiffClb = 0.0
probabilities_array:[0.31063098 0.         0.02233424 0.66703475]

rule10: 0.000 < RollRate < 0.004
probabilities_array:[0.28727064 0.00675579 0.0435767  0.66239685]

rule13: -0.009 < curRoll < 0.002
probabilities_array:[0.23138648 0.04537593 0.         0.7232376 ]


---1---
rule3: climbRate > 3.002
probabilities_array:[0.         0.3833093  0.58387774 0.03281296]

rule2: -0.299 < climbRate < 3.002
probabilities_array:[0.         0.40505934 0.45096698 0.14397368]

rule18: -0.001 < diffClb < 0.118
probabilities_array:[0.         0.3796435  0.26630455 0.35405195]

rule19: diffClb > 0.118
probabilities_array:[0.         0.25840524 0.63518196 0.10641274]

rule11: RollRate > 0.004
probabilities_array:[0.         0.37033305 0.18656763 0.44309935]

rule17: -0.121 < diffClb < -0.001
probabilities_array:[0.4673313  0.19291498 0.         0.33975378]

rule4: Altitude < -29.393
probabilities_array:[0.4905416  0.14358184 0.         0.36587656]

rule1: -3.600 < climbRate < -0.299
probabilities_array:[0.28579953 0.17247754 0.         0.54172295]

rule7: Altitude > 4.810
probabilities_array:[0.40772936 0.1325158  0.         0.45975485]

rule8: RollRate < -0.004
probabilities_array:[0.5086666  0.10117532 0.         0.39015815]


---2---
rule19: diffClb > 0.118
probabilities_array:[0.         0.25840524 0.63518196 0.10641274]

rule3: climbRate > 3.002
probabilities_array:[0.         0.3833093  0.58387774 0.03281296]

rule2: -0.299 < climbRate < 3.002
probabilities_array:[0.         0.40505934 0.45096698 0.14397368]

rule18: -0.001 < diffClb < 0.118
probabilities_array:[0.         0.3796435  0.26630455 0.35405195]

rule11: RollRate > 0.004
probabilities_array:[0.         0.37033305 0.18656763 0.44309935]

