R2: 0.6334885765071108

MAE: 0.0010683894125591092

MSE: 2.02850805612997e-06

Accuracy: 0.699777141037886

F1: 0.6300710148069862

Confusion Matrix: [[1426, 85, 41], [258, 292, 287], [60, 212, 480]]

Uncertainties: {'class0': [0.3173633813858032, 0.3900654911994934, 0.3938858211040497, 0.4315852224826813, 0.44450312852859497], 'class1': [0.03211814910173416, 0.1012125015258789, 0.140082448720932, 0.3173633813858032, 0.3808816969394684], 'class2': [0.03211814910173416, 0.1012125015258789, 0.140082448720932, 0.3808816969394684, 0.4667135775089264]}

Most important rules
-----------------------------

---0---
rule16: diffClb < -0.121
probabilities_array:[0.56841475 0.         0.         0.43158522]

rule17: -0.121 < diffClb < -0.001
probabilities_array:[0.45670503 0.22593161 0.         0.31736338]

rule0: climbRate < -3.643
probabilities_array:[0.5554969  0.         0.         0.44450313]

rule8: RollRate < -0.004
probabilities_array:[0.5065558  0.09955844 0.         0.39388582]

rule4: Altitude < -29.835
probabilities_array:[0.49100062 0.11893387 0.         0.3900655 ]

rule5: -29.835 < Altitude < -12.580
probabilities_array:[0.47752938 0.         0.         0.52247065]

rule9: -0.004 < RollRate < 0.000
probabilities_array:[0.4574292 0.        0.        0.5425708]

rule7: Altitude > 4.675
probabilities_array:[0.41442642 0.06615609 0.         0.5194175 ]

rule6: -12.580 < Altitude < 4.675
probabilities_array:[0.44031885 0.00152814 0.         0.558153  ]

rule12: curRoll < -0.009
probabilities_array:[0.43019366 0.         0.         0.56980634]

rule15: curRoll > 0.013
probabilities_array:[0.38373637 0.08702589 0.         0.52923775]

rule14: 0.002 < curRoll < 0.013
probabilities_array:[3.8724813e-01 5.9103221e-04 0.0000000e+00 6.1216086e-01]

rule1: -3.643 < climbRate < -0.335
probabilities_array:[0.26214746 0.16355519 0.         0.5742973 ]

rule23: diffDiffClb = 0.0
probabilities_array:[0.3000161  0.         0.04250246 0.65748143]

rule13: -0.009 < curRoll < 0.002
probabilities_array:[0.26427445 0.10669818 0.         0.62902737]

rule10: 0.000 < RollRate < 0.004
probabilities_array:[2.9637957e-01 2.6917345e-05 2.5172777e-02 6.7842072e-01]


---1---
rule3: climbRate > 2.974
probabilities_array:[0.         0.3814773  0.58640456 0.03211815]

rule2: -0.335 < climbRate < 2.974
probabilities_array:[0.         0.391199   0.46871853 0.14008245]

rule19: diffClb > 0.119
probabilities_array:[0.         0.28900376 0.60978377 0.1012125 ]

rule18: -0.001 < diffClb < 0.119
probabilities_array:[0.         0.38371733 0.235401   0.3808817 ]

rule11: RollRate > 0.004
probabilities_array:[0.         0.3244605  0.20882586 0.46671358]

rule17: -0.121 < diffClb < -0.001
probabilities_array:[0.45670503 0.22593161 0.         0.31736338]

rule4: Altitude < -29.835
probabilities_array:[0.49100062 0.11893387 0.         0.3900655 ]

rule1: -3.643 < climbRate < -0.335
probabilities_array:[0.26214746 0.16355519 0.         0.5742973 ]

rule8: RollRate < -0.004
probabilities_array:[0.5065558  0.09955844 0.         0.39388582]

rule15: curRoll > 0.013
probabilities_array:[0.38373637 0.08702589 0.         0.52923775]


---2---
rule3: climbRate > 2.974
probabilities_array:[0.         0.3814773  0.58640456 0.03211815]

rule19: diffClb > 0.119
probabilities_array:[0.         0.28900376 0.60978377 0.1012125 ]

rule2: -0.335 < climbRate < 2.974
probabilities_array:[0.         0.391199   0.46871853 0.14008245]

rule18: -0.001 < diffClb < 0.119
probabilities_array:[0.         0.38371733 0.235401   0.3808817 ]

rule11: RollRate > 0.004
probabilities_array:[0.         0.3244605  0.20882586 0.46671358]

