R2: 0.6263018706532998

MAE: 0.0010865586133431671

MSE: 2.1240783645781665e-06

Accuracy: 0.8672397325692455

F1: 0.867222290648821

Confusion Matrix: [[1344, 183], [234, 1380]]

Uncertainties: {'class0': [0.17009809613227844, 0.22508667409420013, 0.4194713532924652, 0.43139776587486267, 0.6389563083648682], 'class1': [0.20208188891410828, 0.29255756735801697, 0.45772847533226013, 0.45889827609062195, 0.6430015563964844]}

Most important rules
-----------------------------

---0---
rule0: climbRate < -3.620
probabilities_array:[0.8299019 0.        0.1700981]

rule16: diffClb < -0.121
probabilities_array:[0.7749133  0.         0.22508667]

rule17: -0.121 < diffClb < -0.002
probabilities_array:[0.5805286  0.         0.41947135]

rule1: -3.620 < climbRate < -0.297
probabilities_array:[0.56860226 0.         0.43139777]

rule8: RollRate < -0.004
probabilities_array:[0.3610437 0.        0.6389563]

rule9: -0.004 < RollRate < 0.000
probabilities_array:[0.24343297 0.         0.756567  ]

rule15: curRoll > 0.013
probabilities_array:[0.18313166 0.09928802 0.7175804 ]


---1---
rule3: climbRate > 3.027
probabilities_array:[0.         0.79791814 0.20208189]

rule19: diffClb > 0.118
probabilities_array:[0.         0.70744246 0.29255757]

rule11: RollRate > 0.004
probabilities_array:[0.         0.54227155 0.45772848]

rule2: -0.297 < climbRate < 3.027
probabilities_array:[0.01067965 0.53042203 0.45889828]

rule18: -0.002 < diffClb < 0.118
probabilities_array:[0.         0.3569984  0.64300156]

rule7: Altitude > 4.803
probabilities_array:[0.         0.23984094 0.7601591 ]

rule6: -12.346 < Altitude < 4.803
probabilities_array:[0.        0.2016555 0.7983445]

