R2: 0.638952015827936

MAE: 0.0010756690844267928

MSE: 2.1253470729241594e-06

Accuracy: 0.7032792104425343

F1: 0.6398009529950227

Confusion Matrix: [[1423, 95, 29], [243, 360, 236], [60, 269, 426]]

Uncertainties: {'class0': [0.37284374237060547, 0.3855954706668854, 0.41696709394454956, 0.42171141505241394, 0.4419539272785187], 'class1': [0.03276263177394867, 0.10787726938724518, 0.13064876198768616, 0.34841832518577576, 0.37284374237060547], 'class2': [0.03276263177394867, 0.10787726938724518, 0.13064876198768616, 0.34841832518577576, 0.4741104245185852]}

Most important rules
-----------------------------

---0---
rule8: RollRate < -0.004
probabilities_array:[0.51713896 0.11001732 0.         0.37284374]

rule16: diffClb < -0.120
probabilities_array:[0.55804604 0.         0.         0.44195393]

rule4: Altitude < -29.596
probabilities_array:[0.4904066  0.12399793 0.         0.38559547]

rule5: -29.596 < Altitude < -12.384
probabilities_array:[0.51778567 0.         0.01225535 0.469959  ]

rule0: climbRate < -3.658
probabilities_array:[0.50985336 0.         0.         0.49014667]

rule7: Altitude > 4.828
probabilities_array:[0.4430659  0.13996698 0.         0.4169671 ]

rule17: -0.120 < diffClb < -0.000
probabilities_array:[0.43981475 0.13847382 0.         0.42171142]

rule12: curRoll < -0.009
probabilities_array:[0.42482042 0.00667806 0.         0.5685015 ]

rule6: -12.384 < Altitude < 4.828
probabilities_array:[0.4199154  0.01505191 0.         0.5650327 ]

rule9: -0.004 < RollRate < 0.000
probabilities_array:[0.4235414  0.         0.         0.57645863]

rule15: curRoll > 0.012
probabilities_array:[0.3928006  0.04115202 0.         0.5660474 ]

rule14: 0.002 < curRoll < 0.012
probabilities_array:[0.40858194 0.         0.         0.5914181 ]

rule1: -3.658 < climbRate < -0.349
probabilities_array:[0.28011078 0.24591604 0.         0.47397316]

rule13: -0.009 < curRoll < 0.002
probabilities_array:[0.32999048 0.05094387 0.         0.61906564]

rule23: diffDiffClb = 0.0
probabilities_array:[0.3254789  0.0013731  0.04445689 0.6286911 ]

rule10: 0.000 < RollRate < 0.004
probabilities_array:[0.27430123 0.01495596 0.06251787 0.64822495]


---1---
rule3: climbRate > 2.960
probabilities_array:[0.         0.39006782 0.57716954 0.03276263]

rule2: -0.349 < climbRate < 2.960
probabilities_array:[0.         0.40146708 0.46788418 0.13064876]

rule18: -0.000 < diffClb < 0.119
probabilities_array:[0.         0.40163818 0.2499435  0.34841833]

rule19: diffClb > 0.119
probabilities_array:[0.         0.27120954 0.6209132  0.10787727]

rule11: RollRate > 0.004
probabilities_array:[0.         0.3260546  0.19983497 0.47411042]

rule1: -3.658 < climbRate < -0.349
probabilities_array:[0.28011078 0.24591604 0.         0.47397316]

rule7: Altitude > 4.828
probabilities_array:[0.4430659  0.13996698 0.         0.4169671 ]

rule17: -0.120 < diffClb < -0.000
probabilities_array:[0.43981475 0.13847382 0.         0.42171142]

rule4: Altitude < -29.596
probabilities_array:[0.4904066  0.12399793 0.         0.38559547]

rule8: RollRate < -0.004
probabilities_array:[0.51713896 0.11001732 0.         0.37284374]


---2---
rule3: climbRate > 2.960
probabilities_array:[0.         0.39006782 0.57716954 0.03276263]

rule19: diffClb > 0.119
probabilities_array:[0.         0.27120954 0.6209132  0.10787727]

rule2: -0.349 < climbRate < 2.960
probabilities_array:[0.         0.40146708 0.46788418 0.13064876]

rule18: -0.000 < diffClb < 0.119
probabilities_array:[0.         0.40163818 0.2499435  0.34841833]

rule11: RollRate > 0.004
probabilities_array:[0.         0.3260546  0.19983497 0.47411042]

