R2: 0.6310979197160459

MAE: 0.0010771228102972388

MSE: 2.012665333998472e-06

Accuracy: 0.6895893027698186

F1: 0.62764543543578

Confusion Matrix: [[1372, 88, 44], [265, 314, 292], [53, 233, 480]]

Uncertainties: {'class0': [0.38379016518592834, 0.3850972652435303, 0.41139233112335205, 0.413032591342926, 0.45526814460754395], 'class1': [0.03400196135044098, 0.11804605275392532, 0.15057562291622162, 0.38379016518592834, 0.3850972652435303], 'class2': [0.03400196135044098, 0.11804605275392532, 0.15057562291622162, 0.39209848642349243, 0.42586028575897217]}

Most important rules
-----------------------------

---0---
rule16: diffClb < -0.123
probabilities_array:[0.58860767 0.         0.         0.41139233]

rule0: climbRate < -3.672
probabilities_array:[0.5869674 0.        0.        0.4130326]

rule17: -0.123 < diffClb < -0.004
probabilities_array:[0.49331674 0.12289315 0.         0.38379017]

rule4: Altitude < -29.593
probabilities_array:[0.45029488 0.16460788 0.         0.38509727]

rule8: RollRate < -0.004
probabilities_array:[0.4785958  0.0598009  0.         0.46160328]

rule12: curRoll < -0.009
probabilities_array:[0.4886903  0.         0.         0.51130974]

rule15: curRoll > 0.012
probabilities_array:[0.43560717 0.07667218 0.         0.48772064]

rule7: Altitude > 4.926
probabilities_array:[0.38452604 0.16020583 0.         0.45526814]

rule5: -29.593 < Altitude < -12.334
probabilities_array:[0.44379893 0.02616411 0.         0.530037  ]

rule14: 0.002 < curRoll < 0.012
probabilities_array:[0.44448534 0.00353622 0.         0.55197847]

rule9: -0.004 < RollRate < 0.000
probabilities_array:[0.42575267 0.         0.         0.57424736]

rule1: -3.672 < climbRate < -0.344
probabilities_array:[0.3048784  0.20208332 0.         0.4930383 ]

rule13: -0.009 < curRoll < 0.002
probabilities_array:[0.33303916 0.11706841 0.         0.5498924 ]

rule6: -12.334 < Altitude < 4.926
probabilities_array:[3.7626261e-01 1.1340805e-04 0.0000000e+00 6.2362397e-01]

rule10: 0.000 < RollRate < 0.004
probabilities_array:[0.2541108  0.01910227 0.14620608 0.5805809 ]

rule23: diffDiffClb = 0.0
probabilities_array:[0.27638748 0.         0.06382593 0.6597866 ]


---1---
rule3: climbRate > 2.985
probabilities_array:[0.         0.3837789  0.5822191  0.03400196]

rule2: -0.344 < climbRate < 2.985
probabilities_array:[0.         0.42003736 0.42938703 0.15057562]

rule18: -0.004 < diffClb < 0.115
probabilities_array:[0.         0.38246816 0.22543336 0.3920985 ]

rule19: diffClb > 0.115
probabilities_array:[0.         0.26144072 0.6205132  0.11804605]

rule11: RollRate > 0.004
probabilities_array:[0.         0.31581685 0.25832283 0.4258603 ]

rule1: -3.672 < climbRate < -0.344
probabilities_array:[0.3048784  0.20208332 0.         0.4930383 ]

rule4: Altitude < -29.593
probabilities_array:[0.45029488 0.16460788 0.         0.38509727]

rule7: Altitude > 4.926
probabilities_array:[0.38452604 0.16020583 0.         0.45526814]

rule17: -0.123 < diffClb < -0.004
probabilities_array:[0.49331674 0.12289315 0.         0.38379017]

rule13: -0.009 < curRoll < 0.002
probabilities_array:[0.33303916 0.11706841 0.         0.5498924 ]


---2---
rule3: climbRate > 2.985
probabilities_array:[0.         0.3837789  0.5822191  0.03400196]

rule19: diffClb > 0.115
probabilities_array:[0.         0.26144072 0.6205132  0.11804605]

rule2: -0.344 < climbRate < 2.985
probabilities_array:[0.         0.42003736 0.42938703 0.15057562]

rule11: RollRate > 0.004
probabilities_array:[0.         0.31581685 0.25832283 0.4258603 ]

rule18: -0.004 < diffClb < 0.115
probabilities_array:[0.         0.38246816 0.22543336 0.3920985 ]

rule10: 0.000 < RollRate < 0.004
probabilities_array:[0.2541108  0.01910227 0.14620608 0.5805809 ]

