R2: 0.6181133461234001

MAE: 0.0010695648237067396

MSE: 2.074296221830767e-06

Accuracy: 0.6959567016873607

F1: 0.6298773568619924

Confusion Matrix: [[1401, 93, 46], [239, 306, 319], [59, 199, 479]]

Uncertainties: {'class0': [0.28658488392829895, 0.32905343174934387, 0.35168325901031494, 0.463859885931015, 0.47502341866493225], 'class1': [0.0427069291472435, 0.0989825502038002, 0.18462876975536346, 0.28658488392829895, 0.34093430638313293], 'class2': [0.0427069291472435, 0.0989825502038002, 0.18462876975536346, 0.34093430638313293, 0.3753148019313812]}

Most important rules
-----------------------------

---0---
rule0: climbRate < -3.605
probabilities_array:[0.6709466  0.         0.         0.32905343]

rule17: -0.122 < diffClb < -0.002
probabilities_array:[0.48459625 0.22881886 0.         0.28658488]

rule4: Altitude < -29.431
probabilities_array:[0.48307624 0.16524048 0.         0.35168326]

rule16: diffClb < -0.122
probabilities_array:[0.52497655 0.         0.         0.47502342]

rule5: -29.431 < Altitude < -12.298
probabilities_array:[0.47892678 0.         0.         0.5210732 ]

rule12: curRoll < -0.009
probabilities_array:[0.45335665 0.         0.02172275 0.5249206 ]

rule8: RollRate < -0.003
probabilities_array:[0.44452503 0.03793427 0.         0.5175407 ]

rule1: -3.605 < climbRate < -0.292
probabilities_array:[0.36177814 0.17436196 0.         0.4638599 ]

rule7: Altitude > 4.835
probabilities_array:[0.37393352 0.10572945 0.         0.520337  ]

rule14: 0.002 < curRoll < 0.012
probabilities_array:[0.4015064  0.00288333 0.         0.59561026]

rule15: curRoll > 0.012
probabilities_array:[0.3754788  0.02609371 0.         0.5984275 ]

rule9: -0.003 < RollRate < 0.000
probabilities_array:[0.3732688  0.         0.02383573 0.60289544]

rule6: -12.298 < Altitude < 4.835
probabilities_array:[0.37552676 0.         0.         0.6244733 ]

rule13: -0.009 < curRoll < 0.002
probabilities_array:[0.31303784 0.02816857 0.         0.65879357]

rule23: diffDiffClb = 0.0
probabilities_array:[0.2859848  0.00399484 0.05726856 0.6527518 ]

rule10: 0.000 < RollRate < 0.004
probabilities_array:[0.18883246 0.02662769 0.12260757 0.6619323 ]


---1---
rule3: climbRate > 3.021
probabilities_array:[0.         0.3771177  0.5801754  0.04270693]

rule2: -0.292 < climbRate < 3.021
probabilities_array:[0.         0.40592134 0.40944993 0.18462877]

rule18: -0.002 < diffClb < 0.119
probabilities_array:[0.         0.42280766 0.23625804 0.3409343 ]

rule19: diffClb > 0.119
probabilities_array:[0.         0.291141   0.6098764  0.09898255]

rule11: RollRate > 0.004
probabilities_array:[0.         0.3563409  0.26834434 0.3753148 ]

rule17: -0.122 < diffClb < -0.002
probabilities_array:[0.48459625 0.22881886 0.         0.28658488]

rule4: Altitude < -29.431
probabilities_array:[0.48307624 0.16524048 0.         0.35168326]

rule1: -3.605 < climbRate < -0.292
probabilities_array:[0.36177814 0.17436196 0.         0.4638599 ]

rule7: Altitude > 4.835
probabilities_array:[0.37393352 0.10572945 0.         0.520337  ]


---2---
rule3: climbRate > 3.021
probabilities_array:[0.         0.3771177  0.5801754  0.04270693]

rule19: diffClb > 0.119
probabilities_array:[0.         0.291141   0.6098764  0.09898255]

rule2: -0.292 < climbRate < 3.021
probabilities_array:[0.         0.40592134 0.40944993 0.18462877]

rule11: RollRate > 0.004
probabilities_array:[0.         0.3563409  0.26834434 0.3753148 ]

rule18: -0.002 < diffClb < 0.119
probabilities_array:[0.         0.42280766 0.23625804 0.3409343 ]

rule10: 0.000 < RollRate < 0.004
probabilities_array:[0.18883246 0.02662769 0.12260757 0.6619323 ]

