R2: 0.6337529450540231

MAE: 0.0010837384332449242

MSE: 2.0529599292359163e-06

Accuracy: 0.708373129576568

F1: 0.6441964736621163

Confusion Matrix: [[1428, 90, 45], [254, 329, 252], [56, 219, 468]]

Uncertainties: {'class0': [0.29395946860313416, 0.37598857283592224, 0.4121153652667999, 0.4475748836994171, 0.46488523483276367], 'class1': [0.03378453478217125, 0.13628090918064117, 0.15823927521705627, 0.2529575228691101, 0.29395946860313416], 'class2': [0.03378453478217125, 0.13628090918064117, 0.15823927521705627, 0.2529575228691101, 0.38426631689071655]}

Most important rules
-----------------------------

---0---
rule0: climbRate < -3.618
probabilities_array:[0.5878846  0.         0.         0.41211537]

rule16: diffClb < -0.119
probabilities_array:[0.5524251  0.         0.         0.44757488]

rule4: Altitude < -29.765
probabilities_array:[0.46732846 0.15668292 0.         0.37598857]

rule17: -0.119 < diffClb < 0.001
probabilities_array:[3.6863542e-01 3.3715156e-01 2.5354128e-04 2.9395947e-01]

rule8: RollRate < -0.003
probabilities_array:[0.46813247 0.02119466 0.         0.51067287]

rule1: -3.618 < climbRate < -0.303
probabilities_array:[0.3497304  0.18538438 0.         0.46488523]

rule9: -0.003 < RollRate < 0.000
probabilities_array:[0.42824683 0.         0.         0.57175314]

rule5: -29.765 < Altitude < -12.459
probabilities_array:[0.390308  0.0552856 0.        0.5544064]

rule6: -12.459 < Altitude < 4.846
probabilities_array:[0.41032264 0.         0.         0.5896774 ]

rule7: Altitude > 4.846
probabilities_array:[0.3537445  0.04711917 0.         0.5991363 ]

rule15: curRoll > 0.012
probabilities_array:[0.35611513 0.04204059 0.         0.60184425]

rule14: 0.002 < curRoll < 0.012
probabilities_array:[0.36339042 0.         0.         0.6366096 ]

rule12: curRoll < -0.009
probabilities_array:[0.33652544 0.         0.01037548 0.6530991 ]

rule23: diffDiffClb = 0.0
probabilities_array:[0.29188776 0.         0.09739923 0.61071295]

rule13: -0.009 < curRoll < 0.002
probabilities_array:[0.23387137 0.13435522 0.         0.6317734 ]

rule10: 0.000 < RollRate < 0.004
probabilities_array:[2.1415158e-01 1.2168765e-04 1.3152109e-01 6.5420562e-01]


---1---
rule3: climbRate > 3.012
probabilities_array:[0.         0.38101068 0.5852048  0.03378453]

rule2: -0.303 < climbRate < 3.012
probabilities_array:[0.         0.41609865 0.42566204 0.15823928]

rule18: 0.001 < diffClb < 0.120
probabilities_array:[0.         0.42269808 0.3243444  0.25295752]

rule19: diffClb > 0.120
probabilities_array:[0.         0.27873078 0.58498836 0.13628091]

rule17: -0.119 < diffClb < 0.001
probabilities_array:[3.6863542e-01 3.3715156e-01 2.5354128e-04 2.9395947e-01]

rule11: RollRate > 0.004
probabilities_array:[0.         0.30968335 0.30605033 0.38426632]

rule1: -3.618 < climbRate < -0.303
probabilities_array:[0.3497304  0.18538438 0.         0.46488523]

rule4: Altitude < -29.765
probabilities_array:[0.46732846 0.15668292 0.         0.37598857]

rule13: -0.009 < curRoll < 0.002
probabilities_array:[0.23387137 0.13435522 0.         0.6317734 ]


---2---
rule3: climbRate > 3.012
probabilities_array:[0.         0.38101068 0.5852048  0.03378453]

rule19: diffClb > 0.120
probabilities_array:[0.         0.27873078 0.58498836 0.13628091]

rule2: -0.303 < climbRate < 3.012
probabilities_array:[0.         0.41609865 0.42566204 0.15823928]

rule18: 0.001 < diffClb < 0.120
probabilities_array:[0.         0.42269808 0.3243444  0.25295752]

rule11: RollRate > 0.004
probabilities_array:[0.         0.30968335 0.30605033 0.38426632]

rule10: 0.000 < RollRate < 0.004
probabilities_array:[2.1415158e-01 1.2168765e-04 1.3152109e-01 6.5420562e-01]

