R2: 0.6481691674692249

MAE: 0.0010720079321519973

MSE: 2.0124768796583825e-06

Accuracy: 0.8217128303088188

F1: 0.7349635479951397

Confusion Matrix: [[2189, 198], [362, 392]]

Uncertainties: {'class0': [0.4720977544784546, 0.47989654541015625, 0.5130844116210938, 0.5634458661079407, 0.5636922717094421], 'class1': [0.3315172791481018, 0.3754594624042511, 0.5957301259040833, 0.7565106153488159]}

Most important rules
-----------------------------

---0---
rule16: diffClb < -0.119
probabilities_array:[0.52790225 0.         0.47209775]

rule0: climbRate < -3.610
probabilities_array:[0.52010345 0.         0.47989655]

rule8: RollRate < -0.003
probabilities_array:[0.48691562 0.         0.5130844 ]

rule17: -0.119 < diffClb < 0.001
probabilities_array:[0.43655413 0.         0.56344587]

rule4: Altitude < -29.390
probabilities_array:[0.43630776 0.         0.5636923 ]

rule1: -3.610 < climbRate < -0.301
probabilities_array:[0.41591355 0.         0.5840864 ]

rule15: curRoll > 0.013
probabilities_array:[0.36804998 0.         0.63195   ]

rule9: -0.003 < RollRate < 0.000
probabilities_array:[0.3107403 0.        0.6892597]

rule13: -0.009 < curRoll < 0.002
probabilities_array:[0.31057164 0.         0.6894284 ]

rule12: curRoll < -0.009
probabilities_array:[0.30728865 0.         0.69271135]

rule14: 0.002 < curRoll < 0.013
probabilities_array:[0.3019268 0.        0.6980732]

rule7: Altitude > 5.058
probabilities_array:[0.2692789  0.         0.73072106]

rule5: -29.390 < Altitude < -12.166
probabilities_array:[0.23702765 0.         0.76297235]

rule23: diffDiffClb = 0.0
probabilities_array:[0.21229312 0.04010976 0.7475972 ]

rule6: -12.166 < Altitude < 5.058
probabilities_array:[0.21885295 0.         0.78114706]

rule11: RollRate > 0.004
probabilities_array:[0.20821708 0.         0.7917829 ]


---1---
rule3: climbRate > 3.008
probabilities_array:[0.         0.6684827  0.33151728]

rule19: diffClb > 0.121
probabilities_array:[0.         0.62454057 0.37545946]

rule2: -0.301 < climbRate < 3.008
probabilities_array:[0.         0.40426984 0.5957301 ]

rule18: 0.001 < diffClb < 0.121
probabilities_array:[0.        0.2434894 0.7565106]

