R2: 0.6390422830884848

MAE: 0.0010655302711586477

MSE: 2.0551097804082978e-06

Accuracy: 0.8163005412289079

F1: 0.7010979517863054

Confusion Matrix: [[2257, 128], [449, 307]]

Uncertainties: {'class0': [0.3986877501010895, 0.43715527653694153, 0.47016412019729614, 0.48544248938560486, 0.4975758492946625], 'class1': [0.394950807094574, 0.4556475281715393, 0.6506903171539307]}

Most important rules
-----------------------------

---0---
rule16: diffClb < -0.120
probabilities_array:[0.6013123  0.         0.39868775]

rule0: climbRate < -3.565
probabilities_array:[0.5628447  0.         0.43715528]

rule1: -3.565 < climbRate < -0.279
probabilities_array:[0.5298359  0.         0.47016412]

rule8: RollRate < -0.004
probabilities_array:[0.5145575 0.        0.4854425]

rule17: -0.120 < diffClb < -0.000
probabilities_array:[0.5024242  0.         0.49757585]

rule4: Altitude < -29.118
probabilities_array:[0.41956526 0.         0.58043474]

rule7: Altitude > 5.156
probabilities_array:[0.36497834 0.         0.6350217 ]

rule6: -11.981 < Altitude < 5.156
probabilities_array:[0.31927118 0.         0.6807288 ]

rule5: -29.118 < Altitude < -11.981
probabilities_array:[0.31733957 0.         0.68266046]

rule15: curRoll > 0.013
probabilities_array:[0.2816987 0.        0.7183013]

rule13: -0.009 < curRoll < 0.002
probabilities_array:[0.2620178 0.        0.7379822]

rule9: -0.004 < RollRate < -0.000
probabilities_array:[0.2400342 0.        0.7599658]

rule14: 0.002 < curRoll < 0.013
probabilities_array:[0.2347688 0.        0.7652312]


---1---
rule3: climbRate > 3.008
probabilities_array:[0.        0.6050492 0.3949508]

rule19: diffClb > 0.119
probabilities_array:[0.         0.5443525  0.45564753]

rule2: -0.279 < climbRate < 3.008
probabilities_array:[0.         0.34930968 0.6506903 ]

