R2: 0.6368011188107824

MAE: 0.00108983919748591

MSE: 2.074128515752567e-06

Accuracy: 0.8761540910538045

F1: 0.8761427923682772

Confusion Matrix: [[1361, 179], [210, 1391]]

Uncertainties: {'class0': [0.2180086374282837, 0.2974499762058258, 0.47796136140823364, 0.4863208830356598, 0.5728549361228943], 'class1': [0.18346229195594788, 0.18699178099632263, 0.478826642036438, 0.5120025873184204, 0.5644276738166809]}

Most important rules
-----------------------------

---0---
rule0: climbRate < -3.669
probabilities_array:[0.78199136 0.         0.21800864]

rule16: diffClb < -0.121
probabilities_array:[0.70255    0.         0.29744998]

rule1: -3.669 < climbRate < -0.325
probabilities_array:[0.52203864 0.         0.47796136]

rule8: RollRate < -0.004
probabilities_array:[0.51367915 0.         0.48632088]

rule17: -0.121 < diffClb < -0.002
probabilities_array:[0.42714503 0.         0.57285494]

rule9: -0.004 < RollRate < 0.000
probabilities_array:[0.39459783 0.         0.6054022 ]


---1---
rule3: climbRate > 3.018
probabilities_array:[0.         0.81653774 0.18346229]

rule19: diffClb > 0.117
probabilities_array:[0.         0.8130082  0.18699178]

rule2: -0.325 < climbRate < 3.018
probabilities_array:[0.         0.52117336 0.47882664]

rule18: -0.002 < diffClb < 0.117
probabilities_array:[0.         0.48799744 0.5120026 ]

rule11: RollRate > 0.004
probabilities_array:[0.        0.4355723 0.5644277]

rule13: -0.009 < curRoll < 0.002
probabilities_array:[0.04097768 0.1923916  0.7666307 ]

