R2: 0.6107158393849788

MAE: 0.0011030804504513173

MSE: 2.1284727664607767e-06

Accuracy: 0.6918178923909583

F1: 0.623966818489333

Confusion Matrix: [[1419, 93, 46], [248, 327, 277], [57, 247, 427]]

Uncertainties: {'class0': [0.3517749607563019, 0.3614065647125244, 0.3829783499240875, 0.4114176332950592, 0.4237537980079651], 'class1': [0.032848186790943146, 0.08840115368366241, 0.14296038448810577, 0.3514541983604431, 0.3517749607563019], 'class2': [0.032848186790943146, 0.08840115368366241, 0.14296038448810577, 0.3514541983604431, 0.3959983289241791]}

Most important rules
-----------------------------

---0---
rule0: climbRate < -3.611
probabilities_array:[0.5885824  0.         0.         0.41141763]

rule4: Altitude < -29.431
probabilities_array:[0.52874696 0.11947813 0.         0.35177496]

rule8: RollRate < -0.004
probabilities_array:[0.5078861  0.10913558 0.         0.38297835]

rule16: diffClb < -0.120
probabilities_array:[0.52739185 0.         0.         0.47260818]

rule17: -0.120 < diffClb < -0.000
probabilities_array:[0.4323119  0.20628151 0.         0.36140656]

rule5: -29.431 < Altitude < -12.224
probabilities_array:[0.5002227  0.02585327 0.         0.473924  ]

rule7: Altitude > 4.983
probabilities_array:[0.42777112 0.14847508 0.         0.4237538 ]

rule12: curRoll < -0.009
probabilities_array:[4.7026810e-01 1.1369589e-04 0.0000000e+00 5.2961820e-01]

rule15: curRoll > 0.012
probabilities_array:[0.4280836  0.03024359 0.         0.5416728 ]

rule6: -12.224 < Altitude < 4.983
probabilities_array:[4.3156990e-01 2.6823473e-04 0.0000000e+00 5.6816185e-01]

rule14: 0.002 < curRoll < 0.012
probabilities_array:[0.40618923 0.00120718 0.         0.5926036 ]

rule1: -3.611 < climbRate < -0.269
probabilities_array:[0.29155278 0.22305955 0.         0.48538765]

rule9: -0.004 < RollRate < 0.000
probabilities_array:[0.38646784 0.         0.         0.6135321 ]

rule23: diffDiffClb = 0.0
probabilities_array:[0.3213825  0.         0.06451026 0.61410725]

rule10: 0.000 < RollRate < 0.004
probabilities_array:[0.26256436 0.01933812 0.11002237 0.60807514]

rule13: -0.009 < curRoll < 0.002
probabilities_array:[0.27130416 0.01974119 0.         0.70895463]


---1---
rule2: -0.269 < climbRate < 3.072
probabilities_array:[0.         0.4327719  0.42426774 0.14296038]

rule3: climbRate > 3.072
probabilities_array:[0.         0.37895185 0.5882     0.03284819]

rule18: -0.000 < diffClb < 0.120
probabilities_array:[0.         0.41256708 0.23597872 0.3514542 ]

rule19: diffClb > 0.120
probabilities_array:[0.         0.2718416  0.6397573  0.08840115]

rule11: RollRate > 0.004
probabilities_array:[0.         0.373035   0.23096666 0.39599833]

rule17: -0.120 < diffClb < -0.000
probabilities_array:[0.4323119  0.20628151 0.         0.36140656]

rule1: -3.611 < climbRate < -0.269
probabilities_array:[0.29155278 0.22305955 0.         0.48538765]

rule7: Altitude > 4.983
probabilities_array:[0.42777112 0.14847508 0.         0.4237538 ]

rule4: Altitude < -29.431
probabilities_array:[0.52874696 0.11947813 0.         0.35177496]

rule8: RollRate < -0.004
probabilities_array:[0.5078861  0.10913558 0.         0.38297835]


---2---
rule19: diffClb > 0.120
probabilities_array:[0.         0.2718416  0.6397573  0.08840115]

rule3: climbRate > 3.072
probabilities_array:[0.         0.37895185 0.5882     0.03284819]

rule2: -0.269 < climbRate < 3.072
probabilities_array:[0.         0.4327719  0.42426774 0.14296038]

rule18: -0.000 < diffClb < 0.120
probabilities_array:[0.         0.41256708 0.23597872 0.3514542 ]

rule11: RollRate > 0.004
probabilities_array:[0.         0.373035   0.23096666 0.39599833]

rule10: 0.000 < RollRate < 0.004
probabilities_array:[0.26256436 0.01933812 0.11002237 0.60807514]

