R2: 0.631637695708259

MAE: 0.0010668101652136755

MSE: 2.067707146113687e-06

Accuracy: 0.8662846227316141

F1: 0.8662273354495431

Confusion Matrix: [[1328, 204], [216, 1393]]

Uncertainties: {'class0': [0.1917993128299713, 0.3187083899974823, 0.4748993217945099, 0.5309625267982483, 0.620192289352417], 'class1': [0.16463622450828552, 0.22126153111457825, 0.4622632563114166, 0.46490582823753357, 0.5130038261413574]}

Most important rules
-----------------------------

---0---
rule0: climbRate < -3.621
probabilities_array:[0.8082007  0.         0.19179931]

rule16: diffClb < -0.120
probabilities_array:[0.68129164 0.         0.3187084 ]

rule1: -3.621 < climbRate < -0.304
probabilities_array:[0.52510065 0.         0.47489932]

rule17: -0.120 < diffClb < -0.001
probabilities_array:[0.46903744 0.         0.5309625 ]

rule8: RollRate < -0.004
probabilities_array:[0.37980774 0.         0.6201923 ]

rule9: -0.004 < RollRate < 0.000
probabilities_array:[0.26287633 0.         0.73712367]

rule5: -29.438 < Altitude < -11.981
probabilities_array:[0.2521154 0.        0.7478846]

rule4: Altitude < -29.438
probabilities_array:[0.20110784 0.         0.79889214]


---1---
rule3: climbRate > 3.013
probabilities_array:[0.         0.83536375 0.16463622]

rule19: diffClb > 0.118
probabilities_array:[0.         0.77873844 0.22126153]

rule11: RollRate > 0.004
probabilities_array:[0.         0.5377367  0.46226326]

rule2: -0.304 < climbRate < 3.013
probabilities_array:[0.         0.5350942  0.46490583]

rule18: -0.001 < diffClb < 0.118
probabilities_array:[0.         0.48699617 0.5130038 ]

