R2: 0.6276090419715727

MAE: 0.0010804508823887712

MSE: 2.1481258215932748e-06

Accuracy: 0.8675581025151226

F1: 0.8675231768742244

Confusion Matrix: [[1388, 148], [268, 1337]]

Uncertainties: {'class0': [0.28777503967285156, 0.2912108898162842, 0.5426438450813293, 0.6554501056671143, 0.677304744720459], 'class1': [0.12297523766756058, 0.2782810926437378, 0.4117387533187866, 0.42472025752067566, 0.44159582257270813]}

Most important rules
-----------------------------

---0---
rule16: diffClb < -0.120
probabilities_array:[0.71222496 0.         0.28777504]

rule0: climbRate < -3.607
probabilities_array:[0.7087891 0.        0.2912109]

rule1: -3.607 < climbRate < -0.306
probabilities_array:[0.45614454 0.00121165 0.54264385]

rule17: -0.120 < diffClb < 0.000
probabilities_array:[0.3445499 0.        0.6554501]

rule8: RollRate < -0.004
probabilities_array:[0.32269526 0.         0.67730474]

rule15: curRoll > 0.012
probabilities_array:[0.21089166 0.06793799 0.7211703 ]

rule9: -0.004 < RollRate < 0.000
probabilities_array:[0.23484147 0.         0.76515853]

rule4: Altitude < -30.007
probabilities_array:[0.20430355 0.         0.79569644]


---1---
rule3: climbRate > 2.996
probabilities_array:[0.         0.87702477 0.12297524]

rule19: diffClb > 0.120
probabilities_array:[0.        0.7217189 0.2782811]

rule2: -0.306 < climbRate < 2.996
probabilities_array:[0.         0.58826125 0.41173875]

rule11: RollRate > 0.004
probabilities_array:[0.         0.5752797  0.42472026]

rule18: 0.000 < diffClb < 0.120
probabilities_array:[0.         0.5584042  0.44159582]

