R2: 0.6488254691830475

MAE: 0.0010531845352235295

MSE: 1.939005973796083e-06

Accuracy: 0.8736071314867877

F1: 0.8735956004375477

Confusion Matrix: [[1387, 148], [249, 1357]]

Uncertainties: {'class0': [0.19226202368736267, 0.3709743022918701, 0.4338134229183197, 0.45781293511390686, 0.5665468573570251], 'class1': [0.20034489035606384, 0.20985381305217743, 0.48272982239723206, 0.4913419485092163, 0.5583687424659729]}

Most important rules
-----------------------------

---0---
rule0: climbRate < -3.582
probabilities_array:[0.807738   0.         0.19226202]

rule16: diffClb < -0.121
probabilities_array:[0.6290257 0.        0.3709743]

rule1: -3.582 < climbRate < -0.281
probabilities_array:[0.5661866  0.         0.43381342]

rule8: RollRate < -0.004
probabilities_array:[0.54218704 0.         0.45781294]

rule17: -0.121 < diffClb < -0.002
probabilities_array:[0.4334531  0.         0.56654686]

rule9: -0.004 < RollRate < 0.000
probabilities_array:[0.36748746 0.         0.6325125 ]


---1---
rule19: diffClb > 0.118
probabilities_array:[0.         0.79965514 0.20034489]

rule3: climbRate > 3.020
probabilities_array:[0.         0.7901462  0.20985381]

rule2: -0.281 < climbRate < 3.020
probabilities_array:[0.         0.51727015 0.48272982]

rule18: -0.002 < diffClb < 0.118
probabilities_array:[0.         0.50865805 0.49134195]

rule11: RollRate > 0.004
probabilities_array:[0.         0.44163126 0.55836874]

