R2: 0.6236054411716421

MAE: 0.001081847725108276

MSE: 2.0762662625078184e-06

Accuracy: 0.7090098694683222

F1: 0.636808884370671

Confusion Matrix: [[1467, 88, 50], [217, 321, 279], [58, 222, 439]]

Uncertainties: {'class0': [0.28376030921936035, 0.37118297815322876, 0.4277350604534149, 0.4285523593425751, 0.4517822563648224], 'class1': [0.031290847808122635, 0.10623084008693695, 0.15620140731334686, 0.21603132784366608, 0.28376030921936035], 'class2': [0.031290847808122635, 0.10623084008693695, 0.15620140731334686, 0.21603132784366608, 0.41545578837394714]}

Most important rules
-----------------------------

---0---
rule4: Altitude < -29.496
probabilities_array:[0.50512207 0.12369493 0.         0.37118298]

rule16: diffClb < -0.119
probabilities_array:[0.5482178  0.         0.         0.45178226]

rule0: climbRate < -3.596
probabilities_array:[0.5460683 0.        0.        0.4539317]

rule8: RollRate < -0.003
probabilities_array:[0.5056479  0.066617   0.         0.42773506]

rule17: -0.119 < diffClb < 0.000
probabilities_array:[0.3698241  0.34493455 0.00148102 0.2837603 ]

rule9: -0.003 < RollRate < 0.000
probabilities_array:[0.46685746 0.         0.         0.5331425 ]

rule5: -29.496 < Altitude < -12.384
probabilities_array:[0.4522938  0.00280828 0.         0.5448979 ]

rule7: Altitude > 4.728
probabilities_array:[0.38782495 0.05948989 0.         0.55268514]

rule1: -3.596 < climbRate < -0.287
probabilities_array:[0.29843965 0.27300802 0.         0.42855236]

rule6: -12.384 < Altitude < 4.728
probabilities_array:[0.3940374  0.         0.03852741 0.5674352 ]

rule15: curRoll > 0.012
probabilities_array:[0.34568    0.01400187 0.         0.6403181 ]

rule10: 0.000 < RollRate < 0.004
probabilities_array:[0.30733433 0.         0.09232672 0.60033894]

rule14: 0.002 < curRoll < 0.012
probabilities_array:[0.34547734 0.         0.         0.65452266]

rule12: curRoll < -0.009
probabilities_array:[0.31299278 0.0254523  0.         0.66155493]

rule23: diffDiffClb = 0.0
probabilities_array:[2.58108497e-01 2.74175865e-04 1.08914025e-01 6.32703245e-01]

rule13: -0.009 < curRoll < 0.002
probabilities_array:[0.2003417 0.0691529 0.        0.7305054]


---1---
rule18: 0.000 < diffClb < 0.120
probabilities_array:[0.         0.46177578 0.32219288 0.21603133]

rule3: climbRate > 3.021
probabilities_array:[0.         0.3737082  0.595001   0.03129085]

rule2: -0.287 < climbRate < 3.021
probabilities_array:[0.         0.39645422 0.44734436 0.1562014 ]

rule19: diffClb > 0.120
probabilities_array:[0.         0.3047666  0.58900255 0.10623084]

rule17: -0.119 < diffClb < 0.000
probabilities_array:[0.3698241  0.34493455 0.00148102 0.2837603 ]

rule11: RollRate > 0.004
probabilities_array:[0.         0.32452768 0.26001647 0.4154558 ]

rule1: -3.596 < climbRate < -0.287
probabilities_array:[0.29843965 0.27300802 0.         0.42855236]

rule4: Altitude < -29.496
probabilities_array:[0.50512207 0.12369493 0.         0.37118298]


---2---
rule3: climbRate > 3.021
probabilities_array:[0.         0.3737082  0.595001   0.03129085]

rule19: diffClb > 0.120
probabilities_array:[0.         0.3047666  0.58900255 0.10623084]

rule2: -0.287 < climbRate < 3.021
probabilities_array:[0.         0.39645422 0.44734436 0.1562014 ]

rule18: 0.000 < diffClb < 0.120
probabilities_array:[0.         0.46177578 0.32219288 0.21603133]

rule11: RollRate > 0.004
probabilities_array:[0.         0.32452768 0.26001647 0.4154558 ]

rule23: diffDiffClb = 0.0
probabilities_array:[2.58108497e-01 2.74175865e-04 1.08914025e-01 6.32703245e-01]

