R2: 0.6298314029584395

MAE: 0.0010795407269803662

MSE: 2.0854513254286344e-06

Accuracy: 0.8701050620821394

F1: 0.8701047329294083

Confusion Matrix: [[1369, 172], [236, 1364]]

Uncertainties: {'class0': [0.2604619264602661, 0.3507777452468872, 0.5110621452331543, 0.5505037903785706, 0.5585485696792603], 'class1': [0.13920658826828003, 0.22795705497264862, 0.380033940076828, 0.45861387252807617, 0.5008898973464966]}

Most important rules
-----------------------------

---0---
rule0: climbRate < -3.633
probabilities_array:[0.7395381  0.         0.26046193]

rule16: diffClb < -0.119
probabilities_array:[0.64922225 0.         0.35077775]

rule1: -3.633 < climbRate < -0.307
probabilities_array:[0.48458976 0.00434815 0.51106215]

rule8: RollRate < -0.004
probabilities_array:[0.44949618 0.         0.5505038 ]

rule17: -0.119 < diffClb < -0.001
probabilities_array:[0.44145143 0.         0.55854857]

rule9: -0.004 < RollRate < 0.000
probabilities_array:[0.36388525 0.         0.6361147 ]

rule12: curRoll < -0.009
probabilities_array:[0.27226385 0.         0.7277362 ]

rule5: -29.628 < Altitude < -12.312
probabilities_array:[0.25498047 0.         0.7450195 ]

rule15: curRoll > 0.012
probabilities_array:[0.21825492 0.06046417 0.7212809 ]

rule4: Altitude < -29.628
probabilities_array:[0.22713542 0.         0.7728646 ]

rule14: 0.002 < curRoll < 0.012
probabilities_array:[0.20643967 0.01512396 0.77843636]


---1---
rule3: climbRate > 3.018
probabilities_array:[0.         0.8607934  0.13920659]

rule19: diffClb > 0.117
probabilities_array:[0.         0.77204293 0.22795705]

rule2: -0.307 < climbRate < 3.018
probabilities_array:[0.         0.61996603 0.38003394]

rule11: RollRate > 0.004
probabilities_array:[0.         0.5413861  0.45861387]

rule18: -0.001 < diffClb < 0.117
probabilities_array:[0.        0.4991101 0.5008899]

