R2: 0.6284170324121295

MAE: 0.0010745895882953702

MSE: 2.0827096899103676e-06

Accuracy: 0.6956383317414836

F1: 0.6301572878050147

Confusion Matrix: [[1409, 99, 44], [229, 330, 281], [62, 241, 446]]

Uncertainties: {'class0': [0.34885936975479126, 0.3611240088939667, 0.3995946943759918, 0.423988401889801, 0.4482046961784363], 'class1': [0.03594515100121498, 0.09392350167036057, 0.14248180389404297, 0.34885936975479126, 0.3611240088939667], 'class2': [0.03594515100121498, 0.09392350167036057, 0.14248180389404297, 0.36185356974601746, 0.4019923508167267]}

Most important rules
-----------------------------

---0---
rule0: climbRate < -3.604
probabilities_array:[0.60040534 0.         0.         0.3995947 ]

rule8: RollRate < -0.004
probabilities_array:[0.52481204 0.12632857 0.         0.34885937]

rule16: diffClb < -0.121
probabilities_array:[0.5760116 0.        0.        0.4239884]

rule17: -0.121 < diffClb < -0.000
probabilities_array:[0.46057978 0.17829621 0.         0.361124  ]

rule4: Altitude < -29.877
probabilities_array:[0.48544458 0.06635073 0.         0.4482047 ]

rule15: curRoll > 0.012
probabilities_array:[0.44675207 0.09442513 0.         0.4588228 ]

rule12: curRoll < -0.009
probabilities_array:[0.45830664 0.         0.03690156 0.5047918 ]

rule5: -29.877 < Altitude < -12.575
probabilities_array:[0.45072094 0.         0.         0.54927903]

rule14: 0.002 < curRoll < 0.012
probabilities_array:[0.41998532 0.00101202 0.         0.5790027 ]

rule7: Altitude > 4.727
probabilities_array:[0.3320016  0.17008737 0.         0.49791104]

rule1: -3.604 < climbRate < -0.296
probabilities_array:[0.30662048 0.18591718 0.         0.5074623 ]

rule9: -0.004 < RollRate < 0.000
probabilities_array:[0.38682574 0.         0.         0.61317426]

rule6: -12.575 < Altitude < 4.727
probabilities_array:[0.37865764 0.0057604  0.         0.6155819 ]

rule13: -0.009 < curRoll < 0.002
probabilities_array:[0.27322719 0.09997197 0.         0.62680084]

rule23: diffDiffClb = 0.0
probabilities_array:[0.2885822  0.         0.00352217 0.70789564]

rule10: 0.000 < RollRate < 0.004
probabilities_array:[2.2263086e-01 3.8054800e-03 5.4554007e-04 7.7301812e-01]


---1---
rule3: climbRate > 3.011
probabilities_array:[0.         0.3772147  0.5868401  0.03594515]

rule2: -0.296 < climbRate < 3.011
probabilities_array:[0.         0.39761892 0.45989928 0.1424818 ]

rule19: diffClb > 0.120
probabilities_array:[0.        0.275415  0.6306615 0.0939235]

rule11: RollRate > 0.004
probabilities_array:[9.6719290e-05 3.7693796e-01 2.6111171e-01 3.6185357e-01]

rule18: -0.000 < diffClb < 0.120
probabilities_array:[0.         0.3593963  0.2386113  0.40199235]

rule17: -0.121 < diffClb < -0.000
probabilities_array:[0.46057978 0.17829621 0.         0.361124  ]

rule1: -3.604 < climbRate < -0.296
probabilities_array:[0.30662048 0.18591718 0.         0.5074623 ]

rule7: Altitude > 4.727
probabilities_array:[0.3320016  0.17008737 0.         0.49791104]

rule8: RollRate < -0.004
probabilities_array:[0.52481204 0.12632857 0.         0.34885937]

rule15: curRoll > 0.012
probabilities_array:[0.44675207 0.09442513 0.         0.4588228 ]


---2---
rule19: diffClb > 0.120
probabilities_array:[0.        0.275415  0.6306615 0.0939235]

rule3: climbRate > 3.011
probabilities_array:[0.         0.3772147  0.5868401  0.03594515]

rule2: -0.296 < climbRate < 3.011
probabilities_array:[0.         0.39761892 0.45989928 0.1424818 ]

rule11: RollRate > 0.004
probabilities_array:[9.6719290e-05 3.7693796e-01 2.6111171e-01 3.6185357e-01]

rule18: -0.000 < diffClb < 0.120
probabilities_array:[0.         0.3593963  0.2386113  0.40199235]

