R2: 0.619976569490839

MAE: 0.0010754035530729038

MSE: 2.0921864926209816e-06

Accuracy: 0.8252148997134671

F1: 0.7386077677228965

Confusion Matrix: [[2200, 214], [335, 392]]

Uncertainties: {'class0': [0.5051838755607605, 0.5148155689239502, 0.5500709414482117, 0.567349374294281, 0.5784795880317688], 'class1': [0.2871324121952057, 0.39489468932151794, 0.529121458530426]}

Most important rules
-----------------------------

---0---
rule16: diffClb < -0.116
probabilities_array:[0.49481612 0.         0.5051839 ]

rule1: -3.580 < climbRate < -0.265
probabilities_array:[0.48518443 0.         0.51481557]

rule8: RollRate < -0.003
probabilities_array:[0.44992906 0.         0.55007094]

rule4: Altitude < -29.598
probabilities_array:[0.43265063 0.         0.5673494 ]

rule0: climbRate < -3.580
probabilities_array:[0.42152044 0.         0.5784796 ]

rule17: -0.116 < diffClb < 0.002
probabilities_array:[0.40754378 0.         0.5924562 ]

rule15: curRoll > 0.012
probabilities_array:[0.38767186 0.         0.6123282 ]

rule7: Altitude > 4.598
probabilities_array:[0.37839022 0.         0.6216098 ]

rule14: 0.001 < curRoll < 0.012
probabilities_array:[0.35184133 0.         0.64815867]

rule12: curRoll < -0.009
probabilities_array:[0.3478289  0.         0.65217113]

rule5: -29.598 < Altitude < -12.500
probabilities_array:[0.3417211 0.        0.6582789]

rule9: -0.003 < RollRate < 0.000
probabilities_array:[0.3318391 0.        0.6681609]

rule6: -12.500 < Altitude < 4.598
probabilities_array:[0.29378557 0.         0.7062144 ]

rule13: -0.009 < curRoll < 0.001
probabilities_array:[0.24850902 0.         0.751491  ]

rule23: diffDiffClb = 0.0
probabilities_array:[0.21840253 0.0355068  0.74609065]


---1---
rule3: climbRate > 3.050
probabilities_array:[0.        0.7128676 0.2871324]

rule19: diffClb > 0.121
probabilities_array:[0.         0.60510534 0.3948947 ]

rule2: -0.265 < climbRate < 3.050
probabilities_array:[0.         0.47087857 0.52912146]

