R2: 0.6386465575371464

MAE: 0.001070522412259889

MSE: 2.052483301576041e-06

Accuracy: 0.8057943330149634

F1: 0.7257385838565649

Confusion Matrix: [[2114, 264], [346, 417]]

Uncertainties: {'class0': [0.4733782112598419, 0.48279547691345215, 0.5068421363830566, 0.5074338316917419, 0.5150442719459534], 'class1': [0.2974695861339569, 0.37320470809936523, 0.5464765429496765]}

Most important rules
-----------------------------

---0---
rule16: diffClb < -0.120
probabilities_array:[0.5266218 0.        0.4733782]

rule8: RollRate < -0.004
probabilities_array:[0.5172045  0.         0.48279548]

rule4: Altitude < -29.822
probabilities_array:[0.49315786 0.         0.50684214]

rule0: climbRate < -3.643
probabilities_array:[0.4925662  0.         0.50743383]

rule17: -0.120 < diffClb < -0.001
probabilities_array:[0.4849557 0.        0.5150443]

rule15: curRoll > 0.013
probabilities_array:[0.4115901 0.        0.5884099]

rule1: -3.643 < climbRate < -0.330
probabilities_array:[0.4064679 0.        0.5935321]

rule5: -29.822 < Altitude < -12.544
probabilities_array:[0.38925985 0.         0.6107401 ]

rule14: 0.002 < curRoll < 0.013
probabilities_array:[0.37505767 0.         0.6249423 ]

rule7: Altitude > 4.734
probabilities_array:[0.37117565 0.         0.62882435]

rule6: -12.544 < Altitude < 4.734
probabilities_array:[0.29956824 0.         0.70043176]

rule12: curRoll < -0.009
probabilities_array:[0.2981411 0.        0.7018589]

rule13: -0.009 < curRoll < 0.002
probabilities_array:[0.288272   0.         0.71172804]

rule9: -0.004 < RollRate < 0.000
probabilities_array:[0.25311217 0.         0.74688786]

rule10: 0.000 < RollRate < 0.004
probabilities_array:[0.19492488 0.04870964 0.7563655 ]


---1---
rule3: climbRate > 2.983
probabilities_array:[0.        0.7025304 0.2974696]

rule19: diffClb > 0.118
probabilities_array:[0.        0.6267953 0.3732047]

rule2: -0.330 < climbRate < 2.983
probabilities_array:[0.         0.45352343 0.54647654]

