R2: 0.6172614750448765

MAE: 0.0011031432191923422

MSE: 2.184876304568621e-06

Accuracy: 0.6899076727156956

F1: 0.6222656607905215

Confusion Matrix: [[1409, 82, 50], [268, 310, 309], [52, 213, 448]]

Uncertainties: {'class0': [0.3004978895187378, 0.3884144723415375, 0.38851165771484375, 0.401482492685318, 0.4851330816745758], 'class1': [0.03793524205684662, 0.08344313502311707, 0.15132452547550201, 0.3004978895187378, 0.3884144723415375], 'class2': [0.03793524205684662, 0.08344313502311707, 0.15132452547550201, 0.39715608954429626, 0.5066320300102234]}

Most important rules
-----------------------------

---0---
rule0: climbRate < -3.653
probabilities_array:[0.5985175 0.        0.        0.4014825]

rule17: -0.121 < diffClb < -0.001
probabilities_array:[0.479391   0.22011107 0.         0.3004979 ]

rule8: RollRate < -0.004
probabilities_array:[0.5144105  0.09707787 0.         0.38851166]

rule4: Altitude < -29.501
probabilities_array:[0.48806792 0.12351759 0.         0.38841447]

rule16: diffClb < -0.121
probabilities_array:[0.5148669  0.         0.         0.48513308]

rule5: -29.501 < Altitude < -12.108
probabilities_array:[0.45352983 0.         0.         0.54647017]

rule9: -0.004 < RollRate < 0.000
probabilities_array:[0.43933925 0.         0.         0.5606607 ]

rule7: Altitude > 5.286
probabilities_array:[0.36778226 0.10431924 0.         0.5278985 ]

rule12: curRoll < -0.009
probabilities_array:[0.3983865  0.         0.00951997 0.5920935 ]

rule15: curRoll > 0.012
probabilities_array:[0.3830004  0.04101656 0.         0.57598305]

rule1: -3.653 < climbRate < -0.342
probabilities_array:[0.31806517 0.17010759 0.         0.51182723]

rule6: -12.108 < Altitude < 5.286
probabilities_array:[0.38060683 0.         0.         0.61939317]

rule23: diffDiffClb = 0.0
probabilities_array:[0.31653666 0.         0.09052287 0.59294045]

rule14: 0.002 < curRoll < 0.012
probabilities_array:[3.4262925e-01 5.8757912e-05 0.0000000e+00 6.5731198e-01]

rule10: 0.000 < RollRate < 0.004
probabilities_array:[2.9235193e-01 3.3650936e-06 7.5607680e-02 6.3203698e-01]

rule13: -0.009 < curRoll < 0.002
probabilities_array:[0.22494125 0.08209864 0.         0.6929601 ]


---1---
rule3: climbRate > 2.969
probabilities_array:[0.         0.38995767 0.5721071  0.03793524]

rule2: -0.342 < climbRate < 2.969
probabilities_array:[0.         0.43877602 0.4098995  0.15132453]

rule19: diffClb > 0.119
probabilities_array:[0.         0.27642047 0.6401364  0.08344314]

rule18: -0.001 < diffClb < 0.119
probabilities_array:[0.         0.39080206 0.21204183 0.3971561 ]

rule17: -0.121 < diffClb < -0.001
probabilities_array:[0.479391   0.22011107 0.         0.3004979 ]

rule11: RollRate > 0.004
probabilities_array:[8.6981614e-05 2.9200023e-01 2.0128082e-01 5.0663203e-01]

rule1: -3.653 < climbRate < -0.342
probabilities_array:[0.31806517 0.17010759 0.         0.51182723]

rule4: Altitude < -29.501
probabilities_array:[0.48806792 0.12351759 0.         0.38841447]

rule8: RollRate < -0.004
probabilities_array:[0.5144105  0.09707787 0.         0.38851166]

rule7: Altitude > 5.286
probabilities_array:[0.36778226 0.10431924 0.         0.5278985 ]


---2---
rule19: diffClb > 0.119
probabilities_array:[0.         0.27642047 0.6401364  0.08344314]

rule3: climbRate > 2.969
probabilities_array:[0.         0.38995767 0.5721071  0.03793524]

rule2: -0.342 < climbRate < 2.969
probabilities_array:[0.         0.43877602 0.4098995  0.15132453]

rule18: -0.001 < diffClb < 0.119
probabilities_array:[0.         0.39080206 0.21204183 0.3971561 ]

rule11: RollRate > 0.004
probabilities_array:[8.6981614e-05 2.9200023e-01 2.0128082e-01 5.0663203e-01]

