R2: 0.6207363210537412

MAE: 0.0010854119064495904

MSE: 2.1287723532513276e-06

Accuracy: 0.8303088188475009

F1: 0.7425300950044791

Confusion Matrix: [[2221, 222], [311, 387]]

Uncertainties: {'class0': [0.43422555923461914, 0.5059430599212646, 0.5313117504119873, 0.545678436756134, 0.565712571144104], 'class1': [0.33313271403312683, 0.3698740005493164, 0.6701973676681519, 0.787841796875]}

Most important rules
-----------------------------

---0---
rule0: climbRate < -3.522
probabilities_array:[0.56577444 0.         0.43422556]

rule16: diffClb < -0.120
probabilities_array:[0.49405694 0.         0.50594306]

rule4: Altitude < -29.407
probabilities_array:[0.46868828 0.         0.53131175]

rule1: -3.522 < climbRate < -0.219
probabilities_array:[0.4543216  0.         0.54567844]

rule17: -0.120 < diffClb < 0.001
probabilities_array:[0.4342874 0.        0.5657126]

rule8: RollRate < -0.004
probabilities_array:[0.3937086 0.        0.6062914]

rule14: 0.002 < curRoll < 0.013
probabilities_array:[0.33816662 0.         0.66183335]

rule15: curRoll > 0.013
probabilities_array:[0.33518752 0.         0.6648125 ]

rule9: -0.004 < RollRate < 0.000
probabilities_array:[0.31840774 0.         0.6815922 ]

rule12: curRoll < -0.009
probabilities_array:[0.2936567 0.        0.7063433]

rule7: Altitude > 4.934
probabilities_array:[0.2910954 0.        0.7089046]

rule5: -29.407 < Altitude < -12.237
probabilities_array:[0.27730903 0.         0.72269094]

rule13: -0.009 < curRoll < 0.002
probabilities_array:[0.2431177 0.        0.7568823]

rule6: -12.237 < Altitude < 4.934
probabilities_array:[0.20682906 0.         0.7931709 ]


---1---
rule3: climbRate > 3.083
probabilities_array:[0.        0.6668673 0.3331327]

rule19: diffClb > 0.121
probabilities_array:[0.       0.630126 0.369874]

rule2: -0.219 < climbRate < 3.083
probabilities_array:[0.         0.32980263 0.67019737]

rule18: 0.001 < diffClb < 0.121
probabilities_array:[0.         0.21215819 0.7878418 ]

