R2: 0.6425107280551352

MAE: 0.001055416049614178

MSE: 2.0239766303682786e-06

Accuracy: 0.8182107609041707

F1: 0.7235494217694363

Confusion Matrix: [[2204, 189], [382, 366]]

Uncertainties: {'class0': [0.4090004861354828, 0.5038899183273315, 0.5179226398468018, 0.5199612379074097, 0.5675012469291687], 'class1': [0.32078999280929565, 0.40328460931777954, 0.5650011301040649]}

Most important rules
-----------------------------

---0---
rule16: diffClb < -0.120
probabilities_array:[0.59099954 0.         0.4090005 ]

rule17: -0.120 < diffClb < -0.001
probabilities_array:[0.49611008 0.         0.5038899 ]

rule0: climbRate < -3.652
probabilities_array:[0.48207736 0.         0.51792264]

rule8: RollRate < -0.003
probabilities_array:[0.48003876 0.         0.51996124]

rule1: -3.652 < climbRate < -0.299
probabilities_array:[0.43249875 0.         0.56750125]

rule15: curRoll > 0.012
probabilities_array:[0.38151968 0.         0.6184803 ]

rule12: curRoll < -0.009
probabilities_array:[0.3721712 0.        0.6278288]

rule14: 0.002 < curRoll < 0.012
probabilities_array:[0.35639536 0.         0.64360464]

rule4: Altitude < -29.675
probabilities_array:[0.3447976 0.        0.6552024]

rule7: Altitude > 4.750
probabilities_array:[0.30623364 0.         0.69376636]

rule13: -0.009 < curRoll < 0.002
probabilities_array:[0.2909605 0.        0.7090395]

rule9: -0.003 < RollRate < 0.000
probabilities_array:[0.268959 0.       0.731041]

rule5: -29.675 < Altitude < -12.462
probabilities_array:[0.23890571 0.         0.7610943 ]

rule10: 0.000 < RollRate < 0.004
probabilities_array:[0.2065251 0.        0.7934749]

rule11: RollRate > 0.004
probabilities_array:[0.19016056 0.02538814 0.7844513 ]


---1---
rule3: climbRate > 3.055
probabilities_array:[0.      0.67921 0.32079]

rule19: diffClb > 0.119
probabilities_array:[0.        0.5967154 0.4032846]

rule2: -0.299 < climbRate < 3.055
probabilities_array:[0.         0.43499884 0.56500113]

