R2: 0.6370165048125702

MAE: 0.0010759369774542534

MSE: 2.0265769705611236e-06

Accuracy: 0.819165870741802

F1: 0.7320464990537983

Confusion Matrix: [[2182, 216], [352, 391]]

Uncertainties: {'class0': [0.47657448053359985, 0.47875016927719116, 0.5360035300254822, 0.5521085262298584, 0.5738084316253662], 'class1': [0.28472769260406494, 0.4094301462173462, 0.5295829772949219]}

Most important rules
-----------------------------

---0---
rule0: climbRate < -3.647
probabilities_array:[0.5234255  0.         0.47657448]

rule16: diffClb < -0.119
probabilities_array:[0.52124983 0.         0.47875017]

rule4: Altitude < -29.494
probabilities_array:[0.4639965  0.         0.53600353]

rule1: -3.647 < climbRate < -0.321
probabilities_array:[0.44789147 0.         0.5521085 ]

rule17: -0.119 < diffClb < -0.000
probabilities_array:[0.42619157 0.         0.57380843]

rule8: RollRate < -0.003
probabilities_array:[0.42196912 0.         0.5780309 ]

rule7: Altitude > 5.152
probabilities_array:[0.4207474 0.        0.5792526]

rule15: curRoll > 0.012
probabilities_array:[0.41049153 0.         0.5895085 ]

rule12: curRoll < -0.009
probabilities_array:[0.37360996 0.         0.62639004]

rule14: 0.002 < curRoll < 0.012
probabilities_array:[0.35678557 0.         0.6432144 ]

rule13: -0.009 < curRoll < 0.002
probabilities_array:[0.3555259 0.        0.6444741]

rule5: -29.494 < Altitude < -12.171
probabilities_array:[0.35447392 0.         0.64552605]

rule6: -12.171 < Altitude < 5.152
probabilities_array:[0.30611143 0.         0.6938886 ]

rule9: -0.003 < RollRate < 0.000
probabilities_array:[0.3020957 0.        0.6979043]


---1---
rule3: climbRate > 3.004
probabilities_array:[0.        0.7152723 0.2847277]

rule19: diffClb > 0.119
probabilities_array:[0.         0.59056985 0.40943015]

rule2: -0.321 < climbRate < 3.004
probabilities_array:[0.         0.47041702 0.529583  ]

