R2: 0.636907614262727

MAE: 0.0010673759090501253

MSE: 2.0651070008484847e-06

Accuracy: 0.8831582298631009

F1: 0.883153492465294

Confusion Matrix: [[1377, 151], [216, 1397]]

Uncertainties: {'class0': [0.16178807616233826, 0.3522195518016815, 0.3622083067893982, 0.4946039319038391, 0.5999206900596619], 'class1': [0.23216484487056732, 0.2631998658180237, 0.45770737528800964, 0.5458267331123352, 0.5556397438049316]}

Most important rules
-----------------------------

---0---
rule0: climbRate < -3.630
probabilities_array:[0.8382119  0.         0.16178808]

rule16: diffClb < -0.121
probabilities_array:[0.6477804  0.         0.35221955]

rule1: -3.630 < climbRate < -0.307
probabilities_array:[0.6377917 0.        0.3622083]

rule17: -0.121 < diffClb < -0.000
probabilities_array:[0.50539607 0.         0.49460393]

rule8: RollRate < -0.003
probabilities_array:[0.4000793 0.        0.5999207]

rule9: -0.003 < RollRate < 0.000
probabilities_array:[0.22815098 0.         0.77184904]


---1---
rule3: climbRate > 3.016
probabilities_array:[0.         0.76783514 0.23216484]

rule19: diffClb > 0.120
probabilities_array:[0.         0.73680013 0.26319987]

rule11: RollRate > 0.004
probabilities_array:[0.         0.5422926  0.45770738]

rule18: -0.000 < diffClb < 0.120
probabilities_array:[0.         0.44436026 0.55563974]

rule2: -0.307 < climbRate < 3.016
probabilities_array:[0.02357169 0.43060154 0.54582673]

rule13: -0.009 < curRoll < 0.002
probabilities_array:[0.03428129 0.19129336 0.7744254 ]

