R2: 0.6429963770763314

MAE: 0.0010596914784799338

MSE: 2.0116907569853217e-06

Accuracy: 0.8121617319325056

F1: 0.7002920761015118

Confusion Matrix: [[2235, 148], [442, 316]]

Uncertainties: {'class0': [0.4755290448665619, 0.5175812244415283, 0.5284479260444641, 0.5760839581489563, 0.5885910987854004], 'class1': [0.35959959030151367, 0.3608562648296356, 0.6954619884490967]}

Most important rules
-----------------------------

---0---
rule0: climbRate < -3.601
probabilities_array:[0.524471   0.         0.47552904]

rule1: -3.601 < climbRate < -0.271
probabilities_array:[0.48241878 0.         0.5175812 ]

rule8: RollRate < -0.004
probabilities_array:[0.4715521 0.        0.5284479]

rule4: Altitude < -29.641
probabilities_array:[0.42391604 0.         0.57608396]

rule16: diffClb < -0.121
probabilities_array:[0.41140893 0.         0.5885911 ]

rule17: -0.121 < diffClb < -0.001
probabilities_array:[0.40699622 0.         0.59300375]

rule15: curRoll > 0.012
probabilities_array:[0.3632878 0.        0.6367122]

rule7: Altitude > 4.688
probabilities_array:[0.32947057 0.         0.6705294 ]

rule14: 0.002 < curRoll < 0.012
probabilities_array:[0.32058537 0.         0.67941463]

rule6: -12.476 < Altitude < 4.688
probabilities_array:[0.31029016 0.         0.68970984]

rule9: -0.004 < RollRate < 0.000
probabilities_array:[0.3032139 0.        0.6967861]

rule12: curRoll < -0.009
probabilities_array:[0.28146845 0.         0.71853155]

rule13: -0.009 < curRoll < 0.002
probabilities_array:[0.25383788 0.         0.7461621 ]

rule5: -29.641 < Altitude < -12.476
probabilities_array:[0.24309027 0.         0.7569097 ]

rule10: 0.000 < RollRate < 0.004
probabilities_array:[0.21984398 0.01635707 0.76379895]

rule11: RollRate > 0.004
probabilities_array:[0.21981987 0.         0.7801801 ]


---1---
rule19: diffClb > 0.119
probabilities_array:[0.        0.6404004 0.3595996]

rule3: climbRate > 3.060
probabilities_array:[0.         0.63914376 0.36085626]

rule2: -0.271 < climbRate < 3.060
probabilities_array:[0.       0.304538 0.695462]

