R2: 0.6342906585918104

MAE: 0.0010660618172986908

MSE: 2.015600914062325e-06

Accuracy: 0.6978669213626234

F1: 0.6294062465534033

Confusion Matrix: [[1430, 85, 48], [244, 323, 269], [67, 236, 439]]

Uncertainties: {'class0': [0.32799822092056274, 0.36763501167297363, 0.4221928119659424, 0.4280398488044739, 0.46685075759887695], 'class1': [0.04075169563293457, 0.08105821907520294, 0.1551680713891983, 0.32519474625587463, 0.32799822092056274], 'class2': [0.04075169563293457, 0.08105821907520294, 0.1551680713891983, 0.32519474625587463, 0.36941081285476685]}

Most important rules
-----------------------------

---0---
rule16: diffClb < -0.121
probabilities_array:[0.5778072 0.        0.        0.4221928]

rule0: climbRate < -3.616
probabilities_array:[0.57196015 0.         0.         0.42803985]

rule4: Altitude < -29.256
probabilities_array:[0.5145348  0.11783019 0.         0.367635  ]

rule17: -0.121 < diffClb < -0.001
probabilities_array:[0.46963224 0.20236954 0.         0.32799822]

rule15: curRoll > 0.013
probabilities_array:[0.47174194 0.06140728 0.         0.46685076]

rule5: -29.256 < Altitude < -12.048
probabilities_array:[0.4950409  0.01162019 0.         0.49333897]

rule12: curRoll < -0.009
probabilities_array:[0.47042638 0.00340308 0.         0.52617055]

rule8: RollRate < -0.003
probabilities_array:[0.45036393 0.01062068 0.         0.5390154 ]

rule7: Altitude > 5.160
probabilities_array:[0.3777398  0.09406979 0.         0.52819043]

rule6: -12.048 < Altitude < 5.160
probabilities_array:[0.42100492 0.00169504 0.         0.5773001 ]

rule14: 0.002 < curRoll < 0.013
probabilities_array:[0.40767142 0.01671679 0.         0.57561177]

rule1: -3.616 < climbRate < -0.294
probabilities_array:[0.3256066  0.20340976 0.         0.47098362]

rule13: -0.009 < curRoll < 0.002
probabilities_array:[0.34758866 0.14002225 0.         0.51238906]

rule9: -0.003 < RollRate < 0.000
probabilities_array:[0.39865774 0.00504771 0.         0.5962946 ]

rule23: diffDiffClb = 0.0
probabilities_array:[0.2874947 0.        0.0811284 0.6313769]

rule10: 0.000 < RollRate < 0.004
probabilities_array:[0.20467758 0.0365667  0.13153185 0.6272239 ]


---1---
rule3: climbRate > 3.028
probabilities_array:[0.         0.37893772 0.5803106  0.0407517 ]

rule2: -0.294 < climbRate < 3.028
probabilities_array:[0.         0.41193548 0.4328965  0.15516807]

rule19: diffClb > 0.119
probabilities_array:[0.         0.2994895  0.6194523  0.08105822]

rule18: -0.001 < diffClb < 0.119
probabilities_array:[0.        0.4112061 0.2193831 0.3694108]

rule11: RollRate > 0.004
probabilities_array:[0.         0.3688312  0.305974   0.32519475]

rule17: -0.121 < diffClb < -0.001
probabilities_array:[0.46963224 0.20236954 0.         0.32799822]

rule1: -3.616 < climbRate < -0.294
probabilities_array:[0.3256066  0.20340976 0.         0.47098362]

rule4: Altitude < -29.256
probabilities_array:[0.5145348  0.11783019 0.         0.367635  ]

rule13: -0.009 < curRoll < 0.002
probabilities_array:[0.34758866 0.14002225 0.         0.51238906]

rule7: Altitude > 5.160
probabilities_array:[0.3777398  0.09406979 0.         0.52819043]


---2---
rule19: diffClb > 0.119
probabilities_array:[0.         0.2994895  0.6194523  0.08105822]

rule3: climbRate > 3.028
probabilities_array:[0.         0.37893772 0.5803106  0.0407517 ]

rule2: -0.294 < climbRate < 3.028
probabilities_array:[0.         0.41193548 0.4328965  0.15516807]

rule11: RollRate > 0.004
probabilities_array:[0.         0.3688312  0.305974   0.32519475]

rule18: -0.001 < diffClb < 0.119
probabilities_array:[0.        0.4112061 0.2193831 0.3694108]

rule10: 0.000 < RollRate < 0.004
probabilities_array:[0.20467758 0.0365667  0.13153185 0.6272239 ]

