R2: 0.6363271679174356

MAE: 0.0010685225086399196

MSE: 2.095522583468616e-06

Accuracy: 0.6943648519579751

F1: 0.626954782153394

Confusion Matrix: [[1415, 95, 38], [232, 322, 293], [59, 243, 444]]

Uncertainties: {'class0': [0.27572381496429443, 0.4367586672306061, 0.44489410519599915, 0.4608951807022095, 0.46138569712638855], 'class1': [0.03591872379183769, 0.132969468832016, 0.1446477174758911, 0.27572381496429443, 0.4202386736869812], 'class2': [0.03591872379183769, 0.132969468832016, 0.1446477174758911, 0.4202386736869812, 0.4361084997653961]}

Most important rules
-----------------------------

---0---
rule17: -0.120 < diffClb < -0.001
probabilities_array:[0.47417465 0.25010154 0.         0.27572381]

rule16: diffClb < -0.120
probabilities_array:[0.53861433 0.         0.         0.4613857 ]

rule0: climbRate < -3.591
probabilities_array:[0.52567106 0.         0.         0.47432894]

rule8: RollRate < -0.004
probabilities_array:[0.47727942 0.07782643 0.         0.4448941 ]

rule4: Altitude < -29.958
probabilities_array:[0.45180106 0.11144029 0.         0.43675867]

rule5: -29.958 < Altitude < -12.856
probabilities_array:[0.46231195 0.         0.01303148 0.52465653]

rule15: curRoll > 0.013
probabilities_array:[0.40797982 0.08578565 0.         0.5062345 ]

rule9: -0.004 < RollRate < 0.000
probabilities_array:[0.4372186  0.         0.01672526 0.54605615]

rule7: Altitude > 4.246
probabilities_array:[0.3630538  0.17605105 0.         0.46089518]

rule12: curRoll < -0.009
probabilities_array:[0.4236826 0.        0.        0.5763174]

rule14: 0.002 < curRoll < 0.013
probabilities_array:[0.41607448 0.         0.         0.58392555]

rule1: -3.591 < climbRate < -0.313
probabilities_array:[0.31396797 0.19933333 0.         0.4866987 ]

rule6: -12.856 < Altitude < 4.246
probabilities_array:[0.36773998 0.         0.         0.63226   ]

rule13: -0.009 < curRoll < 0.002
probabilities_array:[0.28803277 0.11449354 0.         0.5974737 ]

rule10: 0.000 < RollRate < 0.004
probabilities_array:[0.28334594 0.00912421 0.11481775 0.5927121 ]

rule23: diffDiffClb = 0.0
probabilities_array:[0.30546898 0.         0.0573868  0.6371442 ]


---1---
rule3: climbRate > 2.964
probabilities_array:[0.         0.37326732 0.590814   0.03591872]

rule2: -0.313 < climbRate < 2.964
probabilities_array:[0.         0.39741808 0.45793423 0.14464772]

rule19: diffClb > 0.119
probabilities_array:[0.         0.27480075 0.5922297  0.13296947]

rule18: -0.001 < diffClb < 0.119
probabilities_array:[0.         0.39381444 0.18594687 0.42023867]

rule17: -0.120 < diffClb < -0.001
probabilities_array:[0.47417465 0.25010154 0.         0.27572381]

rule11: RollRate > 0.004
probabilities_array:[0.         0.32046133 0.24343012 0.4361085 ]

rule1: -3.591 < climbRate < -0.313
probabilities_array:[0.31396797 0.19933333 0.         0.4866987 ]

rule7: Altitude > 4.246
probabilities_array:[0.3630538  0.17605105 0.         0.46089518]

rule4: Altitude < -29.958
probabilities_array:[0.45180106 0.11144029 0.         0.43675867]

rule13: -0.009 < curRoll < 0.002
probabilities_array:[0.28803277 0.11449354 0.         0.5974737 ]

rule8: RollRate < -0.004
probabilities_array:[0.47727942 0.07782643 0.         0.4448941 ]

rule15: curRoll > 0.013
probabilities_array:[0.40797982 0.08578565 0.         0.5062345 ]


---2---
rule3: climbRate > 2.964
probabilities_array:[0.         0.37326732 0.590814   0.03591872]

rule19: diffClb > 0.119
probabilities_array:[0.         0.27480075 0.5922297  0.13296947]

rule2: -0.313 < climbRate < 2.964
probabilities_array:[0.         0.39741808 0.45793423 0.14464772]

rule11: RollRate > 0.004
probabilities_array:[0.         0.32046133 0.24343012 0.4361085 ]

rule18: -0.001 < diffClb < 0.119
probabilities_array:[0.         0.39381444 0.18594687 0.42023867]

rule10: 0.000 < RollRate < 0.004
probabilities_array:[0.28334594 0.00912421 0.11481775 0.5927121 ]

