R2: 0.635381865638981

MAE: 0.0010476260506806197

MSE: 1.956673754651406e-06

Accuracy: 0.6994587710920089

F1: 0.6332095077877118

Confusion Matrix: [[1420, 91, 41], [254, 319, 263], [58, 237, 458]]

Uncertainties: {'class0': [0.33591902256011963, 0.3763425648212433, 0.40116357803344727, 0.4410232901573181, 0.4698764979839325], 'class1': [0.0361081138253212, 0.08398615568876266, 0.14060747623443604, 0.33591902256011963, 0.35904350876808167], 'class2': [0.0361081138253212, 0.08398615568876266, 0.14060747623443604, 0.35904350876808167, 0.44582727551460266]}

Most important rules
-----------------------------

---0---
rule4: Altitude < -29.525
probabilities_array:[0.5182392  0.10541829 0.         0.37634256]

rule8: RollRate < -0.004
probabilities_array:[0.52571535 0.07312105 0.         0.40116358]

rule17: -0.122 < diffClb < -0.002
probabilities_array:[0.45561197 0.20846903 0.         0.33591902]

rule16: diffClb < -0.122
probabilities_array:[0.5301235 0.        0.        0.4698765]

rule0: climbRate < -3.574
probabilities_array:[0.52565265 0.         0.         0.47434735]

rule12: curRoll < -0.009
probabilities_array:[0.51192397 0.         0.         0.48807606]

rule15: curRoll > 0.013
probabilities_array:[0.4522896  0.10668708 0.         0.4410233 ]

rule5: -29.525 < Altitude < -12.200
probabilities_array:[0.46887082 0.         0.         0.5311292 ]

rule9: -0.004 < RollRate < -0.000
probabilities_array:[0.4631157 0.        0.        0.5368843]

rule14: 0.002 < curRoll < 0.013
probabilities_array:[0.43427226 0.         0.         0.5657277 ]

rule7: Altitude > 5.124
probabilities_array:[0.3680584  0.06600472 0.         0.56593686]

rule6: -12.200 < Altitude < 5.124
probabilities_array:[0.38976267 0.         0.         0.6102373 ]

rule1: -3.574 < climbRate < -0.247
probabilities_array:[0.27553025 0.19103646 0.         0.5334333 ]

rule13: -0.009 < curRoll < 0.002
probabilities_array:[0.31596214 0.08615255 0.         0.5978853 ]

rule10: -0.000 < RollRate < 0.004
probabilities_array:[0.26757818 0.         0.02173613 0.7106857 ]

rule23: diffDiffClb = 0.0
probabilities_array:[0.26023707 0.00489434 0.0050365  0.7298321 ]


---1---
rule3: climbRate > 3.079
probabilities_array:[0.         0.39183128 0.5720606  0.03610811]

rule2: -0.247 < climbRate < 3.079
probabilities_array:[0.         0.41972482 0.4396677  0.14060748]

rule18: -0.002 < diffClb < 0.118
probabilities_array:[0.         0.3691305  0.27182597 0.3590435 ]

rule19: diffClb > 0.118
probabilities_array:[0.         0.25758934 0.6584245  0.08398616]

rule11: RollRate > 0.004
probabilities_array:[1.6990704e-04 3.5185707e-01 2.0214571e-01 4.4582728e-01]

rule17: -0.122 < diffClb < -0.002
probabilities_array:[0.45561197 0.20846903 0.         0.33591902]

rule1: -3.574 < climbRate < -0.247
probabilities_array:[0.27553025 0.19103646 0.         0.5334333 ]

rule4: Altitude < -29.525
probabilities_array:[0.5182392  0.10541829 0.         0.37634256]

rule15: curRoll > 0.013
probabilities_array:[0.4522896  0.10668708 0.         0.4410233 ]

rule8: RollRate < -0.004
probabilities_array:[0.52571535 0.07312105 0.         0.40116358]


---2---
rule19: diffClb > 0.118
probabilities_array:[0.         0.25758934 0.6584245  0.08398616]

rule3: climbRate > 3.079
probabilities_array:[0.         0.39183128 0.5720606  0.03610811]

rule2: -0.247 < climbRate < 3.079
probabilities_array:[0.         0.41972482 0.4396677  0.14060748]

rule18: -0.002 < diffClb < 0.118
probabilities_array:[0.         0.3691305  0.27182597 0.3590435 ]

rule11: RollRate > 0.004
probabilities_array:[1.6990704e-04 3.5185707e-01 2.0214571e-01 4.4582728e-01]

