R2: 0.6421058226962241

MAE: 0.0010593527457359662

MSE: 2.012518081789574e-06

Accuracy: 0.8774275708373129

F1: 0.8774178297486582

Confusion Matrix: [[1364, 173], [212, 1392]]

Uncertainties: {'class0': [0.25260406732559204, 0.3035756051540375, 0.5436883568763733, 0.5588669180870056, 0.6017597913742065], 'class1': [0.16253267228603363, 0.20687010884284973, 0.39664649963378906, 0.4892156720161438, 0.49527445435523987]}

Most important rules
-----------------------------

---0---
rule0: climbRate < -3.643
probabilities_array:[0.74739593 0.         0.25260407]

rule16: diffClb < -0.122
probabilities_array:[0.6964244 0.        0.3035756]

rule1: -3.643 < climbRate < -0.333
probabilities_array:[0.45631164 0.         0.54368836]

rule17: -0.122 < diffClb < -0.002
probabilities_array:[0.4411331 0.        0.5588669]

rule8: RollRate < -0.004
probabilities_array:[0.3982402 0.        0.6017598]

rule4: Altitude < -29.507
probabilities_array:[0.29965687 0.         0.70034313]

rule5: -29.507 < Altitude < -12.310
probabilities_array:[0.28495845 0.         0.7150415 ]

rule9: -0.004 < RollRate < 0.000
probabilities_array:[0.27236855 0.         0.72763145]

rule15: curRoll > 0.012
probabilities_array:[0.22352508 0.02874566 0.7477293 ]


---1---
rule3: climbRate > 2.977
probabilities_array:[0.         0.8374673  0.16253267]

rule19: diffClb > 0.117
probabilities_array:[0.         0.7931299  0.20687011]

rule2: -0.333 < climbRate < 2.977
probabilities_array:[0.        0.6033535 0.3966465]

rule11: RollRate > 0.004
probabilities_array:[0.         0.5107843  0.48921567]

rule18: -0.002 < diffClb < 0.117
probabilities_array:[0.         0.5047255  0.49527445]

