R2: 0.6245833330463121

MAE: 0.001086287331265736

MSE: 2.0474204850984334e-06

Accuracy: 0.708373129576568

F1: 0.6396533558511072

Confusion Matrix: [[1456, 86, 40], [253, 328, 260], [55, 222, 441]]

Uncertainties: {'class0': [0.3091951608657837, 0.3465692698955536, 0.38348525762557983, 0.3851427137851715, 0.4505060017108917], 'class1': [0.03462499752640724, 0.11772215366363525, 0.1475757211446762, 0.2533152103424072, 0.3091951608657837], 'class2': [0.03462499752640724, 0.11772215366363525, 0.1475757211446762, 0.2533152103424072, 0.4280061423778534]}

Most important rules
-----------------------------

---0---
rule16: diffClb < -0.119
probabilities_array:[0.61651474 0.         0.         0.38348526]

rule8: RollRate < -0.004
probabilities_array:[0.52106595 0.09379137 0.         0.3851427 ]

rule4: Altitude < -29.529
probabilities_array:[0.48961577 0.16381495 0.         0.34656927]

rule0: climbRate < -3.611
probabilities_array:[0.549494 0.       0.       0.450506]

rule17: -0.119 < diffClb < 0.001
probabilities_array:[0.408115   0.28268978 0.         0.30919516]

rule9: -0.004 < RollRate < 0.000
probabilities_array:[0.42861456 0.         0.         0.57138544]

rule7: Altitude > 5.071
probabilities_array:[0.3546636  0.08953153 0.         0.5558048 ]

rule5: -29.529 < Altitude < -12.229
probabilities_array:[0.3817667  0.         0.         0.61823326]

rule1: -3.611 < climbRate < -0.277
probabilities_array:[0.2982714  0.18617363 0.         0.515555  ]

rule12: curRoll < -0.009
probabilities_array:[0.37910458 0.         0.         0.6208954 ]

rule15: curRoll > 0.013
probabilities_array:[0.33669996 0.06842913 0.         0.5948709 ]

rule14: 0.002 < curRoll < 0.013
probabilities_array:[0.36861408 0.         0.         0.6313859 ]

rule6: -12.229 < Altitude < 5.071
probabilities_array:[0.32834363 0.         0.         0.67165637]

rule10: 0.000 < RollRate < 0.004
probabilities_array:[0.28236163 0.         0.09454309 0.6230953 ]

rule13: -0.009 < curRoll < 0.002
probabilities_array:[0.239821   0.05995322 0.         0.7002258 ]

rule23: diffDiffClb = 0.0
probabilities_array:[0.21329625 0.         0.09967577 0.68702805]


---1---
rule3: climbRate > 3.056
probabilities_array:[0.        0.3939566 0.5714184 0.034625 ]

rule2: -0.277 < climbRate < 3.056
probabilities_array:[0.00280612 0.41504884 0.4345693  0.14757572]

rule18: 0.001 < diffClb < 0.121
probabilities_array:[0.         0.38733268 0.35935214 0.2533152 ]

rule19: diffClb > 0.121
probabilities_array:[0.         0.24993311 0.6323447  0.11772215]

rule17: -0.119 < diffClb < 0.001
probabilities_array:[0.408115   0.28268978 0.         0.30919516]

rule11: RollRate > 0.004
probabilities_array:[0.         0.33706763 0.23492622 0.42800614]

rule4: Altitude < -29.529
probabilities_array:[0.48961577 0.16381495 0.         0.34656927]

rule1: -3.611 < climbRate < -0.277
probabilities_array:[0.2982714  0.18617363 0.         0.515555  ]

rule8: RollRate < -0.004
probabilities_array:[0.52106595 0.09379137 0.         0.3851427 ]


---2---
rule19: diffClb > 0.121
probabilities_array:[0.         0.24993311 0.6323447  0.11772215]

rule3: climbRate > 3.056
probabilities_array:[0.        0.3939566 0.5714184 0.034625 ]

rule2: -0.277 < climbRate < 3.056
probabilities_array:[0.00280612 0.41504884 0.4345693  0.14757572]

rule18: 0.001 < diffClb < 0.121
probabilities_array:[0.         0.38733268 0.35935214 0.2533152 ]

rule11: RollRate > 0.004
probabilities_array:[0.         0.33706763 0.23492622 0.42800614]

