R2: 0.6244517276370893

MAE: 0.0010766801439299099

MSE: 2.067985730239926e-06

Accuracy: 0.7125119388729704

F1: 0.6454662283764241

Confusion Matrix: [[1458, 84, 43], [245, 345, 235], [57, 239, 435]]

Uncertainties: {'class0': [0.35510995984077454, 0.3567119240760803, 0.4594466984272003, 0.4598352909088135, 0.4897266626358032], 'class1': [0.030117282643914223, 0.11708258837461472, 0.13394056260585785, 0.2399580478668213, 0.35510995984077454], 'class2': [0.030117282643914223, 0.11708258837461472, 0.13394056260585785, 0.2399580478668213, 0.42673996090888977]}

Most important rules
-----------------------------

---0---
rule4: Altitude < -29.633
probabilities_array:[0.48782855 0.15545954 0.         0.35671192]

rule16: diffClb < -0.119
probabilities_array:[0.54055333 0.         0.         0.4594467 ]

rule0: climbRate < -3.545
probabilities_array:[0.5014037 0.        0.        0.4985963]

rule12: curRoll < -0.009
probabilities_array:[0.46685222 0.03217918 0.         0.5009686 ]

rule17: -0.119 < diffClb < 0.000
probabilities_array:[0.35277343 0.2921166  0.         0.35510996]

rule15: curRoll > 0.012
probabilities_array:[0.42192447 0.08290612 0.         0.49516937]

rule7: Altitude > 4.840
probabilities_array:[0.3870211 0.1531436 0.        0.4598353]

rule8: RollRate < -0.003
probabilities_array:[0.44431776 0.00351591 0.         0.55216634]

rule9: -0.003 < RollRate < 0.000
probabilities_array:[4.4585112e-01 1.6228360e-04 0.0000000e+00 5.5398661e-01]

rule14: 0.001 < curRoll < 0.012
probabilities_array:[0.43266493 0.         0.         0.56733507]

rule5: -29.633 < Altitude < -12.396
probabilities_array:[0.38573307 0.         0.         0.61426693]

rule6: -12.396 < Altitude < 4.840
probabilities_array:[0.3820359 0.        0.        0.6179641]

rule1: -3.545 < climbRate < -0.240
probabilities_array:[0.27176797 0.2385054  0.         0.48972666]

rule13: -0.009 < curRoll < 0.001
probabilities_array:[0.2871154 0.0391721 0.        0.6737125]

rule23: diffDiffClb = 0.0
probabilities_array:[0.28419688 0.         0.02808611 0.687717  ]

rule10: 0.000 < RollRate < 0.004
probabilities_array:[0.23607555 0.         0.11529437 0.6486301 ]


---1---
rule3: climbRate > 3.066
probabilities_array:[0.         0.39007786 0.57980484 0.03011728]

rule2: -0.240 < climbRate < 3.066
probabilities_array:[0.         0.4324322  0.43362725 0.13394056]

rule18: 0.000 < diffClb < 0.120
probabilities_array:[0.         0.39826584 0.3617761  0.23995805]

rule19: diffClb > 0.120
probabilities_array:[0.         0.2608819  0.6220355  0.11708259]

rule17: -0.119 < diffClb < 0.000
probabilities_array:[0.35277343 0.2921166  0.         0.35510996]

rule11: RollRate > 0.004
probabilities_array:[0.         0.29119632 0.28206375 0.42673996]

rule1: -3.545 < climbRate < -0.240
probabilities_array:[0.27176797 0.2385054  0.         0.48972666]

rule4: Altitude < -29.633
probabilities_array:[0.48782855 0.15545954 0.         0.35671192]

rule7: Altitude > 4.840
probabilities_array:[0.3870211 0.1531436 0.        0.4598353]

rule15: curRoll > 0.012
probabilities_array:[0.42192447 0.08290612 0.         0.49516937]


---2---
rule3: climbRate > 3.066
probabilities_array:[0.         0.39007786 0.57980484 0.03011728]

rule19: diffClb > 0.120
probabilities_array:[0.         0.2608819  0.6220355  0.11708259]

rule2: -0.240 < climbRate < 3.066
probabilities_array:[0.         0.4324322  0.43362725 0.13394056]

rule18: 0.000 < diffClb < 0.120
probabilities_array:[0.         0.39826584 0.3617761  0.23995805]

rule11: RollRate > 0.004
probabilities_array:[0.         0.29119632 0.28206375 0.42673996]

rule10: 0.000 < RollRate < 0.004
probabilities_array:[0.23607555 0.         0.11529437 0.6486301 ]

