R2: 0.6426565566840634

MAE: 0.0010648946548643652

MSE: 2.0026822836786827e-06

Accuracy: 0.7134670487106017

F1: 0.6451111039802034

Confusion Matrix: [[1458, 74, 31], [254, 323, 253], [68, 220, 460]]

Uncertainties: {'class0': [0.32149383425712585, 0.36298295855522156, 0.418818861246109, 0.4410150647163391, 0.4743274450302124], 'class1': [0.02962496504187584, 0.11836490780115128, 0.1339416354894638, 0.22668837010860443, 0.32149383425712585], 'class2': [0.02962496504187584, 0.11836490780115128, 0.1339416354894638, 0.22668837010860443, 0.417072057723999]}

Most important rules
-----------------------------

---0---
rule16: diffClb < -0.119
probabilities_array:[0.55898494 0.         0.         0.44101506]

rule4: Altitude < -29.376
probabilities_array:[0.48240903 0.15460801 0.         0.36298296]

rule8: RollRate < -0.004
probabilities_array:[0.5082332  0.07294796 0.         0.41881886]

rule0: climbRate < -3.540
probabilities_array:[0.52567255 0.         0.         0.47432745]

rule17: -0.119 < diffClb < 0.000
probabilities_array:[0.36582473 0.31268144 0.         0.32149383]

rule5: -29.376 < Altitude < -12.141
probabilities_array:[0.46367985 0.01125686 0.         0.5250633 ]

rule15: curRoll > 0.012
probabilities_array:[0.39706838 0.05569137 0.         0.54724026]

rule14: 0.002 < curRoll < 0.012
probabilities_array:[0.42312923 0.         0.         0.57687074]

rule12: curRoll < -0.009
probabilities_array:[0.41857952 0.         0.         0.5814205 ]

rule6: -12.141 < Altitude < 5.094
probabilities_array:[0.4109492  0.         0.         0.58905077]

rule7: Altitude > 5.094
probabilities_array:[0.3929964  0.02157488 0.         0.5854287 ]

rule9: -0.004 < RollRate < 0.000
probabilities_array:[0.3810849  0.         0.         0.61891514]

rule1: -3.540 < climbRate < -0.241
probabilities_array:[0.256144   0.19771188 0.         0.54614407]

rule23: diffDiffClb = 0.0
probabilities_array:[2.8008246e-01 1.4432504e-04 7.5945660e-02 6.4382756e-01]

rule13: -0.009 < curRoll < 0.002
probabilities_array:[0.23797472 0.11167957 0.         0.6503457 ]

rule10: 0.000 < RollRate < 0.004
probabilities_array:[0.24872094 0.00254084 0.05599323 0.692745  ]


---1---
rule3: climbRate > 3.058
probabilities_array:[0.         0.4067819  0.56359315 0.02962497]

rule2: -0.241 < climbRate < 3.058
probabilities_array:[0.         0.4348883  0.43117008 0.13394164]

rule18: 0.000 < diffClb < 0.119
probabilities_array:[0.         0.39348447 0.3798271  0.22668837]

rule19: diffClb > 0.119
probabilities_array:[0.         0.24881847 0.6328166  0.11836491]

rule17: -0.119 < diffClb < 0.000
probabilities_array:[0.36582473 0.31268144 0.         0.32149383]

rule11: RollRate > 0.004
probabilities_array:[0.00049868 0.32749185 0.25493732 0.41707206]

rule4: Altitude < -29.376
probabilities_array:[0.48240903 0.15460801 0.         0.36298296]

rule1: -3.540 < climbRate < -0.241
probabilities_array:[0.256144   0.19771188 0.         0.54614407]

rule8: RollRate < -0.004
probabilities_array:[0.5082332  0.07294796 0.         0.41881886]


---2---
rule19: diffClb > 0.119
probabilities_array:[0.         0.24881847 0.6328166  0.11836491]

rule3: climbRate > 3.058
probabilities_array:[0.         0.4067819  0.56359315 0.02962497]

rule2: -0.241 < climbRate < 3.058
probabilities_array:[0.         0.4348883  0.43117008 0.13394164]

rule18: 0.000 < diffClb < 0.119
probabilities_array:[0.         0.39348447 0.3798271  0.22668837]

rule11: RollRate > 0.004
probabilities_array:[0.00049868 0.32749185 0.25493732 0.41707206]

