R2: 0.8782604947171618

MAE: 3.5799325357324934

MSE: 32.77547137076693

Accuracy: 0.8676470588235294

F1: 0.8676459138919888

Confusion Matrix: [[148, 26], [19, 147]]

Uncertainties: {'class0': [0.17972350120544434, 0.2131783366203308, 0.24389661848545074, 0.2816566228866577, 0.43103665113449097], 'class1': [0.09846670180559158, 0.12119171768426895, 0.12423624843358994, 0.1822098344564438, 0.3022022545337677]}

Most important rules
-----------------------------

---0---
rule43: -15.102 < age < 18.140
probabilities_array:[0.8202765 0.        0.1797235]

rule23: water > 201.482
probabilities_array:[0.78682166 0.         0.21317834]

rule0: cement < 181.552
probabilities_array:[0.7561034  0.         0.24389662]

rule41: fine_aggregate > 850.568
probabilities_array:[0.7183434  0.         0.28165662]

rule40: 808.121 < fine_aggregate < 850.568
probabilities_array:[0.56896335 0.         0.43103665]

rule22: 190.099 < water < 201.482
probabilities_array:[0.5616364  0.         0.43836364]

rule35: coarse_aggregate > 1049.014
probabilities_array:[0.4172606 0.        0.5827394]

rule24: superplasticizer < 0.292
probabilities_array:[0.38715056 0.         0.6128495 ]

rule21: 180.964 < water < 190.099
probabilities_array:[0.36146024 0.         0.6385398 ]

rule1: 181.552 < cement < 237.910
probabilities_array:[0.34595358 0.         0.6540464 ]

rule17: fly_ash > 115.004
probabilities_array:[0.293919   0.03290734 0.6731737 ]

rule7: -11.225 < blast_furnace_slag < 35.344
probabilities_array:[0.28943774 0.         0.7105622 ]

rule37: 697.541 < fine_aggregate < 739.989
probabilities_array:[0.27367502 0.         0.726325  ]

rule15: 53.216 < fly_ash < 80.726
probabilities_array:[0.26277184 0.         0.73722816]

rule38: 739.989 < fine_aggregate < 774.055
probabilities_array:[0.2309647 0.        0.7690353]


---1---
rule46: 71.497 < age < 104.740
probabilities_array:[0.        0.9015333 0.0984667]

rule5: cement > 384.729
probabilities_array:[0.         0.87880826 0.12119172]

rule47: age > 104.740
probabilities_array:[0.         0.8757638  0.12423625]

rule45: 44.819 < age < 71.497
probabilities_array:[0.         0.81779015 0.18220983]

rule18: water < 160.446
probabilities_array:[0.         0.6977977  0.30220225]

rule4: 328.371 < cement < 384.729
probabilities_array:[0.         0.65389866 0.34610137]

rule36: fine_aggregate < 697.541
probabilities_array:[0.        0.6328156 0.3671844]

rule26: 3.534 < superplasticizer < 6.136
probabilities_array:[0.         0.53391653 0.4660835 ]

rule19: 160.446 < water < 171.829
probabilities_array:[0.         0.49440837 0.50559163]

rule28: 8.738 < superplasticizer < 11.980
probabilities_array:[0.         0.46867713 0.53132284]

rule3: 283.141 < cement < 328.371
probabilities_array:[0.        0.4501487 0.5498513]

rule33: 974.823 < coarse_aggregate < 1007.855
probabilities_array:[0.         0.40842316 0.5915769 ]

rule8: 35.344 < blast_furnace_slag < 72.718
probabilities_array:[0.         0.38992357 0.6100764 ]

rule27: 6.136 < superplasticizer < 8.738
probabilities_array:[0.00168977 0.37397125 0.624339  ]

rule11: blast_furnace_slag > 156.661
probabilities_array:[0.         0.32145348 0.67854655]

rule20: 171.829 < water < 180.964
probabilities_array:[0.0081392 0.2870635 0.7047973]

rule13: -8.573 < fly_ash < 25.705
probabilities_array:[0.01739227 0.25292102 0.7296867 ]

rule31: 900.632 < coarse_aggregate < 941.790
probabilities_array:[0.05328039 0.220085   0.72663456]

rule30: coarse_aggregate < 900.632
probabilities_array:[0.         0.23534477 0.76465523]

