R2: 0.9138057960944153

MAE: 3.192030589271994

MSE: 24.297489490223704

Accuracy: 0.8705882352941177

F1: 0.8705882352941177

Confusion Matrix: [[148, 23], [21, 148]]

Uncertainties: {'class0': [0.13096264004707336, 0.15834259986877441, 0.36040198802948, 0.37503281235694885, 0.37554240226745605], 'class1': [0.1412254273891449, 0.16081032156944275, 0.19451174139976501, 0.25673648715019226, 0.4022914469242096]}

Most important rules
-----------------------------

---0---
rule43: -13.722 < age < 18.433
probabilities_array:[0.86903733 0.         0.13096264]

rule0: cement < 179.140
probabilities_array:[0.8416574 0.        0.1583426]

rule41: fine_aggregate > 849.284
probabilities_array:[0.639598 0.       0.360402]

rule22: 191.012 < water < 202.579
probabilities_array:[0.62496716 0.         0.3750328 ]

rule23: water > 202.579
probabilities_array:[0.6244576 0.        0.3755424]

rule24: superplasticizer < 0.459
probabilities_array:[0.5329563 0.        0.4670437]

rule1: 179.140 < cement < 235.137
probabilities_array:[0.497215   0.         0.50278497]

rule40: 806.401 < fine_aggregate < 849.284
probabilities_array:[0.48972896 0.         0.510271  ]

rule39: 771.986 < fine_aggregate < 806.401
probabilities_array:[0.3989357  0.         0.60106426]

rule38: 737.570 < fine_aggregate < 771.986
probabilities_array:[0.38661838 0.         0.6133816 ]

rule37: 694.688 < fine_aggregate < 737.570
probabilities_array:[0.3649308 0.        0.6350692]

rule44: 18.433 < age < 44.239
probabilities_array:[0.33875433 0.         0.6612457 ]

rule2: 235.137 < cement < 280.078
probabilities_array:[0.32809964 0.         0.67190033]

rule21: 181.728 < water < 191.012
probabilities_array:[0.30497527 0.         0.6950247 ]

rule7: -8.366 < blast_furnace_slag < 37.451
probabilities_array:[0.21616574 0.         0.7838343 ]


---1---
rule46: 70.045 < age < 102.201
probabilities_array:[0.         0.8587746  0.14122543]

rule5: cement > 381.017
probabilities_array:[0.         0.83918965 0.16081032]

rule47: age > 102.201
probabilities_array:[0.         0.8054883  0.19451174]

rule45: 44.239 < age < 70.045
probabilities_array:[0.        0.7432635 0.2567365]

rule18: water < 160.877
probabilities_array:[0.         0.5977086  0.40229145]

rule36: fine_aggregate < 694.688
probabilities_array:[0.         0.58602154 0.41397846]

rule28: 8.800 < superplasticizer < 12.001
probabilities_array:[0.         0.56456673 0.43543324]

rule4: 325.020 < cement < 381.017
probabilities_array:[0.         0.5513222  0.44867778]

rule10: 110.993 < blast_furnace_slag < 156.810
probabilities_array:[0.         0.54364246 0.45635757]

rule13: -8.412 < fly_ash < 25.957
probabilities_array:[0.0031176  0.53222036 0.46466202]

rule11: blast_furnace_slag > 156.810
probabilities_array:[0.         0.49794048 0.5020595 ]

rule8: 37.451 < blast_furnace_slag < 74.222
probabilities_array:[0.         0.4908891  0.50911087]

rule19: 160.877 < water < 172.445
probabilities_array:[0.        0.4762191 0.5237809]

rule34: 1009.323 < coarse_aggregate < 1051.196
probabilities_array:[0.         0.45548645 0.5445135 ]

rule26: 3.661 < superplasticizer < 6.230
probabilities_array:[0.         0.43952844 0.5604716 ]

rule16: 81.123 < fly_ash < 115.492
probabilities_array:[0.         0.39726615 0.60273385]

rule17: fly_ash > 115.492
probabilities_array:[0.         0.3335043  0.66649574]

rule33: 975.718 < coarse_aggregate < 1009.323
probabilities_array:[0.         0.31766975 0.68233025]

rule30: coarse_aggregate < 900.239
probabilities_array:[0.         0.29298475 0.7070153 ]

rule31: 900.239 < coarse_aggregate < 942.112
probabilities_array:[0.01956458 0.24872075 0.7317147 ]

rule25: 0.459 < superplasticizer < 3.661
probabilities_array:[0.         0.25823805 0.741762  ]

rule20: 172.445 < water < 181.728
probabilities_array:[0.         0.24463037 0.7553696 ]

rule32: 942.112 < coarse_aggregate < 975.718
probabilities_array:[0.         0.22060063 0.7793994 ]

