R2: 0.9253497189669752

MAE: 3.1267113324333637

MSE: 21.976722825507395

Accuracy: 0.8764705882352941

F1: 0.8745563793527531

Confusion Matrix: [[128, 17], [25, 170]]

Uncertainties: {'class0': [0.1878792941570282, 0.2390049546957016, 0.23925411701202393, 0.26360735297203064, 0.3559722304344177], 'class1': [0.06085655465722084, 0.11994805186986923, 0.14072443544864655, 0.24288086593151093, 0.30889594554901123]}

Most important rules
-----------------------------

---0---
rule23: water > 201.884
probabilities_array:[0.8121207 0.        0.1878793]

rule0: cement < 178.416
probabilities_array:[0.76099503 0.         0.23900495]

rule43: -13.370 < age < 18.036
probabilities_array:[0.7607459  0.         0.23925412]

rule41: fine_aggregate > 852.077
probabilities_array:[0.7363926  0.         0.26360735]

rule22: 190.423 < water < 201.884
probabilities_array:[0.64402777 0.         0.35597223]

rule40: 809.141 < fine_aggregate < 852.077
probabilities_array:[0.5620501 0.        0.4379499]

rule35: coarse_aggregate > 1049.685
probabilities_array:[0.55462253 0.         0.44537747]

rule24: superplasticizer < 0.451
probabilities_array:[0.42728043 0.01962886 0.5530907 ]

rule1: 178.416 < cement < 235.148
probabilities_array:[0.3775668 0.        0.6224332]

rule32: 941.462 < coarse_aggregate < 974.802
probabilities_array:[0.30527595 0.         0.694724  ]

rule34: 1008.142 < coarse_aggregate < 1049.685
probabilities_array:[0.28053963 0.         0.71946037]

rule38: 740.226 < fine_aggregate < 774.684
probabilities_array:[0.23248492 0.         0.76751506]

rule7: -11.844 < blast_furnace_slag < 33.934
probabilities_array:[0.20858045 0.         0.79141957]


---1---
rule47: age > 99.851
probabilities_array:[0.         0.9391434  0.06085655]

rule45: 43.241 < age < 68.445
probabilities_array:[0.         0.880052   0.11994805]

rule46: 68.445 < age < 99.851
probabilities_array:[0.         0.8592756  0.14072444]

rule5: cement > 382.942
probabilities_array:[0.         0.7571191  0.24288087]

rule36: fine_aggregate < 697.291
probabilities_array:[0.         0.69110405 0.30889595]

rule18: water < 160.566
probabilities_array:[0.         0.6475493  0.35245073]

rule4: 326.210 < cement < 382.942
probabilities_array:[0.        0.5977315 0.4022685]

rule19: 160.566 < water < 172.027
probabilities_array:[0.         0.4927632  0.50723684]

rule13: -7.901 < fly_ash < 26.592
probabilities_array:[0.02645601 0.41389015 0.5596538 ]

rule20: 172.027 < water < 181.225
probabilities_array:[0.       0.400812 0.599188]

rule26: 3.593 < superplasticizer < 6.115
probabilities_array:[0.01819662 0.38471615 0.59708726]

rule10: 107.413 < blast_furnace_slag < 153.192
probabilities_array:[0.         0.38521266 0.61478734]

rule31: 899.919 < coarse_aggregate < 941.462
probabilities_array:[0.         0.35935742 0.6406426 ]

rule28: 8.636 < superplasticizer < 11.779
probabilities_array:[0.        0.3390543 0.6609457]

rule11: blast_furnace_slag > 153.192
probabilities_array:[0.         0.29555017 0.70444983]

rule8: 33.934 < blast_furnace_slag < 70.674
probabilities_array:[0.02082211 0.2396074  0.7395705 ]

rule15: 54.275 < fly_ash < 81.958
probabilities_array:[0.1260568  0.16892281 0.70502037]

rule29: superplasticizer > 11.779
probabilities_array:[0.01817975 0.19810374 0.7837165 ]

