R2: -60.42348551989179

MAE: 124.76473529411763

MSE: 15769.318564411762

Accuracy: 0.8176470588235294

F1: 0.8168803641544182

Confusion Matrix: [[128, 28], [34, 150]]

Uncertainties: {'class0': [0.6954265236854553, 0.6643586158752441, 0.6112034320831299, 0.43386393785476685, 0.4214002192020416], 'class1': [0.7891653776168823, 0.7796671986579895, 0.6682897806167603, 0.6457856297492981, 0.6434934735298157]}

Most important rules
-----------------------------

---0---
rule28: age < 1.880
probabilities_array:[0.8860036  0.         0.11399637]

rule29: 1.880 < age < 43.336
probabilities_array:[0.72966224 0.         0.27033773]

rule0: cement < 211.897
probabilities_array:[0.6071191  0.         0.39288095]

rule27: fine_aggregate > 826.090
probabilities_array:[0.5785998  0.         0.42140022]

rule15: water > 195.970
probabilities_array:[0.56613606 0.         0.43386394]

rule14: 181.758 < water < 195.970
probabilities_array:[0.3887966  0.         0.61120343]

rule9: 10.105 < fly_ash < 52.915
probabilities_array:[0.3356414 0.        0.6643586]

rule16: superplasticizer < 2.185
probabilities_array:[0.30457345 0.         0.6954265 ]


---1---
rule31: age > 84.793
probabilities_array:[0.         0.71109116 0.28890887]

rule30: 43.336 < age < 84.793
probabilities_array:[0.         0.63461906 0.36538097]

rule3: cement > 354.614
probabilities_array:[0.         0.59962696 0.400373  ]

rule8: fly_ash < 10.105
probabilities_array:[0.         0.5188485  0.48115152]

rule20: coarse_aggregate < 918.861
probabilities_array:[0.         0.5119263  0.48807374]

rule24: fine_aggregate < 718.362
probabilities_array:[0.         0.48937428 0.5106257 ]

rule19: superplasticizer > 10.324
probabilities_array:[0.        0.4457284 0.5542716]

rule12: water < 167.545
probabilities_array:[0.         0.4439911  0.55600893]

rule6: 75.847 < blast_furnace_slag < 135.342
probabilities_array:[0.        0.4367033 0.5632967]

rule13: 167.545 < water < 181.758
probabilities_array:[0.         0.43311277 0.5668872 ]

rule10: 52.915 < fly_ash < 95.725
probabilities_array:[0.         0.36839083 0.6316092 ]

rule21: 918.861 < coarse_aggregate < 971.897
probabilities_array:[3.6312948e-04 3.5614339e-01 6.4349347e-01]

rule18: 6.254 < superplasticizer < 10.324
probabilities_array:[0.        0.3542144 0.6457856]

rule2: 283.256 < cement < 354.614
probabilities_array:[0.02303624 0.308674   0.6682898 ]

rule11: fly_ash > 95.725
probabilities_array:[0.        0.2203328 0.7796672]

rule17: 2.185 < superplasticizer < 6.254
probabilities_array:[0.         0.21083464 0.7891654 ]

