R2: -52.30650815334933

MAE: 121.80794117647062

MSE: 15136.090859411766

Accuracy: 0.8

F1: 0.7998892120204958

Confusion Matrix: [[140, 30], [38, 132]]

Uncertainties: {'class0': [0.7575852870941162, 0.6903297305107117, 0.5983407497406006, 0.5851532220840454, 0.5421950221061707], 'class1': [0.7593180537223816, 0.7507273554801941, 0.7010710835456848, 0.6857225894927979, 0.6474146842956543]}

Most important rules
-----------------------------

---0---
rule28: age < 2.751
probabilities_array:[0.88556206 0.         0.11443796]

rule15: water > 196.397
probabilities_array:[0.6624746 0.        0.3375254]

rule0: cement < 210.643
probabilities_array:[0.64741844 0.         0.35258153]

rule29: 2.751 < age < 46.810
probabilities_array:[0.6326071 0.        0.3673929]

rule9: 9.670 < fly_ash < 52.649
probabilities_array:[0.61315864 0.         0.38684136]

rule27: fine_aggregate > 826.478
probabilities_array:[0.59971505 0.         0.40028498]

rule16: superplasticizer < 2.208
probabilities_array:[0.45780495 0.         0.542195  ]

rule25: 718.265 < fine_aggregate < 772.371
probabilities_array:[0.4148468 0.        0.5851532]

rule26: 772.371 < fine_aggregate < 826.478
probabilities_array:[0.40165928 0.         0.59834075]

rule14: 182.035 < water < 196.397
probabilities_array:[0.30967024 0.         0.69032973]

rule4: blast_furnace_slag < 17.729
probabilities_array:[0.24241474 0.         0.7575853 ]


---1---
rule31: age > 90.869
probabilities_array:[0.        0.8282999 0.1717001]

rule3: cement > 347.421
probabilities_array:[0.         0.71873194 0.28126806]

rule30: 46.810 < age < 90.869
probabilities_array:[0.         0.7184893  0.28151074]

rule24: fine_aggregate < 718.265
probabilities_array:[0.        0.6398142 0.3601858]

rule2: 279.032 < cement < 347.421
probabilities_array:[0.        0.5674291 0.4325709]

rule12: water < 167.672
probabilities_array:[0.         0.55369747 0.44630256]

rule19: superplasticizer > 10.243
probabilities_array:[0.         0.5034034  0.49659657]

rule13: 167.672 < water < 182.035
probabilities_array:[0.         0.47415218 0.52584785]

rule20: coarse_aggregate < 919.628
probabilities_array:[0.         0.46403396 0.53596604]

rule6: 77.875 < blast_furnace_slag < 138.021
probabilities_array:[0.        0.4451381 0.5548619]

rule10: 52.649 < fly_ash < 95.628
probabilities_array:[0.         0.38863575 0.61136425]

rule5: 17.729 < blast_furnace_slag < 77.875
probabilities_array:[0.        0.3525853 0.6474147]

rule8: fly_ash < 9.670
probabilities_array:[0.        0.3142774 0.6857226]

rule21: 919.628 < coarse_aggregate < 971.601
probabilities_array:[0.00700078 0.29192817 0.7010711 ]

rule18: 6.226 < superplasticizer < 10.243
probabilities_array:[0.         0.24927263 0.75072736]

rule17: 2.208 < superplasticizer < 6.226
probabilities_array:[0.         0.24068196 0.75931805]

