R2: -53.05825542360425

MAE: 123.44800000000002

MSE: 15469.541013529411

Accuracy: 0.8676470588235294

F1: 0.8671402148334043

Confusion Matrix: [[137, 21], [24, 158]]

Uncertainties: {'class0': [0.7670246958732605, 0.7601550221443176, 0.6275875568389893, 0.6263312697410583, 0.592577338218689], 'class1': [0.7309227585792542, 0.7088010907173157, 0.6967697739601135, 0.6903014183044434, 0.6545059084892273]}

Most important rules
-----------------------------

---0---
rule0: cement < 206.984
probabilities_array:[0.64055765 0.         0.35944235]

rule29: 1.943 < age < 44.032
probabilities_array:[0.6310969 0.        0.3689031]

rule15: water > 196.137
probabilities_array:[0.60154617 0.         0.39845383]

rule27: fine_aggregate > 827.127
probabilities_array:[0.5764121  0.         0.42358795]

rule9: 13.192 < fly_ash < 57.059
probabilities_array:[0.5123874  0.04946379 0.4381488 ]

rule16: superplasticizer < 2.224
probabilities_array:[0.40742266 0.         0.59257734]

rule1: 206.984 < cement < 277.255
probabilities_array:[0.37366873 0.         0.62633127]

rule14: 181.862 < water < 196.137
probabilities_array:[3.7240791e-01 4.5510365e-06 6.2758756e-01]

rule26: 773.728 < fine_aggregate < 827.127
probabilities_array:[0.23297532 0.         0.7670247 ]

rule4: blast_furnace_slag < 15.691
probabilities_array:[0.19767341 0.0421716  0.760155  ]


---1---
rule31: age > 86.121
probabilities_array:[0.         0.7272145  0.27278548]

rule30: 44.032 < age < 86.121
probabilities_array:[0.         0.5640093  0.43599072]

rule3: cement > 347.526
probabilities_array:[0.         0.5549455  0.44505444]

rule24: fine_aggregate < 720.329
probabilities_array:[0.         0.525003   0.47499698]

rule20: coarse_aggregate < 918.653
probabilities_array:[0.         0.51078516 0.48921484]

rule10: 57.059 < fly_ash < 100.925
probabilities_array:[0.         0.46353674 0.53646326]

rule8: fly_ash < 13.192
probabilities_array:[0.         0.46215189 0.5378481 ]

rule19: superplasticizer > 9.889
probabilities_array:[0.        0.4613973 0.5386027]

rule12: water < 167.587
probabilities_array:[0.        0.4322006 0.5677994]

rule2: 277.255 < cement < 347.526
probabilities_array:[0.         0.38233832 0.61766165]

rule6: 75.207 < blast_furnace_slag < 134.723
probabilities_array:[0.         0.37919372 0.6208063 ]

rule17: 2.224 < superplasticizer < 6.056
probabilities_array:[0.         0.34746176 0.65253824]

rule13: 167.587 < water < 181.862
probabilities_array:[0.         0.34549412 0.6545059 ]

rule5: 15.691 < blast_furnace_slag < 75.207
probabilities_array:[0.         0.30969858 0.6903014 ]

rule22: 970.712 < coarse_aggregate < 1022.770
probabilities_array:[0.        0.3032302 0.6967698]

rule18: 6.056 < superplasticizer < 9.889
probabilities_array:[0.        0.2911989 0.7088011]

rule21: 918.653 < coarse_aggregate < 970.712
probabilities_array:[0.00837691 0.26070037 0.73092276]

