R2: -57.78904672075003

MAE: 124.88241176470589

MSE: 15850.343160588234

Accuracy: 0.8029411764705883

F1: 0.800033357034384

Confusion Matrix: [[157, 23], [44, 116]]

Uncertainties: {'class0': [0.7788313627243042, 0.7391339540481567, 0.6324653029441833, 0.5773482322692871, 0.528747022151947], 'class1': [0.7770861983299255, 0.7687538266181946, 0.765676736831665, 0.5719798803329468, 0.5555641055107117]}

Most important rules
-----------------------------

---0---
rule28: age < 2.803
probabilities_array:[0.8646334  0.         0.13536663]

rule29: 2.803 < age < 47.051
probabilities_array:[0.7246968  0.         0.27530318]

rule15: water > 196.032
probabilities_array:[0.62332803 0.         0.37667197]

rule27: fine_aggregate > 825.626
probabilities_array:[0.6167475 0.        0.3832525]

rule0: cement < 213.403
probabilities_array:[0.47125298 0.         0.528747  ]

rule14: 181.318 < water < 196.032
probabilities_array:[0.42265174 0.         0.57734823]

rule16: superplasticizer < 2.268
probabilities_array:[3.6720812e-01 3.2659955e-04 6.3246530e-01]

rule26: 770.404 < fine_aggregate < 825.626
probabilities_array:[0.26086605 0.         0.73913395]

rule1: 213.403 < cement < 284.346
probabilities_array:[0.22116862 0.         0.77883136]


---1---
rule31: age > 91.298
probabilities_array:[0.        0.8190232 0.1809768]

rule30: 47.051 < age < 91.298
probabilities_array:[0.         0.6526407  0.34735927]

rule3: cement > 355.290
probabilities_array:[0.         0.63662547 0.36337453]

rule9: 10.740 < fly_ash < 53.929
probabilities_array:[0.         0.5836958  0.41630414]

rule12: water < 166.603
probabilities_array:[0.        0.5729524 0.4270476]

rule8: fly_ash < 10.740
probabilities_array:[0.         0.53098553 0.46901447]

rule24: fine_aggregate < 715.183
probabilities_array:[0.         0.5279998  0.47200018]

rule20: coarse_aggregate < 920.097
probabilities_array:[0.         0.51208156 0.4879184 ]

rule19: superplasticizer > 10.485
probabilities_array:[0.         0.4698169  0.53018314]

rule6: 75.620 < blast_furnace_slag < 134.109
probabilities_array:[0.         0.45432672 0.5456733 ]

rule2: 284.346 < cement < 355.290
probabilities_array:[0.         0.44443586 0.5555641 ]

rule10: 53.929 < fly_ash < 97.118
probabilities_array:[0.        0.4280201 0.5719799]

rule7: blast_furnace_slag > 134.109
probabilities_array:[0.         0.23432328 0.76567674]

rule17: 2.268 < superplasticizer < 6.377
probabilities_array:[0.         0.23124617 0.7687538 ]

rule13: 166.603 < water < 181.318
probabilities_array:[0.         0.22291379 0.7770862 ]

