R2: -55.819353438436366

MAE: 123.94944117647059

MSE: 15629.993183823526

Accuracy: 0.8264705882352941

F1: 0.8233766233766233

Confusion Matrix: [[163, 28], [31, 118]]

Uncertainties: {'class0': [0.7903248071670532, 0.7669729590415955, 0.7510581612586975, 0.7385382056236267, 0.7336296439170837], 'class1': [0.7366431355476379, 0.7237309813499451, 0.6383840441703796, 0.6185134649276733, 0.5137190818786621]}

Most important rules
-----------------------------

---0---
rule29: 2.345 < age < 49.083
probabilities_array:[0.6522491 0.        0.3477509]

rule15: water > 196.108
probabilities_array:[0.5963006 0.        0.4036994]

rule27: fine_aggregate > 825.164
probabilities_array:[0.53401536 0.         0.46598464]

rule0: cement < 210.581
probabilities_array:[0.50321954 0.         0.49678048]

rule4: blast_furnace_slag < 18.528
probabilities_array:[0.2691822 0.        0.7308178]

rule16: superplasticizer < 2.199
probabilities_array:[0.26146176 0.         0.7385382 ]

rule14: 181.742 < water < 196.108
probabilities_array:[0.22569767 0.04067274 0.73362964]

rule11: fly_ash > 96.745
probabilities_array:[0.23839593 0.01054597 0.75105816]

rule26: 771.935 < fine_aggregate < 825.164
probabilities_array:[0.23302703 0.         0.76697296]

rule1: 210.581 < cement < 280.468
probabilities_array:[0.20967518 0.         0.7903248 ]


---1---
rule31: age > 95.821
probabilities_array:[0.         0.77055484 0.22944514]

rule24: fine_aggregate < 718.707
probabilities_array:[0.         0.66218406 0.3378159 ]

rule30: 49.083 < age < 95.821
probabilities_array:[0.         0.64667016 0.35332984]

rule3: cement > 350.355
probabilities_array:[0.         0.6069632  0.39303678]

rule12: water < 167.376
probabilities_array:[0.         0.59577304 0.404227  ]

rule20: coarse_aggregate < 920.962
probabilities_array:[0.         0.5544946  0.44550538]

rule6: 76.445 < blast_furnace_slag < 134.362
probabilities_array:[0.         0.51127124 0.48872876]

rule19: superplasticizer > 10.011
probabilities_array:[0.         0.48628092 0.5137191 ]

rule8: fly_ash < 10.520
probabilities_array:[0.         0.38148656 0.61851346]

rule18: 6.105 < superplasticizer < 10.011
probabilities_array:[0.         0.361616   0.63838404]

rule13: 167.376 < water < 181.742
probabilities_array:[0.02566696 0.25060204 0.723731  ]

rule2: 280.468 < cement < 350.355
probabilities_array:[0.00864753 0.2547093  0.73664314]

