R2: -49.296924856235165

MAE: 122.36158823529412

MSE: 15241.821109411767

Accuracy: 0.8382352941176471

F1: 0.8377285467593436

Confusion Matrix: [[133, 27], [28, 152]]

Uncertainties: {'class0': [0.7777763605117798, 0.7291443347930908, 0.7256913781166077, 0.6731445789337158, 0.6300440430641174], 'class1': [0.7441376447677612, 0.7282876372337341, 0.7127296924591064, 0.6898991465568542, 0.6509148478507996]}

Most important rules
-----------------------------

---0---
rule28: age < 1.953
probabilities_array:[0.9070602 0.        0.0929398]

rule15: water > 196.932
probabilities_array:[0.6791972  0.         0.32080284]

rule29: 1.953 < age < 46.046
probabilities_array:[0.61051375 0.         0.38948625]

rule27: fine_aggregate > 826.773
probabilities_array:[0.6052702 0.        0.3947298]

rule0: cement < 206.397
probabilities_array:[0.60286224 0.         0.39713776]

rule14: 182.588 < water < 196.932
probabilities_array:[0.41420713 0.         0.58579284]

rule16: superplasticizer < 1.961
probabilities_array:[0.369956   0.         0.63004404]

rule11: fly_ash > 99.428
probabilities_array:[0.314646   0.01220943 0.6731446 ]

rule1: 206.397 < cement < 275.710
probabilities_array:[0.2708557  0.         0.72914433]

rule4: blast_furnace_slag < 14.147
probabilities_array:[0.21026649 0.01195719 0.77777636]

rule7: blast_furnace_slag > 131.757
probabilities_array:[0.1644333  0.10987527 0.7256914 ]


---1---
rule31: age > 90.140
probabilities_array:[0.        0.8014045 0.1985955]

rule30: 46.046 < age < 90.140
probabilities_array:[0.         0.72352356 0.27647647]

rule3: cement > 345.024
probabilities_array:[0.         0.7233243  0.27667567]

rule24: fine_aggregate < 717.910
probabilities_array:[0.        0.6099006 0.3900994]

rule12: water < 168.245
probabilities_array:[0.         0.59044176 0.4095582 ]

rule20: coarse_aggregate < 922.054
probabilities_array:[0.         0.5241131  0.47588688]

rule19: superplasticizer > 9.912
probabilities_array:[0.         0.5118117  0.48818833]

rule18: 5.936 < superplasticizer < 9.912
probabilities_array:[0.         0.39686275 0.60313725]

rule21: 922.054 < coarse_aggregate < 973.255
probabilities_array:[0.         0.39637578 0.6036242 ]

rule8: fly_ash < 12.442
probabilities_array:[0.         0.38482964 0.61517036]

rule13: 168.245 < water < 182.588
probabilities_array:[0.         0.37455457 0.6254454 ]

rule17: 1.961 < superplasticizer < 5.936
probabilities_array:[0.         0.34908515 0.65091485]

rule6: 72.952 < blast_furnace_slag < 131.757
probabilities_array:[0.         0.31010082 0.68989915]

rule2: 275.710 < cement < 345.024
probabilities_array:[0.        0.2872703 0.7127297]

rule22: 973.255 < coarse_aggregate < 1024.456
probabilities_array:[0.         0.25586239 0.74413764]

rule5: 14.147 < blast_furnace_slag < 72.952
probabilities_array:[0.06676924 0.20494321 0.72828764]

