R2: -49.878701281837

MAE: 122.03464705882352

MSE: 15198.446526470589

Accuracy: 0.8323529411764706

F1: 0.8312890111516397

Confusion Matrix: [[155, 23], [34, 128]]

Uncertainties: {'class0': [0.772533118724823, 0.7339861989021301, 0.6399511694908142, 0.637345552444458, 0.6353670358657837], 'class1': [0.7137189507484436, 0.7015337944030762, 0.6703875660896301, 0.6654767990112305, 0.6654329895973206]}

Most important rules
-----------------------------

---0---
rule28: age < 3.076
probabilities_array:[0.94256073 0.         0.05743925]

rule15: water > 197.381
probabilities_array:[0.78866196 0.         0.21133804]

rule0: cement < 211.620
probabilities_array:[0.74264216 0.         0.25735784]

rule27: fine_aggregate > 824.740
probabilities_array:[0.69022304 0.         0.30977696]

rule14: 182.923 < water < 197.381
probabilities_array:[0.5537637  0.         0.44623634]

rule29: 3.076 < age < 50.297
probabilities_array:[0.51070255 0.01658038 0.47271708]

rule1: 211.620 < cement < 282.514
probabilities_array:[0.36463296 0.         0.63536704]

rule26: 770.170 < fine_aggregate < 824.740
probabilities_array:[0.3587356  0.00131324 0.63995117]

rule16: superplasticizer < 1.875
probabilities_array:[0.31037214 0.0522823  0.63734555]

rule9: 9.915 < fly_ash < 53.016
probabilities_array:[0.21838135 0.17854266 0.603076  ]

rule25: 715.601 < fine_aggregate < 770.170
probabilities_array:[0.26026556 0.00574832 0.7339862 ]

rule4: blast_furnace_slag < 14.241
probabilities_array:[0.2274669 0.        0.7725331]


---1---
rule31: age > 97.518
probabilities_array:[0.         0.92601943 0.0739806 ]

rule30: 50.297 < age < 97.518
probabilities_array:[0.         0.78708935 0.21291067]

rule3: cement > 353.408
probabilities_array:[0.         0.7335189  0.26648113]

rule6: 72.689 < blast_furnace_slag < 131.136
probabilities_array:[0.         0.5918297  0.40817028]

rule12: water < 168.466
probabilities_array:[0.         0.57604617 0.42395383]

rule24: fine_aggregate < 715.601
probabilities_array:[0.         0.54406095 0.45593902]

rule22: 973.678 < coarse_aggregate < 1025.215
probabilities_array:[0.         0.44122583 0.5587742 ]

rule8: fly_ash < 9.915
probabilities_array:[0.02155562 0.38925752 0.58918685]

rule20: coarse_aggregate < 922.140
probabilities_array:[0.         0.39193726 0.60806274]

rule10: 53.016 < fly_ash < 96.116
probabilities_array:[0.        0.3732473 0.6267527]

rule13: 168.466 < water < 182.923
probabilities_array:[0.        0.3608654 0.6391346]

rule19: superplasticizer > 9.772
probabilities_array:[0.         0.33456698 0.665433  ]

rule21: 922.140 < coarse_aggregate < 973.678
probabilities_array:[0.        0.3345232 0.6654768]

rule7: blast_furnace_slag > 131.136
probabilities_array:[0.         0.32961243 0.67038757]

rule18: 5.823 < superplasticizer < 9.772
probabilities_array:[0.        0.2984662 0.7015338]

rule2: 282.514 < cement < 353.408
probabilities_array:[0.03681577 0.2494653  0.71371895]

rule9: 9.915 < fly_ash < 53.016
probabilities_array:[0.21838135 0.17854266 0.603076  ]

