R2: -53.997833114578945

MAE: 123.46279411764705

MSE: 15512.063012647059

Accuracy: 0.8382352941176471

F1: 0.8379984579532362

Confusion Matrix: [[136, 26], [29, 149]]

Uncertainties: {'class0': [0.7645971179008484, 0.7567739486694336, 0.646754264831543, 0.5993306636810303, 0.5710065960884094], 'class1': [0.7271103262901306, 0.7188348174095154, 0.71068274974823, 0.6736702919006348, 0.645479142665863]}

Most important rules
-----------------------------

---0---
rule29: 2.874 < age < 45.983
probabilities_array:[0.71960974 0.         0.2803903 ]

rule0: cement < 208.538
probabilities_array:[0.63912004 0.         0.36087996]

rule15: water > 196.261
probabilities_array:[0.6317728  0.         0.36822715]

rule27: fine_aggregate > 825.593
probabilities_array:[0.5310644 0.        0.4689356]

rule14: 182.106 < water < 196.261
probabilities_array:[0.42899337 0.         0.5710066 ]

rule16: superplasticizer < 1.962
probabilities_array:[0.40066934 0.         0.59933066]

rule26: 772.329 < fine_aggregate < 825.593
probabilities_array:[0.35324574 0.         0.64675426]

rule4: blast_furnace_slag < 16.954
probabilities_array:[0.24322605 0.         0.75677395]

rule25: 719.065 < fine_aggregate < 772.329
probabilities_array:[0.23540287 0.         0.7645971 ]


---1---
rule3: cement > 346.898
probabilities_array:[0.         0.6592326  0.34076738]

rule31: age > 89.091
probabilities_array:[0.         0.6093213  0.39067867]

rule30: 45.983 < age < 89.091
probabilities_array:[0.         0.5506842  0.44931576]

rule8: fly_ash < 9.276
probabilities_array:[0.         0.5145227  0.48547736]

rule24: fine_aggregate < 719.065
probabilities_array:[0.         0.49811566 0.50188434]

rule12: water < 167.950
probabilities_array:[0.         0.46927357 0.53072643]

rule2: 277.718 < cement < 346.898
probabilities_array:[0.         0.45986125 0.5401387 ]

rule6: 76.856 < blast_furnace_slag < 136.759
probabilities_array:[0.         0.44160584 0.55839413]

rule20: coarse_aggregate < 923.665
probabilities_array:[0.        0.4344598 0.5655402]

rule19: superplasticizer > 9.738
probabilities_array:[0.         0.43211144 0.56788856]

rule22: 976.554 < coarse_aggregate < 1029.443
probabilities_array:[0.        0.4102162 0.5897838]

rule21: 923.665 < coarse_aggregate < 976.554
probabilities_array:[0.         0.38146368 0.61853635]

rule9: 9.276 < fly_ash < 52.201
probabilities_array:[0.         0.35452086 0.64547914]

rule13: 167.950 < water < 182.106
probabilities_array:[0.0013328  0.32499695 0.6736703 ]

rule18: 5.850 < superplasticizer < 9.738
probabilities_array:[0.         0.28931725 0.71068275]

rule11: fly_ash > 95.126
probabilities_array:[0.         0.28116518 0.7188348 ]

rule23: coarse_aggregate > 1029.443
probabilities_array:[0.        0.2728897 0.7271103]

