R2: -59.66286126641291

MAE: 123.35023529411765

MSE: 15463.599904117646

Accuracy: 0.8176470588235294

F1: 0.8168803641544182

Confusion Matrix: [[128, 28], [34, 150]]

Uncertainties: {'class0': [0.7815400958061218, 0.6826359629631042, 0.652055561542511, 0.6011471748352051, 0.3689824938774109], 'class1': [0.774129331111908, 0.7646526098251343, 0.7428523302078247, 0.6998687982559204, 0.6936526298522949]}

Most important rules
-----------------------------

---0---
rule28: age < 2.055
probabilities_array:[0.9201268  0.         0.07987322]

rule15: water > 196.193
probabilities_array:[0.68105805 0.         0.31894195]

rule29: 2.055 < age < 44.875
probabilities_array:[0.6649761  0.         0.33502388]

rule27: fine_aggregate > 828.145
probabilities_array:[0.65534705 0.         0.34465295]

rule0: cement < 211.094
probabilities_array:[0.6310175 0.        0.3689825]

rule16: superplasticizer < 2.215
probabilities_array:[0.39885283 0.         0.6011472 ]

rule14: 181.735 < water < 196.193
probabilities_array:[0.34794447 0.         0.65205556]

rule9: 10.324 < fly_ash < 53.736
probabilities_array:[0.31406274 0.00330125 0.68263596]

rule11: fly_ash > 97.148
probabilities_array:[0.20461279 0.01384719 0.7815401 ]


---1---
rule31: age > 87.696
probabilities_array:[0.         0.74719626 0.2528037 ]

rule3: cement > 352.798
probabilities_array:[0.         0.7212354  0.27876464]

rule30: 44.875 < age < 87.696
probabilities_array:[0.        0.6817246 0.3182754]

rule24: fine_aggregate < 717.180
probabilities_array:[0.      0.64316 0.35684]

rule19: superplasticizer > 10.346
probabilities_array:[0.         0.52465427 0.4753457 ]

rule12: water < 167.277
probabilities_array:[0.        0.5061248 0.4938752]

rule2: 281.946 < cement < 352.798
probabilities_array:[0.         0.4858751  0.51412493]

rule13: 167.277 < water < 181.735
probabilities_array:[0.         0.44663662 0.5533634 ]

rule10: 53.736 < fly_ash < 97.148
probabilities_array:[0.        0.4312115 0.5687885]

rule18: 6.280 < superplasticizer < 10.346
probabilities_array:[0.         0.38359272 0.6164073 ]

rule20: coarse_aggregate < 917.300
probabilities_array:[0.         0.37570125 0.62429875]

rule17: 2.215 < superplasticizer < 6.280
probabilities_array:[0.         0.32134804 0.678652  ]

rule6: 75.051 < blast_furnace_slag < 132.927
probabilities_array:[0.01044255 0.28968865 0.6998688 ]

rule5: 17.174 < blast_furnace_slag < 75.051
probabilities_array:[0.03167913 0.27466822 0.69365263]

rule7: blast_furnace_slag > 132.927
probabilities_array:[0.         0.25714764 0.74285233]

rule22: 970.875 < coarse_aggregate < 1024.449
probabilities_array:[0.        0.2353474 0.7646526]

rule8: fly_ash < 10.324
probabilities_array:[0.         0.22587065 0.77412933]

