R2: -63.479856671262354

MAE: 126.83447058823529

MSE: 16308.400965294122

Accuracy: 0.8470588235294118

F1: 0.8468680709534369

Confusion Matrix: [[150, 22], [30, 138]]

Uncertainties: {'class0': [0.7556354999542236, 0.7452565431594849, 0.741331934928894, 0.7402707934379578, 0.727013111114502], 'class1': [0.7132036089897156, 0.7096200585365295, 0.6736922860145569, 0.673198401927948, 0.5952091813087463]}

Most important rules
-----------------------------

---0---
rule28: age < 3.240
probabilities_array:[0.89490134 0.         0.10509869]

rule15: water > 195.359
probabilities_array:[0.70431453 0.         0.29568547]

rule0: cement < 208.016
probabilities_array:[0.6170226  0.         0.38297743]

rule27: fine_aggregate > 827.891
probabilities_array:[0.5922843  0.         0.40771568]

rule29: 3.240 < age < 46.154
probabilities_array:[0.43512183 0.00285496 0.56202316]

rule14: 180.943 < water < 195.359
probabilities_array:[0.42578915 0.         0.5742108 ]

rule16: superplasticizer < 2.332
probabilities_array:[0.38647428 0.         0.61352575]

rule11: fly_ash > 96.811
probabilities_array:[0.32195434 0.         0.67804563]

rule1: 208.016 < cement < 279.420
probabilities_array:[0.2597292 0.        0.7402708]

rule4: blast_furnace_slag < 18.720
probabilities_array:[0.25866804 0.         0.74133193]

rule26: 774.323 < fine_aggregate < 827.891
probabilities_array:[0.24328819 0.01145524 0.74525654]

rule23: coarse_aggregate > 1023.717
probabilities_array:[0.24436449 0.         0.7556355 ]

rule5: 18.720 < blast_furnace_slag < 77.987
probabilities_array:[0.17042617 0.10256072 0.7270131 ]


---1---
rule31: age > 89.067
probabilities_array:[0.         0.8690311  0.13096891]

rule30: 46.154 < age < 89.067
probabilities_array:[0.         0.7573794  0.24262057]

rule24: fine_aggregate < 720.756
probabilities_array:[0.         0.7114341  0.28856584]

rule3: cement > 350.824
probabilities_array:[0.         0.6940409  0.30595914]

rule12: water < 166.527
probabilities_array:[0.         0.66947705 0.33052292]

rule18: 6.364 < superplasticizer < 10.396
probabilities_array:[0.         0.52362835 0.47637168]

rule9: 11.518 < fly_ash < 54.164
probabilities_array:[0.         0.41241875 0.5875812 ]

rule2: 279.420 < cement < 350.824
probabilities_array:[0.         0.41102558 0.5889744 ]

rule19: superplasticizer > 10.396
probabilities_array:[0.         0.40491253 0.59508747]

rule8: fly_ash < 11.518
probabilities_array:[0.02589071 0.37890008 0.5952092 ]

rule17: 2.332 < superplasticizer < 6.364
probabilities_array:[0.00194108 0.32486057 0.6731984 ]

rule6: 77.987 < blast_furnace_slag < 137.254
probabilities_array:[0.00222572 0.32408196 0.6736923 ]

rule20: coarse_aggregate < 918.997
probabilities_array:[0.        0.2867964 0.7132036]

rule13: 166.527 < water < 180.943
probabilities_array:[0.01721756 0.27316242 0.70962006]

