R2: -55.5928090601327

MAE: 123.90620588235295

MSE: 15591.201283823535

Accuracy: 0.8205882352941176

F1: 0.8204002459321609

Confusion Matrix: [[134, 25], [36, 145]]

Uncertainties: {'class0': [0.7280595302581787, 0.6668766736984253, 0.6489214301109314, 0.6153542995452881, 0.36770349740982056], 'class1': [0.7660995125770569, 0.709043562412262, 0.6999775767326355, 0.6607264280319214, 0.6286782026290894]}

Most important rules
-----------------------------

---0---
rule28: age < 2.209
probabilities_array:[0.86155075 0.         0.13844922]

rule29: 2.209 < age < 46.130
probabilities_array:[0.70675117 0.         0.2932488 ]

rule15: water > 195.901
probabilities_array:[0.6670314 0.        0.3329686]

rule27: fine_aggregate > 829.475
probabilities_array:[0.66135263 0.         0.33864734]

rule0: cement < 211.112
probabilities_array:[0.6322965 0.        0.3677035]

rule16: superplasticizer < 2.035
probabilities_array:[0.38464567 0.         0.6153543 ]

rule14: 181.482 < water < 195.901
probabilities_array:[0.35107857 0.         0.64892143]

rule1: 211.112 < cement < 281.349
probabilities_array:[0.33312333 0.         0.6668767 ]

rule26: 774.831 < fine_aggregate < 829.475
probabilities_array:[0.26714477 0.0047957  0.72805953]


---1---
rule31: age > 90.052
probabilities_array:[0.         0.7896909  0.21030909]

rule30: 46.130 < age < 90.052
probabilities_array:[0.         0.6828412  0.31715885]

rule24: fine_aggregate < 720.186
probabilities_array:[0.        0.6115032 0.3884968]

rule12: water < 167.063
probabilities_array:[0.         0.59325844 0.4067416 ]

rule3: cement > 351.586
probabilities_array:[0.        0.5848903 0.4151097]

rule9: 11.474 < fly_ash < 54.897
probabilities_array:[0.         0.52836484 0.47163516]

rule6: 72.969 < blast_furnace_slag < 130.526
probabilities_array:[0.         0.4766321  0.52336794]

rule8: fly_ash < 11.474
probabilities_array:[0.00308548 0.4521193  0.5447952 ]

rule20: coarse_aggregate < 919.253
probabilities_array:[0.         0.44505742 0.55494255]

rule10: 54.897 < fly_ash < 98.320
probabilities_array:[0.         0.44259712 0.5574029 ]

rule19: superplasticizer > 10.169
probabilities_array:[0.         0.43270636 0.56729364]

rule17: 2.035 < superplasticizer < 6.102
probabilities_array:[0.        0.3846028 0.6153972]

rule18: 6.102 < superplasticizer < 10.169
probabilities_array:[0.         0.38097855 0.6190214 ]

rule13: 167.063 < water < 181.482
probabilities_array:[0.        0.3713218 0.6286782]

rule21: 919.253 < coarse_aggregate < 972.321
probabilities_array:[0.         0.33927354 0.6607264 ]

rule2: 281.349 < cement < 351.586
probabilities_array:[0.01037784 0.28964463 0.6999776 ]

rule5: 15.411 < blast_furnace_slag < 72.969
probabilities_array:[0.08363299 0.20732342 0.70904356]

rule22: 972.321 < coarse_aggregate < 1025.389
probabilities_array:[0.         0.23390049 0.7660995 ]

