R2: -57.30431306574903

MAE: 125.5830294117647

MSE: 16028.889577352938

Accuracy: 0.8264705882352941

F1: 0.8263489123001411

Confusion Matrix: [[145, 25], [34, 136]]

Uncertainties: {'class0': [0.7640554308891296, 0.6723180413246155, 0.6366182565689087, 0.6304381489753723, 0.6018684506416321], 'class1': [0.7271279096603394, 0.7221832871437073, 0.7088895440101624, 0.6614397764205933, 0.6273807883262634]}

Most important rules
-----------------------------

---0---
rule28: age < 2.201
probabilities_array:[0.88520503 0.         0.11479495]

rule29: 2.201 < age < 44.257
probabilities_array:[0.70561725 0.         0.29438275]

rule27: fine_aggregate > 823.967
probabilities_array:[0.6325 0.     0.3675]

rule15: water > 196.610
probabilities_array:[0.62174046 0.         0.3782595 ]

rule0: cement < 210.375
probabilities_array:[0.6060488  0.         0.39395115]

rule26: 769.820 < fine_aggregate < 823.967
probabilities_array:[0.39813155 0.         0.60186845]

rule14: 181.982 < water < 196.610
probabilities_array:[0.36956185 0.         0.63043815]

rule16: superplasticizer < 2.214
probabilities_array:[0.36338177 0.         0.63661826]

rule25: 715.673 < fine_aggregate < 769.820
probabilities_array:[0.32768196 0.         0.67231804]

rule9: 11.705 < fly_ash < 54.726
probabilities_array:[0.20404977 0.03189476 0.76405543]


---1---
rule31: age > 86.312
probabilities_array:[0.         0.70753175 0.29246822]

rule30: 44.257 < age < 86.312
probabilities_array:[0.         0.64649975 0.35350028]

rule3: cement > 352.077
probabilities_array:[0.         0.5784471  0.42155287]

rule12: water < 167.355
probabilities_array:[0.        0.5463254 0.4536746]

rule8: fly_ash < 11.705
probabilities_array:[0.         0.5026037  0.49739626]

rule6: 77.226 < blast_furnace_slag < 135.876
probabilities_array:[0.         0.47191194 0.5280881 ]

rule21: 919.726 < coarse_aggregate < 972.700
probabilities_array:[0.         0.44045082 0.5595492 ]

rule24: fine_aggregate < 715.673
probabilities_array:[0.         0.43639877 0.5636012 ]

rule19: superplasticizer > 10.136
probabilities_array:[0.         0.43429396 0.565706  ]

rule2: 281.226 < cement < 352.077
probabilities_array:[0.        0.4300754 0.5699246]

rule20: coarse_aggregate < 919.726
probabilities_array:[0.         0.40813884 0.5918612 ]

rule13: 167.355 < water < 181.982
probabilities_array:[0.         0.39962816 0.60037184]

rule5: 18.577 < blast_furnace_slag < 77.226
probabilities_array:[0.0007884 0.3718308 0.6273808]

rule18: 6.175 < superplasticizer < 10.136
probabilities_array:[0.         0.33856025 0.6614398 ]

rule10: 54.726 < fly_ash < 97.746
probabilities_array:[0.         0.29111046 0.70888954]

rule7: blast_furnace_slag > 135.876
probabilities_array:[0.         0.27781668 0.7221833 ]

rule17: 2.214 < superplasticizer < 6.175
probabilities_array:[0.         0.27287206 0.7271279 ]

