R2: -48.75646192956735

MAE: 124.53758823529411

MSE: 15791.591737058825

Accuracy: 0.8647058823529412

F1: 0.8647012007335895

Confusion Matrix: [[148, 19], [27, 146]]

Uncertainties: {'class0': [0.7663113474845886, 0.6520580649375916, 0.5514749884605408, 0.530819833278656, 0.3931913673877716], 'class1': [0.7202195525169373, 0.7148225903511047, 0.7084379196166992, 0.6841298937797546, 0.6509302258491516]}

Most important rules
-----------------------------

---0---
rule28: age < 3.518
probabilities_array:[0.96584517 0.         0.03415486]

rule0: cement < 208.556
probabilities_array:[0.7238513  0.         0.27614868]

rule29: 3.518 < age < 45.228
probabilities_array:[0.63993543 0.         0.36006457]

rule27: fine_aggregate > 826.648
probabilities_array:[0.61759824 0.         0.3824018 ]

rule15: water > 196.072
probabilities_array:[0.6068086  0.         0.39319137]

rule16: superplasticizer < 2.228
probabilities_array:[0.46918014 0.         0.53081983]

rule14: 181.626 < water < 196.072
probabilities_array:[0.448525 0.       0.551475]

rule1: 208.556 < cement < 277.285
probabilities_array:[0.34794194 0.         0.65205806]

rule4: blast_furnace_slag < 18.811
probabilities_array:[0.22005506 0.01363358 0.76631135]


---1---
rule31: age > 86.937
probabilities_array:[0.         0.74992716 0.25007284]

rule30: 45.228 < age < 86.937
probabilities_array:[0.         0.71209484 0.28790516]

rule24: fine_aggregate < 717.668
probabilities_array:[0.        0.6360739 0.3639261]

rule12: water < 167.179
probabilities_array:[0.         0.61832196 0.38167807]

rule3: cement > 346.013
probabilities_array:[0.         0.6080507  0.39194927]

rule8: fly_ash < 10.735
probabilities_array:[0.         0.52434975 0.47565025]

rule20: coarse_aggregate < 918.813
probabilities_array:[0.         0.48719427 0.5128057 ]

rule9: 10.735 < fly_ash < 54.614
probabilities_array:[0.         0.48089412 0.5191059 ]

rule21: 918.813 < coarse_aggregate < 971.683
probabilities_array:[0.         0.46895006 0.53104997]

rule6: 77.088 < blast_furnace_slag < 135.364
probabilities_array:[0.        0.4647507 0.5352493]

rule19: superplasticizer > 10.125
probabilities_array:[0.         0.3829163  0.61708367]

rule17: 2.228 < superplasticizer < 6.176
probabilities_array:[0.         0.35582778 0.64417225]

rule13: 167.179 < water < 181.626
probabilities_array:[0.        0.3535468 0.6464532]

rule2: 277.285 < cement < 346.013
probabilities_array:[0.04477672 0.30429307 0.6509302 ]

rule22: 971.683 < coarse_aggregate < 1024.552
probabilities_array:[0.         0.29156205 0.7084379 ]

rule5: 18.811 < blast_furnace_slag < 77.088
probabilities_array:[0.05149937 0.2643708  0.6841299 ]

rule10: 54.614 < fly_ash < 98.493
probabilities_array:[0.        0.2851774 0.7148226]

rule18: 6.176 < superplasticizer < 10.125
probabilities_array:[0.         0.27978045 0.72021955]

