R2: -67.84417065032963

MAE: 126.08414705882353

MSE: 16143.475435588234

Accuracy: 0.7941176470588235

F1: 0.7912280701754386

Confusion Matrix: [[155, 38], [32, 115]]

Uncertainties: {'class0': [0.787750244140625, 0.7248892188072205, 0.7218983173370361, 0.7097291946411133, 0.7008519768714905], 'class1': [0.7765560746192932, 0.7269519567489624, 0.5998347997665405, 0.5803535580635071, 0.5653182864189148]}

Most important rules
-----------------------------

---0---
rule28: age < 2.535
probabilities_array:[0.8308677 0.        0.1691323]

rule29: 2.535 < age < 48.558
probabilities_array:[0.73492736 0.         0.26507267]

rule15: water > 196.114
probabilities_array:[0.6670658 0.        0.3329342]

rule27: fine_aggregate > 826.272
probabilities_array:[0.6564066 0.        0.3435934]

rule0: cement < 214.332
probabilities_array:[0.5147034 0.        0.4852966]

rule14: 181.666 < water < 196.114
probabilities_array:[0.3601773 0.        0.6398227]

rule25: 715.853 < fine_aggregate < 771.062
probabilities_array:[2.9898119e-01 1.6680323e-04 7.0085198e-01]

rule26: 771.062 < fine_aggregate < 826.272
probabilities_array:[2.9007968e-01 1.9111935e-04 7.0972919e-01]

rule16: superplasticizer < 2.162
probabilities_array:[2.7509612e-01 1.4717061e-05 7.2488922e-01]

rule4: blast_furnace_slag < 14.310
probabilities_array:[0.21939746 0.05870424 0.7218983 ]

rule1: 214.332 < cement < 285.719
probabilities_array:[0.21224973 0.         0.78775024]


---1---
rule31: age > 94.581
probabilities_array:[0.         0.6626244  0.33737555]

rule24: fine_aggregate < 715.853
probabilities_array:[0.         0.59777856 0.40222144]

rule12: water < 167.219
probabilities_array:[0.         0.58135015 0.41864988]

rule30: 48.558 < age < 94.581
probabilities_array:[0.        0.5753047 0.4246953]

rule19: superplasticizer > 10.342
probabilities_array:[0.         0.5643728  0.43562722]

rule8: fly_ash < 11.263
probabilities_array:[0.        0.5389519 0.4610481]

rule20: coarse_aggregate < 920.014
probabilities_array:[0.        0.5378127 0.4621873]

rule3: cement > 357.107
probabilities_array:[0.        0.5345369 0.4654631]

rule17: 2.162 < superplasticizer < 6.252
probabilities_array:[0.         0.48643798 0.513562  ]

rule6: 72.463 < blast_furnace_slag < 130.617
probabilities_array:[0.         0.45500234 0.54499763]

rule10: 54.558 < fly_ash < 97.853
probabilities_array:[0.        0.4346817 0.5653183]

rule18: 6.252 < superplasticizer < 10.342
probabilities_array:[0.00524889 0.41439748 0.58035356]

rule2: 285.719 < cement < 357.107
probabilities_array:[0.         0.40016517 0.5998348 ]

rule9: 11.263 < fly_ash < 54.558
probabilities_array:[0.         0.27304804 0.72695196]

rule5: 14.310 < blast_furnace_slag < 72.463
probabilities_array:[0.03526228 0.18818168 0.7765561 ]

