R2: -60.01114565315343

MAE: 126.2259705882353

MSE: 16149.783573823526

Accuracy: 0.861764705882353

F1: 0.8615623186145835

Confusion Matrix: [[140, 18], [29, 153]]

Uncertainties: {'class0': [0.7951834201812744, 0.7901099920272827, 0.6322236061096191, 0.6239107847213745, 0.5800831317901611], 'class1': [0.7964193820953369, 0.7460370063781738, 0.6943268775939941, 0.5848122835159302, 0.5670153498649597]}

Most important rules
-----------------------------

---0---
rule28: age < 3.748
probabilities_array:[0.92717946 0.         0.07282056]

rule15: water > 195.120
probabilities_array:[0.72277457 0.         0.27722543]

rule0: cement < 210.376
probabilities_array:[0.70918024 0.         0.2908198 ]

rule27: fine_aggregate > 828.824
probabilities_array:[0.6372332 0.        0.3627668]

rule14: 180.997 < water < 195.120
probabilities_array:[0.45563194 0.         0.544368  ]

rule29: 3.748 < age < 42.968
probabilities_array:[0.4175558  0.00236106 0.58008313]

rule16: superplasticizer < 2.157
probabilities_array:[0.37608922 0.         0.6239108 ]

rule11: fly_ash > 96.957
probabilities_array:[0.36777642 0.         0.6322236 ]

rule4: blast_furnace_slag < 16.029
probabilities_array:[0.20989001 0.         0.79011   ]

rule1: 210.376 < cement < 281.180
probabilities_array:[0.20481661 0.         0.7951834 ]


---1---
rule31: age > 82.188
probabilities_array:[0.         0.88986397 0.11013601]

rule3: cement > 351.983
probabilities_array:[0.         0.78647727 0.2135227 ]

rule30: 42.968 < age < 82.188
probabilities_array:[0.        0.7504558 0.2495442]

rule12: water < 166.874
probabilities_array:[0.         0.64961976 0.35038024]

rule24: fine_aggregate < 721.045
probabilities_array:[0.        0.6212842 0.3787158]

rule17: 2.157 < superplasticizer < 6.216
probabilities_array:[0.         0.50783163 0.49216834]

rule19: superplasticizer > 10.274
probabilities_array:[0.         0.50738984 0.4926102 ]

rule18: 6.216 < superplasticizer < 10.274
probabilities_array:[0.        0.4709092 0.5290908]

rule2: 281.180 < cement < 351.983
probabilities_array:[0.         0.44162282 0.55837715]

rule6: 73.802 < blast_furnace_slag < 131.576
probabilities_array:[0.         0.43298462 0.56701535]

rule13: 166.874 < water < 180.997
probabilities_array:[0.         0.41518772 0.5848123 ]

rule10: 53.742 < fly_ash < 96.957
probabilities_array:[0.         0.30567312 0.6943269 ]

rule20: coarse_aggregate < 921.895
probabilities_array:[0.       0.253963 0.746037]

rule7: blast_furnace_slag > 131.576
probabilities_array:[0.        0.2035806 0.7964194]

