R2: -58.565125531856644

MAE: 126.03014705882353

MSE: 16159.401397941177

Accuracy: 0.8235294117647058

F1: 0.8233766233766233

Confusion Matrix: [[145, 26], [34, 135]]

Uncertainties: {'class0': [0.7768747210502625, 0.7628563046455383, 0.7609620094299316, 0.7399873733520508, 0.6457687020301819], 'class1': [0.7784973978996277, 0.7560338377952576, 0.7251145243644714, 0.7184418439865112, 0.6680070757865906]}

Most important rules
-----------------------------

---0---
rule28: age < 2.638
probabilities_array:[0.90629    0.         0.09371001]

rule29: 2.638 < age < 44.748
probabilities_array:[0.67481124 0.         0.32518876]

rule15: water > 196.496
probabilities_array:[0.6488808 0.        0.3511192]

rule0: cement < 211.155
probabilities_array:[0.643226   0.         0.35677397]

rule27: fine_aggregate > 825.804
probabilities_array:[0.60922724 0.         0.3907728 ]

rule14: 182.200 < water < 196.496
probabilities_array:[0.42105857 0.         0.5789414 ]

rule16: superplasticizer < 2.125
probabilities_array:[0.35423133 0.         0.6457687 ]

rule4: blast_furnace_slag < 16.978
probabilities_array:[0.23903802 0.         0.760962  ]

rule7: blast_furnace_slag > 132.757
probabilities_array:[0.20534964 0.03179408 0.7628563 ]

rule26: 772.459 < fine_aggregate < 825.804
probabilities_array:[0.21585147 0.00727381 0.7768747 ]

rule9: 10.853 < fly_ash < 53.732
probabilities_array:[0.16757981 0.09243282 0.7399874 ]


---1---
rule31: age > 86.858
probabilities_array:[0.        0.7831762 0.2168238]

rule30: 44.748 < age < 86.858
probabilities_array:[0.         0.63765246 0.36234754]

rule8: fly_ash < 10.853
probabilities_array:[0.         0.5881747  0.41182533]

rule24: fine_aggregate < 719.115
probabilities_array:[0.        0.5589205 0.4410795]

rule3: cement > 350.433
probabilities_array:[0.        0.5568047 0.4431953]

rule20: coarse_aggregate < 921.034
probabilities_array:[0.         0.5432014  0.45679858]

rule12: water < 167.905
probabilities_array:[0.         0.47145718 0.5285428 ]

rule19: superplasticizer > 9.996
probabilities_array:[0.         0.45325446 0.54674554]

rule18: 6.060 < superplasticizer < 9.996
probabilities_array:[0.        0.4287228 0.5712772]

rule17: 2.125 < superplasticizer < 6.060
probabilities_array:[0.         0.4266282  0.57337177]

rule5: 16.978 < blast_furnace_slag < 74.868
probabilities_array:[0.         0.41580725 0.58419275]

rule2: 280.794 < cement < 350.433
probabilities_array:[0.01849826 0.3134946  0.6680071 ]

rule6: 74.868 < blast_furnace_slag < 132.757
probabilities_array:[0.         0.28155813 0.71844184]

rule21: 921.034 < coarse_aggregate < 972.630
probabilities_array:[0.         0.27488545 0.7251145 ]

rule13: 167.905 < water < 182.200
probabilities_array:[0.         0.24396616 0.75603384]

rule10: 53.732 < fly_ash < 96.612
probabilities_array:[0.        0.2215026 0.7784974]

