R2: -51.24788900329215

MAE: 124.51064705882354

MSE: 15742.9290582353

Accuracy: 0.8529411764705882

F1: 0.8526914145090292

Confusion Matrix: [[138, 20], [30, 152]]

Uncertainties: {'class0': [0.7730540037155151, 0.5857630372047424, 0.5597700476646423, 0.45827314257621765, 0.3911185562610626], 'class1': [0.7859421968460083, 0.7662920951843262, 0.7547582983970642, 0.7295892834663391, 0.6635884642601013]}

Most important rules
-----------------------------

---0---
rule28: age < 3.770
probabilities_array:[0.979844   0.         0.02015604]

rule0: cement < 211.193
probabilities_array:[0.7375517  0.         0.26244834]

rule15: water > 196.134
probabilities_array:[0.70422804 0.         0.29577193]

rule29: 3.770 < age < 44.297
probabilities_array:[0.6151994  0.         0.38480058]

rule27: fine_aggregate > 829.862
probabilities_array:[0.6088814  0.         0.39111856]

rule16: superplasticizer < 2.048
probabilities_array:[0.5417268  0.         0.45827314]

rule1: 211.193 < cement < 283.083
probabilities_array:[0.44022995 0.         0.55977005]

rule14: 181.861 < water < 196.134
probabilities_array:[0.414237   0.         0.58576304]

rule26: 775.042 < fine_aggregate < 829.862
probabilities_array:[0.1977834  0.02916256 0.773054  ]


---1---
rule31: age > 84.824
probabilities_array:[0.         0.85516506 0.14483495]

rule30: 44.297 < age < 84.824
probabilities_array:[0.         0.77153623 0.22846374]

rule3: cement > 354.973
probabilities_array:[0.         0.7440437  0.25595632]

rule24: fine_aggregate < 720.222
probabilities_array:[0.         0.6173676  0.38263237]

rule12: water < 167.588
probabilities_array:[0.         0.58930165 0.41069835]

rule9: 10.158 < fly_ash < 53.090
probabilities_array:[0.         0.5514555  0.44854447]

rule10: 53.090 < fly_ash < 96.023
probabilities_array:[0.         0.5240932  0.47590676]

rule13: 167.588 < water < 181.861
probabilities_array:[0.        0.4528463 0.5471537]

rule7: blast_furnace_slag > 134.682
probabilities_array:[0.        0.4101411 0.5898589]

rule8: fly_ash < 10.158
probabilities_array:[0.        0.3999964 0.6000036]

rule6: 74.897 < blast_furnace_slag < 134.682
probabilities_array:[0.        0.3994531 0.6005469]

rule19: superplasticizer > 10.246
probabilities_array:[0.         0.39857557 0.6014244 ]

rule20: coarse_aggregate < 917.229
probabilities_array:[0.         0.36970648 0.63029355]

rule21: 917.229 < coarse_aggregate < 970.000
probabilities_array:[0.         0.33641157 0.66358846]

rule22: 970.000 < coarse_aggregate < 1022.771
probabilities_array:[0.         0.27041072 0.7295893 ]

rule2: 283.083 < cement < 354.973
probabilities_array:[0.01098355 0.23425817 0.7547583 ]

rule18: 6.147 < superplasticizer < 10.246
probabilities_array:[0.         0.21405782 0.7859422 ]

rule5: 15.111 < blast_furnace_slag < 74.897
probabilities_array:[0.0478066  0.18590133 0.7662921 ]

