R2: -58.05886764499369

MAE: 128.2429705882353

MSE: 16698.676098529413

Accuracy: 0.8705882352941177

F1: 0.8705479214980443

Confusion Matrix: [[151, 26], [18, 145]]

Uncertainties: {'class0': [0.741146981716156, 0.6722404360771179, 0.6409459710121155, 0.6328337788581848, 0.6194026470184326], 'class1': [0.7798909544944763, 0.7717445492744446, 0.7063500285148621, 0.6960142254829407, 0.6899635195732117]}

Most important rules
-----------------------------

---0---
rule28: age < 3.594
probabilities_array:[0.9610481 0.        0.0389519]

rule27: fine_aggregate > 829.195
probabilities_array:[0.7799071  0.         0.22009288]

rule15: water > 196.132
probabilities_array:[0.7509171  0.         0.24908295]

rule0: cement < 210.222
probabilities_array:[0.7242038  0.         0.27579618]

rule16: superplasticizer < 2.282
probabilities_array:[0.5513778  0.         0.44862223]

rule26: 773.763 < fine_aggregate < 829.195
probabilities_array:[0.38059735 0.         0.61940265]

rule14: 181.631 < water < 196.132
probabilities_array:[0.36716625 0.         0.6328338 ]

rule29: 3.594 < age < 46.728
probabilities_array:[0.34797105 0.01108297 0.640946  ]

rule25: 718.331 < fine_aggregate < 773.763
probabilities_array:[0.32775953 0.         0.67224044]

rule1: 210.222 < cement < 280.079
probabilities_array:[0.25885302 0.         0.741147  ]


---1---
rule31: age > 89.861
probabilities_array:[0.         0.8909068  0.10909318]

rule30: 46.728 < age < 89.861
probabilities_array:[0.         0.7661042  0.23389576]

rule3: cement > 349.936
probabilities_array:[0.         0.73923725 0.26076278]

rule12: water < 167.129
probabilities_array:[0.         0.5409488  0.45905122]

rule6: 75.509 < blast_furnace_slag < 133.220
probabilities_array:[0.         0.53984785 0.46015218]

rule24: fine_aggregate < 718.331
probabilities_array:[0.        0.5268414 0.4731586]

rule19: superplasticizer > 10.300
probabilities_array:[0.         0.46568066 0.53431934]

rule8: fly_ash < 12.307
probabilities_array:[0.         0.45223385 0.54776615]

rule20: coarse_aggregate < 919.151
probabilities_array:[0.        0.4229867 0.5770133]

rule2: 280.079 < cement < 349.936
probabilities_array:[0.02098809 0.34683433 0.63217753]

rule18: 6.291 < superplasticizer < 10.300
probabilities_array:[0.         0.31003648 0.6899635 ]

rule21: 919.151 < coarse_aggregate < 971.450
probabilities_array:[0.         0.30398577 0.6960142 ]

rule13: 167.129 < water < 181.631
probabilities_array:[0.      0.29365 0.70635]

rule9: 12.307 < fly_ash < 54.666
probabilities_array:[0.         0.22825545 0.77174455]

rule17: 2.282 < superplasticizer < 6.291
probabilities_array:[0.         0.22010903 0.77989095]

