R2: -63.34997394755912

MAE: 127.98635294117648

MSE: 16606.006881176472

Accuracy: 0.8558823529411764

F1: 0.8556013001083425

Confusion Matrix: [[153, 22], [27, 138]]

Uncertainties: {'class0': [0.7752888798713684, 0.6123659014701843, 0.4635569751262665, 0.3454147279262543, 0.2902764678001404], 'class1': [0.7172254920005798, 0.6970615983009338, 0.68235844373703, 0.6358290314674377, 0.623652458190918]}

Most important rules
-----------------------------

---0---
rule28: age < 3.523
probabilities_array:[0.9832754  0.         0.01672457]

rule15: water > 195.784
probabilities_array:[0.73428184 0.         0.26571816]

rule0: cement < 211.414
probabilities_array:[0.7183633  0.         0.28163671]

rule27: fine_aggregate > 828.635
probabilities_array:[0.70972353 0.         0.29027647]

rule29: 3.523 < age < 45.838
probabilities_array:[0.6545853  0.         0.34541473]

rule16: superplasticizer < 2.232
probabilities_array:[0.53644305 0.         0.46355698]

rule14: 181.431 < water < 195.784
probabilities_array:[0.38763407 0.         0.6123659 ]

rule26: 774.411 < fine_aggregate < 828.635
probabilities_array:[0.17997158 0.04473956 0.7752889 ]


---1---
rule31: age > 88.153
probabilities_array:[0.         0.7132744  0.28672555]

rule3: cement > 355.081
probabilities_array:[0.        0.7020368 0.2979632]

rule12: water < 167.078
probabilities_array:[0.         0.5997315  0.40026847]

rule30: 45.838 < age < 88.153
probabilities_array:[0.        0.5951829 0.4048171]

rule8: fly_ash < 9.899
probabilities_array:[0.         0.5765687  0.42343125]

rule24: fine_aggregate < 720.188
probabilities_array:[0.        0.5511756 0.4488244]

rule19: superplasticizer > 10.573
probabilities_array:[0.         0.53560925 0.46439078]

rule9: 9.899 < fly_ash < 52.501
probabilities_array:[0.         0.49806288 0.50193715]

rule20: coarse_aggregate < 918.728
probabilities_array:[0.         0.49788833 0.5021117 ]

rule21: 918.728 < coarse_aggregate < 972.123
probabilities_array:[0.         0.45682183 0.54317814]

rule6: 73.663 < blast_furnace_slag < 131.822
probabilities_array:[0.         0.42468715 0.57531285]

rule13: 167.078 < water < 181.431
probabilities_array:[0.         0.37634754 0.62365246]

rule2: 283.248 < cement < 355.081
probabilities_array:[0.02236202 0.35659233 0.62104565]

rule5: 15.504 < blast_furnace_slag < 73.663
probabilities_array:[0.00921248 0.35495856 0.63582903]

rule17: 2.232 < superplasticizer < 6.403
probabilities_array:[0.         0.31764156 0.68235844]

rule18: 6.403 < superplasticizer < 10.573
probabilities_array:[0.         0.30293843 0.6970616 ]

rule22: 972.123 < coarse_aggregate < 1025.518
probabilities_array:[0.        0.2827745 0.7172255]

