R2: -58.934658092912734

MAE: 125.4790588235294

MSE: 16013.854758235291

Accuracy: 0.8147058823529412

F1: 0.8142414860681115

Confusion Matrix: [[147, 29], [34, 130]]

Uncertainties: {'class0': [0.792944073677063, 0.7648347020149231, 0.7225344181060791, 0.6998389363288879, 0.6925740838050842], 'class1': [0.7399277687072754, 0.7226268649101257, 0.6712906360626221, 0.6679805517196655, 0.5609725117683411]}

Most important rules
-----------------------------

---0---
rule28: age < 2.663
probabilities_array:[0.88643414 0.         0.11356585]

rule29: 2.663 < age < 47.010
probabilities_array:[0.73966604 0.         0.26033396]

rule15: water > 195.814
probabilities_array:[0.7196482  0.         0.28035182]

rule27: fine_aggregate > 826.392
probabilities_array:[0.6323964 0.        0.3676036]

rule0: cement < 211.396
probabilities_array:[0.6086551  0.         0.39134488]

rule14: 181.872 < water < 195.814
probabilities_array:[0.36255717 0.         0.6374428 ]

rule1: 211.396 < cement < 282.173
probabilities_array:[0.30742592 0.         0.6925741 ]

rule26: 771.744 < fine_aggregate < 826.392
probabilities_array:[0.3001611  0.         0.69983894]

rule16: superplasticizer < 2.285
probabilities_array:[0.27746555 0.         0.7225344 ]

rule25: 717.096 < fine_aggregate < 771.744
probabilities_array:[0.23516531 0.         0.7648347 ]

rule4: blast_furnace_slag < 15.126
probabilities_array:[0.20257957 0.00447643 0.7929441 ]


---1---
rule31: age > 91.358
probabilities_array:[0.         0.76429576 0.23570426]

rule30: 47.010 < age < 91.358
probabilities_array:[0.       0.668386 0.331614]

rule3: cement > 352.951
probabilities_array:[0.         0.61082137 0.38917863]

rule17: 2.285 < superplasticizer < 6.137
probabilities_array:[0.         0.57829237 0.42170763]

rule19: superplasticizer > 9.989
probabilities_array:[0.         0.55859435 0.44140565]

rule24: fine_aggregate < 717.096
probabilities_array:[0.         0.55848897 0.44151103]

rule20: coarse_aggregate < 922.221
probabilities_array:[0.         0.5249374  0.47506258]

rule18: 6.137 < superplasticizer < 9.989
probabilities_array:[0.         0.51558924 0.48441073]

rule8: fly_ash < 10.332
probabilities_array:[0.        0.5052785 0.4947215]

rule12: water < 167.929
probabilities_array:[0.         0.5002532  0.49974677]

rule6: 73.429 < blast_furnace_slag < 131.732
probabilities_array:[0.        0.4409831 0.5590169]

rule5: 15.126 < blast_furnace_slag < 73.429
probabilities_array:[0.         0.43902752 0.5609725 ]

rule2: 282.173 < cement < 352.951
probabilities_array:[0.00653542 0.32548407 0.66798055]

rule10: 53.408 < fly_ash < 96.484
probabilities_array:[0.         0.32870936 0.67129064]

rule21: 922.221 < coarse_aggregate < 974.433
probabilities_array:[0.         0.27737314 0.72262686]

rule22: 974.433 < coarse_aggregate < 1026.645
probabilities_array:[0.         0.26007223 0.73992777]

