R2: -54.29790849267513

MAE: 124.09700000000001

MSE: 15653.978383529413

Accuracy: 0.8352941176470589

F1: 0.835088691796009

Confusion Matrix: [[136, 23], [33, 148]]

Uncertainties: {'class0': [0.7900781035423279, 0.7485174536705017, 0.7353397607803345, 0.6978296637535095, 0.5741807222366333], 'class1': [0.7562776207923889, 0.753053605556488, 0.7123308181762695, 0.7087584733963013, 0.7019407153129578]}

Most important rules
-----------------------------

---0---
rule27: fine_aggregate > 827.233
probabilities_array:[0.70825016 0.         0.2917498 ]

rule29: 0.994 < age < 44.816
probabilities_array:[0.6366197  0.         0.36338034]

rule0: cement < 213.364
probabilities_array:[0.61947083 0.         0.38052917]

rule15: water > 196.304
probabilities_array:[0.5787097  0.         0.42129028]

rule16: superplasticizer < 2.079
probabilities_array:[0.42581925 0.         0.5741807 ]

rule14: 181.987 < water < 196.304
probabilities_array:[0.30217037 0.         0.69782966]

rule26: 772.280 < fine_aggregate < 827.233
probabilities_array:[0.2646602  0.         0.73533976]

rule25: 717.327 < fine_aggregate < 772.280
probabilities_array:[0.25148258 0.         0.74851745]

rule11: fly_ash > 96.404
probabilities_array:[0.20734976 0.00257215 0.7900781 ]


---1---
rule31: age > 88.638
probabilities_array:[0.         0.76685095 0.23314907]

rule30: 44.816 < age < 88.638
probabilities_array:[0.         0.65639544 0.3436046 ]

rule12: water < 167.670
probabilities_array:[0.         0.60364455 0.39635548]

rule24: fine_aggregate < 717.327
probabilities_array:[0.         0.58806056 0.41193947]

rule3: cement > 354.711
probabilities_array:[0.        0.5867426 0.4132574]

rule18: 6.040 < superplasticizer < 10.001
probabilities_array:[0.         0.43243706 0.56756294]

rule19: superplasticizer > 10.001
probabilities_array:[0.        0.4235932 0.5764068]

rule8: fly_ash < 9.716
probabilities_array:[0.         0.42245123 0.5775488 ]

rule13: 167.670 < water < 181.987
probabilities_array:[0.         0.41765887 0.58234113]

rule20: coarse_aggregate < 920.741
probabilities_array:[0.         0.41654748 0.5834525 ]

rule10: 53.060 < fly_ash < 96.404
probabilities_array:[0.         0.41596815 0.5840319 ]

rule2: 284.037 < cement < 354.711
probabilities_array:[0.         0.34171915 0.65828085]

rule21: 920.741 < coarse_aggregate < 973.033
probabilities_array:[0.         0.29124153 0.7087585 ]

rule17: 2.079 < superplasticizer < 6.040
probabilities_array:[0.         0.28766918 0.7123308 ]

rule6: 72.890 < blast_furnace_slag < 131.098
probabilities_array:[0.         0.24372241 0.7562776 ]

rule5: 14.682 < blast_furnace_slag < 72.890
probabilities_array:[0.131473   0.16658628 0.7019407 ]

rule9: 9.716 < fly_ash < 53.060
probabilities_array:[0.07175521 0.1751912  0.7530536 ]

