R2: -62.40420132258528

MAE: 126.71329411764707

MSE: 16263.804334705881

Accuracy: 0.7911764705882353

F1: 0.7896461279725338

Confusion Matrix: [[149, 38], [33, 120]]

Uncertainties: {'class0': [0.6836849451065063, 0.5472910404205322, 0.3700585663318634, 0.3512161374092102, 0.28681498765945435], 'class1': [0.7114299535751343, 0.674071729183197, 0.6642085313796997, 0.65300053358078, 0.6517436504364014]}

Most important rules
-----------------------------

---0---
rule28: age < 2.667
probabilities_array:[0.8650649  0.         0.13493505]

rule29: 2.667 < age < 47.235
probabilities_array:[0.781187 0.       0.218813]

rule27: fine_aggregate > 828.108
probabilities_array:[0.713185 0.       0.286815]

rule15: water > 195.607
probabilities_array:[0.64878386 0.         0.35121614]

rule0: cement < 211.413
probabilities_array:[0.6299414  0.         0.37005857]

rule16: superplasticizer < 2.133
probabilities_array:[0.45270893 0.         0.54729104]

rule26: 774.538 < fine_aggregate < 828.108
probabilities_array:[0.31631503 0.         0.68368495]


---1---
rule31: age > 91.803
probabilities_array:[0.         0.7010558  0.29894418]

rule24: fine_aggregate < 720.968
probabilities_array:[0.         0.63261825 0.36738175]

rule20: coarse_aggregate < 922.584
probabilities_array:[0.         0.6251242  0.37487578]

rule3: cement > 351.047
probabilities_array:[0.         0.54502845 0.45497152]

rule6: 72.181 < blast_furnace_slag < 129.548
probabilities_array:[0.         0.49391443 0.5060856 ]

rule12: water < 167.046
probabilities_array:[0.         0.49151117 0.50848883]

rule30: 47.235 < age < 91.803
probabilities_array:[0.         0.46474907 0.5352509 ]

rule22: 974.898 < coarse_aggregate < 1027.212
probabilities_array:[0.         0.46313235 0.5368677 ]

rule19: superplasticizer > 10.135
probabilities_array:[0.         0.46143836 0.53856164]

rule8: fly_ash < 11.106
probabilities_array:[0.         0.44474208 0.5552579 ]

rule5: 14.814 < blast_furnace_slag < 72.181
probabilities_array:[0.        0.4251184 0.5748816]

rule13: 167.046 < water < 181.327
probabilities_array:[0.         0.37373185 0.62626815]

rule10: 54.132 < fly_ash < 97.159
probabilities_array:[0.         0.34825632 0.65174365]

rule7: blast_furnace_slag > 129.548
probabilities_array:[0.         0.34699947 0.65300053]

rule18: 6.134 < superplasticizer < 10.135
probabilities_array:[0.         0.33579147 0.66420853]

rule9: 11.106 < fly_ash < 54.132
probabilities_array:[0.         0.32592827 0.6740717 ]

rule21: 922.584 < coarse_aggregate < 974.898
probabilities_array:[0.         0.28857002 0.71142995]

