R2: -57.525388101818486

MAE: 124.78738235294115

MSE: 15842.586765588234

Accuracy: 0.861764705882353

F1: 0.8614951245937161

Confusion Matrix: [[154, 27], [20, 139]]

Uncertainties: {'class0': [0.7597939968109131, 0.7298303246498108, 0.6647932529449463, 0.6566933989524841, 0.6555482149124146], 'class1': [0.724687397480011, 0.7108902931213379, 0.5968132615089417, 0.5966951847076416, 0.5829361081123352]}

Most important rules
-----------------------------

---0---
rule28: age < 3.046
probabilities_array:[0.97778547 0.         0.02221455]

rule0: cement < 210.417
probabilities_array:[0.79149926 0.         0.20850074]

rule15: water > 196.876
probabilities_array:[0.6826721  0.         0.31732795]

rule27: fine_aggregate > 824.597
probabilities_array:[0.5730609  0.         0.42693907]

rule29: 3.046 < age < 47.388
probabilities_array:[0.52209026 0.         0.4779097 ]

rule1: 210.417 < cement < 282.773
probabilities_array:[0.42145658 0.         0.5785434 ]

rule14: 182.274 < water < 196.876
probabilities_array:[0.3433066 0.        0.6566934]

rule10: 52.578 < fly_ash < 95.066
probabilities_array:[0.33149636 0.01295546 0.6555482 ]

rule26: 770.174 < fine_aggregate < 824.597
probabilities_array:[0.33520675 0.         0.66479325]

rule16: superplasticizer < 2.019
probabilities_array:[0.27016968 0.         0.7298303 ]

rule4: blast_furnace_slag < 17.251
probabilities_array:[0.24020602 0.         0.759794  ]


---1---
rule31: age > 91.731
probabilities_array:[0.         0.83994925 0.16005073]

rule30: 47.388 < age < 91.731
probabilities_array:[0.         0.7851979  0.21480207]

rule12: water < 167.672
probabilities_array:[0.         0.69160104 0.30839896]

rule6: 75.911 < blast_furnace_slag < 134.571
probabilities_array:[0.         0.60774803 0.39225197]

rule3: cement > 355.129
probabilities_array:[0.        0.6074574 0.3925426]

rule24: fine_aggregate < 715.752
probabilities_array:[0.        0.5631162 0.4368838]

rule21: 920.390 < coarse_aggregate < 973.460
probabilities_array:[0.         0.46590737 0.5340926 ]

rule20: coarse_aggregate < 920.390
probabilities_array:[0.         0.44312915 0.5568708 ]

rule18: 6.001 < superplasticizer < 9.983
probabilities_array:[0.        0.4219733 0.5780267]

rule13: 167.672 < water < 182.274
probabilities_array:[0.        0.4170639 0.5829361]

rule8: fly_ash < 10.090
probabilities_array:[0.         0.40330482 0.5966952 ]

rule19: superplasticizer > 9.983
probabilities_array:[0.         0.40318674 0.59681326]

rule17: 2.019 < superplasticizer < 6.001
probabilities_array:[0.        0.2891097 0.7108903]

rule22: 973.460 < coarse_aggregate < 1026.530
probabilities_array:[0.        0.2753126 0.7246874]

