R2: -52.917052283281194

MAE: 125.23026470588233

MSE: 16021.518951470585

Accuracy: 0.861764705882353

F1: 0.8617539427810124

Confusion Matrix: [[148, 17], [30, 145]]

Uncertainties: {'class0': [0.7495578527450562, 0.7019380927085876, 0.5849149823188782, 0.5231652855873108, 0.34390199184417725], 'class1': [0.7517737150192261, 0.7284326553344727, 0.7249042391777039, 0.7136714458465576, 0.6763542890548706]}

Most important rules
-----------------------------

---0---
rule28: age < 3.211
probabilities_array:[0.9822122  0.         0.01778784]

rule15: water > 195.769
probabilities_array:[0.7249257 0.        0.2750743]

rule27: fine_aggregate > 833.023
probabilities_array:[0.7196765  0.         0.28032348]

rule29: 3.211 < age < 47.488
probabilities_array:[0.6841185  0.         0.31588146]

rule0: cement < 207.099
probabilities_array:[0.656098 0.       0.343902]

rule16: superplasticizer < 2.176
probabilities_array:[0.4768347 0.        0.5231653]

rule14: 181.500 < water < 195.769
probabilities_array:[0.41508505 0.         0.584915  ]

rule23: coarse_aggregate > 1025.806
probabilities_array:[0.29263082 0.00543108 0.7019381 ]

rule1: 207.099 < cement < 276.771
probabilities_array:[0.25044215 0.         0.74955785]


---1---
rule31: age > 91.766
probabilities_array:[0.         0.7767322  0.22326781]

rule3: cement > 346.444
probabilities_array:[0.         0.75068235 0.24931765]

rule30: 47.488 < age < 91.766
probabilities_array:[0.        0.7298897 0.2701103]

rule9: 11.503 < fly_ash < 54.115
probabilities_array:[0.         0.56207466 0.43792534]

rule19: superplasticizer > 10.115
probabilities_array:[0.        0.5541469 0.4458531]

rule24: fine_aggregate < 723.293
probabilities_array:[0.       0.535326 0.464674]

rule12: water < 167.231
probabilities_array:[0.         0.5294185  0.47058147]

rule10: 54.115 < fly_ash < 96.726
probabilities_array:[0.         0.52699023 0.4730098 ]

rule7: blast_furnace_slag > 132.252
probabilities_array:[0.         0.48138335 0.5186167 ]

rule8: fly_ash < 11.503
probabilities_array:[0.         0.44984752 0.5501525 ]

rule20: coarse_aggregate < 921.010
probabilities_array:[0.        0.4396234 0.5603766]

rule2: 276.771 < cement < 346.444
probabilities_array:[0.         0.39212665 0.6078734 ]

rule21: 921.010 < coarse_aggregate < 973.408
probabilities_array:[0.        0.3660066 0.6339934]

rule18: 6.145 < superplasticizer < 10.115
probabilities_array:[0.         0.32364568 0.6763543 ]

rule6: 73.495 < blast_furnace_slag < 132.252
probabilities_array:[0.         0.28632855 0.71367145]

rule13: 167.231 < water < 181.500
probabilities_array:[0.00375999 0.27133578 0.72490424]

rule11: fly_ash > 96.726
probabilities_array:[0.         0.27156734 0.72843266]

rule17: 2.176 < superplasticizer < 6.145
probabilities_array:[0.        0.2482263 0.7517737]

