R2: -59.05104247563395

MAE: 128.17664705882353

MSE: 16684.26320176471

Accuracy: 0.8411764705882353

F1: 0.841088491898629

Confusion Matrix: [[139, 30], [24, 147]]

Uncertainties: {'class0': [0.7899618148803711, 0.7856361865997314, 0.7717612385749817, 0.5858814120292664, 0.5162506103515625], 'class1': [0.7783303260803223, 0.6900824904441833, 0.6596447825431824, 0.6552373170852661, 0.6343600153923035]}

Most important rules
-----------------------------

---0---
rule28: age < 2.476
probabilities_array:[0.862527 0.       0.137473]

rule29: 2.476 < age < 43.938
probabilities_array:[0.7025538  0.         0.29744616]

rule27: fine_aggregate > 828.121
probabilities_array:[0.59537315 0.         0.40462685]

rule0: cement < 209.099
probabilities_array:[0.58658093 0.         0.41341907]

rule15: water > 195.205
probabilities_array:[0.570685   0.         0.42931497]

rule16: superplasticizer < 2.281
probabilities_array:[0.4837494 0.        0.5162506]

rule14: 180.851 < water < 195.205
probabilities_array:[0.4141186 0.        0.5858814]

rule1: 209.099 < cement < 279.119
probabilities_array:[0.22823875 0.         0.77176124]

rule25: 723.305 < fine_aggregate < 775.713
probabilities_array:[0.2143638 0.        0.7856362]

rule26: 775.713 < fine_aggregate < 828.121
probabilities_array:[0.20611422 0.00392394 0.7899618 ]


---1---
rule31: age > 85.399
probabilities_array:[0.         0.72654647 0.27345353]

rule19: superplasticizer > 10.327
probabilities_array:[0.         0.562966   0.43703404]

rule24: fine_aggregate < 723.305
probabilities_array:[0.         0.5421892  0.45781082]

rule6: 75.984 < blast_furnace_slag < 135.005
probabilities_array:[0.         0.53812784 0.46187216]

rule30: 43.938 < age < 85.399
probabilities_array:[0.       0.535223 0.464777]

rule3: cement > 349.138
probabilities_array:[0.         0.5334849  0.46651512]

rule8: fly_ash < 11.692
probabilities_array:[0.        0.5127138 0.4872862]

rule20: coarse_aggregate < 920.287
probabilities_array:[0.         0.50617594 0.4938241 ]

rule9: 11.692 < fly_ash < 54.294
probabilities_array:[0.         0.49376833 0.50623167]

rule18: 6.304 < superplasticizer < 10.327
probabilities_array:[0.        0.4701206 0.5298794]

rule12: water < 166.497
probabilities_array:[0.        0.4476255 0.5523745]

rule21: 920.287 < coarse_aggregate < 973.395
probabilities_array:[0.         0.39770088 0.6022991 ]

rule5: 16.963 < blast_furnace_slag < 75.984
probabilities_array:[0.02767724 0.33796278 0.63436   ]

rule2: 279.119 < cement < 349.138
probabilities_array:[0.        0.3447627 0.6552373]

rule17: 2.281 < superplasticizer < 6.304
probabilities_array:[0.         0.34035522 0.6596448 ]

rule13: 166.497 < water < 180.851
probabilities_array:[0.03481916 0.2750983  0.6900825 ]

rule22: 973.395 < coarse_aggregate < 1026.504
probabilities_array:[0.         0.22166969 0.7783303 ]

