R2: -58.26990937335191

MAE: 125.36805882352941

MSE: 15933.34441705882

Accuracy: 0.8029411764705883

F1: 0.8028030021035502

Confusion Matrix: [[141, 28], [39, 132]]

Uncertainties: {'class0': [0.7736793160438538, 0.5929999947547913, 0.5613537430763245, 0.526249349117279, 0.4326074421405792], 'class1': [0.7124286890029907, 0.6997095346450806, 0.6686177849769592, 0.6606594324111938, 0.6566197276115417]}

Most important rules
-----------------------------

---0---
rule28: age < 2.501
probabilities_array:[0.95074415 0.         0.04925586]

rule29: 2.501 < age < 45.397
probabilities_array:[0.7903885  0.         0.20961149]

rule0: cement < 212.597
probabilities_array:[0.67321575 0.         0.32678425]

rule15: water > 196.024
probabilities_array:[0.66469556 0.         0.3353044 ]

rule16: superplasticizer < 1.985
probabilities_array:[0.5673925  0.         0.43260744]

rule1: 212.597 < cement < 281.883
probabilities_array:[0.47375065 0.         0.52624935]

rule27: fine_aggregate > 828.740
probabilities_array:[0.4386463  0.         0.56135374]

rule14: 181.547 < water < 196.024
probabilities_array:[0.40401784 0.00298216 0.593     ]

rule26: 774.880 < fine_aggregate < 828.740
probabilities_array:[0.21701503 0.0093057  0.7736793 ]


---1---
rule30: 45.397 < age < 88.293
probabilities_array:[0.        0.6815852 0.3184148]

rule31: age > 88.293
probabilities_array:[0.         0.66685873 0.33314124]

rule9: 8.910 < fly_ash < 51.653
probabilities_array:[0.        0.6442805 0.3557195]

rule24: fine_aggregate < 721.021
probabilities_array:[0.         0.6253395  0.37466052]

rule3: cement > 351.169
probabilities_array:[0.         0.5983136  0.40168634]

rule20: coarse_aggregate < 922.484
probabilities_array:[0.         0.5156132  0.48438683]

rule19: superplasticizer > 10.069
probabilities_array:[0.         0.48114848 0.5188515 ]

rule12: water < 167.070
probabilities_array:[0.         0.47401628 0.5259837 ]

rule6: 73.679 < blast_furnace_slag < 131.524
probabilities_array:[0.         0.44828132 0.5517187 ]

rule8: fly_ash < 8.910
probabilities_array:[0.         0.44328737 0.5567126 ]

rule7: blast_furnace_slag > 131.524
probabilities_array:[0.         0.41745645 0.58254355]

rule2: 281.883 < cement < 351.169
probabilities_array:[0.         0.41668296 0.58331704]

rule21: 922.484 < coarse_aggregate < 973.950
probabilities_array:[0.         0.41425487 0.58574516]

rule18: 6.027 < superplasticizer < 10.069
probabilities_array:[0.        0.3708291 0.6291709]

rule13: 167.070 < water < 181.547
probabilities_array:[0.         0.34338027 0.6566197 ]

rule10: 51.653 < fly_ash < 94.397
probabilities_array:[0.         0.33934054 0.66065943]

rule17: 1.985 < superplasticizer < 6.027
probabilities_array:[0.         0.33138224 0.6686178 ]

rule22: 973.950 < coarse_aggregate < 1025.416
probabilities_array:[0.         0.30029047 0.69970953]

rule23: coarse_aggregate > 1025.416
probabilities_array:[0.         0.28757134 0.7124287 ]

