R2: -66.21683673747314

MAE: 127.10223529411763

MSE: 16407.410803529405

Accuracy: 0.8235294117647058

F1: 0.8196286472148542

Confusion Matrix: [[165, 29], [31, 115]]

Uncertainties: {'class0': [0.7550585865974426, 0.7276396155357361, 0.6904653310775757, 0.5869249701499939, 0.5401083827018738], 'class1': [0.7887478470802307, 0.77192622423172, 0.6852584481239319, 0.6662988662719727, 0.6226771473884583]}

Most important rules
-----------------------------

---0---
rule28: age < 5.159
probabilities_array:[0.91318905 0.         0.08681097]

rule15: water > 196.037
probabilities_array:[0.7558238 0.        0.2441762]

rule0: cement < 215.101
probabilities_array:[0.70653266 0.         0.29346734]

rule27: fine_aggregate > 825.071
probabilities_array:[0.67891115 0.         0.32108882]

rule16: superplasticizer < 2.170
probabilities_array:[0.52656025 0.         0.47343972]

rule14: 181.416 < water < 196.037
probabilities_array:[0.5123314  0.         0.48766854]

rule26: 772.178 < fine_aggregate < 825.071
probabilities_array:[0.45989162 0.         0.5401084 ]

rule29: 5.159 < age < 47.265
probabilities_array:[0.36052677 0.05254828 0.58692497]

rule25: 719.284 < fine_aggregate < 772.178
probabilities_array:[3.0907929e-01 4.5546415e-04 6.9046533e-01]

rule1: 215.101 < cement < 285.154
probabilities_array:[0.27236038 0.         0.7276396 ]

rule11: fly_ash > 96.961
probabilities_array:[0.17903596 0.0659054  0.7550586 ]


---1---
rule31: age > 89.371
probabilities_array:[0.         0.88683194 0.11316808]

rule30: 47.265 < age < 89.371
probabilities_array:[0.         0.75870335 0.24129665]

rule9: 10.553 < fly_ash < 53.757
probabilities_array:[0.         0.64334834 0.35665166]

rule3: cement > 355.208
probabilities_array:[0.         0.5742689  0.42573115]

rule24: fine_aggregate < 719.284
probabilities_array:[0.        0.5362589 0.4637411]

rule19: superplasticizer > 10.501
probabilities_array:[0.         0.5224936  0.47750637]

rule12: water < 166.795
probabilities_array:[0.        0.5048508 0.4951492]

rule20: coarse_aggregate < 921.766
probabilities_array:[0.         0.49535275 0.50464725]

rule6: 72.198 < blast_furnace_slag < 130.151
probabilities_array:[0.         0.46419254 0.53580743]

rule18: 6.336 < superplasticizer < 10.501
probabilities_array:[0.         0.45410416 0.5458958 ]

rule22: 974.163 < coarse_aggregate < 1026.560
probabilities_array:[0.         0.44565237 0.55434763]

rule17: 2.170 < superplasticizer < 6.336
probabilities_array:[0.         0.37732285 0.62267715]

rule8: fly_ash < 10.553
probabilities_array:[0.         0.33370116 0.66629887]

rule2: 285.154 < cement < 355.208
probabilities_array:[0.02252324 0.29221824 0.68525845]

rule7: blast_furnace_slag > 130.151
probabilities_array:[0.        0.2280738 0.7719262]

rule21: 921.766 < coarse_aggregate < 974.163
probabilities_array:[0.00197512 0.20927705 0.78874785]

