R2: -60.33798090632397

MAE: 126.74494117647059

MSE: 16284.859285882354

Accuracy: 0.8470588235294118

F1: 0.8467193785545846

Confusion Matrix: [[152, 24], [28, 136]]

Uncertainties: {'class0': [0.7608688473701477, 0.6491457223892212, 0.616330623626709, 0.5646589994430542, 0.5598821043968201], 'class1': [0.7470992207527161, 0.6445456743240356, 0.6368768811225891, 0.6039100289344788, 0.5995348691940308]}

Most important rules
-----------------------------

---0---
rule28: age < 3.583
probabilities_array:[0.9685791 0.        0.0314209]

rule0: cement < 212.415
probabilities_array:[0.69886124 0.         0.3011388 ]

rule15: water > 195.869
probabilities_array:[0.65690774 0.         0.34309226]

rule27: fine_aggregate > 827.259
probabilities_array:[0.58083713 0.         0.41916287]

rule16: superplasticizer < 2.316
probabilities_array:[0.54279625 0.         0.45720375]

rule11: fly_ash > 98.249
probabilities_array:[4.3967474e-01 4.4316374e-04 5.5988210e-01]

rule14: 181.253 < water < 195.869
probabilities_array:[0.435341 0.       0.564659]

rule29: 3.583 < age < 45.617
probabilities_array:[0.38366938 0.         0.6163306 ]

rule4: blast_furnace_slag < 15.349
probabilities_array:[0.35085428 0.         0.6491457 ]

rule1: 212.415 < cement < 282.858
probabilities_array:[0.23913115 0.         0.76086885]


---1---
rule31: age > 87.652
probabilities_array:[0.         0.9081846  0.09181542]

rule3: cement > 353.301
probabilities_array:[0.         0.8163228  0.18367721]

rule30: 45.617 < age < 87.652
probabilities_array:[0.         0.78014785 0.21985213]

rule12: water < 166.637
probabilities_array:[0.         0.6743332  0.32566676]

rule24: fine_aggregate < 717.746
probabilities_array:[0.         0.6504343  0.34956568]

rule19: superplasticizer > 10.438
probabilities_array:[0.        0.5006738 0.4993262]

rule18: 6.377 < superplasticizer < 10.438
probabilities_array:[0.         0.45419583 0.5458042 ]

rule6: 73.171 < blast_furnace_slag < 130.993
probabilities_array:[0.         0.4060876  0.59391236]

rule13: 166.637 < water < 181.253
probabilities_array:[0.         0.40046513 0.59953487]

rule9: 11.860 < fly_ash < 55.054
probabilities_array:[0.         0.39608997 0.60391   ]

rule2: 282.858 < cement < 353.301
probabilities_array:[0.         0.36312312 0.6368769 ]

rule17: 2.316 < superplasticizer < 6.377
probabilities_array:[0.         0.35545436 0.6445457 ]

rule22: 973.870 < coarse_aggregate < 1026.389
probabilities_array:[0.        0.2529008 0.7470992]

