R2: -51.84070766874485

MAE: 125.12964705882354

MSE: 15934.079134705882

Accuracy: 0.8588235294117647

F1: 0.8588186442437454

Confusion Matrix: [[147, 22], [26, 145]]

Uncertainties: {'class0': [0.6789780259132385, 0.6445648670196533, 0.6368251442909241, 0.5253592729568481, 0.39461982250213623], 'class1': [0.7547551393508911, 0.7528231143951416, 0.7361854910850525, 0.6933051943778992, 0.6551568508148193]}

Most important rules
-----------------------------

---0---
rule28: age < 2.304
probabilities_array:[0.884305   0.         0.11569498]

rule29: 2.304 < age < 45.532
probabilities_array:[0.6904536  0.         0.30954638]

rule0: cement < 211.044
probabilities_array:[0.66679084 0.         0.33320916]

rule27: fine_aggregate > 828.183
probabilities_array:[0.63973236 0.         0.36026764]

rule15: water > 195.540
probabilities_array:[0.6053802  0.         0.39461982]

rule16: superplasticizer < 2.254
probabilities_array:[0.47464073 0.         0.5253593 ]

rule1: 211.044 < cement < 280.688
probabilities_array:[0.36317483 0.         0.63682514]

rule14: 181.301 < water < 195.540
probabilities_array:[0.35543513 0.         0.64456487]

rule26: 775.891 < fine_aggregate < 828.183
probabilities_array:[0.32102197 0.         0.678978  ]


---1---
rule31: age > 88.760
probabilities_array:[0.         0.6780116  0.32198837]

rule30: 45.532 < age < 88.760
probabilities_array:[0.         0.65411794 0.34588206]

rule8: fly_ash < 12.025
probabilities_array:[0.         0.6118287  0.38817134]

rule3: cement > 350.332
probabilities_array:[0.         0.5887073  0.41129267]

rule24: fine_aggregate < 723.599
probabilities_array:[0.        0.5520783 0.4479217]

rule10: 55.490 < fly_ash < 98.954
probabilities_array:[0.         0.5240418  0.47595823]

rule12: water < 167.062
probabilities_array:[0.         0.48394603 0.516054  ]

rule18: 6.256 < superplasticizer < 10.259
probabilities_array:[0.         0.46593165 0.53406835]

rule19: superplasticizer > 10.259
probabilities_array:[0.         0.43688834 0.56311166]

rule9: 12.025 < fly_ash < 55.490
probabilities_array:[0.       0.426097 0.573903]

rule20: coarse_aggregate < 919.350
probabilities_array:[0.         0.40602452 0.5939755 ]

rule17: 2.254 < superplasticizer < 6.256
probabilities_array:[0.         0.36468086 0.6353191 ]

rule13: 167.062 < water < 181.301
probabilities_array:[0.00431218 0.34053093 0.65515685]

rule6: 72.125 < blast_furnace_slag < 130.375
probabilities_array:[0.        0.3066948 0.6933052]

rule2: 280.688 < cement < 350.332
probabilities_array:[0.00721062 0.25660387 0.7361855 ]

rule21: 919.350 < coarse_aggregate < 972.198
probabilities_array:[0.         0.24717689 0.7528231 ]

rule7: blast_furnace_slag > 130.375
probabilities_array:[0.         0.24524485 0.75475514]

