R2: -54.919556592259745

MAE: 124.69894117647058

MSE: 15800.83867176471

Accuracy: 0.8411764705882353

F1: 0.8411709747742135

Confusion Matrix: [[142, 20], [34, 144]]

Uncertainties: {'class0': [0.6688730716705322, 0.6021463871002197, 0.44153904914855957, 0.36763718724250793, 0.35226163268089294], 'class1': [0.7539844512939453, 0.7494392991065979, 0.7024087309837341, 0.6750302910804749, 0.6489530801773071]}

Most important rules
-----------------------------

---0---
rule28: age < 2.969
probabilities_array:[0.82101816 0.         0.17898186]

rule29: 2.969 < age < 46.154
probabilities_array:[0.7406023 0.        0.2593977]

rule27: fine_aggregate > 828.972
probabilities_array:[0.6477384  0.         0.35226163]

rule15: water > 195.393
probabilities_array:[0.6323628 0.        0.3676372]

rule0: cement < 208.423
probabilities_array:[0.55846095 0.         0.44153905]

rule16: superplasticizer < 2.170
probabilities_array:[0.39785364 0.         0.6021464 ]

rule14: 181.201 < water < 195.393
probabilities_array:[0.33112696 0.         0.6688731 ]


---1---
rule31: age > 89.338
probabilities_array:[0.         0.66313314 0.3368669 ]

rule3: cement > 348.060
probabilities_array:[0.         0.65215135 0.34784868]

rule30: 46.154 < age < 89.338
probabilities_array:[0.        0.5528625 0.4471375]

rule19: superplasticizer > 10.163
probabilities_array:[0.         0.53102946 0.46897054]

rule12: water < 167.009
probabilities_array:[0.         0.51171786 0.48828214]

rule24: fine_aggregate < 722.531
probabilities_array:[0.         0.45697707 0.54302293]

rule20: coarse_aggregate < 921.422
probabilities_array:[0.         0.44385877 0.5561412 ]

rule2: 278.241 < cement < 348.060
probabilities_array:[0.         0.44362667 0.5563733 ]

rule8: fly_ash < 11.914
probabilities_array:[0.00461541 0.43354055 0.56184405]

rule9: 11.914 < fly_ash < 55.387
probabilities_array:[0.         0.43206835 0.56793165]

rule18: 6.167 < superplasticizer < 10.163
probabilities_array:[0.        0.4190957 0.5809043]

rule13: 167.009 < water < 181.201
probabilities_array:[0.         0.3675358  0.63246423]

rule17: 2.170 < superplasticizer < 6.167
probabilities_array:[0.         0.35734892 0.6426511 ]

rule10: 55.387 < fly_ash < 98.859
probabilities_array:[0.         0.35104692 0.6489531 ]

rule22: 973.552 < coarse_aggregate < 1025.682
probabilities_array:[0.         0.32496974 0.6750303 ]

rule21: 921.422 < coarse_aggregate < 973.552
probabilities_array:[0.         0.29759124 0.70240873]

rule6: 73.834 < blast_furnace_slag < 131.192
probabilities_array:[0.         0.24601553 0.75398445]

rule5: 16.476 < blast_furnace_slag < 73.834
probabilities_array:[0.04363349 0.2069272  0.7494393 ]

