R2: -60.29999401164278

MAE: 127.42832352941176

MSE: 16492.738234411765

Accuracy: 0.8852941176470588

F1: 0.8826538287949451

Confusion Matrix: [[176, 20], [19, 125]]

Uncertainties: {'class0': [0.7378694415092468, 0.7238102555274963, 0.6764956712722778, 0.6686782836914062, 0.6683483719825745], 'class1': [0.7960975766181946, 0.7636680603027344, 0.7272225022315979, 0.7107111811637878, 0.622712254524231]}

Most important rules
-----------------------------

---0---
rule28: age < 3.183
probabilities_array:[0.97800064 0.         0.02199938]

rule15: water > 195.543
probabilities_array:[0.76544416 0.         0.23455586]

rule0: cement < 213.129
probabilities_array:[0.7636475  0.         0.23635252]

rule27: fine_aggregate > 828.827
probabilities_array:[0.6666619 0.        0.3333381]

rule16: superplasticizer < 2.374
probabilities_array:[0.42502937 0.         0.57497066]

rule14: 180.705 < water < 195.543
probabilities_array:[0.33299202 0.         0.667008  ]

rule26: 774.546 < fine_aggregate < 828.827
probabilities_array:[0.32943642 0.00221523 0.6683484 ]

rule4: blast_furnace_slag < 17.027
probabilities_array:[0.32350436 0.         0.6764957 ]

rule29: 3.183 < age < 47.171
probabilities_array:[0.3078139  0.02350784 0.6686783 ]

rule1: 213.129 < cement < 283.373
probabilities_array:[0.27618977 0.         0.72381026]

rule25: 720.265 < fine_aggregate < 774.546
probabilities_array:[0.2565571  0.00557345 0.73786944]


---1---
rule31: age > 91.159
probabilities_array:[0.         0.92149615 0.07850388]

rule30: 47.171 < age < 91.159
probabilities_array:[0.         0.78759193 0.2124081 ]

rule3: cement > 353.617
probabilities_array:[0.         0.74730814 0.25269186]

rule12: water < 165.867
probabilities_array:[0.         0.5778344  0.42216557]

rule24: fine_aggregate < 720.265
probabilities_array:[0.        0.5339947 0.4660053]

rule9: 10.825 < fly_ash < 54.129
probabilities_array:[0.         0.47893348 0.5210665 ]

rule6: 74.225 < blast_furnace_slag < 131.423
probabilities_array:[0.         0.45843464 0.54156536]

rule19: superplasticizer > 10.741
probabilities_array:[0.         0.43401188 0.5659881 ]

rule22: 972.666 < coarse_aggregate < 1025.018
probabilities_array:[0.        0.3843233 0.6156767]

rule20: coarse_aggregate < 920.314
probabilities_array:[0.         0.37728778 0.62271225]

rule8: fly_ash < 10.825
probabilities_array:[0.01458431 0.3632705  0.6221452 ]

rule18: 6.558 < superplasticizer < 10.741
probabilities_array:[0.01169848 0.27759027 0.7107112 ]

rule7: blast_furnace_slag > 131.423
probabilities_array:[0.        0.2727775 0.7272225]

rule2: 283.373 < cement < 353.617
probabilities_array:[0.         0.23633192 0.76366806]

rule21: 920.314 < coarse_aggregate < 972.666
probabilities_array:[0.        0.2039024 0.7960976]

