R2: -47.57298234714762

MAE: 124.79923529411764

MSE: 15880.926178235297

Accuracy: 0.85

F1: 0.8494255768111915

Confusion Matrix: [[155, 18], [33, 134]]

Uncertainties: {'class0': [0.781140148639679, 0.7639341950416565, 0.6634306311607361, 0.6447100043296814, 0.6363951563835144], 'class1': [0.6880728006362915, 0.6862566471099854, 0.6804298162460327, 0.6446201801300049, 0.6426659226417542]}

Most important rules
-----------------------------

---0---
rule28: age < 2.294
probabilities_array:[0.83586687 0.         0.16413313]

rule29: 2.294 < age < 47.113
probabilities_array:[0.7110464  0.         0.28895363]

rule15: water > 196.339
probabilities_array:[0.6106488 0.        0.3893512]

rule27: fine_aggregate > 827.585
probabilities_array:[0.5949741 0.        0.4050259]

rule0: cement < 209.175
probabilities_array:[0.5611572  0.         0.43884274]

rule16: superplasticizer < 2.229
probabilities_array:[0.3873117 0.        0.6126883]

rule26: 772.915 < fine_aggregate < 827.585
probabilities_array:[0.36360487 0.         0.63639516]

rule14: 181.856 < water < 196.339
probabilities_array:[0.35529 0.      0.64471]

rule25: 718.244 < fine_aggregate < 772.915
probabilities_array:[0.3365694  0.         0.66343063]

rule11: fly_ash > 97.168
probabilities_array:[0.1942298  0.04183599 0.7639342 ]

rule4: blast_furnace_slag < 18.513
probabilities_array:[0.19432537 0.0245345  0.78114015]


---1---
rule31: age > 91.933
probabilities_array:[0.         0.67843497 0.32156506]

rule3: cement > 347.732
probabilities_array:[0.         0.6540289  0.34597114]

rule30: 47.113 < age < 91.933
probabilities_array:[0.        0.5937743 0.4062257]

rule19: superplasticizer > 10.351
probabilities_array:[0.       0.565693 0.434307]

rule2: 278.453 < cement < 347.732
probabilities_array:[0.         0.5327534  0.46724662]

rule12: water < 167.372
probabilities_array:[0.         0.5010837  0.49891633]

rule10: 54.121 < fly_ash < 97.168
probabilities_array:[0.        0.4785506 0.5214494]

rule24: fine_aggregate < 718.244
probabilities_array:[0.         0.46890956 0.53109044]

rule13: 167.372 < water < 181.856
probabilities_array:[0.         0.4289342  0.57106584]

rule20: coarse_aggregate < 919.669
probabilities_array:[0.         0.42141008 0.5785899 ]

rule8: fly_ash < 11.075
probabilities_array:[0.         0.36625645 0.6337436 ]

rule18: 6.290 < superplasticizer < 10.351
probabilities_array:[0.        0.3641572 0.6358428]

rule22: 971.859 < coarse_aggregate < 1024.049
probabilities_array:[0.         0.35733405 0.6426659 ]

rule6: 77.378 < blast_furnace_slag < 136.243
probabilities_array:[0.         0.35537985 0.6446202 ]

rule21: 919.669 < coarse_aggregate < 971.859
probabilities_array:[0.         0.31957018 0.6804298 ]

rule7: blast_furnace_slag > 136.243
probabilities_array:[0.        0.3119272 0.6880728]

rule5: 18.513 < blast_furnace_slag < 77.378
probabilities_array:[0.04757781 0.26616547 0.68625665]

