R2: -56.986847430379264

MAE: 125.21279411764704

MSE: 15906.87181852941

Accuracy: 0.85

F1: 0.849624060150376

Confusion Matrix: [[136, 12], [39, 153]]

Uncertainties: {'class0': [0.7925190329551697, 0.779295027256012, 0.7532772421836853, 0.5447255373001099, 0.4738183617591858], 'class1': [0.7841805815696716, 0.7259958386421204, 0.7143648862838745, 0.673539400100708, 0.591236412525177]}

Most important rules
-----------------------------

---0---
rule28: age < 3.377
probabilities_array:[0.9646333  0.         0.03536669]

rule15: water > 195.739
probabilities_array:[0.8401255  0.         0.15987448]

rule27: fine_aggregate > 825.719
probabilities_array:[0.68777156 0.         0.31222847]

rule0: cement < 209.896
probabilities_array:[0.62779474 0.         0.37220526]

rule29: 3.377 < age < 44.936
probabilities_array:[0.5951552  0.         0.40484482]

rule14: 181.158 < water < 195.739
probabilities_array:[0.52618164 0.         0.47381836]

rule16: superplasticizer < 2.427
probabilities_array:[0.45527446 0.         0.54472554]

rule1: 209.896 < cement < 279.467
probabilities_array:[0.24672274 0.         0.75327724]

rule23: coarse_aggregate > 1026.293
probabilities_array:[0.20748098 0.         0.79251903]

rule11: fly_ash > 100.580
probabilities_array:[0.19240789 0.02829702 0.779295  ]


---1---
rule31: age > 86.495
probabilities_array:[0.         0.7915697  0.20843028]

rule30: 44.936 < age < 86.495
probabilities_array:[0.        0.7319297 0.2680703]

rule24: fine_aggregate < 719.185
probabilities_array:[0.         0.66826516 0.33173484]

rule20: coarse_aggregate < 920.861
probabilities_array:[0.         0.60912347 0.3908765 ]

rule12: water < 166.576
probabilities_array:[0.         0.5890504  0.41094956]

rule9: 13.478 < fly_ash < 57.029
probabilities_array:[0.        0.5827195 0.4172805]

rule17: 2.427 < superplasticizer < 6.451
probabilities_array:[0.         0.5509492  0.44905078]

rule3: cement > 349.038
probabilities_array:[0.        0.5465451 0.4534549]

rule10: 57.029 < fly_ash < 100.580
probabilities_array:[0.         0.51844114 0.48155886]

rule8: fly_ash < 13.478
probabilities_array:[0.         0.49965557 0.50034446]

rule19: superplasticizer > 10.474
probabilities_array:[0.        0.4960542 0.5039458]

rule21: 920.861 < coarse_aggregate < 973.577
probabilities_array:[0.         0.41984874 0.58015126]

rule6: 73.818 < blast_furnace_slag < 132.678
probabilities_array:[0.        0.4087636 0.5912364]

rule18: 6.451 < superplasticizer < 10.474
probabilities_array:[0.         0.32646057 0.6735394 ]

rule5: 14.958 < blast_furnace_slag < 73.818
probabilities_array:[0.01825877 0.2673763  0.7143649 ]

rule13: 166.576 < water < 181.158
probabilities_array:[0.02618363 0.24782051 0.72599584]

rule2: 279.467 < cement < 349.038
probabilities_array:[0.00336502 0.21245442 0.7841806 ]

