R2: -56.83531167488608

MAE: 126.4539117647059

MSE: 16203.16206029412

Accuracy: 0.8352941176470589

F1: 0.8347222222222223

Confusion Matrix: [[132, 34], [22, 152]]

Uncertainties: {'class0': [0.7666061520576477, 0.6657305955886841, 0.6517736315727234, 0.6188041567802429, 0.5183022022247314], 'class1': [0.7869197130203247, 0.767723023891449, 0.7649410367012024, 0.7514165639877319, 0.6836990118026733]}

Most important rules
-----------------------------

---0---
rule28: age < 3.371
probabilities_array:[0.9714887  0.         0.02851129]

rule15: water > 195.760
probabilities_array:[0.7059422 0.        0.2940578]

rule27: fine_aggregate > 827.607
probabilities_array:[0.6341859 0.        0.3658141]

rule0: cement < 210.437
probabilities_array:[0.6319206 0.        0.3680794]

rule16: superplasticizer < 2.222
probabilities_array:[0.49175066 0.         0.50824934]

rule29: 3.371 < age < 42.725
probabilities_array:[0.48169783 0.         0.5183022 ]

rule14: 181.417 < water < 195.760
probabilities_array:[0.38119587 0.         0.61880416]

rule11: fly_ash > 99.400
probabilities_array:[0.3482264  0.         0.65177363]

rule23: coarse_aggregate > 1024.960
probabilities_array:[0.33426943 0.         0.6657306 ]

rule4: blast_furnace_slag < 13.136
probabilities_array:[0.23339385 0.         0.76660615]


---1---
rule31: age > 82.078
probabilities_array:[0.         0.88861746 0.11138256]

rule3: cement > 350.702
probabilities_array:[0.        0.8238156 0.1761844]

rule30: 42.725 < age < 82.078
probabilities_array:[0.         0.78017646 0.21982355]

rule24: fine_aggregate < 721.999
probabilities_array:[0.         0.593798   0.40620205]

rule12: water < 167.074
probabilities_array:[0.         0.587723   0.41227698]

rule20: coarse_aggregate < 921.578
probabilities_array:[0.         0.48134267 0.5186573 ]

rule2: 280.570 < cement < 350.702
probabilities_array:[0.         0.47186288 0.52813715]

rule19: superplasticizer > 10.301
probabilities_array:[0.         0.41597882 0.58402115]

rule13: 167.074 < water < 181.417
probabilities_array:[0.         0.41529363 0.58470637]

rule18: 6.262 < superplasticizer < 10.301
probabilities_array:[0.         0.40535873 0.59464127]

rule6: 70.675 < blast_furnace_slag < 128.214
probabilities_array:[0.         0.32804066 0.67195934]

rule17: 2.222 < superplasticizer < 6.262
probabilities_array:[0.         0.31630102 0.683699  ]

rule21: 921.578 < coarse_aggregate < 973.269
probabilities_array:[0.         0.2485834  0.75141656]

rule8: fly_ash < 13.165
probabilities_array:[0.         0.23505896 0.76494104]

rule22: 973.269 < coarse_aggregate < 1024.960
probabilities_array:[0.         0.23227699 0.767723  ]

rule9: 13.165 < fly_ash < 56.282
probabilities_array:[0.01657553 0.19650477 0.7869197 ]

