R2: -54.98526432852455

MAE: 126.47641176470589

MSE: 16229.486172352943

Accuracy: 0.8029411764705883

F1: 0.8028985507246376

Confusion Matrix: [[139, 28], [39, 134]]

Uncertainties: {'class0': [0.7840808629989624, 0.687892496585846, 0.6419900059700012, 0.6244972348213196, 0.5453696846961975], 'class1': [0.7872108817100525, 0.7278055548667908, 0.6746251583099365, 0.6699186563491821, 0.6055153608322144]}

Most important rules
-----------------------------

---0---
rule29: 2.810 < age < 45.125
probabilities_array:[0.7241761 0.        0.2758239]

rule15: water > 195.300
probabilities_array:[0.7204134  0.         0.27958664]

rule27: fine_aggregate > 829.478
probabilities_array:[0.6413079  0.         0.35869214]

rule0: cement < 209.028
probabilities_array:[0.50536406 0.         0.4946359 ]

rule16: superplasticizer < 2.044
probabilities_array:[0.45463032 0.         0.5453697 ]

rule26: 774.901 < fine_aggregate < 829.478
probabilities_array:[0.37550277 0.         0.62449723]

rule14: 181.090 < water < 195.300
probabilities_array:[0.35801002 0.         0.64199   ]

rule7: blast_furnace_slag > 133.464
probabilities_array:[0.26096073 0.05114677 0.6878925 ]

rule1: 209.028 < cement < 280.767
probabilities_array:[0.21591912 0.         0.78408086]


---1---
rule31: age > 87.439
probabilities_array:[0.         0.76786786 0.23213215]

rule24: fine_aggregate < 720.324
probabilities_array:[0.         0.6199458  0.38005418]

rule30: 45.125 < age < 87.439
probabilities_array:[0.        0.6083011 0.3916989]

rule3: cement > 352.506
probabilities_array:[0.         0.5718362  0.42816383]

rule12: water < 166.879
probabilities_array:[0.         0.55829906 0.4417009 ]

rule17: 2.044 < superplasticizer < 6.144
probabilities_array:[0.        0.5445574 0.4554426]

rule19: superplasticizer > 10.245
probabilities_array:[0.       0.526653 0.473347]

rule20: coarse_aggregate < 923.633
probabilities_array:[0.         0.5155736  0.48442635]

rule8: fly_ash < 9.270
probabilities_array:[0.         0.49991018 0.5000898 ]

rule18: 6.144 < superplasticizer < 10.245
probabilities_array:[0.         0.45658273 0.5434173 ]

rule6: 75.267 < blast_furnace_slag < 133.464
probabilities_array:[0.         0.43889058 0.5611094 ]

rule9: 9.270 < fly_ash < 52.056
probabilities_array:[0.         0.40606007 0.5939399 ]

rule2: 280.767 < cement < 352.506
probabilities_array:[0.         0.39448464 0.60551536]

rule22: 976.241 < coarse_aggregate < 1028.849
probabilities_array:[0.         0.33008134 0.66991866]

rule21: 923.633 < coarse_aggregate < 976.241
probabilities_array:[0.         0.32537484 0.67462516]

rule10: 52.056 < fly_ash < 94.842
probabilities_array:[0.         0.27219447 0.72780555]

rule13: 166.879 < water < 181.090
probabilities_array:[0.01072845 0.20206071 0.7872109 ]

