R2: -57.684433324027935

MAE: 128.20711764705882

MSE: 16688.423682352943

Accuracy: 0.8764705882352941

F1: 0.8759512144271866

Confusion Matrix: [[160, 18], [24, 138]]

Uncertainties: {'class0': [0.7774003148078918, 0.7685309052467346, 0.7527452707290649, 0.700340986251831, 0.637482225894928], 'class1': [0.7774763107299805, 0.691084086894989, 0.6884191632270813, 0.6562836766242981, 0.5704486966133118]}

Most important rules
-----------------------------

---0---
rule28: age < 3.439
probabilities_array:[0.9556715  0.         0.04432854]

rule0: cement < 207.883
probabilities_array:[0.74383014 0.         0.25616983]

rule15: water > 194.976
probabilities_array:[0.69070596 0.         0.30929402]

rule27: fine_aggregate > 830.950
probabilities_array:[0.5890904  0.         0.41090962]

rule29: 3.439 < age < 47.981
probabilities_array:[0.40795553 0.         0.5920445 ]

rule16: superplasticizer < 2.446
probabilities_array:[0.39784437 0.         0.6021556 ]

rule14: 180.655 < water < 194.976
probabilities_array:[0.3625178 0.        0.6374822]

rule1: 207.883 < cement < 279.731
probabilities_array:[0.29965904 0.         0.700341  ]

rule11: fly_ash > 100.251
probabilities_array:[0.24725473 0.         0.7527453 ]

rule5: 13.059 < blast_furnace_slag < 70.615
probabilities_array:[0.23146908 0.         0.7685309 ]

rule23: coarse_aggregate > 1026.920
probabilities_array:[0.22259967 0.         0.7774003 ]


---1---
rule31: age > 92.524
probabilities_array:[0.         0.8963234  0.10367659]

rule30: 47.981 < age < 92.524
probabilities_array:[0.         0.83070856 0.16929145]

rule3: cement > 351.580
probabilities_array:[0.         0.82344913 0.17655087]

rule12: water < 166.334
probabilities_array:[0.         0.64384246 0.35615754]

rule9: 13.505 < fly_ash < 56.878
probabilities_array:[0.        0.5921781 0.4078219]

rule24: fine_aggregate < 722.071
probabilities_array:[0.         0.53690684 0.46309316]

rule17: 2.446 < superplasticizer < 6.521
probabilities_array:[0.        0.5070958 0.4929042]

rule7: blast_furnace_slag > 128.170
probabilities_array:[0.         0.46534294 0.53465706]

rule19: superplasticizer > 10.595
probabilities_array:[0.        0.4375262 0.5624738]

rule2: 279.731 < cement < 351.580
probabilities_array:[0.        0.4295513 0.5704487]

rule13: 166.334 < water < 180.655
probabilities_array:[0.         0.34371632 0.6562837 ]

rule18: 6.521 < superplasticizer < 10.595
probabilities_array:[0.         0.31158087 0.68841916]

rule6: 70.615 < blast_furnace_slag < 128.170
probabilities_array:[0.         0.30891588 0.6910841 ]

rule20: coarse_aggregate < 921.103
probabilities_array:[0.         0.22252367 0.7774763 ]

