R2: -59.53656858596598

MAE: 124.78608823529413

MSE: 15813.966201470586

Accuracy: 0.8058823529411765

F1: 0.805640243902439

Confusion Matrix: [[131, 25], [41, 143]]

Uncertainties: {'class0': [0.7494457364082336, 0.7378244400024414, 0.6375529170036316, 0.6349245309829712, 0.40930506587028503], 'class1': [0.7598736882209778, 0.6844605207443237, 0.6295141577720642, 0.6220652461051941, 0.5986663699150085]}

Most important rules
-----------------------------

---0---
rule28: age < 2.621
probabilities_array:[0.9072263  0.         0.09277368]

rule29: 2.621 < age < 45.788
probabilities_array:[0.7510662 0.        0.2489338]

rule15: water > 196.067
probabilities_array:[0.6698021  0.         0.33019784]

rule27: fine_aggregate > 827.740
probabilities_array:[0.60849977 0.         0.39150026]

rule0: cement < 210.869
probabilities_array:[0.5906949  0.         0.40930507]

rule16: superplasticizer < 2.287
probabilities_array:[0.36507544 0.         0.63492453]

rule14: 181.585 < water < 196.067
probabilities_array:[0.36244708 0.         0.6375529 ]

rule26: 773.168 < fine_aggregate < 827.740
probabilities_array:[0.26085854 0.00131697 0.73782444]

rule1: 210.869 < cement < 282.058
probabilities_array:[0.25055426 0.         0.74944574]


---1---
rule31: age > 88.956
probabilities_array:[0.         0.6530805  0.34691948]

rule30: 45.788 < age < 88.956
probabilities_array:[0.         0.62697005 0.37302995]

rule3: cement > 353.248
probabilities_array:[0.         0.57585627 0.4241437 ]

rule20: coarse_aggregate < 922.235
probabilities_array:[0.         0.57000417 0.42999586]

rule24: fine_aggregate < 718.597
probabilities_array:[0.         0.54968876 0.45031127]

rule8: fly_ash < 11.293
probabilities_array:[0.         0.5365598  0.46344018]

rule18: 6.234 < superplasticizer < 10.181
probabilities_array:[0.         0.48093426 0.51906574]

rule19: superplasticizer > 10.181
probabilities_array:[0.         0.47354415 0.5264559 ]

rule12: water < 167.103
probabilities_array:[0.         0.47189537 0.52810466]

rule17: 2.287 < superplasticizer < 6.234
probabilities_array:[0.         0.46857923 0.53142077]

rule21: 922.235 < coarse_aggregate < 973.518
probabilities_array:[0.         0.46021384 0.53978616]

rule6: 72.663 < blast_furnace_slag < 130.595
probabilities_array:[0.         0.40133363 0.59866637]

rule10: 54.310 < fly_ash < 97.328
probabilities_array:[0.         0.37793475 0.62206525]

rule13: 167.103 < water < 181.585
probabilities_array:[0.         0.37048584 0.62951416]

rule22: 973.518 < coarse_aggregate < 1024.800
probabilities_array:[0.         0.31553948 0.6844605 ]

rule2: 282.058 < cement < 353.248
probabilities_array:[0.0049485  0.23517777 0.7598737 ]

