R2: -57.11722168790638

MAE: 126.80085294117646

MSE: 16384.829080294116

Accuracy: 0.8647058823529412

F1: 0.8646871539313401

Confusion Matrix: [[149, 21], [25, 145]]

Uncertainties: {'class0': [0.7537119388580322, 0.7044282555580139, 0.6574162244796753, 0.5958435535430908, 0.5480777621269226], 'class1': [0.7735134959220886, 0.7562650442123413, 0.7408612370491028, 0.7176029086112976, 0.6734278798103333]}

Most important rules
-----------------------------

---0---
rule28: age < 3.776
probabilities_array:[0.92509353 0.         0.07490648]

rule15: water > 196.066
probabilities_array:[0.7439794 0.        0.2560206]

rule0: cement < 210.065
probabilities_array:[0.7182058 0.        0.2817942]

rule27: fine_aggregate > 831.046
probabilities_array:[0.67736757 0.         0.32263243]

rule14: 181.616 < water < 196.066
probabilities_array:[0.50123763 0.         0.4987624 ]

rule16: superplasticizer < 2.028
probabilities_array:[0.45192224 0.         0.54807776]

rule29: 3.776 < age < 46.742
probabilities_array:[0.33220682 0.0719496  0.59584355]

rule26: 777.350 < fine_aggregate < 831.046
probabilities_array:[0.34157357 0.00101017 0.6574162 ]

rule25: 723.655 < fine_aggregate < 777.350
probabilities_array:[0.29446802 0.00110375 0.70442826]

rule4: blast_furnace_slag < 13.451
probabilities_array:[0.24628808 0.         0.75371194]


---1---
rule31: age > 89.708
probabilities_array:[0.         0.91070807 0.08929192]

rule30: 46.742 < age < 89.708
probabilities_array:[0.         0.76664823 0.23335177]

rule3: cement > 348.522
probabilities_array:[0.         0.73544735 0.26455268]

rule12: water < 167.166
probabilities_array:[0.        0.5027067 0.4972933]

rule24: fine_aggregate < 723.655
probabilities_array:[0.         0.45762208 0.54237795]

rule19: superplasticizer > 10.163
probabilities_array:[0.         0.44556743 0.5544326 ]

rule9: 10.923 < fly_ash < 53.748
probabilities_array:[0.         0.43654013 0.5634599 ]

rule2: 279.293 < cement < 348.522
probabilities_array:[0.        0.4060643 0.5939357]

rule10: 53.748 < fly_ash < 96.572
probabilities_array:[0.         0.36399052 0.63600945]

rule18: 6.096 < superplasticizer < 10.163
probabilities_array:[0.         0.35873967 0.6412603 ]

rule17: 2.028 < superplasticizer < 6.096
probabilities_array:[0.        0.3558752 0.6441248]

rule8: fly_ash < 10.923
probabilities_array:[0.04497392 0.33126333 0.6237628 ]

rule20: coarse_aggregate < 920.991
probabilities_array:[0.         0.33534536 0.6646546 ]

rule6: 71.650 < blast_furnace_slag < 129.850
probabilities_array:[0.         0.32657215 0.6734279 ]

rule7: blast_furnace_slag > 129.850
probabilities_array:[0.        0.2823971 0.7176029]

rule22: 972.684 < coarse_aggregate < 1024.378
probabilities_array:[0.         0.25913876 0.74086124]

rule21: 920.991 < coarse_aggregate < 972.684
probabilities_array:[0.         0.24373496 0.75626504]

rule13: 167.166 < water < 181.616
probabilities_array:[0.01269071 0.2137958  0.7735135 ]

