R2: -57.61931177083526

MAE: 124.73561764705883

MSE: 15800.264179705884

Accuracy: 0.8411764705882353

F1: 0.8411709747742135

Confusion Matrix: [[142, 24], [30, 144]]

Uncertainties: {'class0': [0.7307414412498474, 0.6855424046516418, 0.6468407511711121, 0.5330947041511536, 0.36296403408050537], 'class1': [0.7860040068626404, 0.7666010856628418, 0.6995593309402466, 0.6886127591133118, 0.6471821665763855]}

Most important rules
-----------------------------

---0---
rule28: age < 2.711
probabilities_array:[0.8179956  0.         0.18200442]

rule29: 2.711 < age < 46.141
probabilities_array:[0.72371376 0.         0.27628627]

rule15: water > 195.707
probabilities_array:[0.6562883  0.         0.34371167]

rule27: fine_aggregate > 827.038
probabilities_array:[0.65366024 0.         0.34633976]

rule0: cement < 205.910
probabilities_array:[0.63703597 0.         0.36296403]

rule16: superplasticizer < 2.247
probabilities_array:[0.46690527 0.         0.5330947 ]

rule14: 181.341 < water < 195.707
probabilities_array:[0.33225742 0.02090184 0.64684075]

rule26: 773.849 < fine_aggregate < 827.038
probabilities_array:[0.31445763 0.         0.6855424 ]

rule7: blast_furnace_slag > 138.325
probabilities_array:[0.19407894 0.07517962 0.73074144]


---1---
rule30: 46.141 < age < 89.570
probabilities_array:[0.         0.59834653 0.40165347]

rule31: age > 89.570
probabilities_array:[0.         0.5969313  0.40306875]

rule8: fly_ash < 10.641
probabilities_array:[0.         0.57117206 0.42882797]

rule18: 6.311 < superplasticizer < 10.376
probabilities_array:[0.         0.56389165 0.43610835]

rule17: 2.247 < superplasticizer < 6.311
probabilities_array:[0.         0.55758154 0.44241846]

rule20: coarse_aggregate < 919.333
probabilities_array:[0.         0.53132164 0.46867836]

rule24: fine_aggregate < 720.659
probabilities_array:[0.         0.51721793 0.4827821 ]

rule12: water < 166.975
probabilities_array:[0.         0.5099776  0.49002242]

rule3: cement > 348.368
probabilities_array:[0.         0.49507308 0.5049269 ]

rule19: superplasticizer > 10.376
probabilities_array:[0.        0.4748838 0.5251162]

rule21: 919.333 < coarse_aggregate < 972.334
probabilities_array:[0.        0.4106329 0.5893671]

rule13: 166.975 < water < 181.341
probabilities_array:[0.         0.35726044 0.64273953]

rule5: 19.592 < blast_furnace_slag < 78.958
probabilities_array:[0.         0.35281783 0.64718217]

rule6: 78.958 < blast_furnace_slag < 138.325
probabilities_array:[0.         0.31138724 0.68861276]

rule2: 277.139 < cement < 348.368
probabilities_array:[0.         0.30044064 0.69955933]

rule22: 972.334 < coarse_aggregate < 1025.334
probabilities_array:[0.         0.23339893 0.7666011 ]

rule10: 54.261 < fly_ash < 97.882
probabilities_array:[0.       0.213996 0.786004]

