R2: 0.7019893707182543


MAE: 44523.9386975237


MSE: 3984814788.6047735


Accuracy: 0.8153227752951562


F1: 0.8153258954785673


Most important rules
-----------------------------

---0---
rule28: median_income < 2.586
probabilities_array:[0.8386632  0.         0.16133678]

rule23: population > 2194.230
probabilities_array:[0.70685416 0.         0.2931458 ]

rule33: ocean_proximity_INLAND = 1.0
probabilities_array:[0.64879245 0.         0.35120755]

rule12: total_rooms < 1143.245
probabilities_array:[0.5278604  0.02046153 0.451678  ]

rule7: latitude > 37.086
probabilities_array:[0.51921785 0.         0.48078215]

rule29: 2.586 < median_income < 3.870
probabilities_array:[0.4997068 0.        0.5002932]

rule3: longitude > -118.224
probabilities_array:[0.4984295  0.         0.50157046]

rule22: 1423.912 < population < 2194.230
probabilities_array:[0.40873435 0.         0.5912657 ]

rule24: households < 238.589
probabilities_array:[0.35155293 0.         0.6484471 ]

rule6: 35.642 < latitude < 37.086
probabilities_array:[0.34325072 0.         0.6567493 ]

rule16: total_bedrooms < 250.754
probabilities_array:[0.33442467 0.         0.6655753 ]

rule25: 238.589 < households < 499.275
probabilities_array:[0.23463449 0.         0.7653655 ]

rule1: -120.934 < longitude < -119.579
probabilities_array:[0.16948995 0.08820424 0.7423058 ]


---1---
rule31: median_income > 5.155
probabilities_array:[0.         0.8601291  0.13987087]

rule20: population < 653.594
probabilities_array:[0.         0.6782001  0.32179987]

rule32: ocean_proximity_INLAND = 0.0
probabilities_array:[0.        0.6260125 0.3739875]

rule35: ocean_proximity_ISLAND = 1.0
probabilities_array:[0.         0.62307614 0.3769239 ]

rule0: longitude < -120.934
probabilities_array:[0.         0.616735   0.38326502]

rule27: households > 759.960
probabilities_array:[0.         0.51854026 0.48145974]

rule15: total_rooms > 4135.055
probabilities_array:[0.03212836 0.35612598 0.61174566]

rule30: 3.870 < median_income < 5.155
probabilities_array:[0.01555452 0.3398366  0.64460886]

rule4: latitude < 34.199
probabilities_array:[0.        0.3388312 0.6611688]

rule2: -119.579 < longitude < -118.224
probabilities_array:[0.02722021 0.2511781  0.7216017 ]

rule19: total_bedrooms > 823.124
probabilities_array:[0.         0.23701115 0.76298887]

rule14: 2639.150 < total_rooms < 4135.055
probabilities_array:[0.0330771  0.20447943 0.7624435 ]

rule11: housing_median_age > 37.150
probabilities_array:[1.2920842e-04 2.0230344e-01 7.9756731e-01]

