R2: 0.7043190341236101


MAE: 46167.317888855476


MSE: 3987986100.160325


Accuracy: 0.8136684978801099


F1: 0.8137110980622431


Most important rules
-----------------------------

---0---
rule28: median_income < 2.585
probabilities_array:[0.8838183  0.         0.11618168]

rule23: population > 2188.063
probabilities_array:[0.69423085 0.         0.30576918]

rule33: ocean_proximity_INLAND = 1.0
probabilities_array:[0.638922 0.       0.361078]

rule7: latitude > 37.066
probabilities_array:[0.63537246 0.         0.36462757]

rule29: 2.585 < median_income < 3.864
probabilities_array:[0.60696566 0.         0.39303437]

rule3: longitude > -118.206
probabilities_array:[0.5304843  0.         0.46951568]

rule12: total_rooms < 1172.985
probabilities_array:[0.46918592 0.02336734 0.50744677]

rule22: 1426.304 < population < 2188.063
probabilities_array:[0.44538787 0.         0.55461216]

rule6: 35.623 < latitude < 37.066
probabilities_array:[0.38320777 0.         0.61679226]

rule24: households < 242.078
probabilities_array:[0.33405346 0.         0.66594654]

rule16: total_bedrooms < 253.476
probabilities_array:[0.30136648 0.         0.69863355]

rule1: -120.908 < longitude < -119.557
probabilities_array:[0.27338818 0.0230498  0.703562  ]

rule8: housing_median_age < 20.094
probabilities_array:[0.22520764 0.         0.7747924 ]


---1---
rule31: median_income > 5.143
probabilities_array:[0.         0.7916377  0.20836225]

rule35: ocean_proximity_ISLAND = 1.0
probabilities_array:[0.         0.78053963 0.21946037]

rule20: population < 664.544
probabilities_array:[0.         0.73489803 0.26510197]

rule0: longitude < -120.908
probabilities_array:[0.         0.69476867 0.30523136]

rule32: ocean_proximity_INLAND = 0.0
probabilities_array:[0.         0.5566633  0.44333673]

rule27: households > 759.366
probabilities_array:[0.        0.5510954 0.4489046]

rule4: latitude < 34.180
probabilities_array:[0.         0.490285   0.50971496]

rule15: total_rooms > 4108.867
probabilities_array:[0.04577102 0.40825096 0.545978  ]

rule5: 34.180 < latitude < 35.623
probabilities_array:[0.         0.41168493 0.58831507]

rule19: total_bedrooms > 822.106
probabilities_array:[0.         0.31358573 0.6864143 ]

rule14: 2640.926 < total_rooms < 4108.867
probabilities_array:[0.02480211 0.28850788 0.6866901 ]

rule26: 500.722 < households < 759.366
probabilities_array:[0.         0.29305705 0.7069429 ]

rule30: 3.864 < median_income < 5.143
probabilities_array:[0.10757396 0.20028414 0.6921419 ]

rule37: ocean_proximity_NEAR BAY = 1.0
probabilities_array:[0.07753377 0.20893705 0.71352917]

rule18: 537.791 < total_bedrooms < 822.106
probabilities_array:[0.         0.20794463 0.79205537]

