R2: 0.6661069149172335


MAE: 49364.11215034796


MSE: 4420732334.416396


Accuracy: 0.8188145890026466


F1: 0.8188490898414562


Most important rules
-----------------------------

---0---
rule28: median_income < 2.586
probabilities_array:[0.8628754  0.         0.13712457]

rule23: population > 2181.500
probabilities_array:[0.7095142 0.        0.2904858]

rule33: ocean_proximity_INLAND = 1.0
probabilities_array:[0.64771533 0.         0.35228467]

rule29: 2.586 < median_income < 3.870
probabilities_array:[0.61063    0.         0.38937002]

rule7: latitude > 37.089
probabilities_array:[0.5040972  0.         0.49590275]

rule12: total_rooms < 1161.751
probabilities_array:[0.49150667 0.01176066 0.49673262]

rule3: longitude > -118.226
probabilities_array:[0.45325992 0.         0.5467401 ]

rule22: 1415.408 < population < 2181.500
probabilities_array:[0.42952457 0.         0.57047546]

rule24: households < 239.399
probabilities_array:[0.3174531 0.        0.6825469]

rule6: 35.644 < latitude < 37.089
probabilities_array:[0.30958715 0.         0.6904129 ]

rule16: total_bedrooms < 251.750
probabilities_array:[0.27381584 0.         0.7261841 ]

rule8: housing_median_age < 20.147
probabilities_array:[0.25786436 0.         0.74213564]


---1---
rule31: median_income > 5.154
probabilities_array:[0.         0.81062806 0.18937193]

rule20: population < 649.316
probabilities_array:[0.         0.7307307  0.26926926]

rule35: ocean_proximity_ISLAND = 1.0
probabilities_array:[0.         0.6901956  0.30980438]

rule0: longitude < -120.932
probabilities_array:[0.         0.66352063 0.3364794 ]

rule32: ocean_proximity_INLAND = 0.0
probabilities_array:[0.         0.65102607 0.3489739 ]

rule27: households > 753.268
probabilities_array:[0.         0.5260767  0.47392333]

rule15: total_rooms > 4080.505
probabilities_array:[0.04411167 0.46981373 0.48607466]

rule4: latitude < 34.199
probabilities_array:[0.         0.4405124  0.55948764]

rule19: total_bedrooms > 815.552
probabilities_array:[0.         0.36071727 0.63928276]

rule14: 2621.128 < total_rooms < 4080.505
probabilities_array:[0.03206538 0.34005544 0.62787914]

rule26: 496.334 < households < 753.268
probabilities_array:[0.         0.27713767 0.72286236]

rule30: 3.870 < median_income < 5.154
probabilities_array:[0.08895604 0.23356377 0.67748016]

rule5: 34.199 < latitude < 35.644
probabilities_array:[8.675709e-05 2.604310e-01 7.394823e-01]

rule2: -119.579 < longitude < -118.226
probabilities_array:[0.03110289 0.2140367  0.7548604 ]

rule21: 649.316 < population < 1415.408
probabilities_array:[1.1259580e-04 2.0612448e-01 7.9376292e-01]

