R2: 0.7055429082116964


MAE: 44306.13825980124


MSE: 3820694708.96199


Accuracy: 0.8179522219842874


F1: 0.817968291250734


Most important rules
-----------------------------

---0---
rule28: median_income < 2.587
probabilities_array:[0.8758369  0.         0.12416307]

rule23: population > 2188.082
probabilities_array:[0.6723213  0.         0.32767868]

rule29: 2.587 < median_income < 3.870
probabilities_array:[0.6241834 0.        0.3758166]

rule33: ocean_proximity_INLAND = 1.0
probabilities_array:[0.61672103 0.         0.383279  ]

rule12: total_rooms < 1168.322
probabilities_array:[0.53797483 0.02009402 0.44193113]

rule7: latitude > 37.074
probabilities_array:[0.51709473 0.         0.48290527]

rule3: longitude > -118.217
probabilities_array:[0.47558597 0.         0.52441406]

rule22: 1421.346 < population < 2188.082
probabilities_array:[4.349126e-01 3.084746e-04 5.647789e-01]

rule6: 35.633 < latitude < 37.074
probabilities_array:[0.39620507 0.         0.60379493]

rule24: households < 241.754
probabilities_array:[0.3041707  0.         0.69582933]

rule16: total_bedrooms < 253.073
probabilities_array:[0.28560856 0.         0.71439147]

rule1: -120.923 < longitude < -119.570
probabilities_array:[0.22701669 0.06972706 0.7032563 ]

rule38: ocean_proximity_NEAR OCEAN = 0.0
probabilities_array:[0.18864113 0.04905211 0.7623067 ]


---1---
rule35: ocean_proximity_ISLAND = 1.0
probabilities_array:[0.         0.83367246 0.16632755]

rule31: median_income > 5.153
probabilities_array:[0.         0.77600247 0.22399752]

rule20: population < 654.610
probabilities_array:[0.         0.7168839  0.28311613]

rule32: ocean_proximity_INLAND = 0.0
probabilities_array:[0.         0.63635933 0.36364067]

rule0: longitude < -120.923
probabilities_array:[0.         0.5930468  0.40695322]

rule15: total_rooms > 4108.745
probabilities_array:[0.02570539 0.47989836 0.49439624]

rule27: households > 757.634
probabilities_array:[0.         0.45918748 0.5408125 ]

rule14: 2638.534 < total_rooms < 4108.745
probabilities_array:[0.00755494 0.365416   0.62702906]

rule4: latitude < 34.193
probabilities_array:[0.         0.36203924 0.63796073]

rule30: 3.870 < median_income < 5.153
probabilities_array:[0.11502706 0.23014425 0.65482867]

rule2: -119.570 < longitude < -118.217
probabilities_array:[0.05885542 0.2426006  0.69854397]

rule19: total_bedrooms > 822.154
probabilities_array:[0.         0.24451044 0.7554896 ]

rule11: housing_median_age > 37.206
probabilities_array:[0.         0.23793766 0.7620623 ]

rule26: 499.694 < households < 757.634
probabilities_array:[0.         0.22002093 0.77997905]

