R2: 0.702066044892582


MAE: 44840.12096887483


MSE: 3961835310.6820364


Accuracy: 0.8248615356738399


F1: 0.8248678802113917


Most important rules
-----------------------------

---0---
rule28: median_income < 2.586
probabilities_array:[0.8572227  0.         0.14277731]

rule33: ocean_proximity_INLAND = 1.0
probabilities_array:[0.69368213 0.         0.30631787]

rule23: population > 2221.837
probabilities_array:[0.6898756 0.        0.3101244]

rule7: latitude > 37.074
probabilities_array:[0.62841684 0.         0.37158313]

rule3: longitude > -118.217
probabilities_array:[0.6062137  0.         0.39378628]

rule29: 2.586 < median_income < 3.864
probabilities_array:[0.57472074 0.         0.42527926]

rule12: total_rooms < 1165.305
probabilities_array:[0.4433391  0.03306331 0.5235976 ]

rule6: 35.632 < latitude < 37.074
probabilities_array:[0.433181 0.       0.566819]

rule24: households < 241.508
probabilities_array:[0.3971834 0.        0.6028166]

rule22: 1438.043 < population < 2221.837
probabilities_array:[0.36074555 0.         0.63925445]

rule25: 241.508 < households < 503.270
probabilities_array:[0.265566   0.         0.73443395]

rule1: -120.927 < longitude < -119.572
probabilities_array:[0.22870566 0.05733982 0.7139545 ]

rule16: total_bedrooms < 254.168
probabilities_array:[0.23699582 0.         0.7630042 ]


---1---
rule31: median_income > 5.142
probabilities_array:[0.         0.81059426 0.18940577]

rule35: ocean_proximity_ISLAND = 1.0
probabilities_array:[0.         0.76121783 0.2387822 ]

rule20: population < 654.249
probabilities_array:[0.         0.7290878  0.27091217]

rule0: longitude < -120.927
probabilities_array:[0.         0.67193425 0.32806575]

rule27: households > 765.033
probabilities_array:[0.       0.536728 0.463272]

rule32: ocean_proximity_INLAND = 0.0
probabilities_array:[0.         0.5273185  0.47268152]

rule4: latitude < 34.191
probabilities_array:[0.         0.50758433 0.49241564]

rule15: total_rooms > 4143.696
probabilities_array:[0.06774542 0.41226155 0.519993  ]

rule19: total_bedrooms > 827.112
probabilities_array:[0.         0.35091004 0.64908993]

rule14: 2654.501 < total_rooms < 4143.696
probabilities_array:[0.02998145 0.33523247 0.6347861 ]

rule5: 34.191 < latitude < 35.632
probabilities_array:[0.         0.33311567 0.6668843 ]

rule21: 654.249 < population < 1438.043
probabilities_array:[1.9113327e-04 2.7077100e-01 7.2903788e-01]

rule30: 3.864 < median_income < 5.142
probabilities_array:[0.04960446 0.2471379  0.7032576 ]

rule26: 503.270 < households < 765.033
probabilities_array:[0.         0.2402254  0.75977457]

