R2: 0.7139576679344075


MAE: 43821.51581606099


MSE: 3820173508.19751


Accuracy: 0.8188972230254635


F1: 0.8189958896065767


Most important rules
-----------------------------

---0---
rule28: median_income < 2.590
probabilities_array:[0.7524102  0.         0.24758981]

rule23: population > 2184.390
probabilities_array:[0.6900303 0.        0.3099697]

rule33: ocean_proximity_INLAND = 1.0
probabilities_array:[0.64133024 0.         0.35866973]

rule3: longitude > -118.233
probabilities_array:[0.55329275 0.         0.44670722]

rule12: total_rooms < 1156.548
probabilities_array:[0.539785   0.02227478 0.4379403 ]

rule22: 1430.090 < population < 2184.390
probabilities_array:[0.4592448 0.        0.5407552]

rule24: households < 242.023
probabilities_array:[0.37579653 0.         0.62420344]

rule7: latitude > 37.092
probabilities_array:[0.34898898 0.         0.65101105]

rule1: -120.933 < longitude < -119.583
probabilities_array:[0.3395333  0.00348311 0.6569835 ]

rule29: 2.590 < median_income < 3.871
probabilities_array:[3.1148669e-01 4.2877250e-06 6.8850905e-01]

rule8: housing_median_age < 20.133
probabilities_array:[0.3004996  0.         0.69950044]

rule6: 35.647 < latitude < 37.092
probabilities_array:[0.2401025  0.05512883 0.70476866]

rule16: total_bedrooms < 253.422
probabilities_array:[0.24742319 0.         0.7525768 ]


---1---
rule31: median_income > 5.153
probabilities_array:[0.         0.90300506 0.09699492]

rule20: population < 675.790
probabilities_array:[0.         0.6807128  0.31928718]

rule35: ocean_proximity_ISLAND = 1.0
probabilities_array:[0.         0.67206615 0.32793388]

rule32: ocean_proximity_INLAND = 0.0
probabilities_array:[0.        0.6119465 0.3880535]

rule30: 3.871 < median_income < 5.153
probabilities_array:[0.         0.52041245 0.47958755]

rule15: total_rooms > 4121.329
probabilities_array:[0.03906532 0.45721048 0.50372416]

rule4: latitude < 34.202
probabilities_array:[0.         0.46250942 0.5374906 ]

rule0: longitude < -120.933
probabilities_array:[0.         0.44146585 0.55853415]

rule27: households > 757.363
probabilities_array:[0.         0.40459538 0.5954046 ]

rule19: total_bedrooms > 819.205
probabilities_array:[0.        0.3127944 0.6872056]

rule14: 2638.938 < total_rooms < 4121.329
probabilities_array:[0.03255427 0.26968122 0.69776446]

rule37: ocean_proximity_NEAR BAY = 1.0
probabilities_array:[0.10377657 0.17493151 0.7212919 ]

rule2: -119.583 < longitude < -118.233
probabilities_array:[0.05833148 0.18214026 0.7595282 ]

