R2: 0.7038739990572853


MAE: 45724.3979658642


MSE: 4003512832.994348


Accuracy: 0.8274935879344437


F1: 0.8275102759835584


Most important rules
-----------------------------

---0---
rule28: median_income < 2.585
probabilities_array:[0.7987285  0.         0.20127146]

rule23: population > 2219.667
probabilities_array:[0.7173279  0.         0.28267214]

rule33: ocean_proximity_INLAND = 1.0
probabilities_array:[0.58106357 0.         0.41893646]

rule7: latitude > 37.062
probabilities_array:[0.55920565 0.         0.44079438]

rule3: longitude > -118.213
probabilities_array:[0.54391944 0.         0.4560806 ]

rule12: total_rooms < 1143.065
probabilities_array:[0.46367452 0.02721153 0.50911397]

rule22: 1429.687 < population < 2219.667
probabilities_array:[0.4536753  0.         0.54632473]

rule29: 2.585 < median_income < 3.860
probabilities_array:[0.40628996 0.         0.59371006]

rule24: households < 238.156
probabilities_array:[0.38110045 0.         0.6188996 ]

rule6: 35.622 < latitude < 37.062
probabilities_array:[0.30635658 0.         0.69364345]

rule16: total_bedrooms < 250.068
probabilities_array:[0.2910805  0.         0.70891947]

rule1: -120.910 < longitude < -119.561
probabilities_array:[0.20989658 0.07094026 0.7191632 ]

rule8: housing_median_age < 20.201
probabilities_array:[0.22542681 0.         0.7745732 ]


---1---
rule31: median_income > 5.136
probabilities_array:[0.         0.8842111  0.11578886]

rule35: ocean_proximity_ISLAND = 1.0
probabilities_array:[0.         0.7317297  0.26827034]

rule20: population < 639.706
probabilities_array:[0.        0.6762713 0.3237287]

rule32: ocean_proximity_INLAND = 0.0
probabilities_array:[0.        0.6687153 0.3312847]

rule0: longitude < -120.910
probabilities_array:[0.        0.6092896 0.3907104]

rule27: households > 762.906
probabilities_array:[0.         0.55255985 0.44744015]

rule30: 3.860 < median_income < 5.136
probabilities_array:[0.         0.42961472 0.5703853 ]

rule4: latitude < 34.181
probabilities_array:[0.         0.42052177 0.5794782 ]

rule15: total_rooms > 4129.257
probabilities_array:[0.07306354 0.37494934 0.5519871 ]

rule5: 34.181 < latitude < 35.622
probabilities_array:[0.         0.35039905 0.649601  ]

rule19: total_bedrooms > 824.830
probabilities_array:[0.         0.26265183 0.73734814]

rule14: 2636.161 < total_rooms < 4129.257
probabilities_array:[0.05133433 0.21509327 0.73357236]

rule26: 500.531 < households < 762.906
probabilities_array:[0.         0.22523889 0.77476114]

rule11: housing_median_age > 37.190
probabilities_array:[0.         0.20379952 0.7962005 ]

