R2: 0.6218572649868348


MAE: 51280.60162430882


MSE: 4944960584.215648


Accuracy: 0.8167229731914714


F1: 0.816793893129771


Most important rules
-----------------------------

---0---
rule28: median_income < 2.601
probabilities_array:[0.79954875 0.         0.20045123]

rule23: population > 2225.201
probabilities_array:[0.7649312 0.        0.2350688]

rule33: ocean_proximity_INLAND = 1.0
probabilities_array:[0.62652963 0.         0.37347034]

rule22: 1442.675 < population < 2225.201
probabilities_array:[0.56096023 0.         0.43903977]

rule7: latitude > 37.047
probabilities_array:[0.48003832 0.         0.51996166]

rule3: longitude > -118.201
probabilities_array:[0.47179356 0.         0.5282064 ]

rule12: total_rooms < 1175.056
probabilities_array:[0.43071398 0.01885158 0.5504344 ]

rule24: households < 244.840
probabilities_array:[0.39220053 0.         0.6077995 ]

rule29: 2.601 < median_income < 3.891
probabilities_array:[0.35671288 0.         0.6432871 ]

rule16: total_bedrooms < 257.081
probabilities_array:[0.3411902  0.         0.65880984]

rule6: 35.612 < latitude < 37.047
probabilities_array:[0.3335193  0.         0.66648066]

rule8: housing_median_age < 20.018
probabilities_array:[0.33166686 0.         0.6683331 ]

rule1: -120.902 < longitude < -119.552
probabilities_array:[0.23985977 0.05177924 0.70836097]

rule37: ocean_proximity_NEAR BAY = 1.0
probabilities_array:[0.18123142 0.1124282  0.7063404 ]

rule25: 244.840 < households < 503.670
probabilities_array:[0.22524585 0.         0.77475417]


---1---
rule31: median_income > 5.181
probabilities_array:[0.         0.9036997  0.09630028]

rule35: ocean_proximity_ISLAND = 1.0
probabilities_array:[0.         0.8676333  0.13236672]

rule20: population < 660.149
probabilities_array:[0.        0.6382778 0.3617222]

rule32: ocean_proximity_INLAND = 0.0
probabilities_array:[0.         0.6333175  0.36668253]

rule0: longitude < -120.902
probabilities_array:[0.         0.5718277  0.42817232]

rule27: households > 762.501
probabilities_array:[0.         0.5021512  0.49784878]

rule30: 3.891 < median_income < 5.181
probabilities_array:[0.         0.48048612 0.51951385]

rule19: total_bedrooms > 826.345
probabilities_array:[0.        0.4172603 0.5827397]

rule4: latitude < 34.178
probabilities_array:[0.         0.3552887  0.64471126]

rule15: total_rooms > 4154.191
probabilities_array:[0.04907186 0.32362723 0.62730086]

rule5: 34.178 < latitude < 35.612
probabilities_array:[0.         0.30015737 0.69984263]

rule14: 2664.623 < total_rooms < 4154.191
probabilities_array:[0.02388133 0.26463515 0.7114836 ]

rule39: ocean_proximity_NEAR OCEAN = 1.0
probabilities_array:[0.10445101 0.17794348 0.7176054 ]

rule18: 541.713 < total_bedrooms < 826.345
probabilities_array:[0.         0.20772178 0.79227823]

rule2: -119.552 < longitude < -118.201
probabilities_array:[0.11150517 0.1570608  0.731434  ]

