R2: 0.696055722816399


MAE: 44414.81346508995


MSE: 4094205275.2188015


Accuracy: 0.8237926485423834


F1: 0.823840281855549


Most important rules
-----------------------------

---0---
rule28: median_income < 2.594
probabilities_array:[0.83120984 0.         0.16879016]

rule23: population > 2179.685
probabilities_array:[0.72516763 0.         0.27483234]

rule7: latitude > 37.062
probabilities_array:[0.58387244 0.         0.41612753]

rule33: ocean_proximity_INLAND = 1.0
probabilities_array:[0.5376008  0.         0.46239918]

rule12: total_rooms < 1176.868
probabilities_array:[0.50767195 0.0334449  0.45888317]

rule3: longitude > -118.215
probabilities_array:[0.5133687  0.         0.48663127]

rule29: 2.594 < median_income < 3.879
probabilities_array:[0.4965153 0.        0.5034847]

rule24: households < 241.883
probabilities_array:[0.43111935 0.         0.5688806 ]

rule22: 1415.532 < population < 2179.685
probabilities_array:[0.41053116 0.         0.58946884]

rule16: total_bedrooms < 254.779
probabilities_array:[0.39878127 0.         0.60121876]

rule6: 35.622 < latitude < 37.062
probabilities_array:[0.34577018 0.         0.6542298 ]

rule25: 241.883 < households < 495.229
probabilities_array:[0.29869664 0.         0.70130336]

rule1: -120.916 < longitude < -119.566
probabilities_array:[0.22757962 0.02378896 0.7486314 ]

rule8: housing_median_age < 20.206
probabilities_array:[0.21731418 0.         0.7826858 ]

rule37: ocean_proximity_NEAR BAY = 1.0
probabilities_array:[0.14948331 0.12698367 0.72353303]


---1---
rule31: median_income > 5.164
probabilities_array:[0.         0.8506475  0.14935248]

rule20: population < 651.379
probabilities_array:[0.         0.7273084  0.27269158]

rule0: longitude < -120.916
probabilities_array:[0.         0.6925138  0.30748618]

rule35: ocean_proximity_ISLAND = 1.0
probabilities_array:[0.        0.6871222 0.3128778]

rule32: ocean_proximity_INLAND = 0.0
probabilities_array:[0.        0.6707896 0.3292104]

rule4: latitude < 34.182
probabilities_array:[0.        0.5025852 0.4974148]

rule27: households > 748.576
probabilities_array:[0.        0.4503358 0.5496642]

rule15: total_rooms > 4041.660
probabilities_array:[0.04766581 0.35513163 0.5972026 ]

rule5: 34.182 < latitude < 35.622
probabilities_array:[0.        0.3653111 0.6346889]

rule30: 3.879 < median_income < 5.164
probabilities_array:[0.00265053 0.34423566 0.6531138 ]

rule19: total_bedrooms > 808.062
probabilities_array:[0.         0.31684193 0.68315804]

rule14: 2609.264 < total_rooms < 4041.660
probabilities_array:[0.05375557 0.20141125 0.7448332 ]

rule2: -119.566 < longitude < -118.215
probabilities_array:[0.0720304  0.1896027  0.73836696]

