R2: 0.6735702033875393


MAE: 46966.6498547871


MSE: 4302394223.637063


Accuracy: 0.8225091352524248


F1: 0.8225190839694656


Most important rules
-----------------------------

---0---
rule28: median_income < 2.594
probabilities_array:[0.80613244 0.         0.1938676 ]

rule23: population > 2210.910
probabilities_array:[0.69281864 0.         0.30718136]

rule33: ocean_proximity_INLAND = 1.0
probabilities_array:[0.6728176 0.        0.3271824]

rule3: longitude > -118.218
probabilities_array:[0.5493755  0.         0.45062453]

rule7: latitude > 37.059
probabilities_array:[0.53087515 0.         0.46912482]

rule12: total_rooms < 1163.887
probabilities_array:[0.5189253  0.02146215 0.45961255]

rule29: 2.594 < median_income < 3.875
probabilities_array:[0.43886927 0.         0.5611307 ]

rule22: 1432.113 < population < 2210.910
probabilities_array:[0.4282997 0.        0.5717003]

rule24: households < 242.215
probabilities_array:[0.3984973 0.        0.6015027]

rule6: 35.626 < latitude < 37.059
probabilities_array:[0.31217787 0.         0.68782216]

rule16: total_bedrooms < 255.111
probabilities_array:[0.30827656 0.         0.69172347]

rule8: housing_median_age < 20.093
probabilities_array:[0.27636752 0.         0.7236325 ]

rule1: -120.915 < longitude < -119.567
probabilities_array:[0.22949012 0.02691563 0.7435943 ]

rule25: 242.215 < households < 500.855
probabilities_array:[0.24093036 0.         0.7590696 ]


---1---
rule31: median_income > 5.156
probabilities_array:[0.         0.86590946 0.13409053]

rule35: ocean_proximity_ISLAND = 1.0
probabilities_array:[0.         0.78557545 0.21442454]

rule20: population < 653.317
probabilities_array:[0.        0.7158087 0.2841913]

rule0: longitude < -120.915
probabilities_array:[0.         0.63263017 0.3673698 ]

rule32: ocean_proximity_INLAND = 0.0
probabilities_array:[0.       0.596776 0.403224]

rule4: latitude < 34.193
probabilities_array:[0.         0.48300445 0.51699555]

rule15: total_rooms > 4125.977
probabilities_array:[0.03875188 0.39782566 0.56342244]

rule30: 3.875 < median_income < 5.156
probabilities_array:[0.00190722 0.38294554 0.61514723]

rule27: households > 759.494
probabilities_array:[0.         0.382822   0.61717796]

rule19: total_bedrooms > 822.150
probabilities_array:[0.         0.35916245 0.64083755]

rule5: 34.193 < latitude < 35.626
probabilities_array:[0.         0.34480774 0.65519226]

rule14: 2644.932 < total_rooms < 4125.977
probabilities_array:[0.03326743 0.2882011  0.67853147]

rule39: ocean_proximity_NEAR OCEAN = 1.0
probabilities_array:[0.09098216 0.1708953  0.7381226 ]

