R2: 0.7141515269596832


MAE: 45295.279885554606


MSE: 3923126377.6247053


Accuracy: 0.8242615899120276


F1: 0.8242806811509101


Most important rules
-----------------------------

---0---
rule28: median_income < 2.592
probabilities_array:[0.78591883 0.         0.21408118]

rule23: population > 2179.418
probabilities_array:[0.6512511  0.         0.34874895]

rule3: longitude > -118.204
probabilities_array:[0.53856456 0.         0.46143544]

rule33: ocean_proximity_INLAND = 1.0
probabilities_array:[0.53050435 0.         0.46949565]

rule12: total_rooms < 1181.158
probabilities_array:[0.52701193 0.0051885  0.4677995 ]

rule7: latitude > 37.061
probabilities_array:[0.4752395  0.         0.52476054]

rule24: households < 243.753
probabilities_array:[0.4608965 0.        0.5391035]

rule29: 2.592 < median_income < 3.857
probabilities_array:[0.40308195 0.         0.59691805]

rule22: 1416.824 < population < 2179.418
probabilities_array:[0.39567256 0.         0.60432744]

rule6: 35.622 < latitude < 37.061
probabilities_array:[0.34218866 0.00514443 0.6526669 ]

rule1: -120.907 < longitude < -119.556
probabilities_array:[0.34241098 0.         0.657589  ]

rule25: 243.753 < households < 496.588
probabilities_array:[0.3094331 0.        0.6905669]

rule16: total_bedrooms < 256.280
probabilities_array:[0.25982815 0.         0.74017185]

rule8: housing_median_age < 20.112
probabilities_array:[0.2537064 0.        0.7462936]


---1---
rule31: median_income > 5.122
probabilities_array:[0.         0.88074094 0.11925908]

rule35: ocean_proximity_ISLAND = 1.0
probabilities_array:[0.         0.7315611  0.26843888]

rule32: ocean_proximity_INLAND = 0.0
probabilities_array:[0.         0.71684474 0.28315526]

rule20: population < 654.231
probabilities_array:[0.         0.7081098  0.29189017]

rule0: longitude < -120.907
probabilities_array:[0.        0.4607464 0.5392536]

rule30: 3.857 < median_income < 5.122
probabilities_array:[0.         0.44055486 0.55944514]

rule15: total_rooms > 4066.477
probabilities_array:[0.05061959 0.41245446 0.536926  ]

rule27: households > 749.424
probabilities_array:[0.         0.35488594 0.64511406]

rule14: 2623.817 < total_rooms < 4066.477
probabilities_array:[0.03365369 0.29441556 0.6719308 ]

rule5: 34.183 < latitude < 35.622
probabilities_array:[0.         0.29549274 0.70450723]

rule4: latitude < 34.183
probabilities_array:[0.        0.2891108 0.7108892]

rule19: total_bedrooms > 813.895
probabilities_array:[0.         0.26488432 0.73511565]

