R2: 0.7020154249742747


MAE: 47503.67093151982


MSE: 4028381863.072458


Accuracy: 0.821466862127816


F1: 0.8214914856136231


Most important rules
-----------------------------

---0---
rule28: median_income < 2.601
probabilities_array:[0.7768304  0.         0.22316962]

rule23: population > 2208.117
probabilities_array:[0.7518624  0.         0.24813756]

rule33: ocean_proximity_INLAND = 1.0
probabilities_array:[0.5976357  0.         0.40236428]

rule3: longitude > -118.225
probabilities_array:[0.57832885 0.         0.42167115]

rule12: total_rooms < 1152.711
probabilities_array:[0.49716178 0.03783483 0.4650034 ]

rule7: latitude > 37.067
probabilities_array:[0.5144251  0.         0.48557493]

rule22: 1428.614 < population < 2208.117
probabilities_array:[0.4651493  0.         0.53485066]

rule24: households < 239.810
probabilities_array:[0.44018427 0.         0.55981576]

rule29: 2.601 < median_income < 3.864
probabilities_array:[0.36051548 0.         0.6394845 ]

rule6: 35.634 < latitude < 37.067
probabilities_array:[0.33583638 0.01075762 0.65340596]

rule1: -120.924 < longitude < -119.575
probabilities_array:[0.27096808 0.07966498 0.64936686]

rule16: total_bedrooms < 251.272
probabilities_array:[0.2824799 0.        0.7175201]

rule8: housing_median_age < 20.209
probabilities_array:[0.27577108 0.         0.7242289 ]

rule37: ocean_proximity_NEAR BAY = 1.0
probabilities_array:[0.18139626 0.097393   0.7212107 ]


---1---
rule31: median_income > 5.127
probabilities_array:[0.         0.8766107  0.12338932]

rule35: ocean_proximity_ISLAND = 1.0
probabilities_array:[0.         0.78335726 0.21664274]

rule32: ocean_proximity_INLAND = 0.0
probabilities_array:[0.         0.6855372  0.31446278]

rule20: population < 649.111
probabilities_array:[0.        0.6809349 0.3190651]

rule0: longitude < -120.924
probabilities_array:[0.         0.58968776 0.41031224]

rule27: households > 761.521
probabilities_array:[0.         0.55055034 0.44944963]

rule4: latitude < 34.200
probabilities_array:[0.         0.47385058 0.5261494 ]

rule15: total_rooms > 4117.808
probabilities_array:[0.05184329 0.43593356 0.5122231 ]

rule30: 3.864 < median_income < 5.127
probabilities_array:[0.         0.45410922 0.5458908 ]

rule14: 2635.260 < total_rooms < 4117.808
probabilities_array:[0.06036978 0.24141021 0.69822   ]

rule5: 34.200 < latitude < 35.634
probabilities_array:[0.         0.22281566 0.77718437]

rule19: total_bedrooms > 823.913
probabilities_array:[0.        0.2189798 0.7810202]

