R2: 0.7186946567895256


MAE: 44606.579989034166


MSE: 3731853389.6772027


Accuracy: 0.8191159426113988


F1: 0.8192894891368174


Most important rules
-----------------------------

---0---
rule28: median_income < 2.584
probabilities_array:[0.8128963  0.         0.18710369]

rule23: population > 2188.590
probabilities_array:[0.7407205  0.         0.25927946]

rule33: ocean_proximity_INLAND = 1.0
probabilities_array:[0.59435576 0.         0.40564427]

rule3: longitude > -118.237
probabilities_array:[0.5808065  0.         0.41919354]

rule12: total_rooms < 1202.073
probabilities_array:[0.5479483 0.0172974 0.4347543]

rule7: latitude > 37.076
probabilities_array:[0.5430682 0.        0.4569318]

rule29: 2.584 < median_income < 3.876
probabilities_array:[0.46772143 0.         0.53227854]

rule22: 1428.424 < population < 2188.590
probabilities_array:[4.6149087e-01 6.9819042e-05 5.3843927e-01]

rule24: households < 246.625
probabilities_array:[0.38797274 0.         0.6120272 ]

rule6: 35.642 < latitude < 37.076
probabilities_array:[0.3702468 0.        0.6297532]

rule8: housing_median_age < 20.233
probabilities_array:[0.28785732 0.         0.71214265]

rule1: -120.935 < longitude < -119.586
probabilities_array:[0.2113113  0.07032619 0.71836245]

rule37: ocean_proximity_NEAR BAY = 1.0
probabilities_array:[0.23850359 0.         0.7614964 ]

rule25: 246.625 < households < 500.980
probabilities_array:[0.20807081 0.         0.7919292 ]


---1---
rule31: median_income > 5.167
probabilities_array:[0.         0.8647984  0.13520159]

rule35: ocean_proximity_ISLAND = 1.0
probabilities_array:[0.         0.77654237 0.22345762]

rule20: population < 668.258
probabilities_array:[0.        0.6842394 0.3157606]

rule32: ocean_proximity_INLAND = 0.0
probabilities_array:[0.        0.6724065 0.3275935]

rule0: longitude < -120.935
probabilities_array:[0.        0.6178044 0.3821956]

rule27: households > 755.336
probabilities_array:[0.         0.5440044  0.45599562]

rule4: latitude < 34.207
probabilities_array:[0.        0.4524959 0.5475041]

rule15: total_rooms > 4072.524
probabilities_array:[0.03660596 0.40365693 0.55973715]

rule30: 3.876 < median_income < 5.167
probabilities_array:[4.6732038e-04 3.9335981e-01 6.0617286e-01]

rule19: total_bedrooms > 818.303
probabilities_array:[0.         0.28994983 0.71005017]

rule18: 538.637 < total_bedrooms < 818.303
probabilities_array:[0.         0.22683941 0.7731606 ]

rule5: 34.207 < latitude < 35.642
probabilities_array:[0.         0.22148857 0.77851146]

rule26: 500.980 < households < 755.336
probabilities_array:[0.         0.21936432 0.7806357 ]

rule14: 2637.298 < total_rooms < 4072.524
probabilities_array:[0.03676516 0.19652306 0.7667117 ]

