R2: 0.6927746804498531


MAE: 45667.99631583627


MSE: 4073177863.2505274


Accuracy: 0.8139685162745895


F1: 0.8140046975924838


Most important rules
-----------------------------

---0---
rule28: median_income < 2.596
probabilities_array:[0.8513996 0.        0.1486004]

rule23: population > 2200.962
probabilities_array:[0.7443974 0.        0.2556026]

rule33: ocean_proximity_INLAND = 1.0
probabilities_array:[0.62092865 0.         0.37907133]

rule12: total_rooms < 1153.050
probabilities_array:[0.5574507  0.02584224 0.41670704]

rule29: 2.596 < median_income < 3.879
probabilities_array:[0.5426276 0.        0.4573724]

rule7: latitude > 37.057
probabilities_array:[0.52259725 0.         0.47740272]

rule3: longitude > -118.204
probabilities_array:[0.4970202  0.         0.50297976]

rule22: 1422.217 < population < 2200.962
probabilities_array:[4.941973e-01 5.241841e-06 5.057975e-01]

rule24: households < 240.173
probabilities_array:[0.42522794 0.         0.57477206]

rule6: 35.616 < latitude < 37.057
probabilities_array:[0.31136537 0.00195084 0.6866838 ]

rule16: total_bedrooms < 252.460
probabilities_array:[0.25521904 0.         0.74478096]

rule8: housing_median_age < 20.260
probabilities_array:[0.23991401 0.         0.760086  ]

rule1: -120.903 < longitude < -119.553
probabilities_array:[0.20839746 0.01320374 0.7783988 ]


---1---
rule31: median_income > 5.162
probabilities_array:[0.         0.82441103 0.175589  ]

rule35: ocean_proximity_ISLAND = 1.0
probabilities_array:[0.         0.70925075 0.29074925]

rule20: population < 643.472
probabilities_array:[0.         0.6852925  0.31470755]

rule0: longitude < -120.903
probabilities_array:[0.         0.6384988  0.36150122]

rule32: ocean_proximity_INLAND = 0.0
probabilities_array:[0.         0.6365966  0.36340338]

rule4: latitude < 34.175
probabilities_array:[0.        0.4877245 0.5122755]

rule27: households > 755.095
probabilities_array:[0.        0.4861542 0.5138458]

rule5: 34.175 < latitude < 35.616
probabilities_array:[0.         0.4655818  0.53441817]

rule15: total_rooms > 4103.403
probabilities_array:[0.05876782 0.35577652 0.5854556 ]

rule30: 3.879 < median_income < 5.162
probabilities_array:[0.0325912  0.31443462 0.6529742 ]

rule19: total_bedrooms > 817.461
probabilities_array:[0.        0.3231106 0.6768894]

rule14: 2628.227 < total_rooms < 4103.403
probabilities_array:[0.04030944 0.23819406 0.72149646]

