R2: 0.6835212270230837


MAE: 45387.228938215805


MSE: 4264395109.1973753


Accuracy: 1.0


F1: 1.0


Most important rules
-----------------------------

---0---
