R2: 0.6838254730053002


MAE: 44992.6174808719


MSE: 4135525608.739592


Accuracy: 0.8119420074719577


F1: 0.8119495008807985


Most important rules
-----------------------------

---0---
rule28: median_income < 2.589
probabilities_array:[0.76440185 0.         0.23559816]

rule23: population > 2197.526
probabilities_array:[0.72526026 0.         0.2747397 ]

rule33: ocean_proximity_INLAND = 1.0
probabilities_array:[0.67549163 0.         0.32450837]

rule24: households < 243.205
probabilities_array:[0.56699836 0.         0.43300164]

rule7: latitude > 37.066
probabilities_array:[0.5147377  0.         0.48526224]

rule12: total_rooms < 1178.037
probabilities_array:[0.48672616 0.03849421 0.47477967]

rule3: longitude > -118.212
probabilities_array:[0.4803801  0.         0.51961994]

rule22: 1428.263 < population < 2197.526
probabilities_array:[0.42496446 0.         0.5750356 ]

rule6: 35.622 < latitude < 37.066
probabilities_array:[0.36523032 0.         0.6347697 ]

rule29: 2.589 < median_income < 3.870
probabilities_array:[0.34625608 0.         0.6537439 ]

rule1: -120.907 < longitude < -119.560
probabilities_array:[0.28922677 0.03508683 0.67568636]

rule16: total_bedrooms < 255.790
probabilities_array:[0.2785451 0.        0.7214549]

rule8: housing_median_age < 20.154
probabilities_array:[0.26179937 0.         0.73820066]

rule25: 243.205 < households < 500.455
probabilities_array:[0.24789792 0.         0.7521021 ]

rule17: 255.790 < total_bedrooms < 537.806
probabilities_array:[0.23782286 0.         0.76217717]


---1---
rule31: median_income > 5.151
probabilities_array:[0.         0.90147674 0.09852327]

rule35: ocean_proximity_ISLAND = 1.0
probabilities_array:[0.         0.83664167 0.16335833]

rule20: population < 659.000
probabilities_array:[0.         0.7325782  0.26742178]

rule32: ocean_proximity_INLAND = 0.0
probabilities_array:[0.         0.60624146 0.3937585 ]

rule0: longitude < -120.907
probabilities_array:[0.         0.5845245  0.41547546]

rule30: 3.870 < median_income < 5.151
probabilities_array:[0.        0.5182595 0.4817405]

rule27: households > 757.705
probabilities_array:[0.         0.44227403 0.55772597]

rule15: total_rooms > 4101.894
probabilities_array:[0.06168807 0.3656299  0.572682  ]

rule5: 34.179 < latitude < 35.622
probabilities_array:[0.         0.3208141  0.67918587]

rule4: latitude < 34.179
probabilities_array:[0.         0.3185371  0.68146294]

rule19: total_bedrooms > 819.822
probabilities_array:[0.         0.29959503 0.70040494]

rule14: 2639.965 < total_rooms < 4101.894
probabilities_array:[0.04677117 0.24564531 0.70758355]

rule21: 659.000 < population < 1428.263
probabilities_array:[2.6968648e-04 2.3495252e-01 7.6477784e-01]

rule39: ocean_proximity_NEAR OCEAN = 1.0
probabilities_array:[0.10316577 0.17725971 0.7195745 ]

