R2: 0.7005374176782155


MAE: 45856.32846650919


MSE: 3922984386.3642263


Accuracy: 0.8223524381139251


F1: 0.8223722842043453


Most important rules
-----------------------------

---0---
rule28: median_income < 2.591
probabilities_array:[0.8537391  0.         0.14626093]

rule23: population > 2186.600
probabilities_array:[0.6839324  0.         0.31606758]

rule33: ocean_proximity_INLAND = 1.0
probabilities_array:[0.66474164 0.         0.3352584 ]

rule7: latitude > 37.078
probabilities_array:[0.5929488 0.        0.4070512]

rule3: longitude > -118.218
probabilities_array:[0.5864758 0.        0.4135242]

rule29: 2.591 < median_income < 3.884
probabilities_array:[0.5697612 0.        0.4302388]

rule12: total_rooms < 1202.466
probabilities_array:[0.45714363 0.00593711 0.53691924]

rule6: 35.634 < latitude < 37.078
probabilities_array:[0.4435288  0.         0.55647117]

rule22: 1430.622 < population < 2186.600
probabilities_array:[0.3538736 0.        0.6461264]

rule24: households < 244.074
probabilities_array:[0.35186464 0.         0.64813536]

rule8: housing_median_age < 20.071
probabilities_array:[0.33798635 0.         0.66201365]

rule16: total_bedrooms < 257.853
probabilities_array:[0.29119766 0.         0.70880234]

rule1: -120.926 < longitude < -119.572
probabilities_array:[0.26260683 0.05232319 0.68507   ]


---1---
rule31: median_income > 5.177
probabilities_array:[0.        0.8184454 0.1815546]

rule35: ocean_proximity_ISLAND = 1.0
probabilities_array:[0.         0.7531128  0.24688722]

rule20: population < 674.643
probabilities_array:[0.        0.7428807 0.2571193]

rule0: longitude < -120.926
probabilities_array:[0.        0.6492018 0.3507982]

rule32: ocean_proximity_INLAND = 0.0
probabilities_array:[0.         0.5630952  0.43690476]

rule4: latitude < 34.190
probabilities_array:[0.         0.48421922 0.51578075]

rule15: total_rooms > 4079.004
probabilities_array:[0.01952723 0.4450023  0.5354705 ]

rule27: households > 757.264
probabilities_array:[0.         0.43435138 0.5656486 ]

rule5: 34.190 < latitude < 35.634
probabilities_array:[0.         0.39237145 0.6076286 ]

rule19: total_bedrooms > 816.955
probabilities_array:[0.         0.38379237 0.6162076 ]

rule14: 2640.735 < total_rooms < 4079.004
probabilities_array:[0.0056386  0.35462666 0.63973475]

rule30: 3.884 < median_income < 5.177
probabilities_array:[0.04962932 0.25598428 0.69438636]

rule26: 500.669 < households < 757.264
probabilities_array:[0.         0.22706506 0.772935  ]

rule21: 674.643 < population < 1430.622
probabilities_array:[0.00812809 0.20185842 0.7900135 ]

