R2: 0.6999360895359683


MAE: 43516.71706714323


MSE: 3898831261.956506


Accuracy: 0.8207537746498924


F1: 0.8207574867880212


Most important rules
-----------------------------

---0---
rule28: median_income < 2.597
probabilities_array:[0.8303116  0.         0.16968839]

rule23: population > 2163.197
probabilities_array:[0.6119585 0.        0.3880415]

rule33: ocean_proximity_INLAND = 1.0
probabilities_array:[0.6078416  0.         0.39215836]

rule7: latitude > 37.069
probabilities_array:[0.59722835 0.         0.40277162]

rule3: longitude > -118.214
probabilities_array:[0.5500726  0.         0.44992742]

rule29: 2.597 < median_income < 3.875
probabilities_array:[0.4941386 0.        0.5058614]

rule12: total_rooms < 1195.537
probabilities_array:[0.46635056 0.00814857 0.52550083]

rule24: households < 246.390
probabilities_array:[0.43897384 0.         0.56102616]

rule6: 35.628 < latitude < 37.069
probabilities_array:[0.3543037  0.         0.64569634]

rule22: 1422.524 < population < 2163.197
probabilities_array:[0.33201316 0.         0.66798687]

rule8: housing_median_age < 20.046
probabilities_array:[0.29906395 0.         0.7009361 ]

rule1: -120.917 < longitude < -119.565
probabilities_array:[0.2629528  0.03651933 0.7005279 ]

rule16: total_bedrooms < 259.776
probabilities_array:[0.25275812 0.         0.74724185]

rule36: ocean_proximity_NEAR BAY = 0.0
probabilities_array:[0.19049174 0.12012158 0.68938667]

rule25: 246.390 < households < 498.319
probabilities_array:[0.21027271 0.         0.7897273 ]


---1---
rule31: median_income > 5.152
probabilities_array:[0.         0.8563858  0.14361416]

rule35: ocean_proximity_ISLAND = 1.0
probabilities_array:[0.         0.7500598  0.24994019]

rule20: population < 681.850
probabilities_array:[0.         0.7152719  0.28472808]

rule0: longitude < -120.917
probabilities_array:[0.         0.6634803  0.33651972]

rule32: ocean_proximity_INLAND = 0.0
probabilities_array:[0.         0.59089136 0.40910864]

rule4: latitude < 34.187
probabilities_array:[0.         0.47304326 0.52695674]

rule30: 3.875 < median_income < 5.152
probabilities_array:[0.02958869 0.36283308 0.6075782 ]

rule27: households > 750.248
probabilities_array:[0.         0.37404945 0.6259505 ]

rule15: total_rooms > 4068.769
probabilities_array:[0.01276374 0.35438392 0.63285244]

rule5: 34.187 < latitude < 35.628
probabilities_array:[0.         0.34972656 0.65027344]

rule19: total_bedrooms > 813.120
probabilities_array:[0.         0.33325973 0.66674024]

rule21: 681.850 < population < 1422.524
probabilities_array:[1.0544549e-04 2.5437137e-01 7.4552315e-01]

rule14: 2632.153 < total_rooms < 4068.769
probabilities_array:[0.03049666 0.23595876 0.7335446 ]

