R2: 0.162744933956382

MAE: 35267497.66900859

MSE: 4126427823541173.5

Accuracy: 0.7548790007806401

F1: 0.7534061649378356

Confusion Matrix: [[533, 110], [204, 434]]

Uncertainties: {'class0': [0.49709179997444153, 0.5504552721977234, 0.5752053260803223, 0.5951812267303467, 0.6078434586524963], 'class1': [0.5666949152946472, 0.5700768232345581, 0.6104962825775146, 0.6295987963676453, 0.6385928988456726]}

Most important rules
-----------------------------

---0---
rule49: -21660925.556 < budget < 42514908.015
probabilities_array:[0.5029082 0.        0.4970918]

rule9: 2082.077 < num_voted_users < 104488.274
probabilities_array:[0.44954476 0.         0.5504553 ]

rule24: actor_1_facebook_likes < 54.619
probabilities_array:[0.42479467 0.         0.5752053 ]

rule16: num_user_for_reviews < 52.060
probabilities_array:[0.4048188 0.        0.5951812]

rule8: num_voted_users < 2082.077
probabilities_array:[0.39215654 0.         0.60784346]

rule36: cast_total_facebook_likes < 625.229
probabilities_array:[0.3353499  0.         0.66465014]

rule6: 2003.074 < title_year < 2009.853
probabilities_array:[0.2947628 0.        0.7052372]

rule12: num_critic_for_reviews < 80.994
probabilities_array:[0.28837457 0.         0.71162546]

rule3: imdb_score > 7.229
probabilities_array:[0.27563673 0.         0.72436327]

rule45: 94.934 < duration < 110.466
probabilities_array:[0.21874423 0.0234756  0.75778013]


---1---
rule19: num_user_for_reviews > 613.291
probabilities_array:[0.         0.43330505 0.5666949 ]

rule4: title_year < 1996.294
probabilities_array:[0.         0.42992315 0.5700768 ]

rule1: 5.735 < imdb_score < 6.482
probabilities_array:[0.         0.38950375 0.6104963 ]

rule11: num_voted_users > 206894.472
probabilities_array:[0.        0.3704012 0.6295988]

rule10: 104488.274 < num_voted_users < 206894.472
probabilities_array:[0.         0.36140713 0.6385929 ]

rule50: 42514908.015 < budget < 106690741.586
probabilities_array:[0.         0.33343354 0.66656643]

rule51: budget > 106690741.586
probabilities_array:[0.        0.3203522 0.6796478]

rule30: 2006.038 < actor_2_facebook_likes < 5201.275
probabilities_array:[0.         0.30348155 0.6965184 ]

rule35: actor_3_facebook_likes > 2058.034
probabilities_array:[0.0133225 0.2679046 0.7187729]

rule23: director_facebook_likes > 2769.853
probabilities_array:[0.00369    0.2660895  0.73022044]

rule37: 625.229 < cast_total_facebook_likes < 11259.091
probabilities_array:[0.         0.26761106 0.7323889 ]

rule38: 11259.091 < cast_total_facebook_likes < 21892.953
probabilities_array:[0.         0.26616713 0.7338329 ]

rule18: 332.676 < num_user_for_reviews < 613.291
probabilities_array:[0.         0.25893947 0.7410605 ]

rule0: imdb_score < 5.735
probabilities_array:[0.         0.25384226 0.74615777]

rule43: movie_facebook_likes > 23772.252
probabilities_array:[3.9394901e-05 2.4901712e-01 7.5094354e-01]

rule34: 766.915 < actor_3_facebook_likes < 2058.034
probabilities_array:[0.         0.23601212 0.7639879 ]

rule15: num_critic_for_reviews > 248.453
probabilities_array:[0.         0.23108049 0.7689195 ]

rule14: 164.724 < num_critic_for_reviews < 248.453
probabilities_array:[5.4460642e-04 2.2490819e-01 7.7454716e-01]

rule42: 9129.711 < movie_facebook_likes < 23772.252
probabilities_array:[0.0657936  0.17857274 0.75563365]

