R2: 0.19872868839485536

MAE: 33300606.80327869

MSE: 3521319823941903.5

Accuracy: 0.765807962529274

F1: 0.7628527280266977

Confusion Matrix: [[562, 117], [183, 419]]

Uncertainties: {'class0': [0.4431103765964508, 0.47993776202201843, 0.49686044454574585, 0.5362264513969421, 0.5440441966056824], 'class1': [0.5778467059135437, 0.5987287759780884, 0.6214016675949097, 0.6421542763710022, 0.6547080874443054]}

Most important rules
-----------------------------

---0---
rule51: budget > 221484339.457
probabilities_array:[0.5568896  0.         0.44311038]

rule8: num_voted_users < 2329.859
probabilities_array:[0.52006227 0.         0.47993776]

rule49: -126077351.190 < budget < 47703494.134
probabilities_array:[0.50313956 0.         0.49686044]

rule16: num_user_for_reviews < 50.954
probabilities_array:[0.46377355 0.         0.53622645]

rule9: 2329.859 < num_voted_users < 103664.524
probabilities_array:[0.45595583 0.         0.5440442 ]

rule3: imdb_score > 7.193
probabilities_array:[0.39989603 0.         0.600104  ]

rule6: 2003.110 < title_year < 2009.794
probabilities_array:[0.38208416 0.         0.61791587]

rule12: num_critic_for_reviews < 80.990
probabilities_array:[0.24872176 0.         0.7512782 ]


---1---
rule11: num_voted_users > 204999.189
probabilities_array:[0.        0.4221533 0.5778467]

rule19: num_user_for_reviews > 618.987
probabilities_array:[0.         0.40127122 0.5987288 ]

rule4: title_year < 1996.426
probabilities_array:[0.         0.37859836 0.62140167]

rule10: 103664.524 < num_voted_users < 204999.189
probabilities_array:[0.        0.3578457 0.6421543]

rule21: -1259.534 < director_facebook_likes < 752.139
probabilities_array:[0.        0.3452919 0.6547081]

rule50: 47703494.134 < budget < 221484339.457
probabilities_array:[0.         0.32065052 0.6793495 ]

rule35: actor_3_facebook_likes > 1942.073
probabilities_array:[0.         0.30715394 0.69284606]

rule15: num_critic_for_reviews > 249.956
probabilities_array:[0.         0.30134386 0.69865614]

rule14: 165.473 < num_critic_for_reviews < 249.956
probabilities_array:[0.         0.28929743 0.7107026 ]

rule13: 80.990 < num_critic_for_reviews < 165.473
probabilities_array:[0.         0.27876177 0.7212382 ]

rule23: director_facebook_likes > 2763.812
probabilities_array:[0.03129854 0.24751557 0.7211858 ]

rule47: duration > 125.324
probabilities_array:[0.         0.25279793 0.74720204]

rule1: 5.709 < imdb_score < 6.451
probabilities_array:[0.         0.24699299 0.753007  ]

rule31: actor_2_facebook_likes > 5208.866
probabilities_array:[0.        0.2078146 0.7921854]

rule38: 11350.887 < cast_total_facebook_likes < 25239.848
probabilities_array:[0.02450572 0.19494112 0.7805532 ]

