R2: 0.1841105549610108

MAE: 34552319.27322404

MSE: 3511058284949073.0

Accuracy: 0.7517564402810304

F1: 0.7516291490866522

Confusion Matrix: [[496, 138], [180, 467]]

Uncertainties: {'class0': [0.5642250776290894, 0.5664146542549133, 0.6011605262756348, 0.6027876138687134, 0.6082096695899963], 'class1': [0.5572491884231567, 0.5662344694137573, 0.5935567021369934, 0.6464313268661499, 0.6615606546401978]}

Most important rules
-----------------------------

---0---
rule16: num_user_for_reviews < 47.815
probabilities_array:[0.43577492 0.         0.5642251 ]

rule49: -128204979.826 < budget < 45517148.671
probabilities_array:[0.43358535 0.         0.56641465]

rule9: -2665.995 < num_voted_users < 104523.561
probabilities_array:[0.39883947 0.         0.6011605 ]

rule6: 2003.244 < title_year < 2009.611
probabilities_array:[0.39721242 0.         0.6027876 ]

rule3: imdb_score > 7.205
probabilities_array:[0.39179033 0.         0.60820967]

rule12: num_critic_for_reviews < 79.125
probabilities_array:[0.3709529 0.        0.6290471]

rule51: budget > 219239277.167
probabilities_array:[0.36589527 0.         0.6341047 ]

rule7: title_year > 2009.611
probabilities_array:[0.32143256 0.         0.6785674 ]


---1---
rule11: num_voted_users > 211713.118
probabilities_array:[0.        0.4427508 0.5572492]

rule19: num_user_for_reviews > 613.261
probabilities_array:[0.         0.4337655  0.56623447]

rule4: title_year < 1996.876
probabilities_array:[0.        0.4064433 0.5935567]

rule43: movie_facebook_likes > 23380.697
probabilities_array:[0.         0.35356864 0.6464313 ]

rule50: 45517148.671 < budget < 219239277.167
probabilities_array:[0.         0.33843932 0.66156065]

rule1: 5.694 < imdb_score < 6.449
probabilities_array:[0.       0.333715 0.666285]

rule10: 104523.561 < num_voted_users < 211713.118
probabilities_array:[0.         0.3221453  0.67785466]

rule15: num_critic_for_reviews > 247.051
probabilities_array:[0.         0.30970266 0.6902973 ]

rule35: actor_3_facebook_likes > 2067.890
probabilities_array:[0.         0.29930714 0.70069283]

rule14: 163.088 < num_critic_for_reviews < 247.051
probabilities_array:[0.         0.29870152 0.7012985 ]

rule47: duration > 124.809
probabilities_array:[0.0084134 0.2608629 0.7307237]

rule30: 1957.462 < actor_2_facebook_likes < 5106.271
probabilities_array:[0.         0.24469547 0.7553045 ]

rule31: actor_2_facebook_likes > 5106.271
probabilities_array:[0.         0.24390988 0.7560901 ]

rule21: -1244.608 < director_facebook_likes < 768.645
probabilities_array:[0.         0.22634923 0.77365077]

rule0: imdb_score < 5.694
probabilities_array:[0.         0.22038262 0.77961737]

rule34: 772.322 < actor_3_facebook_likes < 2067.890
probabilities_array:[0.0427238  0.19738472 0.75989145]

rule23: director_facebook_likes > 2781.898
probabilities_array:[0.0677441 0.1840979 0.748158 ]

rule18: 330.538 < num_user_for_reviews < 613.261
probabilities_array:[0.         0.21404229 0.7859577 ]

rule38: 11328.602 < cast_total_facebook_likes < 24906.607
probabilities_array:[0.01068965 0.2051691  0.78414124]

