R2: 0.1400291930397034

MAE: 38389190.797814205

MSE: 5202783700911036.0

Accuracy: 0.7548790007806401

F1: 0.7545761396418165

Confusion Matrix: [[506, 130], [184, 461]]

Uncertainties: {'class0': [0.46560588479042053, 0.5552207231521606, 0.5661661624908447, 0.5927983522415161, 0.6634377837181091], 'class1': [0.499422162771225, 0.5662389993667603, 0.584324300289154, 0.5850296020507812, 0.6332390904426575]}

Most important rules
-----------------------------

---0---
rule51: budget > 226754952.670
probabilities_array:[0.5343941  0.         0.46560588]

rule8: num_voted_users < 3746.917
probabilities_array:[0.4447793 0.        0.5552207]

rule49: -131513292.128 < budget < 47620830.271
probabilities_array:[0.43383387 0.         0.56616616]

rule16: num_user_for_reviews < 58.257
probabilities_array:[0.40720162 0.         0.59279835]

rule9: 3746.917 < num_voted_users < 99811.403
probabilities_array:[0.3365622 0.        0.6634378]

rule6: 2003.269 < title_year < 2009.776
probabilities_array:[0.3214983  0.         0.67850167]

rule12: num_critic_for_reviews < 79.779
probabilities_array:[0.28878134 0.         0.71121866]

rule3: imdb_score > 7.206
probabilities_array:[0.26397392 0.         0.73602605]

rule45: 94.694 < duration < 109.687
probabilities_array:[0.24653485 0.         0.7534651 ]

rule41: -5160.749 < movie_facebook_likes < 8988.343
probabilities_array:[0.20366317 0.02199543 0.7743414 ]


---1---
rule50: 47620830.271 < budget < 226754952.670
probabilities_array:[0.         0.50057787 0.49942216]

rule4: title_year < 1996.763
probabilities_array:[0.       0.433761 0.566239]

rule19: num_user_for_reviews > 583.951
probabilities_array:[0.         0.41567573 0.5843243 ]

rule11: num_voted_users > 195875.889
probabilities_array:[0.        0.4149704 0.5850296]

rule1: 5.722 < imdb_score < 6.464
probabilities_array:[0.         0.36676094 0.6332391 ]

rule10: 99811.403 < num_voted_users < 195875.889
probabilities_array:[0.         0.32757348 0.6724265 ]

rule18: 321.104 < num_user_for_reviews < 583.951
probabilities_array:[0.         0.26767835 0.7323216 ]

rule47: duration > 124.681
probabilities_array:[0.         0.26023114 0.73976886]

rule43: movie_facebook_likes > 23137.436
probabilities_array:[0.         0.25733742 0.7426626 ]

rule15: num_critic_for_reviews > 244.618
probabilities_array:[0.         0.251092   0.74890804]

rule38: 11247.620 < cast_total_facebook_likes < 24575.341
probabilities_array:[0.01191061 0.24428757 0.74380183]

rule30: 1945.369 < actor_2_facebook_likes < 4604.067
probabilities_array:[0.         0.24588563 0.7541144 ]

rule35: actor_3_facebook_likes > 1898.774
probabilities_array:[0.         0.24422625 0.7557737 ]

rule14: 162.199 < num_critic_for_reviews < 244.618
probabilities_array:[0.         0.21525393 0.78474605]

rule34: 729.538 < actor_3_facebook_likes < 1898.774
probabilities_array:[4.0401117e-04 2.1460707e-01 7.8498888e-01]

rule0: imdb_score < 5.722
probabilities_array:[0.         0.21250983 0.7874902 ]

