R2: 0.16733022128285757

MAE: 35890685.443403594

MSE: 4425553423042990.0

Accuracy: 0.7759562841530054

F1: 0.7754636882153663

Confusion Matrix: [[527, 103], [184, 467]]

Uncertainties: {'class0': [0.5470021963119507, 0.5540259480476379, 0.5829261541366577, 0.6116756200790405, 0.6377629637718201], 'class1': [0.5168918967247009, 0.5405662059783936, 0.6103542447090149, 0.6221956014633179, 0.6656795740127563]}

Most important rules
-----------------------------

---0---
rule8: num_voted_users < 1500.665
probabilities_array:[0.45299783 0.         0.5470022 ]

rule9: 1500.665 < num_voted_users < 101517.032
probabilities_array:[0.44597408 0.         0.55402595]

rule51: budget > 231184066.276
probabilities_array:[0.41707385 0.         0.58292615]

rule16: num_user_for_reviews < 56.137
probabilities_array:[0.38832438 0.         0.6116756 ]

rule49: -133167220.810 < budget < 49008422.733
probabilities_array:[0.362237   0.         0.63776296]

rule6: 2003.008 < title_year < 2009.711
probabilities_array:[0.3479128 0.        0.6520872]

rule12: num_critic_for_reviews < 79.702
probabilities_array:[0.3051564 0.        0.6948436]

rule3: imdb_score > 7.186
probabilities_array:[0.2640064 0.        0.7359936]

rule7: title_year > 2009.711
probabilities_array:[0.2598002 0.        0.7401998]

rule45: 94.315 < duration < 109.923
probabilities_array:[0.21388388 0.01691632 0.76919985]


---1---
rule50: 49008422.733 < budget < 231184066.276
probabilities_array:[0.         0.48310807 0.5168919 ]

rule19: num_user_for_reviews > 589.836
probabilities_array:[0.         0.45943382 0.5405662 ]

rule4: title_year < 1996.305
probabilities_array:[0.         0.38964576 0.61035424]

rule1: 5.706 < imdb_score < 6.446
probabilities_array:[0.         0.37780437 0.6221956 ]

rule18: 322.987 < num_user_for_reviews < 589.836
probabilities_array:[0.         0.33432046 0.6656796 ]

rule11: num_voted_users > 201533.400
probabilities_array:[0.         0.32330143 0.67669857]

rule10: 101517.032 < num_voted_users < 201533.400
probabilities_array:[0.         0.26577318 0.7342268 ]

rule15: num_critic_for_reviews > 247.222
probabilities_array:[0.00644043 0.26236245 0.7311971 ]

rule0: imdb_score < 5.706
probabilities_array:[0.         0.24292587 0.7570741 ]

rule14: 163.462 < num_critic_for_reviews < 247.222
probabilities_array:[0.         0.22629417 0.77370584]

rule43: movie_facebook_likes > 22567.283
probabilities_array:[0.00370625 0.22245628 0.77383745]

rule39: cast_total_facebook_likes > 25709.736
probabilities_array:[0.01262674 0.2061726  0.78120065]

rule35: actor_3_facebook_likes > 2071.526
probabilities_array:[4.8081463e-04 2.0252435e-01 7.9699486e-01]

