R2: 0.1945118103520338

MAE: 34142515.02263857

MSE: 3631209168329173.0

Accuracy: 0.7720530835284933

F1: 0.7715004105090311

Confusion Matrix: [[526, 115], [177, 463]]

Uncertainties: {'class0': [0.48127251863479614, 0.5320457816123962, 0.5485146641731262, 0.5616014003753662, 0.5875803232192993], 'class1': [0.5206385254859924, 0.5521613359451294, 0.6066280007362366, 0.6272075772285461, 0.6752790212631226]}

Most important rules
-----------------------------

---0---
rule8: num_voted_users < 1243.860
probabilities_array:[0.5187275  0.         0.48127252]

rule51: budget > 227683460.436
probabilities_array:[0.4679542 0.        0.5320458]

rule16: num_user_for_reviews < 49.286
probabilities_array:[0.4514853  0.         0.54851466]

rule49: -131905927.561 < budget < 47888766.438
probabilities_array:[0.4383986 0.        0.5616014]

rule9: 1243.860 < num_voted_users < 103254.081
probabilities_array:[0.4124197 0.        0.5875803]

rule6: 2003.263 < title_year < 2009.750
probabilities_array:[0.3043905 0.        0.6956095]

rule3: imdb_score > 7.204
probabilities_array:[0.2894589 0.        0.7105411]

rule12: num_critic_for_reviews < 81.709
probabilities_array:[0.2879353 0.        0.7120647]


---1---
rule50: 47888766.438 < budget < 227683460.436
probabilities_array:[0.         0.47936144 0.5206385 ]

rule4: title_year < 1996.776
probabilities_array:[0.         0.44783863 0.55216134]

rule30: 1951.729 < actor_2_facebook_likes < 4642.629
probabilities_array:[0.       0.393372 0.606628]

rule19: num_user_for_reviews > 609.670
probabilities_array:[0.        0.3727924 0.6272076]

rule11: num_voted_users > 205264.301
probabilities_array:[0.         0.32472095 0.675279  ]

rule1: 5.726 < imdb_score < 6.465
probabilities_array:[0.         0.31747723 0.6825228 ]

rule15: num_critic_for_reviews > 246.851
probabilities_array:[0.         0.29448402 0.705516  ]

rule10: 103254.081 < num_voted_users < 205264.301
probabilities_array:[0.         0.27978876 0.72021127]

rule18: 329.478 < num_user_for_reviews < 609.670
probabilities_array:[0.00239888 0.25618446 0.74141663]

rule47: duration > 125.802
probabilities_array:[0.00591389 0.2524938  0.74159235]

rule46: 110.219 < duration < 125.802
probabilities_array:[0.         0.21912089 0.78087914]

rule14: 164.280 < num_critic_for_reviews < 246.851
probabilities_array:[0.04484344 0.19542424 0.7597323 ]

rule13: 81.709 < num_critic_for_reviews < 164.280
probabilities_array:[0.01135701 0.20057921 0.78806376]

rule31: actor_2_facebook_likes > 4642.629
probabilities_array:[0.         0.20036055 0.79963946]

