R2: 0.17745875851492576

MAE: 35122403.78142077

MSE: 4373659867781039.5

Accuracy: 0.7782982045277127

F1: 0.7776530986431978

Confusion Matrix: [[533, 118], [166, 464]]

Uncertainties: {'class0': [0.4534050226211548, 0.5693089962005615, 0.5747862458229065, 0.5808789134025574, 0.6814068555831909], 'class1': [0.5442162156105042, 0.6011509895324707, 0.6184433698654175, 0.6202481389045715, 0.655067503452301]}

Most important rules
-----------------------------

---0---
rule51: budget > 226979122.459
probabilities_array:[0.546595   0.         0.45340502]

rule9: 409.290 < num_voted_users < 103914.510
probabilities_array:[0.43069103 0.         0.569309  ]

rule16: num_user_for_reviews < 48.941
probabilities_array:[0.42521375 0.         0.57478625]

rule49: -132002429.242 < budget < 47488346.609
probabilities_array:[0.41912112 0.         0.5808789 ]

rule8: num_voted_users < 409.290
probabilities_array:[0.31859314 0.         0.68140686]

rule36: cast_total_facebook_likes < 780.646
probabilities_array:[0.31837487 0.         0.6816251 ]

rule3: imdb_score > 7.206
probabilities_array:[0.31628874 0.         0.68371123]

rule6: 2003.172 < title_year < 2009.824
probabilities_array:[0.28938287 0.         0.7106171 ]

rule45: 94.751 < duration < 110.124
probabilities_array:[0.24724753 0.00651488 0.7462375 ]

rule22: 793.565 < director_facebook_likes < 2858.770
probabilities_array:[0.24043646 0.01413125 0.74543226]

rule12: num_critic_for_reviews < 80.963
probabilities_array:[0.2092695 0.        0.7907305]


---1---
rule4: title_year < 1996.520
probabilities_array:[0.        0.4557838 0.5442162]

rule11: num_voted_users > 207419.729
probabilities_array:[0.       0.398849 0.601151]

rule10: 103914.510 < num_voted_users < 207419.729
probabilities_array:[0.         0.38155663 0.61844337]

rule19: num_user_for_reviews > 616.801
probabilities_array:[0.         0.37975186 0.62024814]

rule50: 47488346.609 < budget < 226979122.459
probabilities_array:[0.         0.34493247 0.6550675 ]

rule15: num_critic_for_reviews > 246.732
probabilities_array:[0.         0.3420929  0.65790707]

rule1: 5.713 < imdb_score < 6.460
probabilities_array:[0.         0.32633296 0.6736671 ]

rule13: 80.963 < num_critic_for_reviews < 163.848
probabilities_array:[0.         0.30211374 0.6978862 ]

rule14: 163.848 < num_critic_for_reviews < 246.732
probabilities_array:[0.       0.265229 0.734771]

rule38: 11303.124 < cast_total_facebook_likes < 21825.601
probabilities_array:[0.         0.26051816 0.7394818 ]

rule18: 332.871 < num_user_for_reviews < 616.801
probabilities_array:[0.         0.25118458 0.7488154 ]

rule34: 765.218 < actor_3_facebook_likes < 2069.584
probabilities_array:[0.         0.23670332 0.76329666]

rule37: 780.646 < cast_total_facebook_likes < 11303.124
probabilities_array:[0.         0.22439755 0.77560246]

rule35: actor_3_facebook_likes > 2069.584
probabilities_array:[0.         0.21816392 0.7818361 ]

rule0: imdb_score < 5.713
probabilities_array:[0.         0.20547348 0.7945265 ]

rule43: movie_facebook_likes > 23344.203
probabilities_array:[0.         0.20500922 0.7949908 ]

rule27: actor_1_facebook_likes > 14687.849
probabilities_array:[0.         0.20217964 0.7978203 ]

