R2: 0.1490583654694635

MAE: 37079057.03747073

MSE: 4721113714735561.0

Accuracy: 0.7462919594067136

F1: 0.746133540495763

Confusion Matrix: [[462, 137], [188, 494]]

Uncertainties: {'class0': [0.5008010268211365, 0.5255752205848694, 0.5466708540916443, 0.5503668785095215, 0.6688311696052551], 'class1': [0.5132972002029419, 0.6078593730926514, 0.6118715405464172, 0.6129987835884094, 0.6874426007270813]}

Most important rules
-----------------------------

---0---
rule49: -133617543.742 < budget < 48128427.776
probabilities_array:[0.49919897 0.         0.500801  ]

rule51: budget > 229874399.294
probabilities_array:[0.47442475 0.         0.5255752 ]

rule8: num_voted_users < 3060.143
probabilities_array:[0.45332915 0.         0.54667085]

rule9: 3060.143 < num_voted_users < 97566.358
probabilities_array:[0.44963312 0.         0.5503669 ]

rule16: num_user_for_reviews < 53.667
probabilities_array:[0.33116883 0.         0.66883117]

rule12: num_critic_for_reviews < 78.691
probabilities_array:[0.2791841 0.        0.7208159]

rule6: 2003.369 < title_year < 2009.946
probabilities_array:[0.24569935 0.         0.75430065]

rule3: imdb_score > 7.168
probabilities_array:[0.20052795 0.         0.79947203]


---1---
rule4: title_year < 1996.792
probabilities_array:[0.         0.48670283 0.5132972 ]

rule19: num_user_for_reviews > 581.902
probabilities_array:[0.         0.39214063 0.6078594 ]

rule11: num_voted_users > 192072.573
probabilities_array:[0.         0.3881285  0.61187154]

rule50: 48128427.776 < budget < 229874399.294
probabilities_array:[0.         0.38700125 0.6129988 ]

rule1: 5.686 < imdb_score < 6.427
probabilities_array:[0.         0.31255743 0.6874426 ]

rule14: 161.963 < num_critic_for_reviews < 245.235
probabilities_array:[0.         0.29339465 0.7066053 ]

rule35: actor_3_facebook_likes > 2038.639
probabilities_array:[0.         0.2750984  0.72490156]

rule10: 97566.358 < num_voted_users < 192072.573
probabilities_array:[0.         0.27254924 0.7274507 ]

rule18: 317.784 < num_user_for_reviews < 581.902
probabilities_array:[0.         0.26759183 0.73240817]

rule30: 2038.154 < actor_2_facebook_likes < 5278.169
probabilities_array:[0.01319166 0.25162748 0.73518085]

rule13: 78.691 < num_critic_for_reviews < 161.963
probabilities_array:[0.        0.2573781 0.7426219]

rule47: duration > 123.778
probabilities_array:[0.00081547 0.23952273 0.75966185]

rule23: director_facebook_likes > 2712.829
probabilities_array:[0.         0.23211189 0.7678881 ]

rule0: imdb_score < 5.686
probabilities_array:[0.        0.2058349 0.7941651]

rule38: 11412.289 < cast_total_facebook_likes < 25513.728
probabilities_array:[0.01731502 0.19484478 0.7878402 ]

rule15: num_critic_for_reviews > 245.235
probabilities_array:[0.         0.2020531  0.79794693]

