R2: 0.20110311421967286

MAE: 32972274.368462138

MSE: 3431725189030532.0

Accuracy: 0.7642466822794691

F1: 0.7615989292158428

Confusion Matrix: [[557, 110], [192, 422]]

Uncertainties: {'class0': [0.5372239351272583, 0.5613478422164917, 0.5957116484642029, 0.6218580603599548, 0.6321437954902649], 'class1': [0.5567534565925598, 0.571780264377594, 0.5793485045433044, 0.6163733601570129, 0.6756101846694946]}

Most important rules
-----------------------------

---0---
rule8: num_voted_users < 3249.944
probabilities_array:[0.4627761  0.         0.53722394]

rule49: -35621946.719 < budget < 43977873.465
probabilities_array:[0.43865213 0.         0.56134784]

rule9: 3249.944 < num_voted_users < 106630.729
probabilities_array:[0.40428832 0.         0.59571165]

rule6: 2003.080 < title_year < 2009.953
probabilities_array:[0.3781419  0.         0.62185806]

rule36: cast_total_facebook_likes < 229.067
probabilities_array:[0.3678562 0.        0.6321438]

rule16: num_user_for_reviews < 55.537
probabilities_array:[0.3278332  0.         0.67216676]

rule3: imdb_score > 7.219
probabilities_array:[0.29310644 0.         0.70689356]

rule12: num_critic_for_reviews < 81.181
probabilities_array:[0.28222647 0.         0.71777356]

rule22: 836.213 < director_facebook_likes < 2965.737
probabilities_array:[0.28147277 0.         0.7185272 ]

rule7: title_year > 2009.953
probabilities_array:[0.26077163 0.         0.73922837]

rule45: 94.645 < duration < 110.397
probabilities_array:[0.25940055 0.         0.74059945]

rule44: duration < 94.645
probabilities_array:[0.23579915 0.         0.76420087]

rule5: 1996.208 < title_year < 2003.080
probabilities_array:[0.2013123 0.        0.7986877]


---1---
rule51: budget > 123577693.650
probabilities_array:[0.         0.44324654 0.55675346]

rule11: num_voted_users > 210011.514
probabilities_array:[0.         0.4282197  0.57178026]

rule19: num_user_for_reviews > 620.273
probabilities_array:[0.        0.4206515 0.5793485]

rule4: title_year < 1996.208
probabilities_array:[0.         0.3836266  0.61637336]

rule50: 43977873.465 < budget < 123577693.650
probabilities_array:[0.         0.32438985 0.6756102 ]

rule43: movie_facebook_likes > 24263.545
probabilities_array:[0.         0.31637165 0.6836284 ]

rule15: num_critic_for_reviews > 252.843
probabilities_array:[0.         0.314302   0.68569803]

rule10: 106630.729 < num_voted_users < 210011.514
probabilities_array:[0.         0.29801092 0.70198905]

rule37: 229.067 < cast_total_facebook_likes < 11382.921
probabilities_array:[0.         0.29547173 0.7045283 ]

rule1: 5.720 < imdb_score < 6.470
probabilities_array:[0.        0.2863903 0.7136097]

rule18: 337.905 < num_user_for_reviews < 620.273
probabilities_array:[0.         0.24990839 0.7500916 ]

rule35: actor_3_facebook_likes > 2008.167
probabilities_array:[0.         0.23611546 0.76388454]

rule38: 11382.921 < cast_total_facebook_likes < 22536.776
probabilities_array:[0.         0.23014563 0.76985437]

rule47: duration > 126.149
probabilities_array:[0.00494703 0.21396461 0.7810884 ]

rule14: 167.012 < num_critic_for_reviews < 252.843
probabilities_array:[0.0077006  0.21070156 0.7815978 ]

rule27: actor_1_facebook_likes > 15843.509
probabilities_array:[0.         0.21199486 0.7880051 ]

rule13: 81.181 < num_critic_for_reviews < 167.012
probabilities_array:[0.00344422 0.20893003 0.7876258 ]

rule46: 110.397 < duration < 126.149
probabilities_array:[0.         0.20130402 0.798696  ]

