R2: 0.16604833080182557

MAE: 35516838.379391104

MSE: 4124669474626389.5

Accuracy: 0.7642466822794691

F1: 0.7640705576995321

Confusion Matrix: [[507, 116], [186, 472]]

Uncertainties: {'class0': [0.5403400659561157, 0.604144811630249, 0.6046165823936462, 0.6375477910041809, 0.639463484287262], 'class1': [0.5157874822616577, 0.5896913409233093, 0.6203162670135498, 0.6406762599945068, 0.6470409631729126]}

Most important rules
-----------------------------

---0---
rule51: budget > 223654015.738
probabilities_array:[0.45965993 0.         0.54034007]

rule49: -130447702.845 < budget < 46603156.446
probabilities_array:[0.3958552 0.        0.6041448]

rule16: num_user_for_reviews < 49.120
probabilities_array:[0.3953834 0.        0.6046166]

rule9: 1850.558 < num_voted_users < 102612.548
probabilities_array:[0.36245218 0.         0.6375478 ]

rule6: 2002.914 < title_year < 2009.746
probabilities_array:[0.3605365 0.        0.6394635]

rule8: num_voted_users < 1850.558
probabilities_array:[0.35763797 0.         0.64236206]

rule3: imdb_score > 7.231
probabilities_array:[0.33009014 0.         0.66990983]

rule12: num_critic_for_reviews < 79.351
probabilities_array:[0.30302298 0.         0.696977  ]

rule45: 94.299 < duration < 109.851
probabilities_array:[0.21710356 0.         0.78289646]

rule7: title_year > 2009.746
probabilities_array:[0.21592878 0.         0.7840712 ]


---1---
rule50: 46603156.446 < budget < 223654015.738
probabilities_array:[0.         0.48421255 0.5157875 ]

rule4: title_year < 1996.082
probabilities_array:[0.         0.41030866 0.58969134]

rule30: 1980.803 < actor_2_facebook_likes < 5152.183
probabilities_array:[0.         0.37968373 0.62031627]

rule11: num_voted_users > 203374.537
probabilities_array:[0.         0.3593237  0.64067626]

rule19: num_user_for_reviews > 608.376
probabilities_array:[0.         0.352959   0.64704096]

rule10: 102612.548 < num_voted_users < 203374.537
probabilities_array:[0.       0.342473 0.657527]

rule14: 163.151 < num_critic_for_reviews < 246.950
probabilities_array:[0.        0.3336255 0.6663745]

rule1: 5.749 < imdb_score < 6.490
probabilities_array:[0.         0.2892783  0.71072173]

rule43: movie_facebook_likes > 23758.386
probabilities_array:[0.         0.28571087 0.7142891 ]

rule23: director_facebook_likes > 2805.806
probabilities_array:[0.00088191 0.26606485 0.73305327]

rule15: num_critic_for_reviews > 246.950
probabilities_array:[0.         0.25893047 0.74106956]

rule47: duration > 125.402
probabilities_array:[0.         0.22342674 0.77657324]

rule0: imdb_score < 5.749
probabilities_array:[0.         0.21654102 0.78345895]

rule39: cast_total_facebook_likes > 25388.784
probabilities_array:[0.00621738 0.20980623 0.7839764 ]

