R2: 0.17772233756128553

MAE: 35218584.03747073

MSE: 3839052600631526.0

Accuracy: 0.7587822014051522

F1: 0.7586121520546649

Confusion Matrix: [[503, 155], [154, 469]]

Uncertainties: {'class0': [0.5116713643074036, 0.554036557674408, 0.5633427500724792, 0.6518331170082092, 0.7138091325759888], 'class1': [0.6124817132949829, 0.6471768021583557, 0.6495290994644165, 0.6537585854530334, 0.6713687777519226]}

Most important rules
-----------------------------

---0---
rule49: -35333816.697 < budget < 42257853.174
probabilities_array:[0.48832867 0.         0.51167136]

rule9: -1429.136 < num_voted_users < 100827.860
probabilities_array:[0.44596344 0.         0.55403656]

rule16: num_user_for_reviews < 47.118
probabilities_array:[0.43665722 0.         0.56334275]

rule6: 2002.996 < title_year < 2009.702
probabilities_array:[0.34816688 0.         0.6518331 ]

rule12: num_critic_for_reviews < 78.065
probabilities_array:[2.8612652e-01 6.4312968e-05 7.1380913e-01]

rule3: imdb_score > 7.194
probabilities_array:[0.24852283 0.         0.7514772 ]

rule7: title_year > 2009.702
probabilities_array:[0.21698712 0.         0.78301287]


---1---
rule4: title_year < 1996.290
probabilities_array:[0.         0.38751832 0.6124817 ]

rule11: num_voted_users > 203084.856
probabilities_array:[0.         0.35282317 0.6471768 ]

rule50: 42257853.174 < budget < 119849523.045
probabilities_array:[0.         0.35047093 0.6495291 ]

rule51: budget > 119849523.045
probabilities_array:[0.        0.3462414 0.6537586]

rule19: num_user_for_reviews > 602.701
probabilities_array:[0.         0.32863125 0.6713688 ]

rule30: 2019.823 < actor_2_facebook_likes < 5252.668
probabilities_array:[0.         0.32679394 0.67320603]

rule10: 100827.860 < num_voted_users < 203084.856
probabilities_array:[0.         0.32457617 0.67542386]

rule1: 5.700 < imdb_score < 6.447
probabilities_array:[0.         0.30194637 0.69805366]

rule18: 324.909 < num_user_for_reviews < 602.701
probabilities_array:[0.         0.26120952 0.73879045]

rule15: num_critic_for_reviews > 243.252
probabilities_array:[0.         0.25255364 0.74744636]

rule13: 78.065 < num_critic_for_reviews < 160.659
probabilities_array:[0.         0.25115922 0.74884075]

rule14: 160.659 < num_critic_for_reviews < 243.252
probabilities_array:[0.00499482 0.23382975 0.76117545]

rule31: actor_2_facebook_likes > 5252.668
probabilities_array:[0.         0.22966976 0.77033025]

rule0: imdb_score < 5.700
probabilities_array:[0.         0.22727439 0.7727256 ]

rule43: movie_facebook_likes > 22839.155
probabilities_array:[0.0278401  0.20665163 0.76550835]

rule21: -1279.101 < director_facebook_likes < 777.517
probabilities_array:[0.         0.21029277 0.78970724]

rule47: duration > 124.407
probabilities_array:[0.04285616 0.18965347 0.7674903 ]

rule38: 11425.409 < cast_total_facebook_likes < 25051.343
probabilities_array:[0.01603241 0.19837108 0.78559655]

