R2: 0.15822065200782265

MAE: 35361984.65612803

MSE: 3981394455031219.0

Accuracy: 0.7525370804059328

F1: 0.7524012826352191

Confusion Matrix: [[497, 136], [181, 467]]

Uncertainties: {'class0': [0.5161354541778564, 0.5531474351882935, 0.5846742391586304, 0.5966471433639526, 0.6258535981178284], 'class1': [0.5206006169319153, 0.5240035057067871, 0.5641595125198364, 0.6171237230300903, 0.6175170540809631]}

Most important rules
-----------------------------

---0---
rule51: budget > 225650129.624
probabilities_array:[0.48386455 0.         0.51613545]

rule49: -131503878.832 < budget < 47073125.396
probabilities_array:[0.4468526  0.         0.55314744]

rule8: num_voted_users < 3249.709
probabilities_array:[0.41532576 0.         0.58467424]

rule3: imdb_score > 7.196
probabilities_array:[0.40335286 0.         0.59664714]

rule6: 2003.099 < title_year < 2009.816
probabilities_array:[0.3741464 0.        0.6258536]

rule16: num_user_for_reviews < 59.803
probabilities_array:[0.36441147 0.         0.6355885 ]

rule12: num_critic_for_reviews < 78.335
probabilities_array:[0.2804054 0.        0.7195946]

rule9: 3249.709 < num_voted_users < 100897.870
probabilities_array:[0.24957946 0.         0.7504206 ]

rule7: title_year > 2009.816
probabilities_array:[0.22989647 0.         0.7701035 ]


---1---
rule50: 47073125.396 < budget < 225650129.624
probabilities_array:[0.        0.4793994 0.5206006]

rule11: num_voted_users > 198546.031
probabilities_array:[0.         0.47599652 0.5240035 ]

rule4: title_year < 1996.383
probabilities_array:[0.         0.43584052 0.5641595 ]

rule30: 1932.702 < actor_2_facebook_likes < 4548.028
probabilities_array:[0.         0.38287628 0.6171237 ]

rule10: 100897.870 < num_voted_users < 198546.031
probabilities_array:[0.         0.38248292 0.61751705]

rule14: 161.117 < num_critic_for_reviews < 243.899
probabilities_array:[0.         0.35327977 0.64672023]

rule19: num_user_for_reviews > 586.843
probabilities_array:[0.        0.3508289 0.6491711]

rule15: num_critic_for_reviews > 243.899
probabilities_array:[0.        0.3356999 0.6643001]

rule43: movie_facebook_likes > 22343.956
probabilities_array:[0.        0.3079512 0.6920488]

rule1: 5.738 < imdb_score < 6.467
probabilities_array:[0.         0.27789155 0.7221084 ]

rule13: 78.335 < num_critic_for_reviews < 161.117
probabilities_array:[0.         0.27103046 0.7289695 ]

rule46: 110.166 < duration < 125.596
probabilities_array:[0.         0.26737362 0.7326264 ]

rule47: duration > 125.596
probabilities_array:[0.01350637 0.25911716 0.7273764 ]

rule18: 323.323 < num_user_for_reviews < 586.843
probabilities_array:[0.05366402 0.2364027  0.7099333 ]

rule35: actor_3_facebook_likes > 2009.970
probabilities_array:[0.00229343 0.21797085 0.77973574]

