R2: 0.1624246649474852

MAE: 34900220.01522248

MSE: 3856312145748224.0

Accuracy: 0.750975800156128

F1: 0.750926621793852

Confusion Matrix: [[490, 142], [177, 472]]

Uncertainties: {'class0': [0.4447656571865082, 0.5445976853370667, 0.5588880777359009, 0.6422807574272156, 0.676417350769043], 'class1': [0.46249422430992126, 0.5519276261329651, 0.5566380023956299, 0.5725923180580139, 0.6327675580978394]}

Most important rules
-----------------------------

---0---
rule51: budget > 229459901.121
probabilities_array:[0.5552344  0.         0.44476566]

rule8: num_voted_users < 3463.439
probabilities_array:[0.45540228 0.         0.5445977 ]

rule3: imdb_score > 7.195
probabilities_array:[0.44111195 0.         0.5588881 ]

rule49: -133226522.348 < budget < 48116689.387
probabilities_array:[0.35771924 0.         0.64228076]

rule16: num_user_for_reviews < 53.625
probabilities_array:[0.32358265 0.         0.67641735]

rule9: 3463.439 < num_voted_users < 101093.075
probabilities_array:[0.3218366 0.        0.6781634]

rule12: num_critic_for_reviews < 80.951
probabilities_array:[0.29919866 0.         0.7008013 ]

rule6: 2003.208 < title_year < 2009.857
probabilities_array:[0.27066094 0.         0.72933906]

rule22: 762.525 < director_facebook_likes < 2727.184
probabilities_array:[0.25878838 0.00108054 0.7401311 ]

rule45: 94.697 < duration < 109.431
probabilities_array:[0.20804206 0.00424361 0.78771436]

rule27: actor_1_facebook_likes > 19119.106
probabilities_array:[0.19385052 0.02136504 0.7847845 ]


---1---
rule4: title_year < 1996.558
probabilities_array:[0.         0.5375058  0.46249422]

rule10: 101093.075 < num_voted_users < 198722.710
probabilities_array:[0.        0.4480724 0.5519276]

rule11: num_voted_users > 198722.710
probabilities_array:[0.         0.44336203 0.556638  ]

rule19: num_user_for_reviews > 609.008
probabilities_array:[0.         0.42740768 0.5725923 ]

rule50: 48116689.387 < budget < 229459901.121
probabilities_array:[0.         0.36723244 0.63276756]

rule18: 331.317 < num_user_for_reviews < 609.008
probabilities_array:[0.         0.36362845 0.63637155]

rule15: num_critic_for_reviews > 247.672
probabilities_array:[0.         0.34517968 0.6548203 ]

rule14: 164.311 < num_critic_for_reviews < 247.672
probabilities_array:[0.         0.34172407 0.65827596]

rule43: movie_facebook_likes > 23264.934
probabilities_array:[0.         0.30966344 0.6903365 ]

rule35: actor_3_facebook_likes > 1919.634
probabilities_array:[0.         0.30057326 0.6994268 ]

rule1: 5.715 < imdb_score < 6.455
probabilities_array:[0.         0.28196165 0.7180384 ]

rule47: duration > 124.166
probabilities_array:[0.01548698 0.2704466  0.7140664 ]

rule13: 80.951 < num_critic_for_reviews < 164.311
probabilities_array:[0.         0.25473002 0.74526995]

rule30: 1939.555 < actor_2_facebook_likes < 4571.040
probabilities_array:[0.01321984 0.2438014  0.74297875]

rule0: imdb_score < 5.715
probabilities_array:[0.         0.22812529 0.7718747 ]

rule34: 731.515 < actor_3_facebook_likes < 1919.634
probabilities_array:[0.06851969 0.18489164 0.74658865]

rule42: 9084.273 < movie_facebook_likes < 23264.934
probabilities_array:[0.07140161 0.18159221 0.7470061 ]

rule23: director_facebook_likes > 2727.184
probabilities_array:[0.02891851 0.19913627 0.7719452 ]

