R2: 0.13945735630717604

MAE: 36799470.28259172

MSE: 4184248107020413.5

Accuracy: 0.7400468384074942

F1: 0.7400062777891211

Confusion Matrix: [[482, 136], [197, 466]]

Uncertainties: {'class0': [0.5377353429794312, 0.6069985628128052, 0.6086116433143616, 0.610529899597168, 0.6557307839393616], 'class1': [0.5689321160316467, 0.6049171090126038, 0.6331045627593994, 0.6351566314697266, 0.6541359424591064]}

Most important rules
-----------------------------

---0---
rule49: -41028115.909 < budget < 44527828.556
probabilities_array:[0.46226466 0.         0.53773534]

rule8: num_voted_users < 1801.536
probabilities_array:[0.3930014  0.         0.60699856]

rule9: 1801.536 < num_voted_users < 101011.651
probabilities_array:[0.39138836 0.         0.60861164]

rule16: num_user_for_reviews < 53.847
probabilities_array:[0.38947007 0.         0.6105299 ]

rule24: actor_1_facebook_likes < 266.198
probabilities_array:[0.33849853 0.         0.66150147]

rule22: 776.872 < director_facebook_likes < 2803.029
probabilities_array:[0.33468604 0.00265824 0.6626557 ]

rule36: cast_total_facebook_likes < 1109.185
probabilities_array:[0.3265202  0.01774909 0.6557308 ]

rule6: 2003.005 < title_year < 2009.754
probabilities_array:[0.3157705 0.        0.6842295]

rule12: num_critic_for_reviews < 78.154
probabilities_array:[0.22537921 0.         0.7746208 ]

rule3: imdb_score > 7.198
probabilities_array:[0.21783338 0.         0.7821666 ]


---1---
rule4: title_year < 1996.257
probabilities_array:[0.         0.43106785 0.5689321 ]

rule50: 44527828.556 < budget < 130083773.021
probabilities_array:[0.        0.3950829 0.6049171]

rule11: num_voted_users > 200221.766
probabilities_array:[0.         0.36689544 0.63310456]

rule10: 101011.651 < num_voted_users < 200221.766
probabilities_array:[0.         0.36484337 0.63515663]

rule51: budget > 130083773.021
probabilities_array:[0.         0.3458641  0.65413594]

rule1: 5.710 < imdb_score < 6.454
probabilities_array:[0.         0.33705622 0.6629438 ]

rule30: 1926.030 < actor_2_facebook_likes < 4575.150
probabilities_array:[0.         0.30427057 0.69572943]

rule14: 162.159 < num_critic_for_reviews < 246.164
probabilities_array:[0.         0.28133044 0.7186696 ]

rule19: num_user_for_reviews > 595.631
probabilities_array:[0.         0.27819496 0.72180504]

rule38: 10875.044 < cast_total_facebook_likes < 20640.903
probabilities_array:[0.         0.27059296 0.729407  ]

rule18: 324.739 < num_user_for_reviews < 595.631
probabilities_array:[0.         0.26851934 0.73148066]

rule35: actor_3_facebook_likes > 1935.115
probabilities_array:[0.        0.2638947 0.7361053]

rule23: director_facebook_likes > 2803.029
probabilities_array:[0.03837714 0.22810508 0.7335178 ]

rule47: duration > 124.887
probabilities_array:[0.01169515 0.22487736 0.7634275 ]

rule37: 1109.185 < cast_total_facebook_likes < 10875.044
probabilities_array:[0.01779446 0.19360946 0.7885961 ]

