R2: 0.1353926042703978

MAE: 36754061.07572209

MSE: 4297199604724185.0

Accuracy: 0.7408274785323966

F1: 0.7404160257818794

Confusion Matrix: [[500, 141], [191, 449]]

Uncertainties: {'class0': [0.608051598072052, 0.620509922504425, 0.6415125727653503, 0.642017662525177, 0.6534534096717834], 'class1': [0.49612534046173096, 0.5344221591949463, 0.542312741279602, 0.608068585395813, 0.626592755317688]}

Most important rules
-----------------------------

---0---
rule16: num_user_for_reviews < 48.186
probabilities_array:[0.39194843 0.         0.6080516 ]

rule51: budget > 226434258.437
probabilities_array:[0.37949008 0.         0.6205099 ]

rule22: 764.178 < director_facebook_likes < 2767.567
probabilities_array:[0.3584874 0.        0.6415126]

rule3: imdb_score > 7.198
probabilities_array:[0.35798234 0.         0.64201766]

rule9: -725.981 < num_voted_users < 102863.820
probabilities_array:[0.34654656 0.         0.6534534 ]

rule12: num_critic_for_reviews < 78.757
probabilities_array:[0.3239052 0.        0.6760948]

rule49: -132097951.339 < budget < 47168153.549
probabilities_array:[0.30516252 0.         0.6948375 ]

rule6: 2003.008 < title_year < 2009.960
probabilities_array:[0.2157687 0.        0.7842313]


---1---
rule50: 47168153.549 < budget < 226434258.437
probabilities_array:[0.         0.50387466 0.49612534]

rule4: title_year < 1996.055
probabilities_array:[0.         0.4655778  0.53442216]

rule10: 102863.820 < num_voted_users < 206453.622
probabilities_array:[0.         0.45768723 0.54231274]

rule43: movie_facebook_likes > 23628.578
probabilities_array:[0.         0.39193138 0.6080686 ]

rule19: num_user_for_reviews > 613.025
probabilities_array:[0.         0.37340724 0.62659276]

rule11: num_voted_users > 206453.622
probabilities_array:[0.         0.36149243 0.6385076 ]

rule14: 161.693 < num_critic_for_reviews < 244.629
probabilities_array:[3.2950906e-05 3.2601324e-01 6.7395383e-01]

rule15: num_critic_for_reviews > 244.629
probabilities_array:[0.         0.3038669  0.69613314]

rule46: 110.167 < duration < 125.674
probabilities_array:[0.         0.26477578 0.7352242 ]

rule23: director_facebook_likes > 2767.567
probabilities_array:[0.         0.26050863 0.7394914 ]

rule18: 330.605 < num_user_for_reviews < 613.025
probabilities_array:[0.04819932 0.23050947 0.7212912 ]

rule47: duration > 125.674
probabilities_array:[0.01822755 0.2343894  0.74738306]

rule1: 5.700 < imdb_score < 6.449
probabilities_array:[0.         0.23875132 0.7612487 ]

rule13: 78.757 < num_critic_for_reviews < 161.693
probabilities_array:[0.         0.23511498 0.764885  ]

rule38: 11289.142 < cast_total_facebook_likes < 24913.040
probabilities_array:[0.01214914 0.20754503 0.7803058 ]

