R2: 0.15608959979668313

MAE: 35478738.15729898

MSE: 3905146070982675.0

Accuracy: 0.7298985167837627

F1: 0.7297402439024391

Confusion Matrix: [[483, 150], [196, 452]]

Uncertainties: {'class0': [0.5385728478431702, 0.5645425319671631, 0.5659752488136292, 0.6529393196105957, 0.666656494140625], 'class1': [0.5017712116241455, 0.5635964274406433, 0.6116780042648315, 0.6518738865852356, 0.6521475911140442]}

Most important rules
-----------------------------

---0---
rule49: -126281848.316 < budget < 46816052.318
probabilities_array:[0.46142712 0.         0.53857285]

rule8: num_voted_users < 1941.786
probabilities_array:[0.43545747 0.         0.56454253]

rule16: num_user_for_reviews < 60.912
probabilities_array:[0.43402472 0.         0.56597525]

rule9: 1941.786 < num_voted_users < 102478.395
probabilities_array:[0.34706065 0.         0.6529393 ]

rule51: budget > 219913952.952
probabilities_array:[0.33334348 0.         0.6666565 ]

rule3: imdb_score > 7.205
probabilities_array:[0.2876645  0.         0.71233547]

rule12: num_critic_for_reviews < 79.508
probabilities_array:[0.2873753 0.        0.7126247]

rule22: 793.930 < director_facebook_likes < 2817.652
probabilities_array:[0.24230865 0.0067267  0.75096464]

rule6: 2003.193 < title_year < 2009.757
probabilities_array:[0.23412123 0.         0.7658788 ]

rule45: 94.875 < duration < 110.042
probabilities_array:[0.22197948 0.         0.7780205 ]


---1---
rule4: title_year < 1996.628
probabilities_array:[0.         0.49822882 0.5017712 ]

rule50: 46816052.318 < budget < 219913952.952
probabilities_array:[0.         0.43640357 0.5635964 ]

rule11: num_voted_users > 203015.004
probabilities_array:[0.         0.38832197 0.611678  ]

rule30: 1989.339 < actor_2_facebook_likes < 5206.224
probabilities_array:[0.        0.3481261 0.6518739]

rule10: 102478.395 < num_voted_users < 203015.004
probabilities_array:[0.         0.34785244 0.6521476 ]

rule15: num_critic_for_reviews > 246.996
probabilities_array:[0.         0.33353686 0.66646314]

rule1: 5.704 < imdb_score < 6.455
probabilities_array:[0.         0.31973734 0.6802626 ]

rule18: 325.083 < num_user_for_reviews < 589.253
probabilities_array:[4.2180231e-04 2.9303157e-01 7.0654655e-01]

rule19: num_user_for_reviews > 589.253
probabilities_array:[0.         0.29313442 0.7068656 ]

rule35: actor_3_facebook_likes > 1973.547
probabilities_array:[0.         0.27672872 0.72327125]

rule43: movie_facebook_likes > 23514.060
probabilities_array:[0.         0.26249343 0.73750657]

rule47: duration > 125.209
probabilities_array:[0.         0.24059467 0.7594053 ]

rule14: 163.252 < num_critic_for_reviews < 246.996
probabilities_array:[0.0152626  0.23076293 0.7539745 ]

rule13: 79.508 < num_critic_for_reviews < 163.252
probabilities_array:[0.         0.23320727 0.7667927 ]

rule46: 110.042 < duration < 125.209
probabilities_array:[0.02039633 0.21500501 0.76459867]

rule39: cast_total_facebook_likes > 25654.019
probabilities_array:[0.00198816 0.22291635 0.77509546]

rule34: 739.151 < actor_3_facebook_likes < 1973.547
probabilities_array:[0.         0.2209793  0.77902067]

