R2: 0.1587943332924654

MAE: 35902258.50663544

MSE: 4224445167207162.5

Accuracy: 0.7338017174082748

F1: 0.7330932020860257

Confusion Matrix: [[503, 134], [207, 437]]

Uncertainties: {'class0': [0.5245128870010376, 0.5334662199020386, 0.5651448965072632, 0.5849920511245728, 0.5870402455329895], 'class1': [0.48231667280197144, 0.5593330264091492, 0.5736358165740967, 0.596192479133606, 0.6078231930732727]}

Most important rules
-----------------------------

---0---
rule8: num_voted_users < 3872.133
probabilities_array:[0.47548714 0.         0.5245129 ]

rule16: num_user_for_reviews < 52.788
probabilities_array:[0.46653378 0.         0.5334662 ]

rule9: 3872.133 < num_voted_users < 102060.989
probabilities_array:[0.43485507 0.         0.5651449 ]

rule36: cast_total_facebook_likes < 585.054
probabilities_array:[0.41500795 0.         0.58499205]

rule6: 2003.158 < title_year < 2009.879
probabilities_array:[0.41295978 0.         0.58704025]

rule49: -122891290.787 < budget < 45713744.431
probabilities_array:[0.41259837 0.         0.5874016 ]

rule51: budget > 214318779.650
probabilities_array:[0.3083701 0.        0.6916299]

rule12: num_critic_for_reviews < 80.484
probabilities_array:[0.28826937 0.00116293 0.7105677 ]

rule45: 95.000 < duration < 109.967
probabilities_array:[0.270312 0.       0.729688]

rule7: title_year > 2009.879
probabilities_array:[0.26342267 0.         0.73657733]

rule3: imdb_score > 7.205
probabilities_array:[0.26078337 0.         0.7392166 ]


---1---
rule50: 45713744.431 < budget < 214318779.650
probabilities_array:[0.         0.5176833  0.48231667]

rule19: num_user_for_reviews > 615.028
probabilities_array:[0.         0.44066697 0.559333  ]

rule4: title_year < 1996.438
probabilities_array:[0.         0.42636418 0.5736358 ]

rule10: 102060.989 < num_voted_users < 200249.846
probabilities_array:[0.         0.40380752 0.5961925 ]

rule30: 1963.216 < actor_2_facebook_likes < 4649.328
probabilities_array:[0.         0.39217678 0.6078232 ]

rule1: 5.695 < imdb_score < 6.450
probabilities_array:[0.        0.3675241 0.6324759]

rule11: num_voted_users > 200249.846
probabilities_array:[0.         0.32520142 0.67479855]

rule37: 585.054 < cast_total_facebook_likes < 11052.976
probabilities_array:[0.         0.31953105 0.680469  ]

rule15: num_critic_for_reviews > 249.672
probabilities_array:[0.         0.31835815 0.6816419 ]

rule43: movie_facebook_likes > 23716.843
probabilities_array:[0.         0.29472098 0.705279  ]

rule14: 165.078 < num_critic_for_reviews < 249.672
probabilities_array:[0.003359  0.2598738 0.7367672]

rule13: 80.484 < num_critic_for_reviews < 165.078
probabilities_array:[0.         0.23309846 0.76690155]

rule47: duration > 124.934
probabilities_array:[0.        0.2220745 0.7779255]

rule38: 11052.976 < cast_total_facebook_likes < 21520.898
probabilities_array:[0.        0.2092303 0.7907697]

rule21: -1276.268 < director_facebook_likes < 840.716
probabilities_array:[0.         0.20249802 0.797502  ]

