R2: 0.13138402039005903

MAE: 36050086.96838407

MSE: 4446128194117306.5

Accuracy: 0.7494145199063232

F1: 0.7492164558004226

Confusion Matrix: [[498, 131], [190, 462]]

Uncertainties: {'class0': [0.5337104201316833, 0.58303302526474, 0.6163526177406311, 0.6174366474151611, 0.6275825500488281], 'class1': [0.5402459502220154, 0.5650843977928162, 0.5777575373649597, 0.6132156848907471, 0.6458882093429565]}

Most important rules
-----------------------------

---0---
rule8: num_voted_users < 2421.018
probabilities_array:[0.4662896 0.        0.5337104]

rule16: num_user_for_reviews < 57.584
probabilities_array:[0.41696694 0.         0.583033  ]

rule9: 2421.018 < num_voted_users < 102282.480
probabilities_array:[0.38364735 0.         0.6163526 ]

rule49: -40190719.800 < budget < 43718108.647
probabilities_array:[0.38256332 0.         0.61743665]

rule12: num_critic_for_reviews < 79.712
probabilities_array:[0.37241745 0.         0.62758255]

rule3: imdb_score > 7.201
probabilities_array:[0.35796925 0.         0.6420307 ]

rule6: 2003.061 < title_year < 2009.991
probabilities_array:[0.3525628 0.        0.6474372]


---1---
rule4: title_year < 1996.131
probabilities_array:[0.         0.45975402 0.54024595]

rule19: num_user_for_reviews > 596.117
probabilities_array:[0.        0.4349156 0.5650844]

rule10: 102282.480 < num_voted_users < 202143.942
probabilities_array:[0.         0.42224246 0.57775754]

rule51: budget > 127626937.095
probabilities_array:[0.         0.38678434 0.6132157 ]

rule50: 43718108.647 < budget < 127626937.095
probabilities_array:[0.         0.35411176 0.6458882 ]

rule1: 5.721 < imdb_score < 6.461
probabilities_array:[0.         0.34705797 0.652942  ]

rule35: actor_3_facebook_likes > 2009.357
probabilities_array:[0.         0.33683386 0.66316617]

rule11: num_voted_users > 202143.942
probabilities_array:[0.        0.3343686 0.6656314]

rule18: 326.851 < num_user_for_reviews < 596.117
probabilities_array:[0.         0.29809156 0.70190847]

rule15: num_critic_for_reviews > 248.045
probabilities_array:[0.         0.27772844 0.72227156]

rule30: 1955.872 < actor_2_facebook_likes < 5147.073
probabilities_array:[0.         0.24974681 0.7502532 ]

rule43: movie_facebook_likes > 23890.875
probabilities_array:[0.        0.2240176 0.7759824]

rule14: 163.878 < num_critic_for_reviews < 248.045
probabilities_array:[0.00464934 0.21447083 0.78087986]

rule31: actor_2_facebook_likes > 5147.073
probabilities_array:[0.0476009  0.19411348 0.75828564]

rule26: 7537.192 < actor_1_facebook_likes < 19181.018
probabilities_array:[0.00829906 0.20600925 0.7856917 ]

rule38: 11198.827 < cast_total_facebook_likes < 25170.384
probabilities_array:[0.04817532 0.18038872 0.771436  ]

