R2: 0.14500476570246912

MAE: 36420424.90632319

MSE: 4503207818682442.5

Accuracy: 0.747072599531616

F1: 0.7470724453978159

Confusion Matrix: [[479, 130], [194, 478]]

Uncertainties: {'class0': [0.4464553892612457, 0.5044733285903931, 0.5616870522499084, 0.5867186784744263, 0.6358003616333008], 'class1': [0.5077080726623535, 0.5196359157562256, 0.5351634621620178, 0.559810221195221, 0.6489396095275879]}

Most important rules
-----------------------------

---0---
rule51: budget > 226679064.196
probabilities_array:[0.55354464 0.         0.4464554 ]

rule8: num_voted_users < 3088.977
probabilities_array:[0.49552667 0.         0.5044733 ]

rule24: actor_1_facebook_likes < 109.392
probabilities_array:[0.43831298 0.         0.56168705]

rule49: -131997373.112 < budget < 47340845.542
probabilities_array:[0.41328135 0.         0.5867187 ]

rule3: imdb_score > 7.198
probabilities_array:[0.36419967 0.         0.63580036]

rule16: num_user_for_reviews < 58.530
probabilities_array:[0.3497533 0.        0.6502467]

rule6: 2003.126 < title_year < 2009.781
probabilities_array:[0.29710913 0.         0.7028909 ]

rule9: 3088.977 < num_voted_users < 100222.640
probabilities_array:[0.26122758 0.         0.73877245]

rule36: cast_total_facebook_likes < 1014.464
probabilities_array:[0.24446654 0.         0.75553346]


---1---
rule10: 100222.640 < num_voted_users < 197356.304
probabilities_array:[0.        0.4922919 0.5077081]

rule11: num_voted_users > 197356.304
probabilities_array:[0.         0.48036408 0.5196359 ]

rule19: num_user_for_reviews > 582.402
probabilities_array:[0.         0.46483657 0.53516346]

rule50: 47340845.542 < budget < 226679064.196
probabilities_array:[0.        0.4401898 0.5598102]

rule4: title_year < 1996.471
probabilities_array:[0.         0.35106036 0.6489396 ]

rule30: 1862.716 < actor_2_facebook_likes < 4440.732
probabilities_array:[0.         0.34530446 0.6546955 ]

rule18: 320.466 < num_user_for_reviews < 582.402
probabilities_array:[0.         0.34017152 0.6598285 ]

rule47: duration > 124.492
probabilities_array:[0.00923291 0.3272985  0.6634686 ]

rule27: actor_1_facebook_likes > 14282.306
probabilities_array:[0.        0.3132863 0.6867137]

rule14: 163.889 < num_critic_for_reviews < 248.018
probabilities_array:[4.5949285e-04 2.6983577e-01 7.2970468e-01]

rule43: movie_facebook_likes > 23995.105
probabilities_array:[0.         0.25989434 0.7401056 ]

rule37: 1014.464 < cast_total_facebook_likes < 10713.222
probabilities_array:[0.         0.23788217 0.76211786]

rule15: num_critic_for_reviews > 248.018
probabilities_array:[0.        0.2209656 0.7790344]

rule46: 109.436 < duration < 124.492
probabilities_array:[0.         0.21806367 0.78193635]

rule13: 79.760 < num_critic_for_reviews < 163.889
probabilities_array:[0.         0.21135119 0.7886488 ]

rule1: 5.718 < imdb_score < 6.458
probabilities_array:[0.         0.20996827 0.79003173]

rule26: 7195.849 < actor_1_facebook_likes < 14282.306
probabilities_array:[0.05896392 0.17800032 0.7630358 ]

