R2: 0.1414175637789058

MAE: 36373865.75019516

MSE: 4589816037546785.0

Accuracy: 0.7580015612802498

F1: 0.7574148193760263

Confusion Matrix: [[517, 126], [184, 454]]

Uncertainties: {'class0': [0.574805498123169, 0.6062713861465454, 0.6233587861061096, 0.6296149492263794, 0.6640946269035339], 'class1': [0.5158163905143738, 0.6003124713897705, 0.6274579763412476, 0.6472409963607788, 0.6554720997810364]}

Most important rules
-----------------------------

---0---
rule9: 1588.886 < num_voted_users < 103640.332
probabilities_array:[0.4251945 0.        0.5748055]

rule16: num_user_for_reviews < 55.926
probabilities_array:[0.3937286 0.        0.6062714]

rule8: num_voted_users < 1588.886
probabilities_array:[0.37664124 0.         0.6233588 ]

rule49: -130357522.178 < budget < 46480216.732
probabilities_array:[0.37038505 0.         0.62961495]

rule24: actor_1_facebook_likes < 179.375
probabilities_array:[0.33590537 0.         0.6640946 ]

rule6: 2003.011 < title_year < 2009.657
probabilities_array:[0.328496 0.       0.671504]

rule3: imdb_score > 7.203
probabilities_array:[0.32783186 0.         0.67216814]

rule51: budget > 223317955.642
probabilities_array:[0.32703832 0.         0.6729617 ]

rule12: num_critic_for_reviews < 79.841
probabilities_array:[0.27763885 0.         0.72236115]

rule45: 94.441 < duration < 109.794
probabilities_array:[0.26518714 0.01132882 0.723484  ]

rule36: cast_total_facebook_likes < 1126.148
probabilities_array:[0.2001522  0.01814231 0.78170556]

rule44: duration < 94.441
probabilities_array:[0.18925437 0.03373455 0.77701104]


---1---
rule50: 46480216.732 < budget < 223317955.642
probabilities_array:[0.        0.4841836 0.5158164]

rule4: title_year < 1996.365
probabilities_array:[0.         0.39968753 0.6003125 ]

rule10: 103640.332 < num_voted_users < 205691.779
probabilities_array:[0.         0.37254202 0.627458  ]

rule38: 10873.842 < cast_total_facebook_likes < 20621.536
probabilities_array:[0.         0.35275903 0.647241  ]

rule19: num_user_for_reviews > 593.634
probabilities_array:[0.         0.34452793 0.6554721 ]

rule18: 324.780 < num_user_for_reviews < 593.634
probabilities_array:[0.         0.34294885 0.65705115]

rule1: 5.730 < imdb_score < 6.467
probabilities_array:[0.         0.33824706 0.66175294]

rule14: 163.798 < num_critic_for_reviews < 247.755
probabilities_array:[6.0867187e-06 3.1309974e-01 6.8689418e-01]

rule30: 1847.582 < actor_2_facebook_likes < 4367.088
probabilities_array:[0.        0.3073478 0.6926522]

rule11: num_voted_users > 205691.779
probabilities_array:[0.        0.2953047 0.7046953]

rule43: movie_facebook_likes > 24390.088
probabilities_array:[0.        0.2883101 0.7116899]

rule15: num_critic_for_reviews > 247.755
probabilities_array:[0.         0.26852062 0.7314794 ]

rule23: director_facebook_likes > 2876.604
probabilities_array:[0.00189332 0.2540232  0.74408346]

rule47: duration > 125.147
probabilities_array:[0.00808399 0.24076132 0.75115466]

rule13: 79.841 < num_critic_for_reviews < 163.798
probabilities_array:[0.00496939 0.2374627  0.7575679 ]

rule37: 1126.148 < cast_total_facebook_likes < 10873.842
probabilities_array:[0.02715318 0.2088626  0.7639842 ]

rule25: 179.375 < actor_1_facebook_likes < 7333.674
probabilities_array:[0.         0.20869315 0.79130685]

rule27: actor_1_facebook_likes > 14487.974
probabilities_array:[0.         0.20687331 0.7931267 ]

