R2: 0.164590382645862

MAE: 34260303.29117876

MSE: 3826607798819860.0

Accuracy: 0.7619047619047619

F1: 0.7614156596525274

Confusion Matrix: [[517, 125], [180, 459]]

Uncertainties: {'class0': [0.5260245203971863, 0.5516809821128845, 0.5553869605064392, 0.6108993887901306, 0.704759955406189], 'class1': [0.5443084239959717, 0.548048198223114, 0.5501906275749207, 0.5869384407997131, 0.6056885123252869]}

Most important rules
-----------------------------

---0---
rule16: num_user_for_reviews < 51.142
probabilities_array:[0.47397545 0.         0.5260245 ]

rule3: imdb_score > 7.198
probabilities_array:[0.44831902 0.         0.551681  ]

rule8: num_voted_users < 3618.245
probabilities_array:[0.444613   0.         0.55538696]

rule49: -129669921.576 < budget < 47120226.206
probabilities_array:[0.3891006 0.        0.6108994]

rule6: 2002.948 < title_year < 2009.673
probabilities_array:[0.29524004 0.         0.70475996]

rule22: 779.607 < director_facebook_likes < 2801.197
probabilities_array:[0.2829113  0.01201459 0.70507413]

rule12: num_critic_for_reviews < 79.211
probabilities_array:[0.2824114 0.        0.7175886]

rule7: title_year > 2009.673
probabilities_array:[0.27906254 0.         0.7209375 ]

rule51: budget > 223910373.989
probabilities_array:[0.25062367 0.         0.7493763 ]

rule9: 3618.245 < num_voted_users < 100994.254
probabilities_array:[0.2391358 0.        0.7608642]


---1---
rule50: 47120226.206 < budget < 223910373.989
probabilities_array:[0.        0.4556916 0.5443084]

rule10: 100994.254 < num_voted_users < 198370.263
probabilities_array:[0.         0.45195177 0.5480482 ]

rule4: title_year < 1996.223
probabilities_array:[0.        0.4498094 0.5501906]

rule11: num_voted_users > 198370.263
probabilities_array:[0.         0.4130616  0.58693844]

rule19: num_user_for_reviews > 605.642
probabilities_array:[0.        0.3943115 0.6056885]

rule30: 1913.623 < actor_2_facebook_likes < 5036.927
probabilities_array:[0.         0.34989566 0.65010434]

rule15: num_critic_for_reviews > 245.889
probabilities_array:[0.         0.33279127 0.66720873]

rule43: movie_facebook_likes > 23503.661
probabilities_array:[0.00216805 0.3298723  0.66795963]

rule14: 162.550 < num_critic_for_reviews < 245.889
probabilities_array:[0.         0.32737482 0.6726252 ]

rule47: duration > 124.914
probabilities_array:[0.00462025 0.28341946 0.7119603 ]

rule34: 738.998 < actor_3_facebook_likes < 1964.496
probabilities_array:[0.         0.2655414  0.73445857]

rule13: 79.211 < num_critic_for_reviews < 162.550
probabilities_array:[0.         0.24172923 0.7582708 ]

rule35: actor_3_facebook_likes > 1964.496
probabilities_array:[0.00211587 0.2341284  0.76375574]

rule1: 5.736 < imdb_score < 6.467
probabilities_array:[0.         0.20116495 0.79883504]

