R2: 0.18799473703832503

MAE: 34042716.81186573

MSE: 3637359799487843.5

Accuracy: 0.7548790007806401

F1: 0.7543219076005963

Confusion Matrix: [[514, 116], [198, 453]]

Uncertainties: {'class0': [0.4697246849536896, 0.5271965265274048, 0.5927966833114624, 0.6222484111785889, 0.6379761099815369], 'class1': [0.560460090637207, 0.6107121706008911, 0.622501015663147, 0.6232174634933472, 0.6343861818313599]}

Most important rules
-----------------------------

---0---
rule16: num_user_for_reviews < 50.759
probabilities_array:[0.5302753  0.         0.46972468]

rule8: num_voted_users < 1146.490
probabilities_array:[0.47280347 0.         0.5271965 ]

rule49: -128634951.823 < budget < 47985508.460
probabilities_array:[0.40720335 0.         0.5927967 ]

rule9: 1146.490 < num_voted_users < 101936.089
probabilities_array:[0.37775156 0.         0.6222484 ]

rule51: budget > 224605968.743
probabilities_array:[0.3620239 0.        0.6379761]

rule22: 858.132 < director_facebook_likes < 3005.230
probabilities_array:[0.29950404 0.01435818 0.6861378 ]

rule6: 2003.088 < title_year < 2009.599
probabilities_array:[0.30308232 0.         0.6969177 ]

rule12: num_critic_for_reviews < 78.948
probabilities_array:[0.26240042 0.         0.73759955]

rule3: imdb_score > 7.201
probabilities_array:[0.22209482 0.         0.77790517]


---1---
rule50: 47985508.460 < budget < 224605968.743
probabilities_array:[0.         0.43953994 0.5604601 ]

rule10: 101936.089 < num_voted_users < 202725.687
probabilities_array:[0.         0.38928783 0.6107122 ]

rule19: num_user_for_reviews > 604.340
probabilities_array:[0.         0.37749895 0.622501  ]

rule4: title_year < 1996.576
probabilities_array:[0.         0.3767825  0.62321746]

rule1: 5.723 < imdb_score < 6.462
probabilities_array:[0.         0.36561385 0.6343862 ]

rule15: num_critic_for_reviews > 245.549
probabilities_array:[0.         0.3021486  0.69785136]

rule11: num_voted_users > 202725.687
probabilities_array:[0.         0.27683392 0.7231661 ]

rule0: imdb_score < 5.723
probabilities_array:[0.        0.2676546 0.7323454]

rule43: movie_facebook_likes > 23137.961
probabilities_array:[0.         0.23325087 0.76674914]

rule35: actor_3_facebook_likes > 2073.844
probabilities_array:[0.         0.22836776 0.77163225]

rule14: 162.249 < num_critic_for_reviews < 245.549
probabilities_array:[0.         0.22440203 0.775598  ]

rule13: 78.948 < num_critic_for_reviews < 162.249
probabilities_array:[0.         0.22387238 0.77612764]

rule18: 327.550 < num_user_for_reviews < 604.340
probabilities_array:[0.01564449 0.20392443 0.78043103]

rule23: director_facebook_likes > 3005.230
probabilities_array:[0.01027967 0.20402451 0.7856958 ]

rule31: actor_2_facebook_likes > 5212.853
probabilities_array:[0.         0.20512772 0.7948723 ]

