R2: 0.1566689803198279

MAE: 35441758.85128806

MSE: 4436123436694611.0

Accuracy: 0.7548790007806401

F1: 0.7536357400102899

Confusion Matrix: [[529, 146], [168, 438]]

Uncertainties: {'class0': [0.5468541383743286, 0.5708469748497009, 0.5879883170127869, 0.6222422122955322, 0.6619234681129456], 'class1': [0.5402721166610718, 0.5566294193267822, 0.5966789722442627, 0.6024191975593567, 0.6510809659957886]}

Most important rules
-----------------------------

---0---
rule8: num_voted_users < 3901.791
probabilities_array:[0.45314586 0.         0.54685414]

rule51: budget > 231058298.448
probabilities_array:[0.42915305 0.         0.570847  ]

rule16: num_user_for_reviews < 59.348
probabilities_array:[0.41201168 0.         0.5879883 ]

rule49: -133189981.390 < budget < 48934158.529
probabilities_array:[0.3777578 0.        0.6222422]

rule9: 3901.791 < num_voted_users < 103330.307
probabilities_array:[0.3380765  0.         0.66192347]

rule3: imdb_score > 7.215
probabilities_array:[0.3133745  0.         0.68662554]

rule24: actor_1_facebook_likes < 277.515
probabilities_array:[0.30934215 0.         0.69065785]

rule12: num_critic_for_reviews < 80.208
probabilities_array:[0.2835865 0.        0.7164135]

rule6: 2003.084 < title_year < 2009.859
probabilities_array:[0.28119355 0.         0.71880645]

rule36: cast_total_facebook_likes < 1177.843
probabilities_array:[0.2244657  0.01953086 0.7560034 ]


---1---
rule50: 48934158.529 < budget < 231058298.448
probabilities_array:[0.         0.45972788 0.5402721 ]

rule4: title_year < 1996.308
probabilities_array:[0.        0.4433706 0.5566294]

rule11: num_voted_users > 202758.822
probabilities_array:[0.         0.40332106 0.596679  ]

rule30: 1939.005 < actor_2_facebook_likes < 4563.351
probabilities_array:[0.        0.3975808 0.6024192]

rule19: num_user_for_reviews > 596.790
probabilities_array:[0.         0.348919   0.65108097]

rule15: num_critic_for_reviews > 248.041
probabilities_array:[0.        0.3405165 0.6594835]

rule1: 5.745 < imdb_score < 6.480
probabilities_array:[0.        0.3379813 0.6620187]

rule10: 103330.307 < num_voted_users < 202758.822
probabilities_array:[0.        0.3245712 0.6754288]

rule14: 164.124 < num_critic_for_reviews < 248.041
probabilities_array:[0.00678111 0.2675782  0.7256407 ]

rule47: duration > 125.877
probabilities_array:[0.         0.26382172 0.7361783 ]

rule13: 80.208 < num_critic_for_reviews < 164.124
probabilities_array:[0.         0.22805077 0.77194923]

rule46: 110.146 < duration < 125.877
probabilities_array:[0.00236479 0.21870594 0.7789293 ]

rule18: 328.069 < num_user_for_reviews < 596.790
probabilities_array:[0.02436811 0.2031943  0.77243763]

