R2: 0.1701304256533921

MAE: 35210596.54957065

MSE: 4311759798981944.5

Accuracy: 0.7548790007806401

F1: 0.7538456077822764

Confusion Matrix: [[525, 129], [185, 442]]

Uncertainties: {'class0': [0.4742736518383026, 0.5421708822250366, 0.5583215355873108, 0.5713387131690979, 0.580066978931427], 'class1': [0.515317976474762, 0.5183430910110474, 0.5798822641372681, 0.6195499300956726, 0.6452338099479675]}

Most important rules
-----------------------------

---0---
rule51: budget > 227841148.528
probabilities_array:[0.5257264  0.         0.47427365]

rule3: imdb_score > 7.212
probabilities_array:[0.45782915 0.         0.5421709 ]

rule16: num_user_for_reviews < 53.561
probabilities_array:[0.44167846 0.         0.55832154]

rule8: num_voted_users < 151.351
probabilities_array:[0.4286613 0.        0.5713387]

rule49: -132267486.886 < budget < 47786830.821
probabilities_array:[0.41993305 0.         0.580067  ]

rule6: 2003.097 < title_year < 2009.868
probabilities_array:[0.3838458 0.        0.6161542]

rule9: 151.351 < num_voted_users < 104686.634
probabilities_array:[0.36311916 0.         0.6368809 ]

rule12: num_critic_for_reviews < 81.554
probabilities_array:[0.3410721  0.         0.65892786]


---1---
rule50: 47786830.821 < budget < 227841148.528
probabilities_array:[0.         0.48468202 0.515318  ]

rule11: num_voted_users > 209221.918
probabilities_array:[0.         0.48165688 0.5183431 ]

rule4: title_year < 1996.325
probabilities_array:[0.         0.4201177  0.57988226]

rule19: num_user_for_reviews > 599.393
probabilities_array:[0.         0.3804501  0.61954993]

rule10: 104686.634 < num_voted_users < 209221.918
probabilities_array:[0.         0.35476622 0.6452338 ]

rule15: num_critic_for_reviews > 246.501
probabilities_array:[0.         0.34136432 0.6586357 ]

rule18: 326.477 < num_user_for_reviews < 599.393
probabilities_array:[0.         0.28038216 0.71961784]

rule43: movie_facebook_likes > 23000.200
probabilities_array:[0.         0.26024258 0.7397574 ]

rule47: duration > 125.199
probabilities_array:[0.0093522  0.25171298 0.7389348 ]

rule23: director_facebook_likes > 2886.779
probabilities_array:[0.         0.24700682 0.75299317]

rule1: 5.687 < imdb_score < 6.450
probabilities_array:[0.         0.23469779 0.76530224]

rule30: 1997.811 < actor_2_facebook_likes < 5175.056
probabilities_array:[0.         0.23122813 0.7687719 ]

rule14: 164.027 < num_critic_for_reviews < 246.501
probabilities_array:[0.       0.231046 0.768954]

rule35: actor_3_facebook_likes > 1974.051
probabilities_array:[0.02903101 0.20062344 0.7703455 ]

rule34: 750.777 < actor_3_facebook_likes < 1974.051
probabilities_array:[0.         0.20598726 0.7940127 ]

rule31: actor_2_facebook_likes > 5175.056
probabilities_array:[0.         0.20388201 0.796118  ]

