R2: 0.164642312027524

MAE: 36482048.21857923

MSE: 4382422784937097.5

Accuracy: 0.7517564402810304

F1: 0.7504410921441489

Confusion Matrix: [[528, 146], [172, 435]]

Uncertainties: {'class0': [0.5565170049667358, 0.5828638076782227, 0.6011311411857605, 0.6332777738571167, 0.6843315362930298], 'class1': [0.5475947856903076, 0.5541520714759827, 0.5919338464736938, 0.5993471741676331, 0.6301455497741699]}

Most important rules
-----------------------------

---0---
rule16: num_user_for_reviews < 52.988
probabilities_array:[0.443483 0.       0.556517]

rule3: imdb_score > 7.202
probabilities_array:[0.4171362 0.        0.5828638]

rule9: 1056.774 < num_voted_users < 103579.975
probabilities_array:[0.39886883 0.         0.60113114]

rule8: num_voted_users < 1056.774
probabilities_array:[0.3667222 0.        0.6332778]

rule49: -25613964.331 < budget < 41804954.824
probabilities_array:[0.3156685  0.         0.68433154]

rule45: 94.580 < duration < 109.823
probabilities_array:[0.20948519 0.00464906 0.7858657 ]

rule12: num_critic_for_reviews < 78.920
probabilities_array:[0.20744275 0.         0.79255724]

rule6: 2002.968 < title_year < 2009.807
probabilities_array:[0.20115633 0.         0.7988437 ]


---1---
rule50: 41804954.824 < budget < 109223873.979
probabilities_array:[0.         0.45240524 0.5475948 ]

rule11: num_voted_users > 206103.177
probabilities_array:[0.         0.44584796 0.5541521 ]

rule10: 103579.975 < num_voted_users < 206103.177
probabilities_array:[0.         0.40806615 0.59193385]

rule19: num_user_for_reviews > 598.790
probabilities_array:[0.         0.40065286 0.5993472 ]

rule4: title_year < 1996.129
probabilities_array:[0.         0.36985445 0.63014555]

rule30: 1969.936 < actor_2_facebook_likes < 4612.676
probabilities_array:[0.         0.36765847 0.63234156]

rule51: budget > 109223873.979
probabilities_array:[0.        0.3460666 0.6539334]

rule15: num_critic_for_reviews > 249.145
probabilities_array:[0.        0.3344671 0.6655329]

rule14: 164.032 < num_critic_for_reviews < 249.145
probabilities_array:[0.        0.3252267 0.6747733]

rule13: 78.920 < num_critic_for_reviews < 164.032
probabilities_array:[0.         0.29264784 0.70735216]

rule18: 325.889 < num_user_for_reviews < 598.790
probabilities_array:[0.         0.28092226 0.71907777]

rule23: director_facebook_likes > 2803.025
probabilities_array:[0.       0.266906 0.733094]

rule47: duration > 125.066
probabilities_array:[0.01266366 0.24156108 0.7457752 ]

rule43: movie_facebook_likes > 23752.220
probabilities_array:[0.         0.22372413 0.7762759 ]

