R2: 0.1583186808519519

MAE: 35598304.57220921

MSE: 4226149905266896.0

Accuracy: 0.7650273224043715

F1: 0.7646090308874298

Confusion Matrix: [[517, 110], [191, 463]]

Uncertainties: {'class0': [0.5168230533599854, 0.5354294776916504, 0.5487125515937805, 0.6684479713439941, 0.7026199698448181], 'class1': [0.5669451951980591, 0.5932717323303223, 0.5985531210899353, 0.6576002240180969, 0.6597228050231934]}

Most important rules
-----------------------------

---0---
rule16: num_user_for_reviews < 45.644
probabilities_array:[0.48317695 0.         0.51682305]

rule9: -1785.774 < num_voted_users < 103742.086
probabilities_array:[0.46457052 0.         0.5354295 ]

rule49: -132103683.333 < budget < 46434647.992
probabilities_array:[0.45128745 0.         0.54871255]

rule51: budget > 224972979.317
probabilities_array:[0.33155203 0.         0.668448  ]

rule22: 807.259 < director_facebook_likes < 2891.568
probabilities_array:[2.9698083e-01 3.9919396e-04 7.0261997e-01]

rule6: 2002.974 < title_year < 2009.870
probabilities_array:[0.29507154 0.         0.70492846]

rule3: imdb_score > 7.205
probabilities_array:[0.28245226 0.         0.7175477 ]

rule41: -5122.269 < movie_facebook_likes < 9067.722
probabilities_array:[0.1937716  0.05403392 0.7521945 ]

rule12: num_critic_for_reviews < 79.341
probabilities_array:[0.2171923 0.        0.7828077]


---1---
rule4: title_year < 1996.078
probabilities_array:[0.         0.43305477 0.5669452 ]

rule50: 46434647.992 < budget < 224972979.317
probabilities_array:[0.         0.40672824 0.59327173]

rule10: 103742.086 < num_voted_users < 209269.946
probabilities_array:[0.         0.40144688 0.5985531 ]

rule1: 5.727 < imdb_score < 6.466
probabilities_array:[0.        0.3423998 0.6576002]

rule13: 79.341 < num_critic_for_reviews < 162.661
probabilities_array:[0.        0.3402772 0.6597228]

rule29: -1192.591 < actor_2_facebook_likes < 2018.395
probabilities_array:[0.         0.33742794 0.6625721 ]

rule15: num_critic_for_reviews > 245.981
probabilities_array:[0.         0.30820766 0.6917923 ]

rule47: duration > 125.874
probabilities_array:[0.01096507 0.29174954 0.69728535]

rule19: num_user_for_reviews > 620.142
probabilities_array:[0.         0.29694495 0.7030551 ]

rule11: num_voted_users > 209269.946
probabilities_array:[0.         0.27188152 0.7281185 ]

rule14: 162.661 < num_critic_for_reviews < 245.981
probabilities_array:[0.         0.25825918 0.7417408 ]

rule35: actor_3_facebook_likes > 1936.313
probabilities_array:[0.         0.25207663 0.7479234 ]

rule30: 2018.395 < actor_2_facebook_likes < 5229.381
probabilities_array:[0.01288009 0.23176433 0.7553556 ]

rule46: 110.306 < duration < 125.874
probabilities_array:[0.         0.21795768 0.7820423 ]

rule23: director_facebook_likes > 2891.568
probabilities_array:[0.         0.20641859 0.7935814 ]

