R2: 0.15750693912255653

MAE: 35086166.16237315

MSE: 3917302848520603.5

Accuracy: 0.7501951600312255

F1: 0.7496995808786894

Confusion Matrix: [[509, 127], [193, 452]]

Uncertainties: {'class0': [0.47980859875679016, 0.5373297333717346, 0.5509836077690125, 0.6206269264221191, 0.659395158290863], 'class1': [0.5686590671539307, 0.6182856559753418, 0.6442544460296631, 0.6601370573043823, 0.6660258173942566]}

Most important rules
-----------------------------

---0---
rule8: num_voted_users < 2962.675
probabilities_array:[0.5201914 0.        0.4798086]

rule16: num_user_for_reviews < 53.678
probabilities_array:[0.4626703  0.         0.53732973]

rule49: -35825384.741 < budget < 42580885.963
probabilities_array:[0.4490164 0.        0.5509836]

rule9: 2962.675 < num_voted_users < 103367.605
probabilities_array:[0.3793731 0.        0.6206269]

rule6: 2003.093 < title_year < 2009.790
probabilities_array:[0.34060484 0.         0.65939516]

rule12: num_critic_for_reviews < 81.320
probabilities_array:[0.30677906 0.00543456 0.6877864 ]

rule45: 94.591 < duration < 109.976
probabilities_array:[0.25618368 0.02448751 0.71932876]

rule3: imdb_score > 7.212
probabilities_array:[0.2316956 0.        0.7683044]


---1---
rule4: title_year < 1996.395
probabilities_array:[0.         0.4313409  0.56865907]

rule51: budget > 120987156.667
probabilities_array:[0.         0.38171434 0.61828566]

rule11: num_voted_users > 203772.534
probabilities_array:[0.         0.35574555 0.64425445]

rule10: 103367.605 < num_voted_users < 203772.534
probabilities_array:[0.         0.33986294 0.66013706]

rule50: 42580885.963 < budget < 120987156.667
probabilities_array:[0.         0.33397418 0.6660258 ]

rule1: 5.735 < imdb_score < 6.474
probabilities_array:[0.         0.30792543 0.6920746 ]

rule15: num_critic_for_reviews > 249.476
probabilities_array:[0.         0.30771562 0.6922844 ]

rule30: 1879.457 < actor_2_facebook_likes < 4447.498
probabilities_array:[0.         0.29939374 0.7006062 ]

rule19: num_user_for_reviews > 602.380
probabilities_array:[0.         0.28857973 0.71142024]

rule18: 328.029 < num_user_for_reviews < 602.380
probabilities_array:[0.00084986 0.26761618 0.7315339 ]

rule26: 7518.994 < actor_1_facebook_likes < 18864.905
probabilities_array:[1.6064799e-04 2.2791010e-01 7.7192926e-01]

rule21: -1223.663 < director_facebook_likes < 781.413
probabilities_array:[0.         0.21241935 0.78758067]

rule14: 165.398 < num_critic_for_reviews < 249.476
probabilities_array:[0.00243189 0.20532635 0.7922418 ]

rule35: actor_3_facebook_likes > 1988.378
probabilities_array:[2.4019275e-04 2.0271872e-01 7.9704112e-01]

rule34: 752.167 < actor_3_facebook_likes < 1988.378
probabilities_array:[0.       0.202661 0.797339]

rule13: 81.320 < num_critic_for_reviews < 165.398
probabilities_array:[0.         0.20020929 0.79979074]

