R2: 0.177442240167633

MAE: 35471723.044496484

MSE: 4113696374581754.0

Accuracy: 0.7681498829039812

F1: 0.7676401233448213

Confusion Matrix: [[522, 117], [180, 462]]

Uncertainties: {'class0': [0.49307486414909363, 0.5569381713867188, 0.5878141522407532, 0.7581121325492859], 'class1': [0.5071211457252502, 0.6351256966590881, 0.6813364028930664, 0.683914065361023, 0.6963245868682861]}

Most important rules
-----------------------------

---0---
rule49: -29879743.768 < budget < 41769223.011
probabilities_array:[0.5069251  0.         0.49307486]

rule9: -1528.118 < num_voted_users < 104504.043
probabilities_array:[0.44306186 0.         0.5569382 ]

rule16: num_user_for_reviews < 47.383
probabilities_array:[0.41218588 0.         0.58781415]

rule12: num_critic_for_reviews < 79.997
probabilities_array:[0.24188785 0.         0.75811213]


---1---
rule4: title_year < 1996.205
probabilities_array:[0.         0.49287882 0.50712115]

rule50: 41769223.011 < budget < 113418189.790
probabilities_array:[0.         0.36487427 0.6351257 ]

rule10: 104504.043 < num_voted_users < 210536.204
probabilities_array:[0.        0.3186636 0.6813364]

rule1: 5.723 < imdb_score < 6.456
probabilities_array:[0.         0.31608593 0.68391407]

rule19: num_user_for_reviews > 620.649
probabilities_array:[0.        0.3036754 0.6963246]

rule51: budget > 113418189.790
probabilities_array:[0.         0.2937347  0.70626533]

rule14: 164.170 < num_critic_for_reviews < 248.344
probabilities_array:[0.         0.27014148 0.7298585 ]

rule43: movie_facebook_likes > 23230.772
probabilities_array:[0.         0.25089815 0.7491019 ]

rule11: num_voted_users > 210536.204
probabilities_array:[0.        0.2412835 0.7587165]

rule13: 79.997 < num_critic_for_reviews < 164.170
probabilities_array:[0.0053405  0.2190208  0.77563864]

rule15: num_critic_for_reviews > 248.344
probabilities_array:[0.         0.21853851 0.7814615 ]

rule0: imdb_score < 5.723
probabilities_array:[0.         0.21128815 0.78871185]

rule35: actor_3_facebook_likes > 2084.842
probabilities_array:[0.         0.20340997 0.79659003]

rule5: 1996.205 < title_year < 2003.031
probabilities_array:[0.03077995 0.18567991 0.7835401 ]

