R2: 0.1852219030014971

MAE: 34141727.04293521

MSE: 3562431820549651.0

Accuracy: 0.750975800156128

F1: 0.7493868659605276

Confusion Matrix: [[532, 133], [186, 430]]

Uncertainties: {'class0': [0.5712886452674866, 0.5952892303466797, 0.5969248414039612, 0.5984185338020325, 0.6333587765693665], 'class1': [0.5484299659729004, 0.5619217157363892, 0.5717548727989197, 0.6290255784988403, 0.6293500065803528]}

Most important rules
-----------------------------

---0---
rule9: 180.488 < num_voted_users < 106251.455
probabilities_array:[0.42871135 0.         0.57128865]

rule49: -129268623.384 < budget < 46754858.862
probabilities_array:[0.40471074 0.         0.59528923]

rule8: num_voted_users < 180.488
probabilities_array:[0.40307516 0.         0.59692484]

rule16: num_user_for_reviews < 53.560
probabilities_array:[0.40158147 0.         0.59841853]

rule22: 796.970 < director_facebook_likes < 2882.711
probabilities_array:[0.36664122 0.         0.6333588 ]

rule3: imdb_score > 7.216
probabilities_array:[0.29962933 0.         0.70037067]

rule6: 2003.233 < title_year < 2009.905
probabilities_array:[0.23950176 0.         0.7604982 ]

rule51: budget > 222778341.108
probabilities_array:[0.21223003 0.         0.78777   ]

rule12: num_critic_for_reviews < 80.655
probabilities_array:[0.20575768 0.         0.7942423 ]


---1---
rule50: 46754858.862 < budget < 222778341.108
probabilities_array:[0.         0.45157003 0.54842997]

rule4: title_year < 1996.562
probabilities_array:[0.         0.43807828 0.5619217 ]

rule19: num_user_for_reviews > 619.212
probabilities_array:[0.         0.42824513 0.5717549 ]

rule10: 106251.455 < num_voted_users < 212322.423
probabilities_array:[0.         0.37097442 0.6290256 ]

rule11: num_voted_users > 212322.423
probabilities_array:[0.         0.37065002 0.62935   ]

rule30: 1950.502 < actor_2_facebook_likes < 5081.407
probabilities_array:[0.         0.35030174 0.64969826]

rule1: 5.740 < imdb_score < 6.478
probabilities_array:[0.         0.34983397 0.65016603]

rule18: 336.386 < num_user_for_reviews < 619.212
probabilities_array:[0.         0.33024126 0.66975874]

rule14: 165.809 < num_critic_for_reviews < 250.962
probabilities_array:[0.00506664 0.29431114 0.7006222 ]

rule13: 80.655 < num_critic_for_reviews < 165.809
probabilities_array:[0.00791139 0.25236386 0.7397248 ]

rule35: actor_3_facebook_likes > 1986.029
probabilities_array:[0.00643149 0.2486043  0.7449642 ]

rule26: 7749.222 < actor_1_facebook_likes < 19412.299
probabilities_array:[0.         0.22983138 0.7701686 ]

rule15: num_critic_for_reviews > 250.962
probabilities_array:[0.         0.22893819 0.77106184]

rule46: 110.027 < duration < 125.636
probabilities_array:[0.01949858 0.215816   0.7646854 ]

rule43: movie_facebook_likes > 24775.588
probabilities_array:[0.         0.21723637 0.78276366]

rule0: imdb_score < 5.740
probabilities_array:[0.         0.21077639 0.7892236 ]

rule47: duration > 125.636
probabilities_array:[0.         0.21064982 0.7893502 ]

rule23: director_facebook_likes > 2882.711
probabilities_array:[0.0082042  0.20112605 0.79066974]

