R2: 0.1847695792026649

MAE: 33598657.9164715

MSE: 3715609825448937.5

Accuracy: 0.7611241217798594

F1: 0.7598030805129614

Confusion Matrix: [[535, 132], [174, 440]]

Uncertainties: {'class0': [0.5515074133872986, 0.5921944975852966, 0.609757661819458, 0.6583117246627808, 0.679468035697937], 'class1': [0.5268791913986206, 0.5864988565444946, 0.5879803895950317, 0.5904614329338074, 0.6490535140037537]}

Most important rules
-----------------------------

---0---
rule8: num_voted_users < 4437.802
probabilities_array:[0.44849256 0.         0.5515074 ]

rule16: num_user_for_reviews < 55.134
probabilities_array:[0.4078055 0.        0.5921945]

rule49: -40108758.446 < budget < 44845013.457
probabilities_array:[0.3902423  0.         0.60975766]

rule3: imdb_score > 7.211
probabilities_array:[0.34168825 0.         0.6583117 ]

rule9: 4437.802 < num_voted_users < 103375.129
probabilities_array:[0.32053196 0.         0.67946804]

rule12: num_critic_for_reviews < 80.385
probabilities_array:[0.28985584 0.         0.71014416]

rule45: 95.008 < duration < 110.139
probabilities_array:[0.24587478 0.00445204 0.74967325]


---1---
rule50: 44845013.457 < budget < 129798785.360
probabilities_array:[0.         0.47312078 0.5268792 ]

rule11: num_voted_users > 202312.455
probabilities_array:[0.         0.41350114 0.58649886]

rule10: 103375.129 < num_voted_users < 202312.455
probabilities_array:[0.         0.41201964 0.5879804 ]

rule4: title_year < 1996.549
probabilities_array:[0.         0.40953857 0.59046143]

rule19: num_user_for_reviews > 604.884
probabilities_array:[0.         0.35094652 0.6490535 ]

rule51: budget > 129798785.360
probabilities_array:[0.         0.3410981  0.65890193]

rule43: movie_facebook_likes > 24121.283
probabilities_array:[0.00233883 0.30049533 0.6971659 ]

rule14: 165.115 < num_critic_for_reviews < 249.846
probabilities_array:[0.         0.24875864 0.7512414 ]

rule42: 9425.692 < movie_facebook_likes < 24121.283
probabilities_array:[0.04612175 0.21905918 0.734819  ]

rule18: 330.009 < num_user_for_reviews < 604.884
probabilities_array:[0.         0.23474562 0.7652544 ]

rule35: actor_3_facebook_likes > 2097.039
probabilities_array:[4.6167625e-04 2.3010103e-01 7.6943731e-01]

rule1: 5.707 < imdb_score < 6.459
probabilities_array:[0.         0.22827788 0.77172214]

rule15: num_critic_for_reviews > 249.846
probabilities_array:[0.         0.21667068 0.7833293 ]

rule31: actor_2_facebook_likes > 5240.091
probabilities_array:[0.         0.21350963 0.7864904 ]

rule22: 842.659 < director_facebook_likes < 2970.186
probabilities_array:[0.07981626 0.17119114 0.74899256]

rule13: 80.385 < num_critic_for_reviews < 165.115
probabilities_array:[0.00610055 0.20153925 0.7923602 ]

rule23: director_facebook_likes > 2970.186
probabilities_array:[0.         0.20115933 0.7988407 ]

