R2: 0.133767372588949

MAE: 37458282.80405933

MSE: 4678526622910908.0

Accuracy: 0.7478532396565184

F1: 0.7477647015792024

Confusion Matrix: [[491, 142], [181, 467]]

Uncertainties: {'class0': [0.6196880340576172, 0.6579877734184265, 0.6829911470413208, 0.6978135108947754, 0.724632203578949], 'class1': [0.5210521817207336, 0.5587689876556396, 0.6257362365722656, 0.629225492477417, 0.6460980772972107]}

Most important rules
-----------------------------

---0---
rule16: num_user_for_reviews < 54.519
probabilities_array:[0.38031197 0.         0.61968803]

rule49: -9201388.896 < budget < 40400646.570
probabilities_array:[0.3420122 0.        0.6579878]

rule9: -482.588 < num_voted_users < 99872.618
probabilities_array:[0.31700885 0.         0.68299115]

rule3: imdb_score > 7.186
probabilities_array:[0.3021865 0.        0.6978135]

rule12: num_critic_for_reviews < 79.519
probabilities_array:[0.27536777 0.         0.7246322 ]

rule6: 2003.045 < title_year < 2009.677
probabilities_array:[0.21931008 0.         0.7806899 ]


---1---
rule50: 40400646.570 < budget < 90002682.035
probabilities_array:[0.         0.47894782 0.5210522 ]

rule4: title_year < 1996.414
probabilities_array:[0.       0.441231 0.558769]

rule11: num_voted_users > 200227.825
probabilities_array:[0.         0.3742638  0.62573624]

rule51: budget > 90002682.035
probabilities_array:[0.        0.3707745 0.6292255]

rule10: 99872.618 < num_voted_users < 200227.825
probabilities_array:[0.         0.35390192 0.6460981 ]

rule14: 161.822 < num_critic_for_reviews < 244.126
probabilities_array:[0.         0.32836828 0.6716317 ]

rule47: duration > 125.175
probabilities_array:[0.00259195 0.31919128 0.67821676]

rule1: 5.701 < imdb_score < 6.443
probabilities_array:[0.         0.31148538 0.68851465]

rule19: num_user_for_reviews > 582.802
probabilities_array:[0.         0.29988986 0.70011014]

rule18: 318.660 < num_user_for_reviews < 582.802
probabilities_array:[0.         0.29432696 0.70567304]

rule15: num_critic_for_reviews > 244.126
probabilities_array:[0.         0.25890628 0.7410937 ]

rule43: movie_facebook_likes > 23208.037
probabilities_array:[0.         0.25452435 0.74547565]

rule31: actor_2_facebook_likes > 4467.178
probabilities_array:[0.02016976 0.22531436 0.7545158 ]

rule13: 79.519 < num_critic_for_reviews < 161.822
probabilities_array:[0.         0.21573354 0.7842665 ]

rule35: actor_3_facebook_likes > 1991.764
probabilities_array:[0.         0.20035031 0.79964966]

