R2: 0.17566241143835115

MAE: 34596745.414519906

MSE: 3716082904501586.0

Accuracy: 0.7423887587822015

F1: 0.7423873458821464

Confusion Matrix: [[474, 145], [185, 477]]

Uncertainties: {'class0': [0.5718553066253662, 0.5750805735588074, 0.5957226753234863, 0.6458398699760437, 0.6655192375183105], 'class1': [0.4977462887763977, 0.5167415738105774, 0.5272322297096252, 0.6274184584617615, 0.6570906639099121]}

Most important rules
-----------------------------

---0---
rule9: -1194.465 < num_voted_users < 103999.068
probabilities_array:[0.42814466 0.         0.5718553 ]

rule16: num_user_for_reviews < 45.035
probabilities_array:[0.42491943 0.         0.5750806 ]

rule49: -35611831.268 < budget < 42407898.022
probabilities_array:[0.40427735 0.         0.5957227 ]

rule3: imdb_score > 7.218
probabilities_array:[0.35416013 0.         0.64583987]

rule12: num_critic_for_reviews < 80.302
probabilities_array:[0.33448076 0.         0.66551924]

rule6: 2003.123 < title_year < 2009.740
probabilities_array:[0.32690263 0.         0.6730974 ]

rule7: title_year > 2009.740
probabilities_array:[0.2065945 0.        0.7934055]

rule33: -531.581 < actor_3_facebook_likes < 761.197
probabilities_array:[0.19023113 0.02179732 0.78797156]


---1---
rule4: title_year < 1996.507
probabilities_array:[0.        0.5022537 0.4977463]

rule19: num_user_for_reviews > 608.680
probabilities_array:[0.         0.48325843 0.5167416 ]

rule50: 42407898.022 < budget < 120427627.312
probabilities_array:[0.        0.4727678 0.5272322]

rule10: 103999.068 < num_voted_users < 209192.601
probabilities_array:[0.         0.37258154 0.62741846]

rule51: budget > 120427627.312
probabilities_array:[0.         0.34290937 0.65709066]

rule11: num_voted_users > 209192.601
probabilities_array:[0.        0.3357563 0.6642437]

rule30: 1974.399 < actor_2_facebook_likes < 4641.733
probabilities_array:[0.         0.32680762 0.6731924 ]

rule18: 326.857 < num_user_for_reviews < 608.680
probabilities_array:[0.         0.30562252 0.6943775 ]

rule23: director_facebook_likes > 2814.093
probabilities_array:[0.         0.2979729  0.70202714]

rule21: -1250.555 < director_facebook_likes < 781.769
probabilities_array:[0.00328816 0.2791667  0.71754515]

rule14: 162.592 < num_critic_for_reviews < 244.882
probabilities_array:[0.         0.27421966 0.72578037]

rule15: num_critic_for_reviews > 244.882
probabilities_array:[0.         0.25604168 0.74395835]

rule1: 5.738 < imdb_score < 6.478
probabilities_array:[0.         0.24605174 0.7539483 ]

rule43: movie_facebook_likes > 22684.147
probabilities_array:[0.         0.23461705 0.76538295]

rule47: duration > 124.946
probabilities_array:[0.01230062 0.20750448 0.7801949 ]

