R2: 0.16249541919634047

MAE: 36309876.012880564

MSE: 4097014545247455.0

Accuracy: 0.7697111631537861

F1: 0.7695488183046155

Confusion Matrix: [[510, 125], [170, 476]]

Uncertainties: {'class0': [0.4865301549434662, 0.5581554174423218, 0.5843207240104675, 0.5943676829338074, 0.6282668113708496], 'class1': [0.5333811640739441, 0.5421716570854187, 0.6060431599617004, 0.6397839784622192, 0.6653666496276855]}

Most important rules
-----------------------------

---0---
rule51: budget > 219494274.209
probabilities_array:[0.5134698  0.         0.48653015]

rule24: actor_1_facebook_likes < 2.056
probabilities_array:[0.44184458 0.         0.5581554 ]

rule49: -127363667.055 < budget < 46065303.577
probabilities_array:[0.41567925 0.         0.5843207 ]

rule36: cast_total_facebook_likes < 391.806
probabilities_array:[0.40563235 0.         0.5943677 ]

rule16: num_user_for_reviews < 43.175
probabilities_array:[0.37173316 0.         0.6282668 ]

rule3: imdb_score > 7.186
probabilities_array:[0.36654592 0.         0.6334541 ]

rule12: num_critic_for_reviews < 78.797
probabilities_array:[0.32938716 0.         0.6706129 ]

rule9: -1068.481 < num_voted_users < 101040.940
probabilities_array:[0.32349557 0.         0.67650443]

rule6: 2003.024 < title_year < 2009.769
probabilities_array:[0.28163818 0.         0.71836185]


---1---
rule4: title_year < 1996.279
probabilities_array:[0.         0.46661884 0.53338116]

rule50: 46065303.577 < budget < 219494274.209
probabilities_array:[0.         0.45782834 0.54217166]

rule19: num_user_for_reviews > 615.839
probabilities_array:[0.         0.39395687 0.60604316]

rule11: num_voted_users > 203150.360
probabilities_array:[0.         0.36021605 0.639784  ]

rule10: 101040.940 < num_voted_users < 203150.360
probabilities_array:[0.         0.33463338 0.66536665]

rule18: 329.507 < num_user_for_reviews < 615.839
probabilities_array:[0.        0.3240528 0.6759472]

rule30: 1930.621 < actor_2_facebook_likes < 5100.527
probabilities_array:[0.        0.3188473 0.6811527]

rule47: duration > 125.056
probabilities_array:[0.00687361 0.29668674 0.6964396 ]

rule35: actor_3_facebook_likes > 2112.717
probabilities_array:[0.         0.29536253 0.70463747]

rule14: 161.685 < num_critic_for_reviews < 244.573
probabilities_array:[0.        0.2899667 0.7100333]

rule1: 5.714 < imdb_score < 6.450
probabilities_array:[0.         0.28244126 0.71755874]

rule27: actor_1_facebook_likes > 14697.470
probabilities_array:[0.         0.2653027  0.73469734]

rule37: 391.806 < cast_total_facebook_likes < 11053.597
probabilities_array:[0.         0.25353605 0.74646395]

rule34: 780.595 < actor_3_facebook_likes < 2112.717
probabilities_array:[2.7007514e-04 2.4269065e-01 7.5703931e-01]

rule43: movie_facebook_likes > 22753.917
probabilities_array:[0.         0.22260238 0.77739763]

rule15: num_critic_for_reviews > 244.573
probabilities_array:[0.       0.211358 0.788642]

rule31: actor_2_facebook_likes > 5100.527
probabilities_array:[0.         0.20914969 0.79085034]

rule23: director_facebook_likes > 2860.061
probabilities_array:[0.08314108 0.1666483  0.7502106 ]

