R2: 0.1468923047711197

MAE: 35823541.92779079

MSE: 4520576654124271.0

Accuracy: 0.7580015612802498

F1: 0.7578774723800699

Confusion Matrix: [[471, 138], [172, 500]]

Uncertainties: {'class0': [0.5413779616355896, 0.5503727793693542, 0.5864058136940002, 0.5950556993484497, 0.6204347610473633], 'class1': [0.6022834777832031, 0.6204792261123657, 0.6374214291572571, 0.637653112411499, 0.651394784450531]}

Most important rules
-----------------------------

---0---
rule8: num_voted_users < 4368.901
probabilities_array:[0.45862207 0.         0.54137796]

rule16: num_user_for_reviews < 53.103
probabilities_array:[0.44962722 0.         0.5503728 ]

rule36: cast_total_facebook_likes < 462.937
probabilities_array:[0.4135942 0.        0.5864058]

rule49: -30796865.864 < budget < 41460116.355
probabilities_array:[0.40494427 0.         0.5950557 ]

rule9: 4368.901 < num_voted_users < 99579.740
probabilities_array:[0.37956527 0.         0.62043476]

rule6: 2003.065 < title_year < 2009.887
probabilities_array:[0.2966978 0.        0.7033022]

rule12: num_critic_for_reviews < 79.044
probabilities_array:[0.2934111 0.        0.7065889]

rule3: imdb_score > 7.198
probabilities_array:[0.22256503 0.         0.77743495]


---1---
rule50: 41460116.355 < budget < 113717098.573
probabilities_array:[0.         0.39771652 0.6022835 ]

rule19: num_user_for_reviews > 586.589
probabilities_array:[0.         0.37952077 0.6204792 ]

rule4: title_year < 1996.243
probabilities_array:[0.         0.36257857 0.6374214 ]

rule11: num_voted_users > 194790.579
probabilities_array:[0.         0.36234686 0.6376531 ]

rule51: budget > 113717098.573
probabilities_array:[0.         0.34860522 0.6513948 ]

rule1: 5.718 < imdb_score < 6.458
probabilities_array:[0.         0.34781155 0.6521885 ]

rule10: 99579.740 < num_voted_users < 194790.579
probabilities_array:[0.         0.33384147 0.66615856]

rule37: 462.937 < cast_total_facebook_likes < 11283.492
probabilities_array:[0.        0.2747205 0.7252795]

rule15: num_critic_for_reviews > 244.686
probabilities_array:[0.         0.27070323 0.72929674]

rule47: duration > 125.152
probabilities_array:[0.0202289 0.2438389 0.7359322]

rule18: 319.846 < num_user_for_reviews < 586.589
probabilities_array:[0.         0.23214583 0.76785415]

rule14: 161.865 < num_critic_for_reviews < 244.686
probabilities_array:[0.00187289 0.23041397 0.7677131 ]

rule0: imdb_score < 5.718
probabilities_array:[0.         0.22527407 0.7747259 ]

rule21: -1231.286 < director_facebook_likes < 745.999
probabilities_array:[0.         0.22067745 0.77932256]

rule30: 2005.796 < actor_2_facebook_likes < 5229.057
probabilities_array:[0.02311181 0.19965988 0.7772283 ]

