R2: 0.17011694454517867

MAE: 36138523.61553474

MSE: 3952072846720224.5

Accuracy: 0.760343481654957

F1: 0.760285048833905

Confusion Matrix: [[477, 139], [168, 497]]

Uncertainties: {'class0': [0.5480753779411316, 0.5564377903938293, 0.577401340007782, 0.6458526253700256, 0.6907857060432434], 'class1': [0.5147960782051086, 0.5852345824241638, 0.6288285851478577, 0.6370038390159607, 0.6391957402229309]}

Most important rules
-----------------------------

---0---
rule16: num_user_for_reviews < 55.101
probabilities_array:[0.45192462 0.         0.5480754 ]

rule49: -18273831.285 < budget < 40802904.013
probabilities_array:[0.4435622 0.        0.5564378]

rule8: num_voted_users < 1975.454
probabilities_array:[0.4225987  0.         0.57740134]

rule36: cast_total_facebook_likes < 751.994
probabilities_array:[0.35414737 0.         0.6458526 ]

rule12: num_critic_for_reviews < 79.175
probabilities_array:[0.3092143 0.        0.6907857]

rule6: 2003.012 < title_year < 2009.843
probabilities_array:[0.27962473 0.         0.7203753 ]

rule9: 1975.454 < num_voted_users < 102638.609
probabilities_array:[0.27145654 0.         0.72854346]

rule45: 95.071 < duration < 109.733
probabilities_array:[0.22165975 0.         0.77834016]


---1---
rule4: title_year < 1996.181
probabilities_array:[0.         0.48520392 0.5147961 ]

rule50: 40802904.013 < budget < 99879639.310
probabilities_array:[0.         0.41476545 0.5852346 ]

rule1: 5.727 < imdb_score < 6.470
probabilities_array:[0.         0.37117144 0.6288286 ]

rule19: num_user_for_reviews > 594.396
probabilities_array:[0.         0.3629962  0.63700384]

rule10: 102638.609 < num_voted_users < 203301.763
probabilities_array:[0.         0.3608043  0.63919574]

rule37: 751.994 < cast_total_facebook_likes < 11263.744
probabilities_array:[0.     0.3407 0.6593]

rule30: 1945.710 < actor_2_facebook_likes < 4636.375
probabilities_array:[0.         0.32802173 0.6719783 ]

rule51: budget > 99879639.310
probabilities_array:[0.         0.31392017 0.68607986]

rule43: movie_facebook_likes > 22749.427
probabilities_array:[0.         0.2928274  0.70717263]

rule11: num_voted_users > 203301.763
probabilities_array:[0.         0.29261994 0.70738006]

rule15: num_critic_for_reviews > 245.490
probabilities_array:[0.        0.2804773 0.7195227]

rule18: 324.749 < num_user_for_reviews < 594.396
probabilities_array:[0.         0.27917665 0.72082335]

rule14: 162.332 < num_critic_for_reviews < 245.490
probabilities_array:[0.00429276 0.25820836 0.7374989 ]

rule0: imdb_score < 5.727
probabilities_array:[0.         0.25516778 0.7448322 ]

rule47: duration > 124.396
probabilities_array:[0.         0.21408865 0.7859113 ]

rule26: 7616.352 < actor_1_facebook_likes < 15594.208
probabilities_array:[0.01808826 0.20446116 0.7774506 ]

