R2: 0.15273216214694485

MAE: 36389903.7529274

MSE: 4252572364469799.0

Accuracy: 0.750975800156128

F1: 0.7500961664888071

Confusion Matrix: [[519, 114], [205, 443]]

Uncertainties: {'class0': [0.5451246500015259, 0.5460320711135864, 0.6159192323684692, 0.6544916033744812, 0.7182645797729492], 'class1': [0.582643985748291, 0.5858281254768372, 0.6245102286338806, 0.6444025635719299, 0.6702006459236145]}

Most important rules
-----------------------------

---0---
rule51: budget > 213746160.794
probabilities_array:[0.45487535 0.         0.54512465]

rule49: -123369935.663 < budget < 45188112.565
probabilities_array:[0.45396793 0.         0.5460321 ]

rule16: num_user_for_reviews < 55.141
probabilities_array:[0.38408074 0.         0.61591923]

rule9: -367.130 < num_voted_users < 103823.003
probabilities_array:[0.3455084 0.        0.6544916]

rule3: imdb_score > 7.209
probabilities_array:[0.28173542 0.         0.7182646 ]

rule6: 2003.136 < title_year < 2009.755
probabilities_array:[0.27444786 0.         0.72555214]

rule12: num_critic_for_reviews < 80.749
probabilities_array:[0.25962326 0.         0.7403768 ]

rule45: 94.970 < duration < 109.880
probabilities_array:[0.20344827 0.00674977 0.78980196]


---1---
rule50: 45188112.565 < budget < 213746160.794
probabilities_array:[0.       0.417356 0.582644]

rule4: title_year < 1996.518
probabilities_array:[0.         0.41417187 0.5858281 ]

rule19: num_user_for_reviews > 593.858
probabilities_array:[0.        0.3754898 0.6245102]

rule10: 103823.003 < num_voted_users < 208013.136
probabilities_array:[0.         0.3555974  0.64440256]

rule11: num_voted_users > 208013.136
probabilities_array:[0.         0.32979932 0.67020065]

rule18: 324.500 < num_user_for_reviews < 593.858
probabilities_array:[0.         0.31955191 0.6804481 ]

rule30: 1958.997 < actor_2_facebook_likes < 4618.178
probabilities_array:[0.         0.30082247 0.69917756]

rule43: movie_facebook_likes > 23952.633
probabilities_array:[0.         0.29563433 0.7043657 ]

rule1: 5.706 < imdb_score < 6.457
probabilities_array:[0.        0.2809036 0.7190964]

rule14: 164.691 < num_critic_for_reviews < 248.633
probabilities_array:[0.         0.28051823 0.71948177]

rule35: actor_3_facebook_likes > 2032.905
probabilities_array:[0.         0.27850243 0.72149754]

rule38: 11347.995 < cast_total_facebook_likes < 24711.350
probabilities_array:[0.01338386 0.2553996  0.73121655]

rule47: duration > 124.789
probabilities_array:[5.4457103e-04 2.6029542e-01 7.3916000e-01]

rule15: num_critic_for_reviews > 248.633
probabilities_array:[0.        0.2574685 0.7425315]

rule13: 80.749 < num_critic_for_reviews < 164.691
probabilities_array:[0.         0.24587059 0.7541294 ]

rule26: 7686.344 < actor_1_facebook_likes < 19073.132
probabilities_array:[0.06743448 0.20125754 0.731308  ]

rule34: 758.186 < actor_3_facebook_likes < 2032.905
probabilities_array:[0.06358248 0.18287605 0.75354147]

