R2: 0.13331355108720755

MAE: 36907233.20647931

MSE: 4769442932509380.0

Accuracy: 0.7634660421545667

F1: 0.7634608528726177

Confusion Matrix: [[486, 118], [185, 492]]

Uncertainties: {'class0': [0.535438060760498, 0.6112279295921326, 0.6380871534347534, 0.6490129828453064, 0.6539323329925537], 'class1': [0.4998811185359955, 0.5649282932281494, 0.5726754069328308, 0.5872562527656555, 0.6368702054023743]}

Most important rules
-----------------------------

---0---
rule36: cast_total_facebook_likes < 532.245
probabilities_array:[0.46456194 0.         0.53543806]

rule51: budget > 224948818.804
probabilities_array:[0.38877207 0.         0.6112279 ]

rule24: actor_1_facebook_likes < 106.898
probabilities_array:[0.36191285 0.         0.63808715]

rule3: imdb_score > 7.224
probabilities_array:[0.350987 0.       0.649013]

rule16: num_user_for_reviews < 47.480
probabilities_array:[0.34606767 0.         0.65393233]

rule12: num_critic_for_reviews < 78.226
probabilities_array:[0.33726692 0.         0.6627331 ]

rule6: 2002.976 < title_year < 2009.703
probabilities_array:[0.3290815 0.        0.6709185]

rule9: -624.220 < num_voted_users < 102143.721
probabilities_array:[0.30908865 0.         0.69091135]

rule7: title_year > 2009.703
probabilities_array:[0.27175638 0.         0.72824365]

rule49: -132512545.919 < budget < 46218136.443
probabilities_array:[0.2675488 0.        0.7324512]

rule5: 1996.249 < title_year < 2002.976
probabilities_array:[0.23641512 0.         0.76358485]


---1---
rule50: 46218136.443 < budget < 224948818.804
probabilities_array:[0.         0.50011885 0.49988112]

rule11: num_voted_users > 204911.661
probabilities_array:[0.         0.43507168 0.5649283 ]

rule4: title_year < 1996.249
probabilities_array:[0.         0.42732456 0.5726754 ]

rule10: 102143.721 < num_voted_users < 204911.661
probabilities_array:[0.         0.41274375 0.58725625]

rule19: num_user_for_reviews > 600.388
probabilities_array:[0.        0.3631298 0.6368702]

rule18: 323.934 < num_user_for_reviews < 600.388
probabilities_array:[0.         0.32889006 0.67111   ]

rule43: movie_facebook_likes > 23779.782
probabilities_array:[0.         0.29303944 0.70696056]

rule1: 5.743 < imdb_score < 6.483
probabilities_array:[0.         0.27212352 0.7278765 ]

rule47: duration > 125.678
probabilities_array:[0.01108806 0.25190187 0.7370101 ]

rule46: 110.131 < duration < 125.678
probabilities_array:[0.02481293 0.23461951 0.74056756]

rule15: num_critic_for_reviews > 246.262
probabilities_array:[0.         0.2431455  0.75685453]

rule14: 162.244 < num_critic_for_reviews < 246.262
probabilities_array:[0.01219148 0.21768534 0.77012324]

rule38: 10962.459 < cast_total_facebook_likes < 21392.673
probabilities_array:[0.         0.22114843 0.77885157]

rule35: actor_3_facebook_likes > 2016.252
probabilities_array:[0.        0.2116825 0.7883175]

rule31: actor_2_facebook_likes > 5228.109
probabilities_array:[0.03219319 0.19123533 0.7765715 ]

