R2: 0.1422828231377995

MAE: 36193118.7607338

MSE: 4454987585915621.0

Accuracy: 0.7580015612802498

F1: 0.7578408558716778

Confusion Matrix: [[502, 116], [194, 469]]

Uncertainties: {'class0': [0.4665014147758484, 0.5262394547462463, 0.5743837952613831, 0.5811260342597961, 0.67281174659729], 'class1': [0.47921594977378845, 0.603396475315094, 0.6157252788543701, 0.6204278469085693, 0.6325805187225342]}

Most important rules
-----------------------------

---0---
rule16: num_user_for_reviews < 53.439
probabilities_array:[0.5334986 0.        0.4665014]

rule49: -125263240.160 < budget < 45293585.898
probabilities_array:[0.47376052 0.         0.52623945]

rule8: num_voted_users < 535.554
probabilities_array:[0.42561617 0.         0.5743838 ]

rule9: 535.554 < num_voted_users < 103164.875
probabilities_array:[0.41887397 0.         0.58112603]

rule3: imdb_score > 7.202
probabilities_array:[0.32718822 0.         0.67281175]

rule51: budget > 215850411.955
probabilities_array:[0.31032473 0.         0.6896753 ]

rule12: num_critic_for_reviews < 80.965
probabilities_array:[0.2708011  0.         0.72919893]

rule6: 2003.192 < title_year < 2009.986
probabilities_array:[0.234495 0.       0.765505]


---1---
rule4: title_year < 1996.398
probabilities_array:[0.         0.5207841  0.47921595]

rule50: 45293585.898 < budget < 215850411.955
probabilities_array:[0.         0.39660352 0.6033965 ]

rule19: num_user_for_reviews > 603.780
probabilities_array:[0.         0.38427472 0.6157253 ]

rule10: 103164.875 < num_voted_users < 205794.195
probabilities_array:[0.         0.37957215 0.62042785]

rule30: 1877.197 < actor_2_facebook_likes < 4470.424
probabilities_array:[0.         0.36741948 0.6325805 ]

rule1: 5.754 < imdb_score < 6.478
probabilities_array:[0.         0.35887498 0.641125  ]

rule0: imdb_score < 5.754
probabilities_array:[0.        0.2999047 0.7000953]

rule11: num_voted_users > 205794.195
probabilities_array:[0.         0.2996389  0.70036113]

rule23: director_facebook_likes > 2793.735
probabilities_array:[0.         0.29798517 0.70201486]

rule18: 328.610 < num_user_for_reviews < 603.780
probabilities_array:[0.         0.25992826 0.7400717 ]

rule15: num_critic_for_reviews > 248.863
probabilities_array:[0.         0.25956836 0.74043167]

rule35: actor_3_facebook_likes > 1961.552
probabilities_array:[0.         0.25409552 0.7459045 ]

rule47: duration > 125.800
probabilities_array:[0.00612663 0.2466348  0.7472386 ]

rule14: 164.914 < num_critic_for_reviews < 248.863
probabilities_array:[0.01090182 0.24387307 0.7452251 ]

rule13: 80.965 < num_critic_for_reviews < 164.914
probabilities_array:[0.         0.24561739 0.7543826 ]

rule21: -1251.925 < director_facebook_likes < 770.905
probabilities_array:[0.         0.22256717 0.7774328 ]

rule34: 737.537 < actor_3_facebook_likes < 1961.552
probabilities_array:[0.         0.22208191 0.7779181 ]

rule43: movie_facebook_likes > 24682.781
probabilities_array:[0.         0.21664542 0.7833546 ]

rule46: 110.102 < duration < 125.800
probabilities_array:[0.01738718 0.20189112 0.7807217 ]

