R2: 0.1607787727464144

MAE: 35532767.56986729

MSE: 4339392848692116.0

Accuracy: 0.7572209211553473

F1: 0.7569839711936541

Confusion Matrix: [[505, 136], [175, 465]]

Uncertainties: {'class0': [0.5602026581764221, 0.5757967829704285, 0.639187216758728, 0.6547302007675171, 0.6975029110908508], 'class1': [0.5391774773597717, 0.5587716102600098, 0.5667823553085327, 0.6181636452674866, 0.6411241888999939]}

Most important rules
-----------------------------

---0---
rule49: -128128217.313 < budget < 45749785.645
probabilities_array:[0.4397973  0.         0.56020266]

rule16: num_user_for_reviews < 59.393
probabilities_array:[0.42420322 0.         0.5757968 ]

rule8: num_voted_users < 2489.685
probabilities_array:[0.36081278 0.         0.6391872 ]

rule51: budget > 219627788.603
probabilities_array:[0.34526983 0.         0.6547302 ]

rule9: 2489.685 < num_voted_users < 101316.694
probabilities_array:[0.3024971 0.        0.6975029]

rule3: imdb_score > 7.190
probabilities_array:[0.28591374 0.         0.7140863 ]

rule45: 94.640 < duration < 109.521
probabilities_array:[0.2745182  0.00136618 0.72411567]

rule22: 748.918 < director_facebook_likes < 2720.593
probabilities_array:[0.2458336  0.         0.75416636]

rule6: 2003.199 < title_year < 2009.749
probabilities_array:[0.24421485 0.         0.75578517]

rule12: num_critic_for_reviews < 80.850
probabilities_array:[0.21179816 0.         0.7882018 ]

rule44: duration < 94.640
probabilities_array:[0.1908774  0.03033354 0.77878904]

rule41: -4631.705 < movie_facebook_likes < 9090.919
probabilities_array:[0.18532322 0.03767978 0.77699697]


---1---
rule4: title_year < 1996.649
probabilities_array:[0.         0.46082252 0.5391775 ]

rule50: 45749785.645 < budget < 219627788.603
probabilities_array:[0.         0.44122842 0.5587716 ]

rule19: num_user_for_reviews > 594.331
probabilities_array:[0.         0.43321764 0.56678236]

rule30: 1931.590 < actor_2_facebook_likes < 5077.729
probabilities_array:[0.         0.38183635 0.61816365]

rule10: 101316.694 < num_voted_users < 200143.702
probabilities_array:[0.         0.35887578 0.6411242 ]

rule1: 5.702 < imdb_score < 6.446
probabilities_array:[0.         0.34415597 0.65584403]

rule18: 326.862 < num_user_for_reviews < 594.331
probabilities_array:[0.         0.34401077 0.6559892 ]

rule11: num_voted_users > 200143.702
probabilities_array:[0.         0.34381703 0.65618294]

rule15: num_critic_for_reviews > 248.761
probabilities_array:[0.         0.30226183 0.6977382 ]

rule43: movie_facebook_likes > 22813.542
probabilities_array:[0.00879326 0.24897666 0.7422301 ]

rule34: 739.610 < actor_3_facebook_likes < 1957.656
probabilities_array:[0.         0.2508259  0.74917406]

rule35: actor_3_facebook_likes > 1957.656
probabilities_array:[0.02633283 0.23437893 0.7392882 ]

rule23: director_facebook_likes > 2720.593
probabilities_array:[0.         0.24182598 0.758174  ]

rule0: imdb_score < 5.702
probabilities_array:[0.         0.23930995 0.76069003]

rule21: -1222.758 < director_facebook_likes < 748.918
probabilities_array:[0.         0.22000214 0.7799979 ]

rule14: 164.806 < num_critic_for_reviews < 248.761
probabilities_array:[0.02763894 0.19669595 0.7756651 ]

rule13: 80.850 < num_critic_for_reviews < 164.806
probabilities_array:[0.00657791 0.20243703 0.7909851 ]

