R2: 0.16886849623740385

MAE: 34771603.719750196

MSE: 3815663743562575.5

Accuracy: 0.7650273224043715

F1: 0.7646687959005434

Confusion Matrix: [[515, 135], [166, 465]]

Uncertainties: {'class0': [0.5039843320846558, 0.6368565559387207, 0.6469177007675171, 0.6509876847267151, 0.6952823400497437], 'class1': [0.5739254951477051, 0.5811462998390198, 0.5971411466598511, 0.6056188344955444, 0.6740138530731201]}

Most important rules
-----------------------------

---0---
rule16: num_user_for_reviews < 52.808
probabilities_array:[0.49601567 0.         0.50398433]

rule3: imdb_score > 7.205
probabilities_array:[0.36314347 0.         0.63685656]

rule49: -125290109.542 < budget < 46018170.749
probabilities_array:[0.35308233 0.         0.6469177 ]

rule8: num_voted_users < 275.894
probabilities_array:[0.34901232 0.         0.6509877 ]

rule12: num_critic_for_reviews < 79.575
probabilities_array:[0.30471763 0.         0.69528234]

rule51: budget > 217326451.039
probabilities_array:[0.29823652 0.         0.7017635 ]

rule9: 275.894 < num_voted_users < 103013.358
probabilities_array:[0.29315406 0.         0.70684594]

rule6: 2003.132 < title_year < 2009.807
probabilities_array:[0.2470246 0.        0.7529754]


---1---
rule19: num_user_for_reviews > 608.321
probabilities_array:[0.        0.4260745 0.5739255]

rule10: 103013.358 < num_voted_users < 205750.822
probabilities_array:[0.        0.4188537 0.5811463]

rule4: title_year < 1996.456
probabilities_array:[0.         0.40285885 0.59714115]

rule50: 46018170.749 < budget < 217326451.039
probabilities_array:[0.         0.39438114 0.60561883]

rule47: duration > 125.510
probabilities_array:[0.         0.32598615 0.67401385]

rule11: num_voted_users > 205750.822
probabilities_array:[0.         0.30636877 0.69363123]

rule18: 330.564 < num_user_for_reviews < 608.321
probabilities_array:[0.00605249 0.29126808 0.70267946]

rule14: 164.634 < num_critic_for_reviews < 249.693
probabilities_array:[0.         0.28887329 0.7111267 ]

rule43: movie_facebook_likes > 24253.713
probabilities_array:[0.         0.26662245 0.7333775 ]

rule15: num_critic_for_reviews > 249.693
probabilities_array:[0.         0.26481906 0.7351809 ]

rule46: 110.000 < duration < 125.510
probabilities_array:[0.         0.25740573 0.7425943 ]

rule1: 5.696 < imdb_score < 6.451
probabilities_array:[0.         0.24503241 0.7549676 ]

rule35: actor_3_facebook_likes > 2155.953
probabilities_array:[8.7651906e-06 2.3512243e-01 7.6486886e-01]

rule30: 1969.007 < actor_2_facebook_likes < 5154.308
probabilities_array:[0.01163791 0.22710349 0.7612586 ]

rule38: 11422.841 < cast_total_facebook_likes < 25420.322
probabilities_array:[0.04953327 0.20059039 0.7498763 ]

rule13: 79.575 < num_critic_for_reviews < 164.634
probabilities_array:[0.         0.21425249 0.7857475 ]

