R2: 0.15190729894237143

MAE: 36078845.69164715

MSE: 4241436422556589.5

Accuracy: 0.7673692427790788

F1: 0.7673452820345297

Confusion Matrix: [[485, 120], [178, 498]]

Uncertainties: {'class0': [0.46007806062698364, 0.5727471113204956, 0.5874198079109192, 0.6119378209114075, 0.642593502998352], 'class1': [0.5392523407936096, 0.5872339606285095, 0.6199018359184265, 0.6307917237281799, 0.6356361508369446]}

Most important rules
-----------------------------

---0---
rule51: budget > 225463732.897
probabilities_array:[0.53992194 0.         0.46007806]

rule16: num_user_for_reviews < 54.578
probabilities_array:[0.42725292 0.         0.5727471 ]

rule9: -116.469 < num_voted_users < 101822.559
probabilities_array:[0.4125802 0.        0.5874198]

rule49: -133111231.489 < budget < 46176250.704
probabilities_array:[0.38806218 0.         0.6119378 ]

rule3: imdb_score > 7.187
probabilities_array:[0.35740647 0.         0.6425935 ]

rule12: num_critic_for_reviews < 80.252
probabilities_array:[0.32645002 0.         0.67355   ]

rule6: 2003.072 < title_year < 2009.706
probabilities_array:[0.28006372 0.         0.71993625]


---1---
rule4: title_year < 1996.438
probabilities_array:[0.         0.4607477  0.53925234]

rule11: num_voted_users > 203761.588
probabilities_array:[0.         0.41276604 0.58723396]

rule10: 101822.559 < num_voted_users < 203761.588
probabilities_array:[0.         0.38009816 0.61990184]

rule50: 46176250.704 < budget < 225463732.897
probabilities_array:[0.         0.36920825 0.6307917 ]

rule1: 5.732 < imdb_score < 6.459
probabilities_array:[0.         0.36436388 0.63563615]

rule14: 162.751 < num_critic_for_reviews < 245.250
probabilities_array:[0.         0.33519024 0.66480976]

rule19: num_user_for_reviews > 598.902
probabilities_array:[0.         0.31964386 0.68035614]

rule15: num_critic_for_reviews > 245.250
probabilities_array:[0.        0.2777726 0.7222274]

rule47: duration > 124.545
probabilities_array:[0.01732211 0.2593986  0.7232793 ]

rule43: movie_facebook_likes > 23498.649
probabilities_array:[2.5982581e-04 2.6267022e-01 7.3707002e-01]

rule13: 80.252 < num_critic_for_reviews < 162.751
probabilities_array:[0.         0.23910694 0.76089305]

rule18: 326.740 < num_user_for_reviews < 598.902
probabilities_array:[0.00204344 0.23696448 0.76099205]

rule30: 1901.919 < actor_2_facebook_likes < 5028.379
probabilities_array:[0.02099924 0.21817034 0.76083046]

rule0: imdb_score < 5.732
probabilities_array:[0.         0.22010827 0.7798917 ]

rule34: 742.859 < actor_3_facebook_likes < 2016.830
probabilities_array:[0.05500669 0.1824735  0.76251984]

