R2: 0.136441567699068

MAE: 36927331.469945356

MSE: 4630570356352028.0

Accuracy: 0.7564402810304449

F1: 0.7562369174770308

Confusion Matrix: [[466, 121], [191, 503]]

Uncertainties: {'class0': [0.5499248504638672, 0.5823004245758057, 0.6357836723327637, 0.6636598706245422, 0.6661242246627808], 'class1': [0.5291080474853516, 0.5661418437957764, 0.6127657890319824, 0.6479923129081726, 0.6781401634216309]}

Most important rules
-----------------------------

---0---
rule49: -132459210.111 < budget < 46652573.165
probabilities_array:[0.45007515 0.         0.54992485]

rule51: budget > 225764356.442
probabilities_array:[0.41769955 0.         0.5823004 ]

rule8: num_voted_users < 3201.545
probabilities_array:[0.3642163 0.        0.6357837]

rule16: num_user_for_reviews < 52.843
probabilities_array:[0.33634016 0.         0.6636599 ]

rule6: 2003.175 < title_year < 2009.889
probabilities_array:[0.33387575 0.         0.6661242 ]

rule36: cast_total_facebook_likes < 723.187
probabilities_array:[0.3213166 0.        0.6786834]

rule9: 3201.545 < num_voted_users < 100960.828
probabilities_array:[0.27143288 0.         0.7285671 ]

rule41: -5351.775 < movie_facebook_likes < 9139.195
probabilities_array:[0.20748338 0.02293504 0.76958156]

rule12: num_critic_for_reviews < 79.866
probabilities_array:[0.21113765 0.         0.78886235]

rule17: 52.843 < num_user_for_reviews < 325.222
probabilities_array:[0.19562884 0.02147584 0.7828953 ]


---1---
rule50: 46652573.165 < budget < 225764356.442
probabilities_array:[0.         0.47089198 0.52910805]

rule4: title_year < 1996.461
probabilities_array:[0.         0.43385813 0.56614184]

rule10: 100960.828 < num_voted_users < 198720.111
probabilities_array:[0.         0.38723418 0.6127658 ]

rule14: 162.968 < num_critic_for_reviews < 246.071
probabilities_array:[0.        0.3520077 0.6479923]

rule19: num_user_for_reviews > 597.601
probabilities_array:[0.         0.32185984 0.67814016]

rule11: num_voted_users > 198720.111
probabilities_array:[0.        0.3025927 0.6974073]

rule37: 723.187 < cast_total_facebook_likes < 11061.676
probabilities_array:[0.         0.26957473 0.7304253 ]

rule23: director_facebook_likes > 2605.173
probabilities_array:[0.         0.26252803 0.737472  ]

rule47: duration > 125.158
probabilities_array:[2.3126377e-04 2.5427076e-01 7.4549794e-01]

rule15: num_critic_for_reviews > 246.071
probabilities_array:[0.        0.2506584 0.7493416]

rule18: 325.222 < num_user_for_reviews < 597.601
probabilities_array:[0.         0.23295645 0.76704353]

rule13: 79.866 < num_critic_for_reviews < 162.968
probabilities_array:[4.775240e-06 2.299339e-01 7.700613e-01]

rule34: 736.704 < actor_3_facebook_likes < 1937.118
probabilities_array:[0.01863873 0.22037306 0.7609882 ]

rule1: 5.703 < imdb_score < 6.448
probabilities_array:[0.         0.22673196 0.77326804]

rule30: 1949.709 < actor_2_facebook_likes < 4595.243
probabilities_array:[0.         0.22514972 0.77485025]

rule35: actor_3_facebook_likes > 1937.118
probabilities_array:[0.         0.22511429 0.7748857 ]

rule38: 11061.676 < cast_total_facebook_likes < 21400.164
probabilities_array:[0.         0.21651116 0.7834888 ]

rule43: movie_facebook_likes > 23630.165
probabilities_array:[0.        0.2026934 0.7973066]

