R2: 0.6685331428919881


MAE: 7.038874380899265


Accuracy: 0.8704761904761905


F1: 0.8705882352941177


Most important rules
-----------------------------

---0---
rule28: age < 2.046
probabilities_array:[0.8295433  0.         0.17045671]

rule29: 2.046 < age < 47.110
probabilities_array:[0.7171683  0.         0.28283173]

rule15: water > 195.901
probabilities_array:[0.64032024 0.         0.35967976]

rule27: fine_aggregate > 830.384
probabilities_array:[0.6076781 0.        0.3923219]

rule0: cement < 210.749
probabilities_array:[0.60734886 0.         0.39265114]

rule16: superplasticizer < 1.998
probabilities_array:[0.4357247 0.        0.5642753]

rule14: 181.585 < water < 195.901
probabilities_array:[0.37918633 0.00469706 0.6161166 ]

rule25: 720.441 < fine_aggregate < 775.413
probabilities_array:[0.30178007 0.00204473 0.69617516]


---1---
rule31: age > 92.174
probabilities_array:[0.         0.6755584  0.32444158]

rule30: 47.110 < age < 92.174
probabilities_array:[0.         0.6704721  0.32952794]

rule3: cement > 353.777
probabilities_array:[0.         0.64051986 0.35948014]

rule9: 10.699 < fly_ash < 53.617
probabilities_array:[0.        0.5970756 0.4029244]

rule24: fine_aggregate < 720.441
probabilities_array:[0.        0.5328174 0.4671826]

rule12: water < 167.269
probabilities_array:[0.         0.513867   0.48613298]

rule10: 53.617 < fly_ash < 96.535
probabilities_array:[0.         0.50803965 0.49196035]

rule8: fly_ash < 10.699
probabilities_array:[0.00542798 0.46235096 0.5322211 ]

rule6: 73.026 < blast_furnace_slag < 131.431
probabilities_array:[0.         0.42779392 0.5722061 ]

rule7: blast_furnace_slag > 131.431
probabilities_array:[0.         0.40899748 0.5910025 ]

rule13: 167.269 < water < 181.585
probabilities_array:[0.         0.37983158 0.62016845]

rule19: superplasticizer > 10.064
probabilities_array:[0.        0.3569597 0.6430403]

rule20: coarse_aggregate < 920.418
probabilities_array:[0.         0.35153404 0.64846593]

rule18: 6.031 < superplasticizer < 10.064
probabilities_array:[8.6914763e-05 3.0346227e-01 6.9645077e-01]

rule2: 282.263 < cement < 353.777
probabilities_array:[0.         0.29957685 0.7004232 ]

rule21: 920.418 < coarse_aggregate < 972.799
probabilities_array:[0.         0.28426895 0.7157311 ]

rule17: 1.998 < superplasticizer < 6.031
probabilities_array:[0.         0.28274533 0.71725464]

rule22: 972.799 < coarse_aggregate < 1025.180
probabilities_array:[0.         0.22432442 0.7756756 ]

