R2: 0.7594855026754269


MAE: 6.296735620292785


Accuracy: 0.8129437346630455


F1: 0.8147058823529412


Most important rules
-----------------------------

---0---
rule28: age < 2.181
probabilities_array:[0.86501026 0.         0.13498975]

rule15: water > 196.021
probabilities_array:[0.7119467 0.        0.2880533]

rule29: 2.181 < age < 44.020
probabilities_array:[0.6880418  0.         0.31195822]

rule0: cement < 209.252
probabilities_array:[0.63023204 0.         0.36976793]

rule27: fine_aggregate > 829.481
probabilities_array:[0.5442984  0.         0.45570156]

rule16: superplasticizer < 2.170
probabilities_array:[0.39054415 0.         0.6094558 ]

rule14: 181.494 < water < 196.021
probabilities_array:[0.34960186 0.         0.65039814]

rule1: 209.252 < cement < 278.849
probabilities_array:[0.2387024 0.        0.7612976]

rule26: 775.012 < fine_aggregate < 829.481
probabilities_array:[0.1994555  0.00244951 0.798095  ]


---1---
rule31: age > 85.859
probabilities_array:[0.         0.7780358  0.22196418]

rule30: 44.020 < age < 85.859
probabilities_array:[0.        0.6303559 0.3696441]

rule3: cement > 348.446
probabilities_array:[0.         0.62891096 0.371089  ]

rule24: fine_aggregate < 720.544
probabilities_array:[0.        0.5747928 0.4252072]

rule19: superplasticizer > 10.172
probabilities_array:[0.         0.5742177  0.42578232]

rule17: 2.170 < superplasticizer < 6.171
probabilities_array:[0.         0.5253452  0.47465476]

rule20: coarse_aggregate < 920.982
probabilities_array:[0.         0.48769426 0.51230574]

rule12: water < 166.966
probabilities_array:[0.         0.47329396 0.52670604]

rule6: 77.477 < blast_furnace_slag < 135.645
probabilities_array:[0.         0.45078337 0.5492166 ]

rule9: 8.645 < fly_ash < 51.590
probabilities_array:[0.         0.41634947 0.5836505 ]

rule18: 6.171 < superplasticizer < 10.172
probabilities_array:[0.         0.35053903 0.649461  ]

rule10: 51.590 < fly_ash < 94.535
probabilities_array:[0.         0.33431685 0.66568315]

rule8: fly_ash < 8.645
probabilities_array:[0.         0.32550213 0.67449784]

rule21: 920.982 < coarse_aggregate < 972.463
probabilities_array:[0.         0.31986824 0.68013173]

rule22: 972.463 < coarse_aggregate < 1023.944
probabilities_array:[0.        0.3122797 0.6877203]

rule13: 166.966 < water < 181.494
probabilities_array:[0.        0.3030187 0.6969813]

rule7: blast_furnace_slag > 135.645
probabilities_array:[0.         0.25760785 0.7423921 ]

