R2: 0.8568386787028255


MAE: 4.63957706896871


Accuracy: 0.8581165669773264


F1: 0.8588235294117647


Most important rules
-----------------------------

---0---
rule28: age < 3.549
probabilities_array:[0.94328463 0.         0.05671535]

rule15: water > 195.826
probabilities_array:[0.7531388  0.         0.24686122]

rule0: cement < 209.530
probabilities_array:[0.732598   0.         0.26740202]

rule27: fine_aggregate > 828.574
probabilities_array:[0.66246194 0.         0.33753806]

rule16: superplasticizer < 2.103
probabilities_array:[0.4747287 0.        0.5252713]

rule14: 181.422 < water < 195.826
probabilities_array:[0.40889627 0.         0.59110373]

rule29: 3.549 < age < 44.094
probabilities_array:[0.35590988 0.         0.6440901 ]

rule25: 720.588 < fine_aggregate < 774.581
probabilities_array:[0.3466147  0.00305369 0.6503316 ]

rule26: 774.581 < fine_aggregate < 828.574
probabilities_array:[0.29378   0.0040988 0.7021212]

rule4: blast_furnace_slag < 16.658
probabilities_array:[0.28699136 0.         0.71300864]


---1---
rule31: age > 84.639
probabilities_array:[0.         0.88307416 0.11692581]

rule3: cement > 350.693
probabilities_array:[0.         0.8000053  0.19999468]

rule30: 44.094 < age < 84.639
probabilities_array:[0.         0.7904984  0.20950161]

rule9: 9.580 < fly_ash < 52.630
probabilities_array:[0.         0.67809224 0.32190773]

rule12: water < 167.018
probabilities_array:[0.         0.55511147 0.44488856]

rule24: fine_aggregate < 720.588
probabilities_array:[0.         0.5537596  0.44624043]

rule19: superplasticizer > 10.424
probabilities_array:[0.         0.47873646 0.52126354]

rule6: 75.894 < blast_furnace_slag < 135.131
probabilities_array:[0.         0.46662313 0.5333769 ]

rule2: 280.111 < cement < 350.693
probabilities_array:[0.         0.45155165 0.5484483 ]

rule13: 167.018 < water < 181.422
probabilities_array:[0.         0.39458302 0.605417  ]

rule17: 2.103 < superplasticizer < 6.263
probabilities_array:[0.         0.38057423 0.6194258 ]

rule8: fly_ash < 9.580
probabilities_array:[0.03554645 0.3486252  0.61582834]

rule21: 919.387 < coarse_aggregate < 971.745
probabilities_array:[0.         0.32346135 0.67653865]

rule20: coarse_aggregate < 919.387
probabilities_array:[0.00235972 0.3042416  0.69339865]

rule10: 52.630 < fly_ash < 95.681
probabilities_array:[0.         0.2507932  0.74920684]

rule22: 971.745 < coarse_aggregate < 1024.103
probabilities_array:[0.       0.250207 0.749793]

rule18: 6.263 < superplasticizer < 10.424
probabilities_array:[0.         0.24364273 0.75635725]

