R2: 0.6784883608230204


MAE: 7.188957560577666


Accuracy: 0.8204002459321609


F1: 0.8205882352941176


Most important rules
-----------------------------

---0---
rule28: age < 3.075
probabilities_array:[0.98294735 0.         0.01705267]

rule15: water > 195.707
probabilities_array:[0.77415466 0.         0.22584534]

rule27: fine_aggregate > 826.954
probabilities_array:[0.7260474 0.        0.2739526]

rule29: 3.075 < age < 46.172
probabilities_array:[0.6770101  0.         0.32298985]

rule0: cement < 210.349
probabilities_array:[0.6763712  0.         0.32362878]

rule16: superplasticizer < 2.332
probabilities_array:[0.52859974 0.         0.4714003 ]

rule14: 181.436 < water < 195.707
probabilities_array:[0.46407747 0.         0.5359225 ]

rule26: 772.597 < fine_aggregate < 826.954
probabilities_array:[0.25022474 0.02055433 0.7292209 ]

rule11: fly_ash > 98.278
probabilities_array:[0.20824231 0.05167623 0.7400814 ]


---1---
rule3: cement > 354.741
probabilities_array:[0.         0.770654   0.22934595]

rule31: age > 89.270
probabilities_array:[0.         0.74977314 0.25022686]

rule12: water < 167.165
probabilities_array:[0.         0.67309177 0.3269082 ]

rule24: fine_aggregate < 718.240
probabilities_array:[0.        0.5884393 0.4115607]

rule30: 46.172 < age < 89.270
probabilities_array:[0.         0.56086504 0.43913496]

rule8: fly_ash < 11.184
probabilities_array:[0.         0.5596984  0.44030157]

rule6: 74.255 < blast_furnace_slag < 131.248
probabilities_array:[0.        0.5077775 0.4922225]

rule19: superplasticizer > 10.282
probabilities_array:[0.         0.50333834 0.49666166]

rule21: 919.100 < coarse_aggregate < 972.446
probabilities_array:[0.         0.48310193 0.5168981 ]

rule13: 167.165 < water < 181.436
probabilities_array:[0.         0.42888945 0.57111055]

rule2: 282.545 < cement < 354.741
probabilities_array:[0.         0.42471376 0.5752862 ]

rule20: coarse_aggregate < 919.100
probabilities_array:[0.         0.41639635 0.5836037 ]

rule10: 54.731 < fly_ash < 98.278
probabilities_array:[0.         0.39804828 0.6019517 ]

rule18: 6.307 < superplasticizer < 10.282
probabilities_array:[0.         0.3479928  0.65200716]

rule5: 17.262 < blast_furnace_slag < 74.255
probabilities_array:[0.01657018 0.3157473  0.6676826 ]

rule22: 972.446 < coarse_aggregate < 1025.792
probabilities_array:[0.         0.29499927 0.70500076]

rule9: 11.184 < fly_ash < 54.731
probabilities_array:[0.00263087 0.23856212 0.758807  ]

rule17: 2.332 < superplasticizer < 6.307
probabilities_array:[0.         0.23822965 0.76177037]

