R2: 0.808258196891046


MAE: 5.316640718032625


Accuracy: 0.8239099711198308


F1: 0.8264705882352941


Most important rules
-----------------------------

---0---
rule28: age < 3.369
probabilities_array:[0.931855 0.       0.068145]

rule15: water > 196.065
probabilities_array:[0.74376655 0.         0.25623342]

rule0: cement < 213.631
probabilities_array:[0.7182563 0.        0.2817437]

rule27: fine_aggregate > 825.405
probabilities_array:[0.6458252 0.        0.3541748]

rule16: superplasticizer < 2.164
probabilities_array:[0.5298606 0.        0.4701394]

rule10: 52.628 < fly_ash < 95.963
probabilities_array:[0.43589267 0.         0.56410736]

rule14: 181.570 < water < 196.065
probabilities_array:[0.41611165 0.         0.58388835]

rule26: 771.844 < fine_aggregate < 825.405
probabilities_array:[2.9157025e-01 9.3965413e-05 7.0833582e-01]

rule29: 3.369 < age < 46.436
probabilities_array:[0.26303437 0.03861198 0.69835365]

rule4: blast_furnace_slag < 17.494
probabilities_array:[0.27608332 0.         0.72391665]

rule1: 213.631 < cement < 284.788
probabilities_array:[0.20391613 0.         0.79608387]


---1---
rule31: age > 89.504
probabilities_array:[0.        0.9017135 0.0982865]

rule30: 46.436 < age < 89.504
probabilities_array:[0.         0.73826027 0.26173976]

rule3: cement > 355.945
probabilities_array:[0.         0.69732493 0.3026751 ]

rule24: fine_aggregate < 718.283
probabilities_array:[0.         0.6612424  0.33875757]

rule12: water < 167.075
probabilities_array:[0.         0.63234514 0.36765483]

rule6: 75.411 < blast_furnace_slag < 133.328
probabilities_array:[0.         0.58476174 0.41523826]

rule19: superplasticizer > 10.341
probabilities_array:[0.        0.5224403 0.4775597]

rule8: fly_ash < 9.293
probabilities_array:[0.         0.44564548 0.55435455]

rule9: 9.293 < fly_ash < 52.628
probabilities_array:[0.01352839 0.39889953 0.58757204]

rule18: 6.252 < superplasticizer < 10.341
probabilities_array:[0.         0.3828968  0.61710316]

rule20: coarse_aggregate < 918.654
probabilities_array:[0.         0.35037866 0.6496213 ]

rule13: 167.075 < water < 181.570
probabilities_array:[0.02420676 0.315684   0.6601093 ]

rule17: 2.164 < superplasticizer < 6.252
probabilities_array:[0.         0.29699787 0.7030021 ]

rule2: 284.788 < cement < 355.945
probabilities_array:[0.02484418 0.20548081 0.769675  ]

rule5: 17.494 < blast_furnace_slag < 75.411
probabilities_array:[0.09339301 0.1690946  0.73751247]

