R2: 0.7128701639308022


MAE: 7.271807155870017


Accuracy: 0.8522047572680485


F1: 0.8529411764705882


Most important rules
-----------------------------

---0---
rule28: age < 2.775
probabilities_array:[0.8653815  0.         0.13461854]

rule15: water > 195.907
probabilities_array:[0.7386843  0.         0.26131573]

rule0: cement < 210.426
probabilities_array:[0.6723783  0.         0.32762167]

rule29: 2.775 < age < 46.281
probabilities_array:[0.65911525 0.         0.34088477]

rule27: fine_aggregate > 827.815
probabilities_array:[0.5491678  0.         0.45083216]

rule14: 181.554 < water < 195.907
probabilities_array:[0.47027156 0.         0.5297285 ]

rule16: superplasticizer < 2.171
probabilities_array:[0.3882518  0.         0.61174816]

rule4: blast_furnace_slag < 16.661
probabilities_array:[0.2374079  0.01659122 0.7460009 ]

rule1: 210.426 < cement < 281.389
probabilities_array:[0.2012826 0.        0.7987174]


---1---
rule31: age > 89.787
probabilities_array:[0.         0.74687684 0.2531232 ]

rule24: fine_aggregate < 717.365
probabilities_array:[0.        0.6569215 0.3430785]

rule30: 46.281 < age < 89.787
probabilities_array:[0.         0.61623204 0.38376796]

rule3: cement > 352.352
probabilities_array:[0.         0.5639396  0.43606046]

rule6: 76.521 < blast_furnace_slag < 136.382
probabilities_array:[0.         0.5456648  0.45433524]

rule20: coarse_aggregate < 918.895
probabilities_array:[0.       0.486179 0.513821]

rule8: fly_ash < 10.645
probabilities_array:[0.         0.45242637 0.5475736 ]

rule12: water < 167.202
probabilities_array:[0.         0.43554547 0.56445456]

rule19: superplasticizer > 10.295
probabilities_array:[0.         0.41881993 0.5811801 ]

rule18: 6.233 < superplasticizer < 10.295
probabilities_array:[0.         0.40500924 0.59499073]

rule22: 971.209 < coarse_aggregate < 1023.523
probabilities_array:[0.         0.3141947  0.68580526]

rule21: 918.895 < coarse_aggregate < 971.209
probabilities_array:[0.         0.30611077 0.6938892 ]

rule2: 281.389 < cement < 352.352
probabilities_array:[0.         0.28892466 0.71107537]

rule13: 167.202 < water < 181.554
probabilities_array:[0.0365322  0.20800707 0.75546074]

rule17: 2.171 < superplasticizer < 6.233
probabilities_array:[0.         0.22356772 0.7764323 ]

