R2: 0.6374459111445239


MAE: 7.299764638219723


Accuracy: 0.858583757928668


F1: 0.8588235294117647


Most important rules
-----------------------------

---0---
rule28: age < 2.792
probabilities_array:[0.9237902  0.         0.07620979]

rule29: 2.792 < age < 44.686
probabilities_array:[0.72999775 0.         0.27000225]

rule0: cement < 210.996
probabilities_array:[0.68307585 0.         0.31692418]

rule15: water > 195.974
probabilities_array:[0.5630818  0.         0.43691823]

rule27: fine_aggregate > 826.731
probabilities_array:[0.51346534 0.         0.48653466]

rule16: superplasticizer < 2.050
probabilities_array:[0.5063025  0.         0.49369755]

rule25: 718.264 < fine_aggregate < 772.498
probabilities_array:[0.36323678 0.         0.6367632 ]

rule26: 772.498 < fine_aggregate < 826.731
probabilities_array:[0.3070226 0.        0.6929774]

rule14: 181.657 < water < 195.974
probabilities_array:[0.3055554 0.        0.6944446]

rule4: blast_furnace_slag < 16.248
probabilities_array:[0.26628098 0.         0.73371905]

rule1: 210.996 < cement < 282.240
probabilities_array:[0.22889276 0.         0.77110726]


---1---
rule3: cement > 353.483
probabilities_array:[0.        0.6870765 0.3129235]

rule30: 44.686 < age < 86.579
probabilities_array:[0.         0.6571965  0.34280348]

rule31: age > 86.579
probabilities_array:[0.         0.64000404 0.35999593]

rule8: fly_ash < 9.054
probabilities_array:[0.        0.6091603 0.3908397]

rule9: 9.054 < fly_ash < 52.146
probabilities_array:[0.         0.5994182  0.40058175]

rule12: water < 167.340
probabilities_array:[0.         0.5382377  0.46176228]

rule24: fine_aggregate < 718.264
probabilities_array:[0.         0.5090838  0.49091616]

rule6: 75.418 < blast_furnace_slag < 134.587
probabilities_array:[0.        0.5074444 0.4925556]

rule20: coarse_aggregate < 920.978
probabilities_array:[0.        0.4798059 0.5201941]

rule11: fly_ash > 95.239
probabilities_array:[0.         0.44896248 0.55103755]

rule19: superplasticizer > 10.052
probabilities_array:[0.         0.37355748 0.6264425 ]

rule18: 6.051 < superplasticizer < 10.052
probabilities_array:[0.         0.35481483 0.6451852 ]

rule21: 920.978 < coarse_aggregate < 974.017
probabilities_array:[0.         0.34340426 0.6565957 ]

rule2: 282.240 < cement < 353.483
probabilities_array:[0.         0.34292257 0.65707743]

rule13: 167.340 < water < 181.657
probabilities_array:[0.         0.27798542 0.7220146 ]

rule17: 2.050 < superplasticizer < 6.051
probabilities_array:[0.         0.25038353 0.7496165 ]

rule22: 974.017 < coarse_aggregate < 1027.055
probabilities_array:[0.         0.22608176 0.7739182 ]

rule10: 52.146 < fly_ash < 95.239
probabilities_array:[0.         0.21024056 0.78975946]

