R2: 0.8578743561811618


MAE: 4.717732427104294


Accuracy: 0.8259269865236596


F1: 0.8264705882352941


Most important rules
-----------------------------

---0---
rule28: age < 1.756
probabilities_array:[0.86080325 0.         0.13919675]

rule29: 1.756 < age < 44.139
probabilities_array:[0.68514365 0.         0.31485638]

rule15: water > 194.933
probabilities_array:[0.6084787 0.        0.3915213]

rule27: fine_aggregate > 826.543
probabilities_array:[0.603572 0.       0.396428]

rule0: cement < 213.029
probabilities_array:[0.59919846 0.         0.40080154]

rule14: 180.556 < water < 194.933
probabilities_array:[0.43405053 0.         0.5659495 ]

rule16: superplasticizer < 2.209
probabilities_array:[0.38535964 0.         0.61464036]

rule26: 772.708 < fine_aggregate < 826.543
probabilities_array:[0.37854052 0.         0.6214595 ]


---1---
rule30: 44.139 < age < 86.523
probabilities_array:[0.         0.7375987  0.26240128]

rule31: age > 86.523
probabilities_array:[0.         0.70536566 0.29463434]

rule3: cement > 355.913
probabilities_array:[0.         0.61957836 0.3804216 ]

rule24: fine_aggregate < 718.874
probabilities_array:[0.         0.541144   0.45885602]

rule12: water < 166.179
probabilities_array:[0.         0.5148193  0.48518068]

rule8: fly_ash < 12.436
probabilities_array:[0.         0.46595153 0.5340485 ]

rule10: 56.097 < fly_ash < 99.758
probabilities_array:[0.        0.4598325 0.5401675]

rule20: coarse_aggregate < 924.779
probabilities_array:[0.         0.45381275 0.5461872 ]

rule19: superplasticizer > 10.440
probabilities_array:[0.         0.45022768 0.5497723 ]

rule9: 12.436 < fly_ash < 56.097
probabilities_array:[0.         0.43672183 0.5632782 ]

rule18: 6.325 < superplasticizer < 10.440
probabilities_array:[0.         0.39365137 0.60634863]

rule2: 284.471 < cement < 355.913
probabilities_array:[0.         0.39122418 0.6087758 ]

rule17: 2.209 < superplasticizer < 6.325
probabilities_array:[0.         0.35040385 0.64959615]

rule6: 68.434 < blast_furnace_slag < 124.736
probabilities_array:[0.         0.33209896 0.66790104]

rule13: 166.179 < water < 180.556
probabilities_array:[0.00236454 0.28822252 0.70941293]

rule5: 12.133 < blast_furnace_slag < 68.434
probabilities_array:[0.04664863 0.24252781 0.7108235 ]

rule7: blast_furnace_slag > 124.736
probabilities_array:[0.         0.24445957 0.75554043]

