R2: 0.8022424615061913


MAE: 5.894345382013549


Accuracy: 0.8581165669773265


F1: 0.8588235294117647


Most important rules
-----------------------------

---0---
rule28: age < 3.469
probabilities_array:[0.8981942  0.         0.10180581]

rule15: water > 196.562
probabilities_array:[0.722451   0.         0.27754903]

rule0: cement < 211.376
probabilities_array:[0.71589494 0.         0.28410506]

rule27: fine_aggregate > 826.241
probabilities_array:[0.6735551  0.         0.32644492]

rule16: superplasticizer < 2.043
probabilities_array:[0.46393275 0.         0.53606725]

rule29: 3.469 < age < 45.090
probabilities_array:[0.45522934 0.00723163 0.537539  ]

rule14: 182.147 < water < 196.562
probabilities_array:[0.4101453  0.         0.58985466]

rule26: 771.951 < fine_aggregate < 826.241
probabilities_array:[0.30042034 0.         0.69957966]

rule1: 211.376 < cement < 283.887
probabilities_array:[0.29706445 0.         0.7029356 ]

rule11: fly_ash > 97.381
probabilities_array:[0.20616224 0.0120782  0.7817595 ]


---1---
rule31: age > 86.711
probabilities_array:[0.         0.86328197 0.136718  ]

rule30: 45.090 < age < 86.711
probabilities_array:[0.         0.7658395  0.23416051]

rule12: water < 167.732
probabilities_array:[0.         0.73685193 0.2631481 ]

rule3: cement > 356.398
probabilities_array:[0.        0.6563474 0.3436526]

rule24: fine_aggregate < 717.661
probabilities_array:[0.         0.57645756 0.4235424 ]

rule10: 54.305 < fly_ash < 97.381
probabilities_array:[0.         0.53016883 0.4698312 ]

rule7: blast_furnace_slag > 126.403
probabilities_array:[0.         0.48490664 0.5150933 ]

rule13: 167.732 < water < 182.147
probabilities_array:[0.         0.47264943 0.52735054]

rule19: superplasticizer > 10.151
probabilities_array:[0.         0.44524217 0.55475783]

rule20: coarse_aggregate < 920.838
probabilities_array:[0.        0.4294449 0.5705551]

rule9: 11.229 < fly_ash < 54.305
probabilities_array:[0.         0.32535988 0.6746401 ]

rule21: 920.838 < coarse_aggregate < 973.815
probabilities_array:[0.         0.30394697 0.696053  ]

rule6: 70.420 < blast_furnace_slag < 126.403
probabilities_array:[0.         0.28711694 0.71288306]

rule5: 14.437 < blast_furnace_slag < 70.420
probabilities_array:[0.07269429 0.24852715 0.6787786 ]

rule2: 283.887 < cement < 356.398
probabilities_array:[0.05021745 0.23871738 0.71106523]

rule8: fly_ash < 11.229
probabilities_array:[0.0432963 0.2023808 0.7543228]

