R2: 0.7849499313195651


MAE: 5.968828254719673


Accuracy: 0.8224913856113605


F1: 0.8235294117647058


Most important rules
-----------------------------

---0---
rule29: 1.581 < age < 46.665
probabilities_array:[0.76805025 0.         0.23194973]

rule15: water > 196.174
probabilities_array:[0.60286784 0.         0.39713213]

rule0: cement < 208.253
probabilities_array:[0.556526   0.         0.44347396]

rule27: fine_aggregate > 828.166
probabilities_array:[0.55328953 0.         0.44671044]

rule16: superplasticizer < 2.148
probabilities_array:[0.4211661  0.         0.57883394]

rule14: 182.054 < water < 196.174
probabilities_array:[0.41842058 0.         0.58157945]

rule1: 208.253 < cement < 277.427
probabilities_array:[0.23150478 0.         0.7684952 ]


---1---
rule31: age > 91.749
probabilities_array:[0.         0.7006383  0.29936168]

rule8: fly_ash < 10.081
probabilities_array:[0.         0.5724729  0.42752713]

rule30: 46.665 < age < 91.749
probabilities_array:[0.         0.5711653  0.42883468]

rule6: 74.649 < blast_furnace_slag < 133.309
probabilities_array:[0.        0.5425033 0.4574967]

rule24: fine_aggregate < 722.452
probabilities_array:[0.         0.5289809  0.47101912]

rule20: coarse_aggregate < 920.183
probabilities_array:[0.         0.5264493  0.47355068]

rule3: cement > 346.601
probabilities_array:[0.         0.5245578  0.47544217]

rule17: 2.148 < superplasticizer < 6.147
probabilities_array:[0.        0.5179187 0.4820813]

rule12: water < 167.935
probabilities_array:[0.         0.45194376 0.54805624]

rule18: 6.147 < superplasticizer < 10.146
probabilities_array:[0.         0.43834648 0.5616535 ]

rule19: superplasticizer > 10.146
probabilities_array:[0.         0.4126831  0.58731693]

rule2: 277.427 < cement < 346.601
probabilities_array:[0.        0.3915412 0.6084588]

rule5: 15.989 < blast_furnace_slag < 74.649
probabilities_array:[0.         0.3226007  0.67739934]

rule21: 920.183 < coarse_aggregate < 973.276
probabilities_array:[0.         0.31238255 0.6876174 ]

rule9: 10.081 < fly_ash < 52.820
probabilities_array:[0.05607487 0.20399904 0.7399261 ]

