R2: 0.8615271378452839


MAE: 4.482141323068299


Accuracy: 0.7993055555555556


F1: 0.8


Most important rules
-----------------------------

---0---
rule28: age < 2.819
probabilities_array:[0.8701397  0.         0.12986025]

rule15: water > 195.676
probabilities_array:[0.72348213 0.         0.27651784]

rule29: 2.819 < age < 45.619
probabilities_array:[0.68763673 0.         0.3123633 ]

rule0: cement < 214.023
probabilities_array:[0.67104334 0.         0.32895663]

rule27: fine_aggregate > 828.209
probabilities_array:[0.5511793  0.         0.44882068]

rule16: superplasticizer < 2.145
probabilities_array:[0.4799483  0.         0.52005166]

rule1: 214.023 < cement < 283.885
probabilities_array:[0.3600187  0.         0.63998127]

rule14: 181.318 < water < 195.676
probabilities_array:[0.2684781  0.03468957 0.69683236]


---1---
rule31: age > 88.419
probabilities_array:[0.         0.7982186  0.20178138]

rule9: 9.286 < fly_ash < 52.157
probabilities_array:[0.         0.64277667 0.35722336]

rule30: 45.619 < age < 88.419
probabilities_array:[0.         0.5763589  0.42364106]

rule24: fine_aggregate < 720.510
probabilities_array:[0.         0.56456745 0.43543258]

rule12: water < 166.961
probabilities_array:[0.         0.5364987  0.46350124]

rule20: coarse_aggregate < 920.251
probabilities_array:[0.         0.52912873 0.4708713 ]

rule3: cement > 353.747
probabilities_array:[0.         0.51116943 0.4888306 ]

rule8: fly_ash < 9.286
probabilities_array:[0.         0.44939902 0.550601  ]

rule19: superplasticizer > 10.230
probabilities_array:[0.         0.44281632 0.5571837 ]

rule6: 74.166 < blast_furnace_slag < 132.060
probabilities_array:[0.         0.38198453 0.61801547]

rule10: 52.157 < fly_ash < 95.028
probabilities_array:[0.         0.37712908 0.6228709 ]

rule18: 6.188 < superplasticizer < 10.230
probabilities_array:[0.        0.3576284 0.6423716]

rule21: 920.251 < coarse_aggregate < 972.724
probabilities_array:[0.         0.35343665 0.64656335]

rule22: 972.724 < coarse_aggregate < 1025.197
probabilities_array:[0.        0.3481324 0.6518676]

rule13: 166.961 < water < 181.318
probabilities_array:[0.         0.29638934 0.70361066]

rule7: blast_furnace_slag > 132.060
probabilities_array:[0.         0.28418598 0.715814  ]

rule5: 16.272 < blast_furnace_slag < 74.166
probabilities_array:[0.0198438  0.24354622 0.73661   ]

