R2: 0.7328644407701411


MAE: 6.147205788541777


Accuracy: 0.8365027322404371


F1: 0.8382352941176471


Most important rules
-----------------------------

---0---
rule28: age < 3.055
probabilities_array:[0.9608282 0.        0.0391718]

rule27: fine_aggregate > 828.309
probabilities_array:[0.76604795 0.         0.23395208]

rule15: water > 195.929
probabilities_array:[0.752187   0.         0.24781297]

rule0: cement < 210.821
probabilities_array:[0.7236069  0.         0.27639315]

rule29: 3.055 < age < 43.246
probabilities_array:[0.4959586 0.        0.5040414]

rule14: 181.694 < water < 195.929
probabilities_array:[0.4689734 0.        0.5310266]

rule16: superplasticizer < 2.048
probabilities_array:[0.46818033 0.         0.5318197 ]

rule23: coarse_aggregate > 1026.989
probabilities_array:[0.25000724 0.00195819 0.7480346 ]

rule5: 12.942 < blast_furnace_slag < 71.132
probabilities_array:[0.20880671 0.00538913 0.78580415]


---1---
rule31: age > 83.438
probabilities_array:[0.         0.8738346  0.12616538]

rule3: cement > 353.828
probabilities_array:[0.         0.78347063 0.2165294 ]

rule12: water < 167.459
probabilities_array:[0.        0.7136802 0.2863198]

rule30: 43.246 < age < 83.438
probabilities_array:[0.         0.711716   0.28828397]

rule24: fine_aggregate < 719.299
probabilities_array:[0.         0.6690346  0.33096537]

rule10: 54.509 < fly_ash < 97.460
probabilities_array:[0.         0.57822156 0.42177847]

rule20: coarse_aggregate < 919.837
probabilities_array:[0.         0.51722014 0.48277983]

rule9: 11.558 < fly_ash < 54.509
probabilities_array:[0.        0.4420104 0.5579896]

rule19: superplasticizer > 10.198
probabilities_array:[0.        0.4234264 0.5765736]

rule7: blast_furnace_slag > 129.322
probabilities_array:[0.         0.41406694 0.585933  ]

rule2: 282.325 < cement < 353.828
probabilities_array:[0.         0.37864512 0.6213549 ]

rule6: 71.132 < blast_furnace_slag < 129.322
probabilities_array:[0.         0.36732566 0.63267434]

rule13: 167.459 < water < 181.694
probabilities_array:[0.         0.3601325  0.63986754]

rule17: 2.048 < superplasticizer < 6.123
probabilities_array:[0.        0.3316564 0.6683436]

rule8: fly_ash < 11.558
probabilities_array:[0.02705443 0.28238627 0.69055927]

rule21: 919.837 < coarse_aggregate < 973.413
probabilities_array:[0.00298454 0.26238155 0.73463386]

rule18: 6.123 < superplasticizer < 10.198
probabilities_array:[0.0055159  0.21174437 0.78273976]

