R2: 0.8669647554528781


MAE: 4.761791141544709


Accuracy: 0.8351515151515152


F1: 0.8352941176470589


Most important rules
-----------------------------

---0---
rule28: age < 2.233
probabilities_array:[0.79611355 0.         0.20388642]

rule29: 2.233 < age < 46.230
probabilities_array:[0.7040635 0.        0.2959365]

rule15: water > 195.753
probabilities_array:[0.6784718 0.        0.3215282]

rule0: cement < 209.198
probabilities_array:[0.59554887 0.         0.4044511 ]

rule27: fine_aggregate > 829.677
probabilities_array:[0.4580451  0.         0.54195493]

rule16: superplasticizer < 2.252
probabilities_array:[0.4330036 0.        0.5669964]

rule14: 181.234 < water < 195.753
probabilities_array:[0.31311268 0.         0.6868873 ]

rule11: fly_ash > 99.086
probabilities_array:[0.25717393 0.         0.74282604]

rule23: coarse_aggregate > 1027.216
probabilities_array:[0.20912449 0.         0.7908755 ]

rule4: blast_furnace_slag < 14.042
probabilities_array:[0.19748873 0.00646992 0.7960413 ]


---1---
rule31: age > 90.228
probabilities_array:[0.         0.76971334 0.23028666]

rule3: cement > 349.683
probabilities_array:[0.         0.7183661  0.28163394]

rule24: fine_aggregate < 720.068
probabilities_array:[0.         0.69901574 0.30098423]

rule30: 46.230 < age < 90.228
probabilities_array:[0.         0.68704873 0.31295124]

rule2: 279.440 < cement < 349.683
probabilities_array:[0.        0.5571915 0.4428085]

rule19: superplasticizer > 10.014
probabilities_array:[0.         0.5440814  0.45591864]

rule12: water < 166.716
probabilities_array:[0.        0.5376499 0.4623501]

rule20: coarse_aggregate < 922.040
probabilities_array:[0.         0.42673382 0.57326615]

rule17: 2.252 < superplasticizer < 6.133
probabilities_array:[0.         0.40800184 0.59199816]

rule18: 6.133 < superplasticizer < 10.014
probabilities_array:[0.        0.4042924 0.5957076]

rule13: 166.716 < water < 181.234
probabilities_array:[0.         0.33976793 0.66023207]

rule9: 12.082 < fly_ash < 55.584
probabilities_array:[0.         0.32835606 0.671644  ]

rule10: 55.584 < fly_ash < 99.086
probabilities_array:[0.         0.25521785 0.74478215]

rule6: 71.854 < blast_furnace_slag < 129.666
probabilities_array:[0.         0.25165054 0.7483495 ]

