R2: 0.715285629112693


MAE: 7.117673045767386


Accuracy: 0.8705837572234334


F1: 0.8705882352941177


Most important rules
-----------------------------

---0---
rule28: age < 3.779
probabilities_array:[0.9638651  0.         0.03613492]

rule0: cement < 209.203
probabilities_array:[0.8042234  0.         0.19577661]

rule15: water > 194.857
probabilities_array:[0.62571084 0.         0.37428916]

rule16: superplasticizer < 2.121
probabilities_array:[0.62335443 0.         0.37664554]

rule29: 3.779 < age < 43.442
probabilities_array:[0.53844166 0.         0.46155837]

rule27: fine_aggregate > 826.975
probabilities_array:[0.48313078 0.00758071 0.50928855]

rule1: 209.203 < cement < 281.778
probabilities_array:[0.4656926 0.        0.5343074]

rule14: 180.777 < water < 194.857
probabilities_array:[0.38998064 0.         0.6100194 ]


---1---
rule31: age > 83.105
probabilities_array:[0.         0.8093549  0.19064513]

rule30: 43.442 < age < 83.105
probabilities_array:[0.         0.7010452  0.29895478]

rule3: cement > 354.352
probabilities_array:[0.         0.6306888  0.36931118]

rule24: fine_aggregate < 719.591
probabilities_array:[0.         0.61621803 0.38378194]

rule6: 73.952 < blast_furnace_slag < 132.638
probabilities_array:[0.        0.6107152 0.3892848]

rule12: water < 166.698
probabilities_array:[0.         0.52221406 0.47778594]

rule22: 976.457 < coarse_aggregate < 1029.539
probabilities_array:[0.         0.45027763 0.5497224 ]

rule20: coarse_aggregate < 923.374
probabilities_array:[0.         0.44228664 0.5577133 ]

rule19: superplasticizer > 10.331
probabilities_array:[0.         0.42417675 0.57582325]

rule9: 11.496 < fly_ash < 54.839
probabilities_array:[0.         0.41573015 0.5842699 ]

rule21: 923.374 < coarse_aggregate < 976.457
probabilities_array:[0.         0.40048483 0.5995152 ]

rule8: fly_ash < 11.496
probabilities_array:[0.         0.39719927 0.6028007 ]

rule13: 166.698 < water < 180.777
probabilities_array:[0.         0.32291022 0.67708975]

rule7: blast_furnace_slag > 132.638
probabilities_array:[0.        0.3214912 0.6785088]

rule23: coarse_aggregate > 1029.539
probabilities_array:[0.         0.30220968 0.6977903 ]

rule18: 6.226 < superplasticizer < 10.331
probabilities_array:[0.        0.2899591 0.7100409]

rule5: 15.266 < blast_furnace_slag < 73.952
probabilities_array:[0.01675914 0.27815333 0.7050875 ]

rule10: 54.839 < fly_ash < 98.182
probabilities_array:[0.       0.282405 0.717595]

rule2: 281.778 < cement < 354.352
probabilities_array:[0.02858234 0.24744034 0.72397727]

