R2: 0.8095359289745291


MAE: 5.483892366375386


Accuracy: 0.8615623186145835


F1: 0.861764705882353


Most important rules
-----------------------------

---0---
rule28: age < 3.183
probabilities_array:[0.9660083  0.         0.03399171]

rule0: cement < 212.578
probabilities_array:[0.7147364 0.        0.2852636]

rule27: fine_aggregate > 828.616
probabilities_array:[0.6924155  0.         0.30758455]

rule15: water > 195.489
probabilities_array:[0.6697919  0.         0.33020815]

rule16: superplasticizer < 2.013
probabilities_array:[0.5244326 0.        0.4755674]

rule14: 181.230 < water < 195.489
probabilities_array:[0.5039463 0.        0.4960537]

rule29: 3.183 < age < 45.738
probabilities_array:[0.43484682 0.         0.5651532 ]

rule1: 212.578 < cement < 282.453
probabilities_array:[0.33091947 0.         0.6690805 ]

rule4: blast_furnace_slag < 14.463
probabilities_array:[0.26122293 0.         0.73877704]

rule25: 720.507 < fine_aggregate < 774.562
probabilities_array:[0.2215668  0.01120716 0.7672261 ]


---1---
rule31: age > 88.292
probabilities_array:[0.         0.8688129  0.13118707]

rule3: cement > 352.328
probabilities_array:[0.         0.6926391  0.30736092]

rule30: 45.738 < age < 88.292
probabilities_array:[0.         0.6776109  0.32238916]

rule12: water < 166.972
probabilities_array:[0.         0.64045984 0.35954016]

rule24: fine_aggregate < 720.507
probabilities_array:[0.         0.60143137 0.3985686 ]

rule9: 11.193 < fly_ash < 54.029
probabilities_array:[0.        0.5235004 0.4764996]

rule6: 72.757 < blast_furnace_slag < 131.050
probabilities_array:[0.         0.5093748  0.49062523]

rule10: 54.029 < fly_ash < 96.865
probabilities_array:[0.       0.467849 0.532151]

rule8: fly_ash < 11.193
probabilities_array:[0.         0.46582827 0.5341717 ]

rule20: coarse_aggregate < 922.459
probabilities_array:[0.         0.43069792 0.5693021 ]

rule19: superplasticizer > 10.093
probabilities_array:[0.         0.42563424 0.5743658 ]

rule22: 975.405 < coarse_aggregate < 1028.352
probabilities_array:[0.         0.31732753 0.6826725 ]

rule2: 282.453 < cement < 352.328
probabilities_array:[0.00634856 0.3095611  0.6840903 ]

rule21: 922.459 < coarse_aggregate < 975.405
probabilities_array:[0.        0.2888865 0.7111135]

rule17: 2.013 < superplasticizer < 6.053
probabilities_array:[0.         0.28230065 0.71769935]

rule13: 166.972 < water < 181.230
probabilities_array:[0.00176131 0.22811344 0.7701252 ]

rule11: fly_ash > 96.865
probabilities_array:[0.         0.22193436 0.7780656 ]

