R2: 0.5543601009706147


MAE: 8.557677403873864


Accuracy: 0.827688651218063


F1: 0.8294117647058824


Most important rules
-----------------------------

---0---
rule28: age < 3.069
probabilities_array:[0.93247503 0.         0.067525  ]

rule15: water > 195.103
probabilities_array:[0.78665346 0.         0.21334653]

rule0: cement < 209.580
probabilities_array:[0.77336526 0.         0.22663473]

rule27: fine_aggregate > 828.966
probabilities_array:[0.71330714 0.         0.28669286]

rule16: superplasticizer < 2.287
probabilities_array:[0.537838   0.         0.46216202]

rule14: 181.159 < water < 195.103
probabilities_array:[0.3925057 0.        0.6074943]

rule23: coarse_aggregate > 1023.888
probabilities_array:[0.32194152 0.         0.6780585 ]

rule11: fly_ash > 96.009
probabilities_array:[0.30073753 0.         0.6992625 ]

rule4: blast_furnace_slag < 18.260
probabilities_array:[0.24038067 0.         0.75961936]

rule29: 3.069 < age < 43.170
probabilities_array:[0.16207372 0.08867933 0.749247  ]


---1---
rule31: age > 83.270
probabilities_array:[0.         0.93887544 0.06112455]

rule30: 43.170 < age < 83.270
probabilities_array:[0.         0.74533087 0.25466913]

rule3: cement > 347.920
probabilities_array:[0.         0.71390915 0.28609082]

rule24: fine_aggregate < 722.955
probabilities_array:[0.         0.6942039  0.30579612]

rule12: water < 167.215
probabilities_array:[0.         0.66970396 0.33029607]

rule19: superplasticizer > 10.206
probabilities_array:[0.         0.47521192 0.5247881 ]

rule17: 2.287 < superplasticizer < 6.247
probabilities_array:[0.        0.4628356 0.5371644]

rule13: 167.215 < water < 181.159
probabilities_array:[0.         0.43776733 0.5622327 ]

rule6: 77.083 < blast_furnace_slag < 135.905
probabilities_array:[0.        0.4288025 0.5711975]

rule20: coarse_aggregate < 920.345
probabilities_array:[0.         0.31308714 0.6869129 ]

rule2: 278.750 < cement < 347.920
probabilities_array:[0.01651601 0.28779262 0.69569135]

rule10: 53.319 < fly_ash < 96.009
probabilities_array:[0.         0.27947798 0.72052205]

rule18: 6.247 < superplasticizer < 10.206
probabilities_array:[0.         0.22073698 0.779263  ]

rule8: fly_ash < 10.628
probabilities_array:[0.03762551 0.18655708 0.7758174 ]

