R2: 0.7690121810824653


MAE: 6.218526437022023


Accuracy: 0.8554308871128697


F1: 0.8558823529411764


Most important rules
-----------------------------

---0---
rule28: age < 3.288
probabilities_array:[0.96355146 0.         0.03644854]

rule0: cement < 209.249
probabilities_array:[0.671628 0.       0.328372]

rule27: fine_aggregate > 828.266
probabilities_array:[0.66465753 0.         0.33534244]

rule15: water > 195.372
probabilities_array:[0.6224378  0.         0.37756222]

rule29: 3.288 < age < 44.403
probabilities_array:[0.61761177 0.         0.38238823]

rule16: superplasticizer < 2.198
probabilities_array:[0.5391785 0.        0.4608215]

rule14: 181.255 < water < 195.372
probabilities_array:[0.27956495 0.         0.720435  ]

rule26: 776.107 < fine_aggregate < 828.266
probabilities_array:[0.20687988 0.01583283 0.77728736]

rule1: 209.249 < cement < 278.558
probabilities_array:[0.20934014 0.         0.79065984]

rule4: blast_furnace_slag < 15.688
probabilities_array:[0.20186445 0.         0.7981355 ]


---1---
rule31: age > 85.518
probabilities_array:[0.         0.77789456 0.22210541]

rule30: 44.403 < age < 85.518
probabilities_array:[0.        0.7299313 0.2700687]

rule3: cement > 347.867
probabilities_array:[0.         0.72671485 0.27328515]

rule10: 54.702 < fly_ash < 97.875
probabilities_array:[0.         0.5539445  0.44605547]

rule9: 11.529 < fly_ash < 54.702
probabilities_array:[0.        0.5536639 0.4463361]

rule12: water < 167.138
probabilities_array:[0.         0.50475866 0.49524134]

rule19: superplasticizer > 10.267
probabilities_array:[0.        0.4771875 0.5228125]

rule8: fly_ash < 11.529
probabilities_array:[0.         0.46478036 0.53521967]

rule6: 73.657 < blast_furnace_slag < 131.626
probabilities_array:[0.         0.45281312 0.5471869 ]

rule24: fine_aggregate < 723.948
probabilities_array:[0.         0.45054266 0.5494574 ]

rule20: coarse_aggregate < 922.397
probabilities_array:[0.        0.4267252 0.5732748]

rule2: 278.558 < cement < 347.867
probabilities_array:[0.         0.38522103 0.614779  ]

rule18: 6.233 < superplasticizer < 10.267
probabilities_array:[0.         0.36349434 0.63650566]

rule11: fly_ash > 97.875
probabilities_array:[0.         0.32054487 0.67945516]

rule5: 15.688 < blast_furnace_slag < 73.657
probabilities_array:[0.03963335 0.29849356 0.66187304]

rule7: blast_furnace_slag > 131.626
probabilities_array:[0.         0.28253174 0.71746826]

rule21: 922.397 < coarse_aggregate < 973.909
probabilities_array:[0.         0.25745207 0.7425479 ]

rule17: 2.198 < superplasticizer < 6.233
probabilities_array:[0.         0.21598403 0.78401595]

