R2: 0.8399318801590202


MAE: 4.8274076701526045


Accuracy: 0.8646637361115919


F1: 0.8647058823529412


Most important rules
-----------------------------

---0---
rule28: age < 3.297
probabilities_array:[0.97602457 0.         0.02397545]

rule0: cement < 212.441
probabilities_array:[0.7448123 0.        0.2551877]

rule15: water > 195.621
probabilities_array:[0.6810141 0.        0.3189859]

rule29: 3.297 < age < 47.019
probabilities_array:[0.63054967 0.         0.3694503 ]

rule27: fine_aggregate > 826.998
probabilities_array:[0.524737   0.00668347 0.4685795 ]

rule16: superplasticizer < 2.093
probabilities_array:[0.5182052  0.         0.48179474]

rule1: 212.441 < cement < 283.105
probabilities_array:[0.4007506  0.         0.59924936]

rule14: 181.515 < water < 195.621
probabilities_array:[0.36579776 0.         0.63420224]

rule26: 774.082 < fine_aggregate < 826.998
probabilities_array:[0.2570958  0.03546961 0.70743454]

rule25: 721.167 < fine_aggregate < 774.082
probabilities_array:[0.20410329 0.05111495 0.7447818 ]


---1---
rule31: age > 90.740
probabilities_array:[0.        0.8093633 0.1906367]

rule3: cement > 353.769
probabilities_array:[0.         0.72957593 0.27042407]

rule30: 47.019 < age < 90.740
probabilities_array:[0.         0.6801118  0.31988817]

rule6: 74.005 < blast_furnace_slag < 133.249
probabilities_array:[0.         0.6325445  0.36745548]

rule12: water < 167.410
probabilities_array:[0.         0.60225254 0.39774746]

rule24: fine_aggregate < 721.167
probabilities_array:[0.         0.54375994 0.45624003]

rule8: fly_ash < 10.525
probabilities_array:[0.         0.52694917 0.47305086]

rule19: superplasticizer > 10.062
probabilities_array:[0.         0.43779385 0.56220615]

rule13: 167.410 < water < 181.515
probabilities_array:[0.         0.35030475 0.6496953 ]

rule7: blast_furnace_slag > 133.249
probabilities_array:[0.         0.34593484 0.65406513]

rule9: 10.525 < fly_ash < 53.001
probabilities_array:[0.0183771  0.33411905 0.64750385]

rule10: 53.001 < fly_ash < 95.476
probabilities_array:[0.         0.33006865 0.66993135]

rule21: 923.526 < coarse_aggregate < 974.421
probabilities_array:[0.         0.31175014 0.6882498 ]

rule11: fly_ash > 95.476
probabilities_array:[0.        0.3090967 0.6909033]

rule18: 6.078 < superplasticizer < 10.062
probabilities_array:[0.         0.28711852 0.71288145]

rule2: 283.105 < cement < 353.769
probabilities_array:[0.03343438 0.26772812 0.69883746]

rule20: coarse_aggregate < 923.526
probabilities_array:[0.0027215  0.2787729  0.71850556]

rule5: 14.760 < blast_furnace_slag < 74.005
probabilities_array:[0.00680936 0.22316836 0.7700223 ]

