R2: 0.7828018454246748


MAE: 6.167782701854795


Accuracy: 0.8614951245937161


F1: 0.861764705882353


Most important rules
-----------------------------

---0---
rule28: age < 5.239
probabilities_array:[0.91897595 0.         0.08102403]

rule15: water > 195.882
probabilities_array:[0.77100766 0.         0.22899237]

rule27: fine_aggregate > 829.928
probabilities_array:[0.71356404 0.         0.28643593]

rule0: cement < 208.219
probabilities_array:[0.56214684 0.         0.43785316]

rule29: 5.239 < age < 45.845
probabilities_array:[0.47489738 0.         0.5251026 ]

rule14: 181.529 < water < 195.882
probabilities_array:[0.44176257 0.         0.55823743]

rule26: 776.932 < fine_aggregate < 829.928
probabilities_array:[0.39978385 0.         0.60021615]

rule16: superplasticizer < 2.176
probabilities_array:[0.38985634 0.         0.61014366]

rule11: fly_ash > 99.319
probabilities_array:[0.2701848 0.        0.7298152]

rule25: 723.936 < fine_aggregate < 776.932
probabilities_array:[2.3026539e-01 5.6960527e-04 7.6916498e-01]


---1---
rule31: age > 86.451
probabilities_array:[0.         0.87224036 0.12775964]

rule30: 45.845 < age < 86.451
probabilities_array:[0.         0.7734585  0.22654155]

rule3: cement > 346.874
probabilities_array:[0.         0.70554936 0.29445067]

rule12: water < 167.175
probabilities_array:[0.         0.61253774 0.38746226]

rule2: 277.547 < cement < 346.874
probabilities_array:[0.         0.54918784 0.45081216]

rule24: fine_aggregate < 723.936
probabilities_array:[0.         0.54545856 0.45454144]

rule9: 12.513 < fly_ash < 55.916
probabilities_array:[0.         0.49850613 0.50149393]

rule6: 72.096 < blast_furnace_slag < 129.132
probabilities_array:[0.         0.42962244 0.5703776 ]

rule17: 2.176 < superplasticizer < 6.217
probabilities_array:[0.        0.4274144 0.5725856]

rule18: 6.217 < superplasticizer < 10.258
probabilities_array:[0.       0.418437 0.581563]

rule10: 55.916 < fly_ash < 99.319
probabilities_array:[0.         0.40728778 0.5927122 ]

rule19: superplasticizer > 10.258
probabilities_array:[0.        0.3944431 0.6055569]

rule8: fly_ash < 12.513
probabilities_array:[0.02943022 0.3399933  0.6305765 ]

rule13: 167.175 < water < 181.529
probabilities_array:[0.         0.35220662 0.6477934 ]

rule20: coarse_aggregate < 919.079
probabilities_array:[0.         0.3306854  0.66931456]

rule5: 15.059 < blast_furnace_slag < 72.096
probabilities_array:[0.10049168 0.23519154 0.6643168 ]

rule7: blast_furnace_slag > 129.132
probabilities_array:[0.         0.22327396 0.77672607]

