R2: 0.8568483822409122


MAE: 4.848731835619283


Accuracy: 0.8674532837799205


F1: 0.8676470588235294


Most important rules
-----------------------------

---0---
rule28: age < 3.856
probabilities_array:[0.9675457  0.         0.03245432]

rule0: cement < 211.339
probabilities_array:[0.70633376 0.         0.29366624]

rule15: water > 195.774
probabilities_array:[0.70254326 0.         0.29745677]

rule27: fine_aggregate > 826.953
probabilities_array:[0.5928554  0.         0.40714458]

rule29: 3.856 < age < 45.662
probabilities_array:[0.474977 0.       0.525023]

rule16: superplasticizer < 2.179
probabilities_array:[0.39955008 0.         0.6004499 ]

rule14: 181.238 < water < 195.774
probabilities_array:[0.38808784 0.         0.6119122 ]

rule1: 211.339 < cement < 281.551
probabilities_array:[0.3519717 0.        0.6480283]

rule4: blast_furnace_slag < 15.397
probabilities_array:[0.28324243 0.         0.7167576 ]

rule25: 718.035 < fine_aggregate < 772.494
probabilities_array:[0.27361727 0.         0.72638273]

rule26: 772.494 < fine_aggregate < 826.953
probabilities_array:[0.2538145 0.        0.7461855]

rule11: fly_ash > 98.956
probabilities_array:[0.1901318  0.06196438 0.7479038 ]


---1---
rule31: age > 87.469
probabilities_array:[0.        0.8661343 0.1338657]

rule30: 45.662 < age < 87.469
probabilities_array:[0.         0.81781167 0.18218832]

rule3: cement > 351.764
probabilities_array:[0.         0.78893894 0.21106105]

rule12: water < 166.702
probabilities_array:[0.         0.6174312  0.38256878]

rule24: fine_aggregate < 718.035
probabilities_array:[0.         0.5648392  0.43516082]

rule19: superplasticizer > 10.213
probabilities_array:[0.        0.5241146 0.4758854]

rule9: 10.950 < fly_ash < 54.953
probabilities_array:[0.         0.5033673  0.49663273]

rule18: 6.196 < superplasticizer < 10.213
probabilities_array:[0.         0.42449346 0.57550657]

rule10: 54.953 < fly_ash < 98.956
probabilities_array:[0.         0.39793643 0.6020636 ]

rule2: 281.551 < cement < 351.764
probabilities_array:[0.         0.39493623 0.60506374]

rule6: 73.580 < blast_furnace_slag < 131.762
probabilities_array:[0.         0.39266852 0.60733145]

rule20: coarse_aggregate < 921.605
probabilities_array:[0.         0.37159115 0.62840885]

rule7: blast_furnace_slag > 131.762
probabilities_array:[0.         0.35224113 0.64775884]

rule13: 166.702 < water < 181.238
probabilities_array:[0.         0.33808133 0.6619187 ]

rule17: 2.179 < superplasticizer < 6.196
probabilities_array:[0.00315209 0.3053574  0.69149053]

rule22: 975.000 < coarse_aggregate < 1028.394
probabilities_array:[0.        0.2770407 0.7229593]

rule8: fly_ash < 10.950
probabilities_array:[0.06160218 0.1823064  0.7560914 ]

