R2: 0.6636154786050581


MAE: 7.019273706469026


Accuracy: 0.8495301069950277


F1: 0.85


Most important rules
-----------------------------

---0---
rule28: age < 3.287
probabilities_array:[0.904003   0.         0.09599698]

rule0: cement < 208.062
probabilities_array:[0.77663445 0.         0.22336555]

rule15: water > 195.973
probabilities_array:[0.7682182 0.        0.2317818]

rule27: fine_aggregate > 826.629
probabilities_array:[0.7224043  0.         0.27759573]

rule26: 772.226 < fine_aggregate < 826.629
probabilities_array:[0.44915378 0.         0.5508462 ]

rule14: 181.641 < water < 195.973
probabilities_array:[0.4041767 0.        0.5958233]

rule16: superplasticizer < 2.277
probabilities_array:[0.34834376 0.         0.65165627]

rule4: blast_furnace_slag < 16.259
probabilities_array:[0.3359288 0.        0.6640712]

rule25: 717.822 < fine_aggregate < 772.226
probabilities_array:[0.32962933 0.00227922 0.6680915 ]

rule29: 3.287 < age < 45.555
probabilities_array:[0.28979546 0.02717003 0.68303454]

rule1: 208.062 < cement < 280.245
probabilities_array:[0.28734398 0.         0.712656  ]

rule11: fly_ash > 98.643
probabilities_array:[0.18295218 0.05537864 0.76166916]


---1---
rule31: age > 87.824
probabilities_array:[0.         0.8764818  0.12351821]

rule30: 45.555 < age < 87.824
probabilities_array:[0.         0.8048117  0.19518831]

rule3: cement > 352.428
probabilities_array:[0.         0.6335281  0.36647186]

rule12: water < 167.310
probabilities_array:[0.         0.61345077 0.38654926]

rule9: 11.659 < fly_ash < 55.151
probabilities_array:[0.         0.56658596 0.433414  ]

rule24: fine_aggregate < 717.822
probabilities_array:[0.         0.52282876 0.47717124]

rule20: coarse_aggregate < 919.706
probabilities_array:[0.         0.49930617 0.5006938 ]

rule17: 2.277 < superplasticizer < 6.290
probabilities_array:[0.         0.4809204  0.51907957]

rule19: superplasticizer > 10.302
probabilities_array:[0.        0.4555328 0.5444672]

rule6: 74.955 < blast_furnace_slag < 133.651
probabilities_array:[0.         0.44648832 0.5535117 ]

rule8: fly_ash < 11.659
probabilities_array:[8.6757333e-05 4.3565077e-01 5.6426251e-01]

rule13: 167.310 < water < 181.641
probabilities_array:[0.        0.4148819 0.5851181]

rule5: 16.259 < blast_furnace_slag < 74.955
probabilities_array:[0.        0.4072563 0.5927437]

rule18: 6.290 < superplasticizer < 10.302
probabilities_array:[0.         0.387391   0.61260897]

rule10: 55.151 < fly_ash < 98.643
probabilities_array:[0.         0.38092646 0.6190735 ]

rule21: 919.706 < coarse_aggregate < 972.170
probabilities_array:[0.         0.3807716  0.61922836]

rule22: 972.170 < coarse_aggregate < 1024.633
probabilities_array:[0.         0.32176653 0.6782335 ]

rule2: 280.245 < cement < 352.428
probabilities_array:[0.03709837 0.25848523 0.7044164 ]

