R2: 0.8075558705464556


MAE: 6.03830135394287


Accuracy: 0.8262165276225624


F1: 0.8264705882352941


Most important rules
-----------------------------

---0---
rule28: age < 3.018
probabilities_array:[0.9505491  0.         0.04945085]

rule15: water > 196.154
probabilities_array:[0.77281445 0.         0.22718555]

rule27: fine_aggregate > 827.756
probabilities_array:[0.661431   0.         0.33856896]

rule0: cement < 210.922
probabilities_array:[0.60022956 0.         0.3997704 ]

rule29: 3.018 < age < 45.886
probabilities_array:[0.5646717 0.        0.4353283]

rule14: 181.827 < water < 196.154
probabilities_array:[0.51686543 0.         0.4831346 ]

rule16: superplasticizer < 2.062
probabilities_array:[0.4259328  0.         0.57406723]

rule26: 773.901 < fine_aggregate < 827.756
probabilities_array:[0.38775596 0.         0.61224407]

rule25: 720.046 < fine_aggregate < 773.901
probabilities_array:[0.36806017 0.         0.6319398 ]

rule23: coarse_aggregate > 1026.111
probabilities_array:[0.26410168 0.         0.7358983 ]


---1---
rule31: age > 88.753
probabilities_array:[0.         0.85325766 0.14674234]

rule3: cement > 350.346
probabilities_array:[0.         0.81398094 0.18601905]

rule30: 45.886 < age < 88.753
probabilities_array:[0.         0.7107517  0.28924832]

rule12: water < 167.500
probabilities_array:[0.         0.5817958  0.41820416]

rule18: 5.972 < superplasticizer < 9.882
probabilities_array:[0.         0.51325136 0.48674864]

rule6: 73.216 < blast_furnace_slag < 131.755
probabilities_array:[0.         0.5099279  0.49007207]

rule24: fine_aggregate < 720.046
probabilities_array:[0.         0.5065619  0.49343812]

rule2: 280.634 < cement < 350.346
probabilities_array:[0.         0.48123276 0.51876724]

rule19: superplasticizer > 9.882
probabilities_array:[0.         0.47696167 0.5230383 ]

rule8: fly_ash < 10.883
probabilities_array:[0.00895236 0.43652004 0.5545276 ]

rule17: 2.062 < superplasticizer < 5.972
probabilities_array:[0.         0.40134615 0.59865385]

rule10: 53.616 < fly_ash < 96.349
probabilities_array:[0.         0.38542324 0.61457676]

rule7: blast_furnace_slag > 131.755
probabilities_array:[0.         0.33769572 0.6623043 ]

rule21: 921.493 < coarse_aggregate < 973.802
probabilities_array:[0.         0.30003133 0.6999687 ]

rule13: 167.500 < water < 181.827
probabilities_array:[0.        0.2614393 0.7385607]

rule5: 14.677 < blast_furnace_slag < 73.216
probabilities_array:[0.11062271 0.15918756 0.73018974]

