R2: 0.6211722942114692


MAE: 8.207727235806363


Accuracy: 0.861763510064966


F1: 0.861764705882353


Most important rules
-----------------------------

---0---
rule28: age < 3.690
probabilities_array:[0.9741667  0.         0.02583333]

rule0: cement < 210.134
probabilities_array:[0.75015163 0.         0.24984837]

rule15: water > 196.780
probabilities_array:[0.7042335  0.         0.29576647]

rule29: 3.690 < age < 46.259
probabilities_array:[0.6789909  0.         0.32100913]

rule27: fine_aggregate > 828.173
probabilities_array:[0.5670771  0.0018455  0.43107736]

rule16: superplasticizer < 2.112
probabilities_array:[0.4698458  0.         0.53015417]

rule1: 210.134 < cement < 279.697
probabilities_array:[0.4291787 0.        0.5708213]

rule14: 182.212 < water < 196.780
probabilities_array:[0.42111313 0.         0.57888687]


---1---
rule31: age > 88.829
probabilities_array:[0.         0.7903065  0.20969348]

rule30: 46.259 < age < 88.829
probabilities_array:[0.         0.6495994  0.35040063]

rule24: fine_aggregate < 720.756
probabilities_array:[0.         0.6402497  0.35975027]

rule3: cement > 349.259
probabilities_array:[0.         0.62016124 0.37983876]

rule12: water < 167.643
probabilities_array:[0.         0.56594336 0.43405667]

rule9: 11.513 < fly_ash < 54.447
probabilities_array:[0.         0.53584915 0.46415085]

rule19: superplasticizer > 10.261
probabilities_array:[0.        0.5230055 0.4769945]

rule8: fly_ash < 11.513
probabilities_array:[0.         0.47225043 0.52774954]

rule6: 72.572 < blast_furnace_slag < 130.621
probabilities_array:[0.         0.46133202 0.538668  ]

rule21: 921.267 < coarse_aggregate < 973.439
probabilities_array:[0.         0.43166995 0.56833005]

rule18: 6.187 < superplasticizer < 10.261
probabilities_array:[0.        0.3963033 0.6036967]

rule10: 54.447 < fly_ash < 97.380
probabilities_array:[0.         0.38779384 0.61220616]

rule2: 279.697 < cement < 349.259
probabilities_array:[0.         0.34353957 0.6564604 ]

rule20: coarse_aggregate < 921.267
probabilities_array:[0.         0.3424537  0.65754634]

rule17: 2.112 < superplasticizer < 6.187
probabilities_array:[0.         0.33879897 0.661201  ]

rule13: 167.643 < water < 182.212
probabilities_array:[0.         0.31361452 0.68638545]

rule5: 14.523 < blast_furnace_slag < 72.572
probabilities_array:[0.01318646 0.24958879 0.73722476]

rule7: blast_furnace_slag > 130.621
probabilities_array:[0.         0.23832637 0.7616736 ]

rule22: 973.439 < coarse_aggregate < 1025.612
probabilities_array:[0.         0.22536618 0.7746338 ]

