R2: 0.7595678850392859


MAE: 6.313194294722139


Accuracy: 0.8460144927536233


F1: 0.8470588235294118


Most important rules
-----------------------------

---0---
rule28: age < 3.233
probabilities_array:[0.96236867 0.         0.03763135]

rule15: water > 195.768
probabilities_array:[0.73281795 0.         0.26718205]

rule0: cement < 213.860
probabilities_array:[0.723397   0.         0.27660295]

rule29: 3.233 < age < 46.739
probabilities_array:[0.6324629  0.         0.36753708]

rule27: fine_aggregate > 825.085
probabilities_array:[0.55451447 0.00185128 0.44363427]

rule16: superplasticizer < 2.189
probabilities_array:[0.43351415 0.         0.5664859 ]

rule14: 181.452 < water < 195.768
probabilities_array:[0.43039343 0.         0.5696066 ]

rule1: 213.860 < cement < 284.575
probabilities_array:[0.3785093 0.        0.6214907]

rule25: 718.726 < fine_aggregate < 771.905
probabilities_array:[0.3556302  0.00498467 0.6393851 ]

rule26: 771.905 < fine_aggregate < 825.085
probabilities_array:[0.31613737 0.01341787 0.6704448 ]

rule11: fly_ash > 96.935
probabilities_array:[0.20764464 0.03535433 0.75700104]


---1---
rule31: age > 90.245
probabilities_array:[0.         0.82230407 0.17769593]

rule3: cement > 355.290
probabilities_array:[0.        0.7217837 0.2782163]

rule9: 10.068 < fly_ash < 53.501
probabilities_array:[0.         0.7056484  0.29435155]

rule30: 46.739 < age < 90.245
probabilities_array:[0.         0.6655275  0.33447245]

rule17: 2.189 < superplasticizer < 6.330
probabilities_array:[0.         0.57808876 0.42191124]

rule24: fine_aggregate < 718.726
probabilities_array:[0.         0.56628895 0.43371105]

rule18: 6.330 < superplasticizer < 10.471
probabilities_array:[0.         0.5475014  0.45249858]

rule19: superplasticizer > 10.471
probabilities_array:[0.        0.5273674 0.4726326]

rule12: water < 167.135
probabilities_array:[0.         0.47697854 0.52302146]

rule20: coarse_aggregate < 921.138
probabilities_array:[0.         0.42839745 0.5716025 ]

rule5: 15.640 < blast_furnace_slag < 72.587
probabilities_array:[0.         0.41770235 0.5822976 ]

rule22: 974.159 < coarse_aggregate < 1027.180
probabilities_array:[0.         0.41662642 0.58337355]

rule6: 72.587 < blast_furnace_slag < 129.534
probabilities_array:[0.         0.41110918 0.58889085]

rule21: 921.138 < coarse_aggregate < 974.159
probabilities_array:[0.         0.3963286  0.60367143]

rule8: fly_ash < 10.068
probabilities_array:[0.         0.3789681  0.62103194]

rule23: coarse_aggregate > 1027.180
probabilities_array:[0.        0.3746103 0.6253897]

rule10: 53.501 < fly_ash < 96.935
probabilities_array:[0.        0.3022121 0.6977879]

rule7: blast_furnace_slag > 129.534
probabilities_array:[0.         0.30052215 0.69947785]

rule2: 284.575 < cement < 355.290
probabilities_array:[0.04427542 0.2340039  0.72172076]

rule13: 167.135 < water < 181.452
probabilities_array:[0.         0.23156445 0.76843554]

