R2: 0.8275690406844943


MAE: 5.483462222369415


Accuracy: 0.8497803882839099


F1: 0.85


Most important rules
-----------------------------

---0---
rule28: age < 2.755
probabilities_array:[0.87264633 0.         0.1273537 ]

rule15: water > 195.718
probabilities_array:[0.6652394 0.        0.3347606]

rule27: fine_aggregate > 827.594
probabilities_array:[0.65000093 0.         0.34999904]

rule29: 2.755 < age < 45.129
probabilities_array:[0.58070624 0.         0.4192938 ]

rule0: cement < 209.453
probabilities_array:[0.48749033 0.         0.5125097 ]

rule16: superplasticizer < 2.147
probabilities_array:[0.3229077 0.        0.6770923]

rule14: 181.461 < water < 195.718
probabilities_array:[0.30564496 0.00493965 0.6894154 ]

rule11: fly_ash > 97.938
probabilities_array:[0.2775131  0.00411464 0.7183722 ]

rule9: 11.495 < fly_ash < 54.717
probabilities_array:[0.20677996 0.08178047 0.7114396 ]

rule5: 15.982 < blast_furnace_slag < 75.016
probabilities_array:[0.16895828 0.07018115 0.76086056]


---1---
rule31: age > 87.503
probabilities_array:[0.         0.8027299  0.19727011]

rule30: 45.129 < age < 87.503
probabilities_array:[0.         0.72578555 0.27421445]

rule3: cement > 351.322
probabilities_array:[0.         0.66149545 0.33850455]

rule24: fine_aggregate < 719.409
probabilities_array:[0.        0.6193537 0.3806463]

rule12: water < 167.203
probabilities_array:[0.         0.5877879  0.41221207]

rule13: 167.203 < water < 181.461
probabilities_array:[0.         0.51516956 0.48483044]

rule6: 75.016 < blast_furnace_slag < 134.050
probabilities_array:[0.         0.5137688  0.48623124]

rule2: 280.387 < cement < 351.322
probabilities_array:[0.         0.39710772 0.6028923 ]

rule20: coarse_aggregate < 919.218
probabilities_array:[0.        0.3567739 0.6432261]

rule19: superplasticizer > 10.289
probabilities_array:[0.        0.3437683 0.6562317]

rule10: 54.717 < fly_ash < 97.938
probabilities_array:[0.         0.31416053 0.6858395 ]

rule18: 6.218 < superplasticizer < 10.289
probabilities_array:[0.        0.2891653 0.7108347]

rule17: 2.147 < superplasticizer < 6.218
probabilities_array:[0.         0.27233803 0.72766197]

