R2: 0.8237698390071639


MAE: 5.152609417269106


Accuracy: 0.798823570359542


F1: 0.8


Most important rules
-----------------------------

---0---
rule28: age < 2.549
probabilities_array:[0.933751   0.         0.06624901]

rule29: 2.549 < age < 45.874
probabilities_array:[0.7315712  0.         0.26842883]

rule15: water > 196.364
probabilities_array:[0.7205912  0.         0.27940884]

rule0: cement < 210.318
probabilities_array:[0.5996398  0.         0.40036026]

rule27: fine_aggregate > 823.340
probabilities_array:[0.5208014 0.        0.4791986]

rule16: superplasticizer < 2.038
probabilities_array:[0.47841254 0.         0.52158743]

rule14: 182.319 < water < 196.364
probabilities_array:[0.4446284 0.        0.5553716]


---1---
rule31: age > 89.199
probabilities_array:[0.         0.6773625  0.32263747]

rule24: fine_aggregate < 717.899
probabilities_array:[0.         0.65725636 0.34274366]

rule6: 74.945 < blast_furnace_slag < 134.084
probabilities_array:[0.        0.6298617 0.3701383]

rule3: cement > 348.876
probabilities_array:[0.         0.59043175 0.40956828]

rule30: 45.874 < age < 89.199
probabilities_array:[0.        0.5810687 0.4189313]

rule8: fly_ash < 10.640
probabilities_array:[0.         0.57521456 0.42478547]

rule20: coarse_aggregate < 920.910
probabilities_array:[0.         0.5527974  0.44720262]

rule12: water < 168.274
probabilities_array:[0.         0.54673797 0.45326203]

rule10: 54.120 < fly_ash < 97.599
probabilities_array:[0.         0.53985256 0.46014747]

rule19: superplasticizer > 10.144
probabilities_array:[0.         0.47371733 0.52628267]

rule2: 279.597 < cement < 348.876
probabilities_array:[0.         0.44307372 0.55692625]

rule7: blast_furnace_slag > 134.084
probabilities_array:[0.         0.31477806 0.6852219 ]

rule13: 168.274 < water < 182.319
probabilities_array:[0.01247675 0.28358632 0.703937  ]

rule21: 920.910 < coarse_aggregate < 973.268
probabilities_array:[0.04677537 0.19512597 0.7580986 ]

