R2: 0.8713588335286395


MAE: 4.645739069081985


Accuracy: 0.8407300739095735


F1: 0.8411764705882353


Most important rules
-----------------------------

---0---
rule28: age < 2.911
probabilities_array:[0.83282864 0.         0.16717134]

rule29: 2.911 < age < 45.119
probabilities_array:[0.70147556 0.         0.29852444]

rule0: cement < 212.864
probabilities_array:[0.64157164 0.         0.3584284 ]

rule15: water > 195.366
probabilities_array:[0.6022237 0.        0.3977763]

rule27: fine_aggregate > 829.454
probabilities_array:[0.52864844 0.         0.47135153]

rule16: superplasticizer < 2.413
probabilities_array:[0.43700534 0.         0.56299466]

rule25: 720.663 < fine_aggregate < 775.058
probabilities_array:[0.31833932 0.         0.6816607 ]

rule1: 212.864 < cement < 281.173
probabilities_array:[0.27837852 0.         0.7216215 ]

rule14: 180.944 < water < 195.366
probabilities_array:[0.24038795 0.03797754 0.72163457]

rule4: blast_furnace_slag < 17.003
probabilities_array:[0.23857787 0.00487013 0.756552  ]


---1---
rule31: age > 87.326
probabilities_array:[0.         0.7581529  0.24184713]

rule30: 45.119 < age < 87.326
probabilities_array:[0.         0.72243583 0.2775642 ]

rule3: cement > 349.482
probabilities_array:[0.         0.61209625 0.38790378]

rule12: water < 166.523
probabilities_array:[0.         0.56554115 0.43445885]

rule24: fine_aggregate < 720.663
probabilities_array:[0.         0.5305234  0.46947658]

rule20: coarse_aggregate < 919.607
probabilities_array:[0.         0.48266986 0.51733017]

rule19: superplasticizer > 10.426
probabilities_array:[0.         0.47640103 0.52359897]

rule6: 75.070 < blast_furnace_slag < 133.137
probabilities_array:[0.         0.43027365 0.56972635]

rule8: fly_ash < 11.187
probabilities_array:[0.         0.42162186 0.57837814]

rule17: 2.413 < superplasticizer < 6.419
probabilities_array:[0.         0.39925382 0.6007462 ]

rule9: 11.187 < fly_ash < 54.246
probabilities_array:[0.00461715 0.37210375 0.6232791 ]

rule2: 281.173 < cement < 349.482
probabilities_array:[0.        0.3723895 0.6276105]

rule18: 6.419 < superplasticizer < 10.426
probabilities_array:[0.00105241 0.29598537 0.7029623 ]

rule10: 54.246 < fly_ash < 97.305
probabilities_array:[0.         0.2962142  0.70378584]

rule22: 972.124 < coarse_aggregate < 1024.641
probabilities_array:[0.         0.27247864 0.72752136]

rule7: blast_furnace_slag > 133.137
probabilities_array:[0.         0.26199454 0.73800546]

rule5: 17.003 < blast_furnace_slag < 75.070
probabilities_array:[0.04525052 0.23390836 0.7208411 ]

rule13: 166.523 < water < 180.944
probabilities_array:[0.         0.24557175 0.75442827]

