R2: 0.8645290111431898


MAE: 4.938266755165511


Accuracy: 0.8387153448821112


F1: 0.8411764705882353


Most important rules
-----------------------------

---0---
rule28: age < 1.748
probabilities_array:[0.9125367  0.         0.08746334]

rule29: 1.748 < age < 44.251
probabilities_array:[0.7381247  0.         0.26187524]

rule15: water > 195.594
probabilities_array:[0.7146269  0.         0.28537312]

rule27: fine_aggregate > 825.838
probabilities_array:[0.63245845 0.         0.36754155]

rule0: cement < 206.789
probabilities_array:[0.61090565 0.         0.38909435]

rule14: 181.519 < water < 195.594
probabilities_array:[0.43443033 0.         0.56556964]

rule16: superplasticizer < 1.991
probabilities_array:[0.3851213 0.        0.6148787]

rule26: 772.613 < fine_aggregate < 825.838
probabilities_array:[0.30943543 0.         0.6905646 ]


---1---
rule31: age > 86.754
probabilities_array:[0.        0.6962026 0.3037974]

rule20: coarse_aggregate < 924.820
probabilities_array:[0.         0.6397287  0.36027128]

rule3: cement > 348.640
probabilities_array:[0.         0.6145299  0.38547006]

rule30: 44.251 < age < 86.754
probabilities_array:[0.         0.59189004 0.40810993]

rule24: fine_aggregate < 719.387
probabilities_array:[0.        0.5637025 0.4362975]

rule12: water < 167.444
probabilities_array:[0.         0.56180584 0.43819416]

rule9: 11.239 < fly_ash < 54.436
probabilities_array:[0.        0.4738172 0.5261828]

rule10: 54.436 < fly_ash < 97.633
probabilities_array:[0.         0.47167596 0.52832407]

rule19: superplasticizer > 10.176
probabilities_array:[0.         0.45339894 0.54660106]

rule6: 74.865 < blast_furnace_slag < 133.328
probabilities_array:[0.         0.45135778 0.5486422 ]

rule2: 277.714 < cement < 348.640
probabilities_array:[0.        0.4372313 0.5627687]

rule8: fly_ash < 11.239
probabilities_array:[0.         0.39499354 0.60500646]

rule13: 167.444 < water < 181.519
probabilities_array:[0.        0.3734717 0.6265283]

rule21: 924.820 < coarse_aggregate < 975.600
probabilities_array:[0.         0.36100203 0.638998  ]

rule18: 6.083 < superplasticizer < 10.176
probabilities_array:[0.00078128 0.27925834 0.7199604 ]

rule22: 975.600 < coarse_aggregate < 1026.379
probabilities_array:[0.         0.27863294 0.72136706]

rule17: 1.991 < superplasticizer < 6.083
probabilities_array:[0.         0.27205884 0.72794116]

rule5: 16.401 < blast_furnace_slag < 74.865
probabilities_array:[0.04501215 0.24104227 0.71394557]

rule23: coarse_aggregate > 1026.379
probabilities_array:[0.         0.22771195 0.7722881 ]

