R2: 0.7958844421446014


MAE: 5.011897108632731


Accuracy: 0.7948244648752263


F1: 0.8


Most important rules
-----------------------------

---0---
rule28: age < 3.866
probabilities_array:[9.9438876e-01 9.0462214e-05 5.5207894e-03]

rule15: water > 195.987
probabilities_array:[0.8382143 0.        0.1617857]

rule0: cement < 212.695
probabilities_array:[0.6247773  0.         0.37522268]

rule29: 3.866 < age < 46.777
probabilities_array:[0.58373344 0.         0.41626656]

rule27: fine_aggregate > 828.022
probabilities_array:[0.57262814 0.         0.42737183]

rule16: superplasticizer < 2.260
probabilities_array:[0.5462105 0.        0.4537895]

rule14: 180.989 < water < 195.987
probabilities_array:[0.44398183 0.         0.5560182 ]

rule23: coarse_aggregate > 1024.253
probabilities_array:[0.34368008 0.         0.6563199 ]

rule10: 53.903 < fly_ash < 96.891
probabilities_array:[0.29525912 0.01549897 0.68924195]


---1---
rule31: age > 89.688
probabilities_array:[0.         0.8222019  0.17779806]

rule3: cement > 356.138
probabilities_array:[0.         0.8154764  0.18452358]

rule30: 46.777 < age < 89.688
probabilities_array:[0.         0.7428765  0.25712344]

rule12: water < 165.991
probabilities_array:[0.        0.6219727 0.3780273]

rule24: fine_aggregate < 719.533
probabilities_array:[0.         0.61485034 0.38514963]

rule20: coarse_aggregate < 920.919
probabilities_array:[0.        0.5418941 0.4581059]

rule8: fly_ash < 10.915
probabilities_array:[0.         0.49039674 0.50960326]

rule6: 72.102 < blast_furnace_slag < 128.325
probabilities_array:[0.         0.48942125 0.51057875]

rule2: 284.417 < cement < 356.138
probabilities_array:[3.3807693e-05 4.4403842e-01 5.5592781e-01]

rule19: superplasticizer > 10.767
probabilities_array:[0.        0.4289506 0.5710494]

rule13: 165.991 < water < 180.989
probabilities_array:[0.02030325 0.33593547 0.6437613 ]

rule21: 920.919 < coarse_aggregate < 972.586
probabilities_array:[0.         0.32707068 0.6729293 ]

rule5: 15.879 < blast_furnace_slag < 72.102
probabilities_array:[0.0153127  0.30937004 0.6753172 ]

rule9: 10.915 < fly_ash < 53.903
probabilities_array:[0.0211862  0.25915027 0.7196636 ]

rule18: 6.513 < superplasticizer < 10.767
probabilities_array:[0.00407024 0.22043316 0.7754966 ]

