R2: 0.831613088123363


MAE: 5.030135791794532


Accuracy: 0.8446888506272181


F1: 0.8470588235294118


Most important rules
-----------------------------

---0---
rule28: age < 4.042
probabilities_array:[0.9947341  0.         0.00526589]

rule15: water > 195.391
probabilities_array:[0.800572 0.       0.199428]

rule27: fine_aggregate > 826.453
probabilities_array:[0.73409444 0.         0.26590556]

rule0: cement < 212.373
probabilities_array:[0.73236364 0.         0.26763633]

rule29: 4.042 < age < 45.677
probabilities_array:[0.66136366 0.         0.33863634]

rule25: 718.124 < fine_aggregate < 772.288
probabilities_array:[0.49407586 0.01049765 0.49542645]

rule14: 180.876 < water < 195.391
probabilities_array:[0.43466136 0.         0.5653387 ]

rule26: 772.288 < fine_aggregate < 826.453
probabilities_array:[0.39812738 0.         0.6018726 ]

rule16: superplasticizer < 2.410
probabilities_array:[0.3161081 0.        0.6838919]


---1---
rule31: age > 87.311
probabilities_array:[0.         0.80878925 0.19121076]

rule3: cement > 354.314
probabilities_array:[0.         0.75418353 0.24581647]

rule30: 45.677 < age < 87.311
probabilities_array:[0.         0.72441727 0.27558276]

rule20: coarse_aggregate < 918.899
probabilities_array:[0.         0.6163312  0.38366875]

rule12: water < 166.360
probabilities_array:[0.         0.6097573  0.39024267]

rule9: 11.792 < fly_ash < 55.128
probabilities_array:[0.        0.5573275 0.4426725]

rule24: fine_aggregate < 718.124
probabilities_array:[0.         0.53217846 0.46782154]

rule6: 74.277 < blast_furnace_slag < 131.602
probabilities_array:[0.         0.51456004 0.48543993]

rule8: fly_ash < 11.792
probabilities_array:[0.         0.47230545 0.5276945 ]

rule19: superplasticizer > 10.494
probabilities_array:[0.         0.45728347 0.54271656]

rule22: 972.375 < coarse_aggregate < 1025.852
probabilities_array:[0.         0.43468207 0.5653179 ]

rule10: 55.128 < fly_ash < 98.463
probabilities_array:[0.         0.41490084 0.58509916]

rule21: 918.899 < coarse_aggregate < 972.375
probabilities_array:[0.         0.41449946 0.58550054]

rule7: blast_furnace_slag > 131.602
probabilities_array:[0.         0.36577967 0.63422036]

rule5: 16.952 < blast_furnace_slag < 74.277
probabilities_array:[0.         0.34917602 0.650824  ]

rule2: 283.343 < cement < 354.314
probabilities_array:[0.         0.32152244 0.6784776 ]

rule17: 2.410 < superplasticizer < 6.452
probabilities_array:[0.         0.30257908 0.69742095]

rule11: fly_ash > 98.463
probabilities_array:[0.        0.2627381 0.7372619]

rule18: 6.452 < superplasticizer < 10.494
probabilities_array:[0.         0.23409463 0.7659054 ]

rule13: 166.360 < water < 180.876
probabilities_array:[0.01352583 0.20196491 0.78450924]

