R2: 0.40513412286636097


MAE: 10.334165559676718


Accuracy: 0.8264570771080793


F1: 0.8264705882352941


Most important rules
-----------------------------

---0---
rule28: age < 2.649
probabilities_array:[0.86071604 0.         0.13928397]

rule0: cement < 213.259
probabilities_array:[0.6226039 0.        0.3773961]

rule29: 2.649 < age < 44.962
probabilities_array:[0.58767545 0.         0.41232455]

rule15: water > 196.337
probabilities_array:[0.57878256 0.         0.42121747]

rule27: fine_aggregate > 823.898
probabilities_array:[0.53241813 0.         0.46758187]

rule16: superplasticizer < 1.955
probabilities_array:[0.45734233 0.         0.5426577 ]

rule26: 769.268 < fine_aggregate < 823.898
probabilities_array:[0.31948045 0.00219951 0.67832   ]

rule14: 182.065 < water < 196.337
probabilities_array:[0.30696356 0.         0.69303644]

rule1: 213.259 < cement < 285.989
probabilities_array:[0.29993504 0.         0.70006496]


---1---
rule31: age > 87.275
probabilities_array:[0.         0.7607125  0.23928751]

rule30: 44.962 < age < 87.275
probabilities_array:[0.        0.6460521 0.3539479]

rule3: cement > 358.719
probabilities_array:[0.        0.6400935 0.3599065]

rule12: water < 167.793
probabilities_array:[0.         0.5942402  0.40575984]

rule24: fine_aggregate < 714.638
probabilities_array:[0.         0.56207174 0.43792823]

rule9: 8.699 < fly_ash < 51.357
probabilities_array:[0.        0.4869025 0.5130975]

rule13: 167.793 < water < 182.065
probabilities_array:[0.         0.4742929  0.52570707]

rule5: 16.700 < blast_furnace_slag < 76.071
probabilities_array:[0.         0.44183847 0.55816156]

rule20: coarse_aggregate < 921.735
probabilities_array:[0.         0.42181918 0.57818085]

rule17: 1.955 < superplasticizer < 5.953
probabilities_array:[0.        0.4182452 0.5817548]

rule2: 285.989 < cement < 358.719
probabilities_array:[0.        0.3859157 0.6140843]

rule19: superplasticizer > 9.952
probabilities_array:[0.         0.3724408  0.62755924]

rule8: fly_ash < 8.699
probabilities_array:[0.         0.35189697 0.64810306]

rule21: 921.735 < coarse_aggregate < 974.552
probabilities_array:[0.         0.33058956 0.66941047]

rule6: 76.071 < blast_furnace_slag < 135.443
probabilities_array:[0.        0.2854893 0.7145107]

rule18: 5.953 < superplasticizer < 9.952
probabilities_array:[0.         0.2631977  0.73680234]

rule22: 974.552 < coarse_aggregate < 1027.368
probabilities_array:[0.         0.22359562 0.7764044 ]

