R2: 0.7825536803849745


MAE: 5.980898354447164


Accuracy: 0.8133479727080228


F1: 0.8147058823529412


Most important rules
-----------------------------

---0---
rule28: age < 2.062
probabilities_array:[0.91346705 0.         0.08653295]

rule27: fine_aggregate > 827.625
probabilities_array:[0.7299626 0.        0.2700374]

rule15: water > 196.431
probabilities_array:[0.68647504 0.         0.31352496]

rule29: 2.062 < age < 46.396
probabilities_array:[0.6777064  0.         0.32229355]

rule0: cement < 209.798
probabilities_array:[0.60251206 0.         0.3974879 ]

rule16: superplasticizer < 2.239
probabilities_array:[0.5100075  0.         0.48999247]

rule14: 182.422 < water < 196.431
probabilities_array:[0.41618294 0.         0.58381706]

rule26: 773.443 < fine_aggregate < 827.625
probabilities_array:[0.35686287 0.         0.6431371 ]

rule1: 209.798 < cement < 279.609
probabilities_array:[0.275968 0.       0.724032]

rule11: fly_ash > 97.756
probabilities_array:[0.2530268  0.00950198 0.73747116]


---1---
rule31: age > 90.729
probabilities_array:[0.         0.8346055  0.16539446]

rule30: 46.396 < age < 90.729
probabilities_array:[0.         0.69889516 0.3011048 ]

rule10: 54.821 < fly_ash < 97.756
probabilities_array:[0.         0.60702187 0.39297813]

rule24: fine_aggregate < 719.262
probabilities_array:[0.         0.5941213  0.40587872]

rule3: cement > 349.420
probabilities_array:[0.         0.54040694 0.4595931 ]

rule8: fly_ash < 11.887
probabilities_array:[0.         0.5206123  0.47938767]

rule19: superplasticizer > 10.183
probabilities_array:[0.       0.516698 0.483302]

rule12: water < 168.413
probabilities_array:[0.         0.5054792  0.49452075]

rule6: 74.799 < blast_furnace_slag < 134.012
probabilities_array:[0.         0.49502596 0.504974  ]

rule20: coarse_aggregate < 918.465
probabilities_array:[0.         0.47188064 0.5281193 ]

rule13: 168.413 < water < 182.422
probabilities_array:[0.         0.37855253 0.6214475 ]

rule21: 918.465 < coarse_aggregate < 970.278
probabilities_array:[0.         0.31151485 0.68848515]

rule2: 279.609 < cement < 349.420
probabilities_array:[0.0113839  0.30334067 0.68527544]

rule22: 970.278 < coarse_aggregate < 1022.090
probabilities_array:[0.         0.29869565 0.7013043 ]

rule9: 11.887 < fly_ash < 54.821
probabilities_array:[0.04177883 0.27270856 0.6855126 ]

rule7: blast_furnace_slag > 134.012
probabilities_array:[0.        0.2557017 0.7442983]

rule5: 15.586 < blast_furnace_slag < 74.799
probabilities_array:[0.06331959 0.2072662  0.72941417]

rule18: 6.211 < superplasticizer < 10.183
probabilities_array:[6.5516145e-04 2.2254218e-01 7.7680272e-01]

rule23: coarse_aggregate > 1022.090
probabilities_array:[0.         0.21825425 0.78174573]

