R2: 0.4951127416982075


MAE: 10.301077817624684


Accuracy: 0.8321772789857895


F1: 0.8323529411764706


Most important rules
-----------------------------

---0---
rule28: age < 3.511
probabilities_array:[0.9654316  0.         0.03456845]

rule0: cement < 209.291
probabilities_array:[0.69141203 0.         0.308588  ]

rule15: water > 195.325
probabilities_array:[0.6581276  0.         0.34187242]

rule29: 3.511 < age < 43.394
probabilities_array:[0.6551172  0.         0.34488282]

rule16: superplasticizer < 2.108
probabilities_array:[0.6144618  0.         0.38553822]

rule27: fine_aggregate > 827.106
probabilities_array:[0.6062868  0.         0.39371318]

rule14: 181.391 < water < 195.325
probabilities_array:[0.42751732 0.         0.5724827 ]

rule1: 209.291 < cement < 280.870
probabilities_array:[0.27727276 0.         0.72272724]


---1---
rule31: age > 83.278
probabilities_array:[0.         0.7489139  0.25108612]

rule30: 43.394 < age < 83.278
probabilities_array:[0.         0.68212867 0.3178713 ]

rule24: fine_aggregate < 720.401
probabilities_array:[0.         0.6454216  0.35457838]

rule9: 11.097 < fly_ash < 54.216
probabilities_array:[0.         0.636985   0.36301497]

rule3: cement > 352.449
probabilities_array:[0.         0.61681587 0.3831841 ]

rule19: superplasticizer > 10.325
probabilities_array:[0.         0.55739754 0.44260246]

rule12: water < 167.457
probabilities_array:[0.         0.5543054  0.44569463]

rule8: fly_ash < 11.097
probabilities_array:[0.         0.53468883 0.46531117]

rule22: 973.182 < coarse_aggregate < 1025.452
probabilities_array:[0.         0.40746582 0.5925342 ]

rule20: coarse_aggregate < 920.913
probabilities_array:[0.         0.39834607 0.60165393]

rule6: 74.254 < blast_furnace_slag < 132.008
probabilities_array:[0.         0.37566456 0.6243354 ]

rule13: 167.457 < water < 181.391
probabilities_array:[0.         0.36906245 0.6309375 ]

rule18: 6.217 < superplasticizer < 10.325
probabilities_array:[0.         0.33241966 0.66758037]

rule10: 54.216 < fly_ash < 97.334
probabilities_array:[0.         0.31300375 0.6869962 ]

rule5: 16.499 < blast_furnace_slag < 74.254
probabilities_array:[0.00755591 0.30605394 0.68639016]

rule21: 920.913 < coarse_aggregate < 973.182
probabilities_array:[0.         0.30210295 0.6978971 ]

rule7: blast_furnace_slag > 132.008
probabilities_array:[0.         0.24086149 0.7591385 ]

rule17: 2.108 < superplasticizer < 6.217
probabilities_array:[0.         0.23672315 0.7632768 ]

rule2: 280.870 < cement < 352.449
probabilities_array:[0.01301014 0.21071476 0.7762751 ]

rule25: 720.401 < fine_aggregate < 773.753
probabilities_array:[0.         0.20760152 0.7923985 ]

