R2: 0.7873298439218895


MAE: 5.44038611998354


Accuracy: 0.8411764705882353


F1: 0.8411764705882353


Most important rules
-----------------------------

---0---
rule28: age < 4.006
probabilities_array:[0.968319   0.         0.03168102]

rule15: water > 195.730
probabilities_array:[0.7921483  0.         0.20785168]

rule0: cement < 210.935
probabilities_array:[0.7215717  0.         0.27842835]

rule14: 181.138 < water < 195.730
probabilities_array:[0.6159107 0.        0.3840893]

rule27: fine_aggregate > 830.760
probabilities_array:[0.5866522  0.         0.41334778]

rule16: superplasticizer < 2.176
probabilities_array:[0.54041797 0.         0.45958203]

rule29: 4.006 < age < 44.333
probabilities_array:[0.49863642 0.         0.5013636 ]

rule1: 210.935 < cement < 280.030
probabilities_array:[0.35060853 0.         0.6493915 ]

rule26: 777.026 < fine_aggregate < 830.760
probabilities_array:[0.31500408 0.00326035 0.6817355 ]

rule25: 723.293 < fine_aggregate < 777.026
probabilities_array:[0.19891381 0.0327756  0.76831055]


---1---
rule31: age > 84.661
probabilities_array:[0.         0.86370176 0.13629824]

rule30: 44.333 < age < 84.661
probabilities_array:[0.         0.67073584 0.32926416]

rule3: cement > 349.124
probabilities_array:[0.         0.66948056 0.33051944]

rule6: 72.134 < blast_furnace_slag < 131.039
probabilities_array:[0.        0.5688538 0.4311462]

rule12: water < 166.546
probabilities_array:[0.         0.5405844  0.45941564]

rule8: fly_ash < 11.732
probabilities_array:[0.        0.5367833 0.4632167]

rule24: fine_aggregate < 723.293
probabilities_array:[0.         0.5283633  0.47163668]

rule9: 11.732 < fly_ash < 54.582
probabilities_array:[0.        0.5279529 0.4720471]

rule21: 920.731 < coarse_aggregate < 973.540
probabilities_array:[0.         0.46666107 0.5333389 ]

rule19: superplasticizer > 10.201
probabilities_array:[0.         0.43778533 0.5622147 ]

rule7: blast_furnace_slag > 131.039
probabilities_array:[0.         0.43154272 0.56845725]

rule18: 6.189 < superplasticizer < 10.201
probabilities_array:[0.         0.41158172 0.58841825]

rule20: coarse_aggregate < 920.731
probabilities_array:[0.         0.41155854 0.58844143]

rule22: 973.540 < coarse_aggregate < 1026.349
probabilities_array:[0.         0.37893704 0.62106293]

rule10: 54.582 < fly_ash < 97.432
probabilities_array:[0.         0.36290127 0.6370987 ]

rule2: 280.030 < cement < 349.124
probabilities_array:[9.4546165e-05 3.0025834e-01 6.9964713e-01]

rule5: 13.230 < blast_furnace_slag < 72.134
probabilities_array:[0.08269318 0.24323937 0.6740674 ]

rule17: 2.176 < superplasticizer < 6.189
probabilities_array:[7.0951402e-04 2.0750663e-01 7.9178393e-01]

