R2: 0.4473949542540172


MAE: 10.095046289435297


Accuracy: 0.8145117294053464


F1: 0.8147058823529412


Most important rules
-----------------------------

---0---
rule28: age < 2.634
probabilities_array:[0.84567606 0.         0.15432395]

rule29: 2.634 < age < 43.810
probabilities_array:[0.6659104  0.         0.33408958]

rule0: cement < 213.262
probabilities_array:[0.5914354  0.         0.40856463]

rule15: water > 195.466
probabilities_array:[0.55999804 0.         0.44000193]

rule27: fine_aggregate > 830.294
probabilities_array:[0.42757916 0.         0.57242084]

rule16: superplasticizer < 2.324
probabilities_array:[0.39342704 0.         0.6065729 ]

rule14: 180.982 < water < 195.466
probabilities_array:[0.3259485  0.         0.67405146]

rule11: fly_ash > 98.568
probabilities_array:[0.23020466 0.00497889 0.7648164 ]

rule26: 777.270 < fine_aggregate < 830.294
probabilities_array:[0.22619928 0.         0.77380073]


---1---
rule31: age > 84.986
probabilities_array:[0.         0.8014989  0.19850112]

rule3: cement > 352.546
probabilities_array:[0.         0.7143698  0.28563023]

rule12: water < 166.499
probabilities_array:[0.         0.6791615  0.32083854]

rule30: 43.810 < age < 84.986
probabilities_array:[0.         0.65686214 0.34313783]

rule24: fine_aggregate < 724.246
probabilities_array:[0.         0.5141146  0.48588535]

rule19: superplasticizer > 10.394
probabilities_array:[0.         0.4640102  0.53598976]

rule20: coarse_aggregate < 921.417
probabilities_array:[0.         0.45424697 0.54575306]

rule10: 55.294 < fly_ash < 98.568
probabilities_array:[0.         0.45390266 0.54609734]

rule7: blast_furnace_slag > 126.260
probabilities_array:[0.         0.44413832 0.5558617 ]

rule2: 282.904 < cement < 352.546
probabilities_array:[0.         0.40356505 0.59643495]

rule9: 12.020 < fly_ash < 55.294
probabilities_array:[0.         0.40167472 0.59832525]

rule18: 6.359 < superplasticizer < 10.394
probabilities_array:[0.         0.37627974 0.6237202 ]

rule8: fly_ash < 12.020
probabilities_array:[0.00263402 0.3209424  0.6764236 ]

rule13: 166.499 < water < 180.982
probabilities_array:[0.         0.31336462 0.6866354 ]

rule6: 69.165 < blast_furnace_slag < 126.260
probabilities_array:[0.04028092 0.24903575 0.71068335]

