R2: 0.7182005239563448


MAE: 7.160185144268577


Accuracy: 0.8516268677559


F1: 0.8529411764705882


Most important rules
-----------------------------

---0---
rule28: age < 5.266
probabilities_array:[0.95983696 0.         0.04016304]

rule15: water > 195.279
probabilities_array:[0.81193364 0.         0.18806638]

rule27: fine_aggregate > 829.522
probabilities_array:[0.7062266 0.        0.2937734]

rule0: cement < 210.497
probabilities_array:[0.64565426 0.         0.3543457 ]

rule29: 5.266 < age < 42.368
probabilities_array:[0.6222347 0.        0.3777653]

rule16: superplasticizer < 2.317
probabilities_array:[0.6117087  0.         0.38829133]

rule14: 181.284 < water < 195.279
probabilities_array:[0.559504   0.         0.44049606]

rule11: fly_ash > 99.179
probabilities_array:[0.302344   0.01553446 0.6821215 ]


---1---
rule31: age > 79.470
probabilities_array:[0.        0.8309952 0.1690048]

rule24: fine_aggregate < 722.616
probabilities_array:[0.         0.67956716 0.32043284]

rule3: cement > 349.443
probabilities_array:[0.         0.67405385 0.32594615]

rule30: 42.368 < age < 79.470
probabilities_array:[0.        0.6561136 0.3438864]

rule6: 74.552 < blast_furnace_slag < 133.610
probabilities_array:[0.         0.59687036 0.40312967]

rule12: water < 167.288
probabilities_array:[0.         0.5514408  0.44855922]

rule20: coarse_aggregate < 918.342
probabilities_array:[0.        0.5218576 0.4781424]

rule9: 12.420 < fly_ash < 55.800
probabilities_array:[0.        0.4806496 0.5193504]

rule10: 55.800 < fly_ash < 99.179
probabilities_array:[0.         0.44438487 0.5556151 ]

rule8: fly_ash < 12.420
probabilities_array:[0.         0.41287917 0.58712083]

rule2: 279.970 < cement < 349.443
probabilities_array:[0.         0.38971853 0.61028147]

rule21: 918.342 < coarse_aggregate < 970.234
probabilities_array:[0.         0.36443597 0.635564  ]

rule22: 970.234 < coarse_aggregate < 1022.126
probabilities_array:[0.         0.35927227 0.6407277 ]

rule19: superplasticizer > 10.532
probabilities_array:[0.         0.34247777 0.65752226]

rule7: blast_furnace_slag > 133.610
probabilities_array:[0.         0.32739463 0.6726054 ]

rule13: 167.288 < water < 181.284
probabilities_array:[0.01928633 0.26872697 0.7119868 ]

rule4: blast_furnace_slag < 15.494
probabilities_array:[0.         0.25812083 0.74187917]

rule5: 15.494 < blast_furnace_slag < 74.552
probabilities_array:[0.         0.25545305 0.74454695]

rule25: 722.616 < fine_aggregate < 776.069
probabilities_array:[0.         0.2396557  0.76034427]

