R2: 0.8651427829273403


MAE: 4.555677569407553


Accuracy: 0.8483934426229508


F1: 0.85


Most important rules
-----------------------------

---0---
rule28: age < 3.350
probabilities_array:[0.97396404 0.         0.02603594]

rule15: water > 195.863
probabilities_array:[0.7387506  0.         0.26124945]

rule0: cement < 209.104
probabilities_array:[0.668019   0.         0.33198097]

rule27: fine_aggregate > 826.850
probabilities_array:[0.6410245  0.         0.35897556]

rule29: 3.350 < age < 47.868
probabilities_array:[0.6075268  0.         0.39247322]

rule26: 772.329 < fine_aggregate < 826.850
probabilities_array:[0.38205454 0.00537544 0.61257   ]

rule16: superplasticizer < 2.236
probabilities_array:[0.37787712 0.         0.6221229 ]

rule25: 717.807 < fine_aggregate < 772.329
probabilities_array:[0.36951324 0.00569116 0.6247957 ]

rule14: 181.504 < water < 195.863
probabilities_array:[0.36529863 0.         0.6347014 ]

rule4: blast_furnace_slag < 16.934
probabilities_array:[0.36205772 0.         0.6379423 ]

rule1: 209.104 < cement < 280.254
probabilities_array:[0.32323724 0.         0.67676276]


---1---
rule31: age > 92.386
probabilities_array:[0.         0.8419138  0.15808618]

rule30: 47.868 < age < 92.386
probabilities_array:[0.         0.72591543 0.27408457]

rule3: cement > 351.403
probabilities_array:[0.         0.7149356  0.28506443]

rule9: 11.346 < fly_ash < 54.659
probabilities_array:[0.         0.5770787  0.42292133]

rule12: water < 167.145
probabilities_array:[0.         0.56415755 0.43584242]

rule20: coarse_aggregate < 921.565
probabilities_array:[0.         0.54460794 0.45539206]

rule24: fine_aggregate < 717.807
probabilities_array:[0.         0.526499   0.47350103]

rule6: 74.678 < blast_furnace_slag < 132.422
probabilities_array:[0.        0.4964459 0.5035541]

rule21: 921.565 < coarse_aggregate < 973.936
probabilities_array:[0.         0.44883847 0.5511615 ]

rule19: superplasticizer > 10.276
probabilities_array:[0.         0.44733807 0.5526619 ]

rule8: fly_ash < 11.346
probabilities_array:[0.        0.4406541 0.5593459]

rule22: 973.936 < coarse_aggregate < 1026.306
probabilities_array:[0.        0.4074531 0.5925469]

rule18: 6.256 < superplasticizer < 10.276
probabilities_array:[0.         0.39506912 0.6049309 ]

rule17: 2.236 < superplasticizer < 6.256
probabilities_array:[0.         0.38027197 0.619728  ]

rule13: 167.145 < water < 181.504
probabilities_array:[0.        0.3551829 0.6448171]

rule10: 54.659 < fly_ash < 97.972
probabilities_array:[0.         0.34737453 0.65262544]

rule23: coarse_aggregate > 1026.306
probabilities_array:[0.         0.30090278 0.6990972 ]

rule5: 16.934 < blast_furnace_slag < 74.678
probabilities_array:[0.00590652 0.27491266 0.7191808 ]

rule2: 280.254 < cement < 351.403
probabilities_array:[0.04405926 0.22582832 0.7301124 ]

