R2: 0.628488119493774


MAE: 7.652377119026232


Accuracy: 0.8322230446582779


F1: 0.8352941176470589


Most important rules
-----------------------------

---0---
rule28: age < 3.292
probabilities_array:[0.9578921  0.         0.04210786]

rule15: water > 196.480
probabilities_array:[0.73885614 0.         0.26114386]

rule27: fine_aggregate > 826.247
probabilities_array:[0.7288083  0.         0.27119172]

rule0: cement < 215.097
probabilities_array:[0.7220781  0.         0.27792192]

rule16: superplasticizer < 2.182
probabilities_array:[0.5666407 0.        0.4333593]

rule29: 3.292 < age < 49.641
probabilities_array:[0.39134288 0.         0.6086571 ]

rule14: 181.977 < water < 196.480
probabilities_array:[0.38975176 0.         0.6102482 ]

rule25: 716.426 < fine_aggregate < 771.337
probabilities_array:[0.32253212 0.         0.6774679 ]

rule10: 53.458 < fly_ash < 96.544
probabilities_array:[0.23996077 0.10582816 0.65421104]

rule1: 215.097 < cement < 286.496
probabilities_array:[0.23093784 0.         0.76906216]

rule26: 771.337 < fine_aggregate < 826.247
probabilities_array:[0.20111275 0.         0.79888725]


---1---
rule31: age > 95.989
probabilities_array:[0.         0.9185613  0.08143874]

rule30: 49.641 < age < 95.989
probabilities_array:[0.         0.81820536 0.18179467]

rule24: fine_aggregate < 716.426
probabilities_array:[0.         0.6940689  0.30593106]

rule12: water < 167.475
probabilities_array:[0.         0.6720808  0.32791916]

rule3: cement > 357.894
probabilities_array:[0.         0.65302527 0.3469747 ]

rule6: 73.235 < blast_furnace_slag < 131.351
probabilities_array:[0.         0.51978755 0.48021248]

rule13: 167.475 < water < 181.977
probabilities_array:[0.         0.47264072 0.52735925]

rule20: coarse_aggregate < 919.477
probabilities_array:[0.         0.46336883 0.53663117]

rule2: 286.496 < cement < 357.894
probabilities_array:[0.         0.34543163 0.6545684 ]

rule8: fly_ash < 10.371
probabilities_array:[0.         0.34410676 0.6558932 ]

rule19: superplasticizer > 10.385
probabilities_array:[0.         0.33779347 0.66220653]

rule17: 2.182 < superplasticizer < 6.283
probabilities_array:[0.         0.32500565 0.67499435]

rule18: 6.283 < superplasticizer < 10.385
probabilities_array:[0.03092206 0.27193353 0.6971445 ]

rule9: 10.371 < fly_ash < 53.458
probabilities_array:[0.         0.20871456 0.79128546]

