R2: 0.7973766800763336


MAE: 6.41131871181641


Accuracy: 0.8614182515111308


F1: 0.861764705882353


Most important rules
-----------------------------

---0---
rule28: age < 3.984
probabilities_array:[0.8895729  0.         0.11042709]

rule0: cement < 207.805
probabilities_array:[0.70945525 0.         0.29054475]

rule15: water > 195.281
probabilities_array:[0.7070519  0.         0.29294816]

rule27: fine_aggregate > 828.707
probabilities_array:[0.56114495 0.         0.43885505]

rule29: 3.984 < age < 46.104
probabilities_array:[0.40515342 0.01492282 0.5799238 ]

rule16: superplasticizer < 2.256
probabilities_array:[0.39594656 0.         0.60405344]

rule14: 181.430 < water < 195.281
probabilities_array:[0.30558407 0.         0.6944159 ]

rule11: fly_ash > 98.138
probabilities_array:[0.27830344 0.         0.72169656]

rule5: 14.338 < blast_furnace_slag < 72.453
probabilities_array:[0.22082645 0.04546708 0.7337065 ]

rule26: 774.760 < fine_aggregate < 828.707
probabilities_array:[0.23367427 0.00303259 0.76329315]

rule23: coarse_aggregate > 1026.776
probabilities_array:[0.21951683 0.         0.7804832 ]

rule25: 720.813 < fine_aggregate < 774.760
probabilities_array:[0.21683921 0.         0.7831608 ]

rule4: blast_furnace_slag < 14.338
probabilities_array:[0.21151216 0.         0.78848785]


---1---
rule31: age > 88.225
probabilities_array:[0.         0.8750692  0.12493078]

rule3: cement > 350.608
probabilities_array:[0.        0.7818477 0.2181523]

rule30: 46.104 < age < 88.225
probabilities_array:[0.         0.77508885 0.22491114]

rule19: superplasticizer > 9.977
probabilities_array:[0.        0.5940931 0.4059069]

rule24: fine_aggregate < 720.813
probabilities_array:[0.         0.58727807 0.41272196]

rule12: water < 167.580
probabilities_array:[0.         0.5341802  0.46581975]

rule6: 72.453 < blast_furnace_slag < 130.569
probabilities_array:[0.         0.4498901  0.55010986]

rule9: 11.726 < fly_ash < 54.932
probabilities_array:[0.         0.39281726 0.60718274]

rule18: 6.117 < superplasticizer < 9.977
probabilities_array:[0.        0.3871162 0.6128838]

rule2: 279.207 < cement < 350.608
probabilities_array:[0.        0.3803736 0.6196264]

rule17: 2.256 < superplasticizer < 6.117
probabilities_array:[0.        0.3573573 0.6426427]

rule13: 167.580 < water < 181.430
probabilities_array:[0.        0.3446594 0.6553406]

rule20: coarse_aggregate < 922.170
probabilities_array:[0.0009445 0.324741  0.6743145]

rule7: blast_furnace_slag > 130.569
probabilities_array:[0.         0.28924635 0.7107537 ]

rule10: 54.932 < fly_ash < 98.138
probabilities_array:[0.00790947 0.26560542 0.7264851 ]

rule22: 974.473 < coarse_aggregate < 1026.776
probabilities_array:[0.         0.20066734 0.7993327 ]

