R2: 0.7140167507397795


MAE: 6.702455861349175


Accuracy: 0.8470111799522342


F1: 0.8470588235294118


Most important rules
-----------------------------

---0---
rule28: age < 2.836
probabilities_array:[0.9217232  0.         0.07827684]

rule29: 2.836 < age < 47.793
probabilities_array:[0.7411724  0.         0.25882763]

rule27: fine_aggregate > 826.194
probabilities_array:[0.7054773  0.         0.29452267]

rule0: cement < 210.836
probabilities_array:[0.61458254 0.         0.3854175 ]

rule15: water > 195.963
probabilities_array:[0.540905 0.       0.459095]

rule16: superplasticizer < 2.426
probabilities_array:[0.50234586 0.         0.49765414]

rule26: 770.791 < fine_aggregate < 826.194
probabilities_array:[0.3555621 0.        0.6444379]

rule14: 181.489 < water < 195.963
probabilities_array:[0.2581292  0.         0.74187076]

rule1: 210.836 < cement < 281.668
probabilities_array:[0.25160462 0.         0.7483954 ]


---1---
rule31: age > 92.750
probabilities_array:[0.        0.7038806 0.2961194]

rule30: 47.793 < age < 92.750
probabilities_array:[0.         0.6208058  0.37919417]

rule3: cement > 352.499
probabilities_array:[0.         0.60015965 0.39984033]

rule20: coarse_aggregate < 919.430
probabilities_array:[0.         0.5828978  0.41710225]

rule19: superplasticizer > 10.501
probabilities_array:[0.         0.5200695  0.47993052]

rule24: fine_aggregate < 715.388
probabilities_array:[0.         0.49403235 0.5059676 ]

rule12: water < 167.015
probabilities_array:[0.         0.46129328 0.5387067 ]

rule6: 71.996 < blast_furnace_slag < 129.799
probabilities_array:[0.         0.44380802 0.556192  ]

rule21: 919.430 < coarse_aggregate < 973.532
probabilities_array:[0.         0.41931772 0.5806823 ]

rule2: 281.668 < cement < 352.499
probabilities_array:[0.01404583 0.38395017 0.602004  ]

rule8: fly_ash < 13.208
probabilities_array:[0.         0.37444282 0.6255572 ]

rule9: 13.208 < fly_ash < 56.547
probabilities_array:[0.         0.37296736 0.62703264]

rule7: blast_furnace_slag > 129.799
probabilities_array:[0.         0.33746344 0.66253656]

rule18: 6.464 < superplasticizer < 10.501
probabilities_array:[0.        0.3170448 0.6829552]

rule10: 56.547 < fly_ash < 99.885
probabilities_array:[0.         0.31189543 0.68810457]

rule13: 167.015 < water < 181.489
probabilities_array:[0.        0.3032084 0.6967916]

rule17: 2.426 < superplasticizer < 6.464
probabilities_array:[0.         0.28581783 0.71418214]

rule22: 973.532 < coarse_aggregate < 1027.634
probabilities_array:[0.         0.25514913 0.7448509 ]

rule5: 14.193 < blast_furnace_slag < 71.996
probabilities_array:[0.01642684 0.21471515 0.768858  ]

