R2: 0.6093883337505659


MAE: 7.833278806828334


Accuracy: 0.846926406926407


F1: 0.8470588235294118


Most important rules
-----------------------------

---0---
rule28: age < 4.133
probabilities_array:[0.97696203 0.         0.02303796]

rule27: fine_aggregate > 826.063
probabilities_array:[0.65237486 0.         0.34762517]

rule0: cement < 210.950
probabilities_array:[0.62237185 0.         0.37762815]

rule15: water > 195.190
probabilities_array:[0.6209211  0.         0.37907892]

rule16: superplasticizer < 2.054
probabilities_array:[0.50110537 0.         0.4988946 ]

rule29: 4.133 < age < 46.380
probabilities_array:[0.43736705 0.         0.562633  ]

rule11: fly_ash > 96.803
probabilities_array:[0.3374788 0.        0.6625212]

rule14: 180.905 < water < 195.190
probabilities_array:[0.31986728 0.         0.6801327 ]

rule23: coarse_aggregate > 1029.056
probabilities_array:[0.2651998  0.         0.73480016]

rule26: 771.950 < fine_aggregate < 826.063
probabilities_array:[0.23185764 0.         0.76814234]

rule1: 210.950 < cement < 282.929
probabilities_array:[0.21079075 0.         0.78920925]


---1---
rule31: age > 88.627
probabilities_array:[0.         0.89282334 0.10717666]

rule3: cement > 354.909
probabilities_array:[0.         0.83838737 0.16161266]

rule30: 46.380 < age < 88.627
probabilities_array:[0.        0.7841881 0.2158119]

rule12: water < 166.619
probabilities_array:[0.        0.7085684 0.2914316]

rule24: fine_aggregate < 717.837
probabilities_array:[0.        0.6343655 0.3656345]

rule9: 10.145 < fly_ash < 53.474
probabilities_array:[0.         0.57804656 0.42195344]

rule13: 166.619 < water < 180.905
probabilities_array:[0.         0.4637604  0.53623956]

rule2: 282.929 < cement < 354.909
probabilities_array:[0.         0.39611182 0.60388815]

rule19: superplasticizer > 10.252
probabilities_array:[0.         0.38179886 0.61820114]

rule10: 53.474 < fly_ash < 96.803
probabilities_array:[0.         0.34660286 0.65339714]

rule17: 2.054 < superplasticizer < 6.153
probabilities_array:[0.         0.31771705 0.682283  ]

rule20: coarse_aggregate < 925.733
probabilities_array:[0.         0.23986994 0.76013005]

rule6: 72.530 < blast_furnace_slag < 131.139
probabilities_array:[0.00114206 0.228656   0.7702019 ]

rule8: fly_ash < 10.145
probabilities_array:[0.02024335 0.20091116 0.7788455 ]

rule18: 6.153 < superplasticizer < 10.252
probabilities_array:[0.00600591 0.20328039 0.79071367]

