R2: 0.7883727914278456


MAE: 5.5003411245845495


Accuracy: 0.8499883208900347


F1: 0.85


Most important rules
-----------------------------

---0---
rule28: age < 2.355
probabilities_array:[0.88806754 0.         0.11193246]

rule15: water > 196.867
probabilities_array:[0.73511684 0.         0.26488313]

rule27: fine_aggregate > 826.890
probabilities_array:[0.6858335 0.        0.3141665]

rule29: 2.355 < age < 47.962
probabilities_array:[0.6681158 0.        0.3318842]

rule0: cement < 210.630
probabilities_array:[0.652096 0.       0.347904]

rule16: superplasticizer < 2.010
probabilities_array:[0.42726973 0.         0.57273024]

rule14: 182.294 < water < 196.867
probabilities_array:[0.41762006 0.         0.58237994]

rule26: 773.245 < fine_aggregate < 826.890
probabilities_array:[3.4852204e-01 4.1113293e-04 6.5106678e-01]

rule23: coarse_aggregate > 1024.634
probabilities_array:[0.25645068 0.00781579 0.73573357]

rule25: 719.600 < fine_aggregate < 773.245
probabilities_array:[0.214873 0.       0.785127]


---1---
rule31: age > 93.570
probabilities_array:[0.         0.74489903 0.25510097]

rule3: cement > 350.906
probabilities_array:[0.         0.7183573  0.28164268]

rule30: 47.962 < age < 93.570
probabilities_array:[0.         0.6680993  0.33190072]

rule24: fine_aggregate < 719.600
probabilities_array:[0.         0.51108706 0.48891294]

rule19: superplasticizer > 10.031
probabilities_array:[0.         0.48586872 0.5141313 ]

rule2: 280.768 < cement < 350.906
probabilities_array:[0.         0.48427802 0.515722  ]

rule12: water < 167.722
probabilities_array:[0.        0.4686268 0.5313732]

rule8: fly_ash < 10.696
probabilities_array:[0.         0.46112382 0.5388762 ]

rule20: coarse_aggregate < 920.288
probabilities_array:[0.         0.416288   0.58371204]

rule6: 72.903 < blast_furnace_slag < 131.178
probabilities_array:[0.         0.41310388 0.5868961 ]

rule7: blast_furnace_slag > 131.178
probabilities_array:[0.        0.4102656 0.5897344]

rule17: 2.010 < superplasticizer < 6.020
probabilities_array:[0.         0.35682657 0.64317346]

rule10: 53.767 < fly_ash < 96.838
probabilities_array:[0.        0.3481999 0.6518001]

rule18: 6.020 < superplasticizer < 10.031
probabilities_array:[4.4414389e-04 3.2840133e-01 6.7115456e-01]

rule5: 14.628 < blast_furnace_slag < 72.903
probabilities_array:[0.0077069  0.30051902 0.6917741 ]

rule21: 920.288 < coarse_aggregate < 972.461
probabilities_array:[0.        0.2693665 0.7306335]

rule22: 972.461 < coarse_aggregate < 1024.634
probabilities_array:[0.         0.26382443 0.73617554]

rule13: 167.722 < water < 182.294
probabilities_array:[0.03412731 0.21264187 0.7532308 ]

