R2: 0.6597483801958037


MAE: 7.1787542388830206


Accuracy: 0.8264330521306511


F1: 0.8264705882352941


Most important rules
-----------------------------

---0---
rule28: age < 2.750
probabilities_array:[0.8585086  0.         0.14149143]

rule0: cement < 211.846
probabilities_array:[0.7015733 0.        0.2984267]

rule29: 2.750 < age < 45.742
probabilities_array:[0.67101634 0.         0.32898363]

rule15: water > 195.250
probabilities_array:[0.6531116  0.         0.34688845]

rule27: fine_aggregate > 829.509
probabilities_array:[0.546793   0.         0.45320702]

rule1: 211.846 < cement < 282.085
probabilities_array:[0.46178973 0.         0.5382103 ]

rule16: superplasticizer < 2.155
probabilities_array:[0.44141522 0.         0.55858475]

rule14: 180.921 < water < 195.250
probabilities_array:[0.24962237 0.03228749 0.7180901 ]

rule4: blast_furnace_slag < 15.125
probabilities_array:[0.20196685 0.03464579 0.7633874 ]


---1---
rule31: age > 88.734
probabilities_array:[0.        0.7392331 0.2607669]

rule30: 45.742 < age < 88.734
probabilities_array:[0.         0.71580154 0.28419846]

rule3: cement > 352.325
probabilities_array:[0.        0.6696236 0.3303764]

rule24: fine_aggregate < 721.648
probabilities_array:[0.         0.64610475 0.35389528]

rule12: water < 166.592
probabilities_array:[0.         0.6144241  0.38557592]

rule20: coarse_aggregate < 922.179
probabilities_array:[0.         0.55667055 0.44332945]

rule10: 52.859 < fly_ash < 95.737
probabilities_array:[0.         0.46789697 0.53210306]

rule9: 9.982 < fly_ash < 52.859
probabilities_array:[0.         0.45154625 0.54845375]

rule13: 166.592 < water < 180.921
probabilities_array:[0.         0.43320513 0.5667949 ]

rule6: 72.714 < blast_furnace_slag < 130.303
probabilities_array:[0.         0.41440603 0.58559394]

rule19: superplasticizer > 10.383
probabilities_array:[0.       0.389641 0.610359]

rule7: blast_furnace_slag > 130.303
probabilities_array:[0.         0.37453842 0.6254616 ]

rule8: fly_ash < 9.982
probabilities_array:[0.00415372 0.32878762 0.66705865]

rule22: 974.915 < coarse_aggregate < 1027.650
probabilities_array:[0.        0.3225965 0.6774035]

rule2: 282.085 < cement < 352.325
probabilities_array:[0.        0.3033023 0.6966977]

rule5: 15.125 < blast_furnace_slag < 72.714
probabilities_array:[0.07113688 0.2582114  0.67065173]

rule21: 922.179 < coarse_aggregate < 974.915
probabilities_array:[0.00875697 0.22187829 0.7693647 ]

rule23: coarse_aggregate > 1027.650
probabilities_array:[0.         0.21106316 0.78893685]

