R2: -0.13535640828073725


MAE: 42461584.45316753


MSE: 5796378390231398.0


Accuracy: 1.0


F1: 1.0


Most important rules
-----------------------------

---0---
