R2: 0.542645428170869


MAE: 27772253.10039684


MSE: 2093535329899583.5


Accuracy: 0.7662053896576839


F1: 0.7652410134309158


Most important rules
-----------------------------

---0---
rule9: -3783.976 < num_voted_users < 99521.615
probabilities_array:[0.5209717 0.        0.4790283]

rule51: budget > 219358594.513
probabilities_array:[0.48012662 0.         0.5198734 ]

rule3: imdb_score > 7.205
probabilities_array:[0.41770262 0.         0.5822974 ]

rule16: num_user_for_reviews < 38.979
probabilities_array:[0.41413173 0.         0.58586824]

rule12: num_critic_for_reviews < 77.817
probabilities_array:[0.32975236 0.         0.6702476 ]

rule6: 2003.211 < title_year < 2009.868
probabilities_array:[0.3157082  0.         0.68429184]

rule49: -125828018.846 < budget < 46765287.834
probabilities_array:[0.30549407 0.         0.69450593]

rule7: title_year > 2009.868
probabilities_array:[0.29256994 0.         0.70743006]

rule41: -4675.664 < movie_facebook_likes < 8267.363
probabilities_array:[0.24161822 0.         0.7583818 ]

rule45: 94.026 < duration < 109.763
probabilities_array:[0.20098366 0.00760403 0.7914123 ]


---1---
rule4: title_year < 1996.554
probabilities_array:[0.        0.4591542 0.5408458]

rule19: num_user_for_reviews > 602.787
probabilities_array:[0.         0.41845265 0.5815474 ]

rule30: 1845.538 < actor_2_facebook_likes < 4902.738
probabilities_array:[0.         0.40982157 0.59017843]

rule11: num_voted_users > 202827.206
probabilities_array:[0.        0.3972656 0.6027344]

rule50: 46765287.834 < budget < 219358594.513
probabilities_array:[0.         0.36057797 0.63942206]

rule1: 5.698 < imdb_score < 6.452
probabilities_array:[0.         0.33603233 0.66396767]

rule0: imdb_score < 5.698
probabilities_array:[0.         0.32394308 0.6760569 ]

rule18: 320.883 < num_user_for_reviews < 602.787
probabilities_array:[0.         0.31596196 0.68403804]

rule15: num_critic_for_reviews > 240.963
probabilities_array:[0.         0.30611202 0.693888  ]

rule13: 77.817 < num_critic_for_reviews < 159.390
probabilities_array:[0.         0.29332757 0.70667243]

rule10: 99521.615 < num_voted_users < 202827.206
probabilities_array:[0.        0.2876882 0.7123118]

rule47: duration > 125.499
probabilities_array:[0.00073301 0.28519353 0.7140734 ]

rule14: 159.390 < num_critic_for_reviews < 240.963
probabilities_array:[0.00078656 0.26677233 0.7324411 ]

rule34: 724.667 < actor_3_facebook_likes < 1938.327
probabilities_array:[0.         0.25260237 0.7473976 ]

rule35: actor_3_facebook_likes > 1938.327
probabilities_array:[0.00195765 0.24589127 0.752151  ]

rule43: movie_facebook_likes > 21210.390
probabilities_array:[0.         0.22807164 0.77192837]

rule23: director_facebook_likes > 2796.375
probabilities_array:[0.00129226 0.22536144 0.7733463 ]

rule31: actor_2_facebook_likes > 4902.738
probabilities_array:[0.00633723 0.2210245  0.7726383 ]

