R2: 0.25632450325680667


MAE: 33618290.381722495


MSE: 3400460853649409.5


Accuracy: 0.7472687545520758


F1: 0.7459209473054921


Most important rules
-----------------------------

---0---
rule51: budget > 230647293.143
probabilities_array:[0.5658949 0.        0.4341051]

rule9: -1190.859 < num_voted_users < 97309.321
probabilities_array:[0.5228735  0.         0.47712648]

rule16: num_user_for_reviews < 40.305
probabilities_array:[0.4331767 0.        0.5668233]

rule3: imdb_score > 7.223
probabilities_array:[0.40752125 0.         0.59247875]

rule6: 2003.092 < title_year < 2009.854
probabilities_array:[0.40418205 0.         0.595818  ]

rule49: -133849318.350 < budget < 48398987.396
probabilities_array:[0.38133103 0.         0.618669  ]

rule12: num_critic_for_reviews < 76.504
probabilities_array:[0.3363368 0.        0.6636632]

rule7: title_year > 2009.854
probabilities_array:[0.30502418 0.         0.6949758 ]

rule45: 94.217 < duration < 109.555
probabilities_array:[0.19363882 0.01793223 0.78842896]


---1---
rule4: title_year < 1996.330
probabilities_array:[0.         0.4805968  0.51940316]

rule50: 48398987.396 < budget < 230647293.143
probabilities_array:[0.         0.45692855 0.54307145]

rule30: 1878.239 < actor_2_facebook_likes < 4960.694
probabilities_array:[0.        0.4568521 0.5431479]

rule19: num_user_for_reviews > 588.593
probabilities_array:[0.         0.44343883 0.5565612 ]

rule11: num_voted_users > 195809.500
probabilities_array:[0.        0.4254018 0.5745982]

rule0: imdb_score < 5.717
probabilities_array:[0.         0.3656917  0.63430834]

rule18: 314.449 < num_user_for_reviews < 588.593
probabilities_array:[0.        0.3598586 0.6401414]

rule10: 97309.321 < num_voted_users < 195809.500
probabilities_array:[0.        0.3450274 0.6549726]

rule1: 5.717 < imdb_score < 6.470
probabilities_array:[0.         0.32400185 0.67599815]

rule35: actor_3_facebook_likes > 1848.668
probabilities_array:[0.         0.31818894 0.6818111 ]

rule15: num_critic_for_reviews > 238.706
probabilities_array:[0.        0.2689733 0.7310267]

rule23: director_facebook_likes > 2774.447
probabilities_array:[0.         0.24651472 0.75348526]

rule47: duration > 124.893
probabilities_array:[0.00620135 0.23634198 0.75745666]

rule14: 157.605 < num_critic_for_reviews < 238.706
probabilities_array:[0.         0.22978875 0.7702113 ]

rule13: 76.504 < num_critic_for_reviews < 157.605
probabilities_array:[0.         0.21168856 0.7883114 ]

rule43: movie_facebook_likes > 21844.843
probabilities_array:[0.00761193 0.20153378 0.79085433]

rule34: 699.288 < actor_3_facebook_likes < 1848.668
probabilities_array:[0.00428441 0.20238572 0.79332983]

