R2: -0.6296207278554471


MAE: 42135026.68769756


MSE: 6197281253029464.0


Accuracy: 1.0


F1: 1.0


Most important rules
-----------------------------

---0---
