R2: -3.698503873580032


MAE: 40419227.030446775


MSE: 2.3336445590158436e+16


Accuracy: 0.7538237436270939


F1: 0.7534280783633636


Most important rules
-----------------------------

---0---
rule16: num_user_for_reviews < 51.145
probabilities_array:[0.5154999  0.         0.48450008]

rule9: -392.495 < num_voted_users < 96277.818
probabilities_array:[0.41993627 0.         0.58006376]

rule6: 2003.448 < title_year < 2010.001
probabilities_array:[0.368966   0.         0.63103396]

rule49: -22772359.674 < budget < 42358097.915
probabilities_array:[0.33126378 0.         0.6687362 ]

rule3: imdb_score > 7.208
probabilities_array:[0.31867352 0.         0.6813265 ]

rule12: num_critic_for_reviews < 76.774
probabilities_array:[0.31599376 0.         0.6840063 ]

rule7: title_year > 2010.001
probabilities_array:[0.20652993 0.         0.7934701 ]


---1---
rule4: title_year < 1996.895
probabilities_array:[0.         0.45969287 0.54030716]

rule19: num_user_for_reviews > 570.103
probabilities_array:[0.         0.42529067 0.57470936]

rule51: budget > 107488555.503
probabilities_array:[0.         0.39039513 0.60960484]

rule10: 96277.818 < num_voted_users < 192948.132
probabilities_array:[0.         0.38719475 0.61280525]

rule11: num_voted_users > 192948.132
probabilities_array:[0.        0.3596586 0.6403414]

rule50: 42358097.915 < budget < 107488555.503
probabilities_array:[0.         0.34944832 0.6505517 ]

rule1: 5.740 < imdb_score < 6.474
probabilities_array:[0.         0.34481347 0.65518653]

rule0: imdb_score < 5.740
probabilities_array:[0.         0.32448408 0.6755159 ]

rule35: actor_3_facebook_likes > 1944.317
probabilities_array:[0.         0.30935663 0.69064337]

rule43: movie_facebook_likes > 23526.348
probabilities_array:[0.         0.30165038 0.69834965]

rule14: 160.139 < num_critic_for_reviews < 243.504
probabilities_array:[0.         0.2926568  0.70734316]

rule15: num_critic_for_reviews > 243.504
probabilities_array:[0.         0.27201438 0.7279856 ]

rule46: 109.273 < duration < 124.299
probabilities_array:[0.         0.26696485 0.73303515]

rule18: 310.624 < num_user_for_reviews < 570.103
probabilities_array:[6.2867720e-04 2.6486468e-01 7.3450661e-01]

rule13: 76.774 < num_critic_for_reviews < 160.139
probabilities_array:[0.         0.24815297 0.751847  ]

rule26: 7441.810 < actor_1_facebook_likes < 18716.613
probabilities_array:[0.02839052 0.2206713  0.7509382 ]

rule47: duration > 124.299
probabilities_array:[0.01101313 0.21328847 0.7756984 ]

rule42: 8885.179 < movie_facebook_likes < 23526.348
probabilities_array:[0.05588571 0.18692198 0.7571923 ]

