R2: -1.1397226247886425


MAE: 31015666.113081053


MSE: 9519075722721922.0


Accuracy: 1.0


F1: 1.0


Most important rules
-----------------------------

---0---
