R2: -0.0421372412729939


MAE: 33590854.85537912


MSE: 5015146484102374.0


Accuracy: 1.0


F1: 1.0


Most important rules
-----------------------------

---0---
