R2: 0.11799487509208795


MAE: 35684618.5670975


MSE: 4333516506138568.0


Accuracy: 1.0


F1: 1.0


Most important rules
-----------------------------

---0---
