R2: -8.013904203056304


MAE: 37966064.26463761


MSE: 4.292256606503664e+16


Accuracy: 0.7560087399854334


F1: 0.7560040804352889


Most important rules
-----------------------------

---0---
rule16: num_user_for_reviews < 42.244
probabilities_array:[0.45569828 0.         0.5443017 ]

rule9: -2731.379 < num_voted_users < 98219.757
probabilities_array:[0.4403972 0.        0.5596028]

rule6: 2003.013 < title_year < 2010.067
probabilities_array:[0.34577298 0.         0.654227  ]

rule36: cast_total_facebook_likes < 796.397
probabilities_array:[0.34528545 0.         0.6547145 ]

rule49: -41788515.609 < budget < 43211139.203
probabilities_array:[0.31500137 0.         0.68499863]

rule3: imdb_score > 7.232
probabilities_array:[0.31348    0.         0.68652004]

rule12: num_critic_for_reviews < 76.211
probabilities_array:[0.24280603 0.         0.757194  ]

rule33: -519.411 < actor_3_facebook_likes < 734.570
probabilities_array:[0.18695576 0.03938389 0.77366036]


---1---
rule4: title_year < 1995.959
probabilities_array:[0.        0.5114794 0.4885206]

rule19: num_user_for_reviews > 579.767
probabilities_array:[0.         0.4012414  0.59875864]

rule30: 1878.683 < actor_2_facebook_likes < 4499.692
probabilities_array:[0.         0.38617948 0.61382055]

rule11: num_voted_users > 199170.893
probabilities_array:[0.         0.37356517 0.62643486]

rule10: 98219.757 < num_voted_users < 199170.893
probabilities_array:[0.         0.36750245 0.63249755]

rule14: 159.744 < num_critic_for_reviews < 243.277
probabilities_array:[0.        0.3658665 0.6341335]

rule37: 796.397 < cast_total_facebook_likes < 10634.732
probabilities_array:[0.         0.36206922 0.6379308 ]

rule1: 5.756 < imdb_score < 6.494
probabilities_array:[0.         0.35761535 0.64238465]

rule50: 43211139.203 < budget < 128210794.015
probabilities_array:[0.         0.35259303 0.64740694]

rule51: budget > 128210794.015
probabilities_array:[0.         0.30212474 0.69787526]

rule15: num_critic_for_reviews > 243.277
probabilities_array:[0.         0.29402536 0.70597464]

rule47: duration > 124.198
probabilities_array:[0.00079258 0.2888695  0.7103379 ]

rule18: 311.005 < num_user_for_reviews < 579.767
probabilities_array:[0.        0.2745064 0.7254936]

rule38: 10634.732 < cast_total_facebook_likes < 20473.066
probabilities_array:[0.         0.26657274 0.7334272 ]

rule46: 109.340 < duration < 124.198
probabilities_array:[0.         0.26335844 0.7366415 ]

rule31: actor_2_facebook_likes > 4499.692
probabilities_array:[0.         0.23529246 0.76470757]

rule43: movie_facebook_likes > 23295.942
probabilities_array:[0.         0.21923916 0.7807608 ]

rule42: 8908.376 < movie_facebook_likes < 23295.942
probabilities_array:[0.08489354 0.17028289 0.74482363]

rule13: 76.211 < num_critic_for_reviews < 159.744
probabilities_array:[0.         0.20601349 0.7939865 ]

