R2: 0.22283402051681955


MAE: 34192253.091794685


MSE: 4197920289367915.0


Accuracy: 0.7487254187909687


F1: 0.7485119687565203


Most important rules
-----------------------------

---0---
rule16: num_user_for_reviews < 50.314
probabilities_array:[0.4777551 0.        0.5222449]

rule3: imdb_score > 7.196
probabilities_array:[0.43172505 0.         0.568275  ]

rule6: 2003.481 < title_year < 2010.337
probabilities_array:[0.37836912 0.         0.6216309 ]

rule9: -1592.922 < num_voted_users < 94960.007
probabilities_array:[0.37448546 0.         0.62551457]

rule12: num_critic_for_reviews < 77.813
probabilities_array:[0.35368216 0.         0.64631784]

rule51: budget > 224463517.072
probabilities_array:[0.33533397 0.         0.664666  ]

rule49: -131639100.876 < budget < 46412208.098
probabilities_array:[0.26759222 0.         0.73240775]

rule44: duration < 94.156
probabilities_array:[0.24519786 0.0009279  0.75387424]

rule7: title_year > 2010.337
probabilities_array:[0.24154575 0.         0.75845426]

rule45: 94.156 < duration < 109.364
probabilities_array:[0.23715729 0.         0.7628427 ]


---1---
rule4: title_year < 1996.626
probabilities_array:[0.         0.51345384 0.48654613]

rule50: 46412208.098 < budget < 224463517.072
probabilities_array:[0.         0.51141167 0.48858833]

rule19: num_user_for_reviews > 555.685
probabilities_array:[0.         0.47247225 0.52752775]

rule11: num_voted_users > 191512.937
probabilities_array:[0.         0.45555335 0.54444665]

rule10: 94960.007 < num_voted_users < 191512.937
probabilities_array:[0.         0.44208488 0.55791515]

rule35: actor_3_facebook_likes > 1863.119
probabilities_array:[0.         0.34787837 0.65212166]

rule1: 5.702 < imdb_score < 6.449
probabilities_array:[0.        0.3220988 0.6779012]

rule18: 303.000 < num_user_for_reviews < 555.685
probabilities_array:[0.         0.30114532 0.6988547 ]

rule13: 77.813 < num_critic_for_reviews < 159.908
probabilities_array:[0.         0.26937556 0.73062444]

rule0: imdb_score < 5.702
probabilities_array:[0.         0.2690024  0.73099756]

rule14: 159.908 < num_critic_for_reviews < 242.002
probabilities_array:[0.00497431 0.25993726 0.7350884 ]

rule34: 700.200 < actor_3_facebook_likes < 1863.119
probabilities_array:[2.1359886e-04 2.4599686e-01 7.5378954e-01]

rule30: 1804.987 < actor_2_facebook_likes < 4333.069
probabilities_array:[0.         0.24301872 0.7569813 ]

rule23: director_facebook_likes > 2656.861
probabilities_array:[4.3101716e-04 2.3689820e-01 7.6267081e-01]

rule43: movie_facebook_likes > 22534.145
probabilities_array:[0.00192876 0.22586733 0.7722039 ]

rule15: num_critic_for_reviews > 242.002
probabilities_array:[6.268793e-04 2.150536e-01 7.843195e-01]

