R2: -0.4186986850008898


MAE: 44403982.95407875


MSE: 6965811981526118.0


Accuracy: 0.7560087399854334


F1: 0.7538695755707707


Most important rules
-----------------------------

---0---
rule16: num_user_for_reviews < 43.065
probabilities_array:[0.49635762 0.         0.5036424 ]

rule49: -34900595.770 < budget < 42189330.203
probabilities_array:[0.47587213 0.         0.52412784]

rule9: -1939.600 < num_voted_users < 98458.364
probabilities_array:[0.4409646 0.        0.5590354]

rule6: 2003.136 < title_year < 2010.069
probabilities_array:[0.32488978 0.         0.6751102 ]

rule12: num_critic_for_reviews < 76.123
probabilities_array:[0.3026511 0.        0.6973489]

rule45: 94.476 < duration < 109.652
probabilities_array:[0.22345166 0.00838801 0.76816034]

rule3: imdb_score > 7.214
probabilities_array:[0.20412274 0.         0.7958773 ]


---1---
rule4: title_year < 1996.202
probabilities_array:[0.         0.49002075 0.50997925]

rule51: budget > 119279256.175
probabilities_array:[0.         0.41268778 0.5873122 ]

rule11: num_voted_users > 198856.328
probabilities_array:[0.       0.396119 0.603881]

rule10: 98458.364 < num_voted_users < 198856.328
probabilities_array:[0.         0.38673744 0.6132626 ]

rule0: imdb_score < 5.746
probabilities_array:[0.         0.3493999  0.65060014]

rule19: num_user_for_reviews > 577.149
probabilities_array:[0.         0.34749624 0.6525038 ]

rule1: 5.746 < imdb_score < 6.480
probabilities_array:[0.         0.3385789  0.66142106]

rule50: 42189330.203 < budget < 119279256.175
probabilities_array:[0.         0.30505463 0.6949454 ]

rule30: 1926.246 < actor_2_facebook_likes < 5080.360
probabilities_array:[0.         0.30111393 0.69888604]

rule18: 310.107 < num_user_for_reviews < 577.149
probabilities_array:[0.        0.2721107 0.7278893]

rule14: 159.697 < num_critic_for_reviews < 243.271
probabilities_array:[0.         0.25436985 0.74563015]

rule15: num_critic_for_reviews > 243.271
probabilities_array:[0.         0.23600619 0.7639938 ]

rule34: 711.971 < actor_3_facebook_likes < 1915.214
probabilities_array:[0.         0.23518574 0.76481426]

rule35: actor_3_facebook_likes > 1915.214
probabilities_array:[0.         0.22855216 0.77144784]

rule23: director_facebook_likes > 2866.415
probabilities_array:[4.5378230e-04 2.1298015e-01 7.8656608e-01]

