R2: -0.5635791201826332


MAE: 37807276.2264897


MSE: 6972359878185764.0


Accuracy: 1.0


F1: 1.0


Most important rules
-----------------------------

---0---
