R2: -0.23824417443711265


MAE: 42458642.99723099


MSE: 5727782919987151.0


Accuracy: 1.0


F1: 1.0


Most important rules
-----------------------------

---0---
