R2: 0.12463584049853593


MAE: 34345661.903437294


MSE: 4329948476774600.5


Accuracy: 0.7669337217771304


F1: 0.7667257073197666


Most important rules
-----------------------------

---0---
rule16: num_user_for_reviews < 42.796
probabilities_array:[0.4701489 0.        0.5298511]

rule9: -2282.081 < num_voted_users < 96642.303
probabilities_array:[0.46366093 0.         0.53633904]

rule6: 2003.356 < title_year < 2009.862
probabilities_array:[0.41934097 0.         0.58065903]

rule49: -126453020.167 < budget < 46206236.104
probabilities_array:[0.3878187 0.        0.6121813]

rule12: num_critic_for_reviews < 75.589
probabilities_array:[0.31288195 0.         0.68711805]

rule51: budget > 218865492.376
probabilities_array:[0.31092417 0.         0.6890758 ]

rule3: imdb_score > 7.187
probabilities_array:[0.27688688 0.         0.7231131 ]

rule45: 94.142 < duration < 109.228
probabilities_array:[0.27104062 0.00259286 0.7263665 ]


---1---
rule4: title_year < 1996.851
probabilities_array:[0.         0.42684186 0.57315814]

rule19: num_user_for_reviews > 577.566
probabilities_array:[0.         0.39671215 0.6032879 ]

rule30: 1801.065 < actor_2_facebook_likes < 4323.094
probabilities_array:[0.         0.39553818 0.60446185]

rule10: 96642.303 < num_voted_users < 195566.687
probabilities_array:[0.         0.39330775 0.60669225]

rule11: num_voted_users > 195566.687
probabilities_array:[0.         0.34171763 0.6582824 ]

rule50: 46206236.104 < budget < 218865492.376
probabilities_array:[0.         0.3359051  0.66409487]

rule1: 5.714 < imdb_score < 6.450
probabilities_array:[0.       0.331533 0.668467]

rule15: num_critic_for_reviews > 241.018
probabilities_array:[0.        0.3278546 0.6721454]

rule0: imdb_score < 5.714
probabilities_array:[0.         0.29895404 0.701046  ]

rule14: 158.304 < num_critic_for_reviews < 241.018
probabilities_array:[0.         0.28666613 0.71333385]

rule13: 75.589 < num_critic_for_reviews < 158.304
probabilities_array:[0.        0.2794634 0.7205366]

rule21: -1201.949 < director_facebook_likes < 708.085
probabilities_array:[0.         0.26776427 0.7322357 ]

rule34: 708.983 < actor_3_facebook_likes < 1904.980
probabilities_array:[0.         0.22775704 0.77224296]

rule35: actor_3_facebook_likes > 1904.980
probabilities_array:[2.4387530e-04 2.2567759e-01 7.7407855e-01]

rule18: 310.181 < num_user_for_reviews < 577.566
probabilities_array:[0.         0.21927878 0.7807212 ]

