R2: 0.05889143641017347


MAE: 37050480.38870717


MSE: 4850238284719138.0


Accuracy: 1.0


F1: 1.0


Most important rules
-----------------------------

---0---
