R2: -0.15379416052104777


MAE: 42603107.79150674


MSE: 5923869044769548.0


Accuracy: 1.0


F1: 1.0


Most important rules
-----------------------------

---0---
