R2: 0.5612872018573352


MAE: 28731557.42460319


MSE: 1923749435523954.2


Accuracy: 0.7574654042243263


F1: 0.7574607724923916


Most important rules
-----------------------------

---0---
rule3: imdb_score > 7.222
probabilities_array:[0.46980682 0.         0.53019315]

rule51: budget > 214758059.921
probabilities_array:[0.46359795 0.         0.53640205]

rule16: num_user_for_reviews < 40.782
probabilities_array:[0.41238648 0.         0.5876135 ]

rule9: -5245.728 < num_voted_users < 97679.034
probabilities_array:[0.3928406  0.         0.60715944]

rule49: -125294308.715 < budget < 44731875.603
probabilities_array:[0.3709426 0.        0.6290574]

rule6: 2003.338 < title_year < 2010.025
probabilities_array:[0.32357645 0.         0.67642355]

rule12: num_critic_for_reviews < 75.356
probabilities_array:[0.21987876 0.         0.7801212 ]


---1---
rule19: num_user_for_reviews > 580.194
probabilities_array:[0.         0.46665987 0.53334016]

rule10: 97679.034 < num_voted_users < 200603.797
probabilities_array:[0.         0.46213174 0.53786826]

rule4: title_year < 1996.652
probabilities_array:[0.         0.45045233 0.5495477 ]

rule50: 44731875.603 < budget < 214758059.921
probabilities_array:[0.         0.43091166 0.56908834]

rule11: num_voted_users > 200603.797
probabilities_array:[0.         0.39599922 0.6040008 ]

rule18: 310.488 < num_user_for_reviews < 580.194
probabilities_array:[0.         0.36212173 0.6378783 ]

rule30: 1881.091 < actor_2_facebook_likes < 4976.793
probabilities_array:[0.         0.36126253 0.6387375 ]

rule14: 159.032 < num_critic_for_reviews < 242.709
probabilities_array:[0.         0.34543496 0.65456504]

rule47: duration > 124.676
probabilities_array:[0.00884854 0.32698175 0.66416967]

rule13: 75.356 < num_critic_for_reviews < 159.032
probabilities_array:[0.        0.3296928 0.6703072]

rule15: num_critic_for_reviews > 242.709
probabilities_array:[0.         0.3090861  0.69091386]

rule35: actor_3_facebook_likes > 1952.956
probabilities_array:[0.00303417 0.2915854  0.70538044]

rule43: movie_facebook_likes > 23307.705
probabilities_array:[0.        0.2926542 0.7073458]

rule1: 5.739 < imdb_score < 6.481
probabilities_array:[0.         0.26891902 0.731081  ]

rule26: 7402.519 < actor_1_facebook_likes < 18701.407
probabilities_array:[0.03877626 0.2110481  0.75017565]

rule34: 728.220 < actor_3_facebook_likes < 1952.956
probabilities_array:[0.01041701 0.22076862 0.7688144 ]

rule31: actor_2_facebook_likes > 4976.793
probabilities_array:[0.02680345 0.21224742 0.7609492 ]

rule46: 109.208 < duration < 124.676
probabilities_array:[1.5814634e-04 2.1669979e-01 7.8314209e-01]

rule0: imdb_score < 5.739
probabilities_array:[0.         0.21306844 0.7869316 ]

