R2: -34.91050021028804


MAE: 48729896.257831514


MSE: 1.5380100977692355e+17


Accuracy: 1.0


F1: 1.0


Most important rules
-----------------------------

---0---
