R2: 0.37204860708748677

MAE: 10.72885294117647

MSE: 184.43120794117647

Accuracy: 0.8

F1: 0.7999930793453061

Confusion Matrix: [[135, 31], [37, 137]]

Uncertainties: {'class0': [0.09094732999801636, 0.3005048334598541, 0.32568007707595825, 0.34054920077323914, 0.4851299822330475], 'class1': [0.27351388335227966, 0.342736154794693, 0.37130072712898254, 0.3794434368610382, 0.4695478081703186]}

Weighted Accuracy: 0.8

Most important rules
-----------------------------

---0---
rule28: age < 2.385
probabilities_array:[0.90905267 0.         0.09094733]

rule29: 2.385 < age < 46.630
probabilities_array:[0.69949514 0.         0.30050483]

rule15: water > 196.693
probabilities_array:[0.6743199  0.         0.32568008]

rule27: fine_aggregate > 827.360
probabilities_array:[0.65945077 0.         0.3405492 ]

rule0: cement < 211.302
probabilities_array:[0.51487005 0.         0.48512998]

rule16: superplasticizer < 1.920
probabilities_array:[0.4684801 0.        0.5315199]

rule26: 771.153 < fine_aggregate < 827.360
probabilities_array:[0.39768323 0.         0.6023168 ]

rule14: 182.443 < water < 196.693
probabilities_array:[0.38715848 0.         0.61284155]

rule11: fly_ash > 95.325
probabilities_array:[0.23562612 0.00203727 0.7623366 ]

rule1: 211.302 < cement < 282.412
probabilities_array:[0.21474807 0.         0.7852519 ]


---1---
rule31: age > 90.876
probabilities_array:[0.         0.7264861  0.27351388]

rule30: 46.630 < age < 90.876
probabilities_array:[0.         0.6572638  0.34273615]

rule12: water < 168.193
probabilities_array:[0.         0.62869924 0.37130073]

rule24: fine_aggregate < 714.947
probabilities_array:[0.         0.62055653 0.37944344]

rule3: cement > 353.523
probabilities_array:[0.        0.5304522 0.4695478]

rule2: 282.412 < cement < 353.523
probabilities_array:[0.         0.49648649 0.5035135 ]

rule18: 5.872 < superplasticizer < 9.824
probabilities_array:[0.         0.48108655 0.51891345]

rule8: fly_ash < 9.376
probabilities_array:[0.         0.45246246 0.5475375 ]

rule6: 73.542 < blast_furnace_slag < 132.160
probabilities_array:[0.         0.44099045 0.55900955]

rule21: 923.741 < coarse_aggregate < 975.334
probabilities_array:[0.        0.4030461 0.5969539]

rule13: 168.193 < water < 182.443
probabilities_array:[0.         0.40113816 0.5988619 ]

rule5: 14.923 < blast_furnace_slag < 73.542
probabilities_array:[0.       0.360555 0.639445]

rule19: superplasticizer > 9.824
probabilities_array:[0.         0.3524644  0.64753556]

rule20: coarse_aggregate < 923.741
probabilities_array:[0.         0.35105217 0.64894783]

rule17: 1.920 < superplasticizer < 5.872
probabilities_array:[0.         0.29382613 0.70617384]

rule10: 52.350 < fly_ash < 95.325
probabilities_array:[0.        0.2729701 0.7270299]

