R2: 0.4163912874957165

MAE: 9.90723529411765

MSE: 149.8839782352941

Accuracy: 0.8117647058823529

F1: 0.8113469274517964

Confusion Matrix: [[146, 24], [40, 130]]

Uncertainties: {'class0': [0.08470151573419571, 0.3096233904361725, 0.38125962018966675, 0.3821246325969696, 0.45936158299446106], 'class1': [0.3025246858596802, 0.3113066852092743, 0.3311235308647156, 0.3595561683177948, 0.3901401162147522]}

Weighted Accuracy: 0.8117647058823529

Most important rules
-----------------------------

---0---
rule28: age < 2.798
probabilities_array:[0.91529846 0.         0.08470152]

rule29: 2.798 < age < 43.245
probabilities_array:[0.6903766 0.        0.3096234]

rule0: cement < 211.941
probabilities_array:[0.6187404  0.         0.38125962]

rule15: water > 195.268
probabilities_array:[0.61787534 0.         0.38212463]

rule27: fine_aggregate > 825.663
probabilities_array:[0.54063845 0.         0.45936158]

rule16: superplasticizer < 2.327
probabilities_array:[0.3947729 0.        0.6052271]

rule14: 181.126 < water < 195.268
probabilities_array:[0.28123766 0.         0.71876234]

rule26: 771.359 < fine_aggregate < 825.663
probabilities_array:[0.2537331  0.00867872 0.73758817]


---1---
rule9: 12.090 < fly_ash < 55.132
probabilities_array:[0.        0.6974753 0.3025247]

rule31: age > 83.692
probabilities_array:[0.         0.68869334 0.3113067 ]

rule30: 43.245 < age < 83.692
probabilities_array:[0.         0.66887647 0.33112353]

rule24: fine_aggregate < 717.054
probabilities_array:[0.         0.6404438  0.35955617]

rule3: cement > 356.128
probabilities_array:[0.         0.6098599  0.39014012]

rule20: coarse_aggregate < 920.309
probabilities_array:[0.         0.59367895 0.40632105]

rule12: water < 166.983
probabilities_array:[0.        0.5228787 0.4771213]

rule8: fly_ash < 12.090
probabilities_array:[0.         0.45407692 0.5459231 ]

rule19: superplasticizer > 10.565
probabilities_array:[0.         0.43964678 0.5603532 ]

rule13: 166.983 < water < 181.126
probabilities_array:[0.         0.40449268 0.5955073 ]

rule6: 73.178 < blast_furnace_slag < 131.297
probabilities_array:[0.         0.3693234  0.63067657]

rule2: 284.034 < cement < 356.128
probabilities_array:[0.         0.34085745 0.65914255]

rule18: 6.446 < superplasticizer < 10.565
probabilities_array:[0.00149412 0.33720243 0.6613035 ]

rule5: 15.058 < blast_furnace_slag < 73.178
probabilities_array:[0.01600738 0.2885813  0.69541126]

rule21: 920.309 < coarse_aggregate < 973.937
probabilities_array:[0.         0.27689442 0.7231056 ]

rule10: 55.132 < fly_ash < 98.175
probabilities_array:[0.         0.23299606 0.76700395]

