R2: 0.4738640244376312

MAE: 9.560647058823529

MSE: 137.39456411764706

Accuracy: 0.85

F1: 0.8499883208900347

Confusion Matrix: [[146, 23], [28, 143]]

Uncertainties: {'class0': [0.20448048412799835, 0.3129531443119049, 0.361305296421051, 0.3646455705165863, 0.47766926884651184], 'class1': [0.24394717812538147, 0.3769192695617676, 0.40859970450401306, 0.4344539940357208, 0.4474113881587982]}

Weighted Accuracy: 0.85

Most important rules
-----------------------------

---0---
rule28: age < 2.330
probabilities_array:[0.79551953 0.         0.20448048]

rule29: 2.330 < age < 44.935
probabilities_array:[0.6870469  0.         0.31295314]

rule27: fine_aggregate > 826.882
probabilities_array:[0.6386947 0.        0.3613053]

rule15: water > 195.551
probabilities_array:[0.63535446 0.         0.36464557]

rule0: cement < 210.941
probabilities_array:[0.52233076 0.         0.47766927]

rule16: superplasticizer < 2.143
probabilities_array:[0.40296814 0.         0.5970319 ]

rule26: 772.763 < fine_aggregate < 826.882
probabilities_array:[0.34091866 0.         0.65908134]

rule14: 181.108 < water < 195.551
probabilities_array:[0.32588407 0.         0.6741159 ]

rule25: 718.643 < fine_aggregate < 772.763
probabilities_array:[0.25345302 0.         0.746547  ]

rule11: fly_ash > 96.577
probabilities_array:[0.24945945 0.00427262 0.7462679 ]


---1---
rule31: age > 87.540
probabilities_array:[0.         0.75605285 0.24394718]

rule9: 11.032 < fly_ash < 53.804
probabilities_array:[0.         0.62308073 0.37691927]

rule30: 44.935 < age < 87.540
probabilities_array:[0.         0.59140027 0.4085997 ]

rule3: cement > 354.899
probabilities_array:[0.         0.56554604 0.434454  ]

rule12: water < 166.665
probabilities_array:[0.         0.55258864 0.4474114 ]

rule24: fine_aggregate < 718.643
probabilities_array:[0.         0.54974407 0.45025596]

rule20: coarse_aggregate < 922.422
probabilities_array:[0.         0.52620506 0.47379494]

rule19: superplasticizer > 10.086
probabilities_array:[0.         0.51094085 0.48905918]

rule13: 166.665 < water < 181.108
probabilities_array:[0.         0.49425372 0.50574625]

rule8: fly_ash < 11.032
probabilities_array:[0.         0.47340238 0.5265976 ]

rule10: 53.804 < fly_ash < 96.577
probabilities_array:[0.         0.3840058  0.61599416]

rule6: 73.526 < blast_furnace_slag < 131.726
probabilities_array:[0.        0.3595809 0.6404191]

rule18: 6.115 < superplasticizer < 10.086
probabilities_array:[0.         0.35136014 0.64863986]

rule5: 15.327 < blast_furnace_slag < 73.526
probabilities_array:[0.06406272 0.2695833  0.66635394]

rule17: 2.143 < superplasticizer < 6.115
probabilities_array:[0.         0.29501194 0.70498806]

rule21: 922.422 < coarse_aggregate < 975.184
probabilities_array:[0.         0.29232258 0.7076774 ]

rule2: 282.920 < cement < 354.899
probabilities_array:[0.         0.27052695 0.72947305]

