R2: 0.4526096834141028

MAE: 9.646588235294118

MSE: 144.51067882352942

Accuracy: 0.8323529411764706

F1: 0.8320260021668473

Confusion Matrix: [[134, 26], [31, 149]]

Uncertainties: {'class0': [0.03885509818792343, 0.25136053562164307, 0.32041314244270325, 0.40156251192092896, 0.44216474890708923], 'class1': [0.1996128410100937, 0.2749905288219452, 0.39038509130477905, 0.4069773852825165, 0.4075247049331665]}

Weighted Accuracy: 0.8323529411764706

Most important rules
-----------------------------

---0---
rule28: age < 3.587
probabilities_array:[0.9611449 0.        0.0388551]

rule15: water > 195.732
probabilities_array:[0.74863946 0.         0.25136054]

rule29: 3.587 < age < 43.338
probabilities_array:[0.6795869  0.         0.32041314]

rule0: cement < 207.594
probabilities_array:[0.5984375 0.        0.4015625]

rule27: fine_aggregate > 827.540
probabilities_array:[0.5578352  0.         0.44216475]

rule16: superplasticizer < 2.238
probabilities_array:[0.43923324 0.         0.56076676]

rule14: 181.445 < water < 195.732
probabilities_array:[0.41964573 0.         0.5803543 ]

rule26: 774.756 < fine_aggregate < 827.540
probabilities_array:[0.41065088 0.         0.58934915]

rule4: blast_furnace_slag < 18.170
probabilities_array:[0.21440846 0.         0.78559154]

rule7: blast_furnace_slag > 136.798
probabilities_array:[0.17839487 0.06719378 0.7544113 ]


---1---
rule31: age > 83.089
probabilities_array:[0.         0.80038714 0.19961284]

rule3: cement > 349.336
probabilities_array:[0.         0.7250095  0.27499053]

rule30: 43.338 < age < 83.089
probabilities_array:[0.        0.6096149 0.3903851]

rule24: fine_aggregate < 721.972
probabilities_array:[0.         0.59302264 0.4069774 ]

rule8: fly_ash < 9.440
probabilities_array:[0.        0.5924753 0.4075247]

rule12: water < 167.158
probabilities_array:[0.         0.5724866  0.42751342]

rule19: superplasticizer > 10.259
probabilities_array:[0.         0.50510865 0.49489135]

rule9: 9.440 < fly_ash < 52.304
probabilities_array:[0.         0.47250843 0.52749157]

rule2: 278.465 < cement < 349.336
probabilities_array:[0.        0.4628325 0.5371675]

rule18: 6.248 < superplasticizer < 10.259
probabilities_array:[0.        0.4437521 0.5562479]

rule13: 167.158 < water < 181.445
probabilities_array:[0.         0.43157455 0.5684254 ]

rule17: 2.238 < superplasticizer < 6.248
probabilities_array:[0.        0.4312759 0.5687241]

rule10: 52.304 < fly_ash < 95.168
probabilities_array:[0.         0.42736515 0.5726348 ]

rule5: 18.170 < blast_furnace_slag < 77.484
probabilities_array:[0.         0.39004555 0.6099544 ]

rule6: 77.484 < blast_furnace_slag < 136.798
probabilities_array:[0.         0.36897862 0.6310214 ]

rule20: coarse_aggregate < 921.149
probabilities_array:[0.         0.34547386 0.6545262 ]

rule21: 921.149 < coarse_aggregate < 973.217
probabilities_array:[0.         0.28134927 0.7186507 ]

