R2: 0.4895272433753505

MAE: 9.568382352941176

MSE: 141.21642088235296

Accuracy: 0.8588235294117647

F1: 0.8570377378324399

Confusion Matrix: [[165, 18], [30, 127]]

Uncertainties: {'class0': [0.016579488292336464, 0.20233260095119476, 0.20791558921337128, 0.3757379353046417, 0.42180776596069336], 'class1': [0.20940940082073212, 0.3261045217514038, 0.3305302858352661, 0.35058915615081787, 0.3760021924972534]}

Weighted Accuracy: 0.8588235294117647

Most important rules
-----------------------------

---0---
rule28: age < 3.688
probabilities_array:[0.9834205  0.         0.01657949]

rule15: water > 195.823
probabilities_array:[0.7976674 0.        0.2023326]

rule0: cement < 213.201
probabilities_array:[0.7920844  0.         0.20791559]

rule29: 3.688 < age < 45.926
probabilities_array:[0.6242621  0.         0.37573794]

rule27: fine_aggregate > 826.769
probabilities_array:[0.57689255 0.00129965 0.42180777]

rule1: 213.201 < cement < 283.272
probabilities_array:[0.43438977 0.         0.56561023]

rule16: superplasticizer < 2.171
probabilities_array:[0.42315948 0.         0.5768405 ]

rule14: 181.563 < water < 195.823
probabilities_array:[0.35230982 0.         0.6476902 ]

rule4: blast_furnace_slag < 13.863
probabilities_array:[0.21984726 0.         0.78015274]


---1---
rule31: age > 88.164
probabilities_array:[0.        0.7905906 0.2094094]

rule24: fine_aggregate < 719.661
probabilities_array:[0.         0.6738955  0.32610452]

rule30: 45.926 < age < 88.164
probabilities_array:[0.        0.6694697 0.3305303]

rule9: 11.307 < fly_ash < 54.351
probabilities_array:[0.         0.64941084 0.35058916]

rule3: cement > 353.343
probabilities_array:[0.        0.6239978 0.3760022]

rule12: water < 167.304
probabilities_array:[0.         0.6195614  0.38043863]

rule19: superplasticizer > 10.276
probabilities_array:[0.        0.5847994 0.4152006]

rule18: 6.223 < superplasticizer < 10.276
probabilities_array:[0.        0.5258509 0.4741491]

rule8: fly_ash < 11.307
probabilities_array:[0.         0.50949717 0.4905028 ]

rule17: 2.171 < superplasticizer < 6.223
probabilities_array:[0.         0.4350824  0.56491756]

rule20: coarse_aggregate < 921.097
probabilities_array:[0.        0.4229498 0.5770502]

rule6: 71.814 < blast_furnace_slag < 129.765
probabilities_array:[0.         0.40909192 0.59090805]

rule7: blast_furnace_slag > 129.765
probabilities_array:[0.         0.36848527 0.6315147 ]

rule21: 921.097 < coarse_aggregate < 973.355
probabilities_array:[0.         0.36549586 0.63450414]

rule13: 167.304 < water < 181.563
probabilities_array:[0.02885012 0.22518723 0.7459627 ]

rule22: 973.355 < coarse_aggregate < 1025.613
probabilities_array:[0.00254824 0.22252186 0.7749299 ]

