R2: 0.45698232897023394

MAE: 10.060705882352941

MSE: 156.65813323529412

Accuracy: 0.8235294117647058

F1: 0.823137744486059

Confusion Matrix: [[148, 28], [32, 132]]

Uncertainties: {'class0': [0.10187569260597229, 0.3394221067428589, 0.4375945031642914, 0.4536333382129669, 0.4757467806339264], 'class1': [0.2659814655780792, 0.2886667549610138, 0.321446031332016, 0.3764845132827759, 0.48230230808258057]}

Weighted Accuracy: 0.8235294117647058

Most important rules
-----------------------------

---0---
rule28: age < 2.998
probabilities_array:[0.89812434 0.         0.10187569]

rule29: 2.998 < age < 45.958
probabilities_array:[0.6605779 0.        0.3394221]

rule0: cement < 209.772
probabilities_array:[0.5624055 0.        0.4375945]

rule15: water > 196.049
probabilities_array:[0.54636663 0.         0.45363334]

rule27: fine_aggregate > 826.580
probabilities_array:[0.5242532  0.         0.47574678]

rule16: superplasticizer < 2.181
probabilities_array:[0.47083494 0.         0.529165  ]

rule11: fly_ash > 99.473
probabilities_array:[0.3469469  0.00114522 0.6519078 ]

rule14: 181.558 < water < 196.049
probabilities_array:[0.34479812 0.         0.6552019 ]

rule1: 209.772 < cement < 281.503
probabilities_array:[0.29804885 0.         0.70195115]

rule4: blast_furnace_slag < 15.949
probabilities_array:[0.25754362 0.01563541 0.72682095]

rule7: blast_furnace_slag > 134.419
probabilities_array:[0.18372436 0.04205887 0.77421683]


---1---
rule31: age > 88.918
probabilities_array:[0.         0.73401856 0.26598147]

rule30: 45.958 < age < 88.918
probabilities_array:[0.         0.7113332  0.28866675]

rule24: fine_aggregate < 717.542
probabilities_array:[0.         0.678554   0.32144603]

rule12: water < 167.067
probabilities_array:[0.        0.6235155 0.3764845]

rule3: cement > 353.235
probabilities_array:[0.        0.5176977 0.4823023]

rule20: coarse_aggregate < 917.772
probabilities_array:[0.         0.45872688 0.5412731 ]

rule6: 75.184 < blast_furnace_slag < 134.419
probabilities_array:[0.         0.44498178 0.5550182 ]

rule18: 6.248 < superplasticizer < 10.315
probabilities_array:[0.        0.4200631 0.5799369]

rule19: superplasticizer > 10.315
probabilities_array:[0.         0.41658583 0.58341414]

rule8: fly_ash < 12.798
probabilities_array:[0.         0.39341396 0.60658604]

rule13: 167.067 < water < 181.558
probabilities_array:[0.         0.33803913 0.66196084]

rule21: 917.772 < coarse_aggregate < 970.382
probabilities_array:[0.         0.31745693 0.68254304]

rule2: 281.503 < cement < 353.235
probabilities_array:[0.         0.26814756 0.7318525 ]

rule5: 15.949 < blast_furnace_slag < 75.184
probabilities_array:[0.00612402 0.25634375 0.73753226]

rule25: 717.542 < fine_aggregate < 772.061
probabilities_array:[0.       0.256797 0.743203]

rule17: 2.181 < superplasticizer < 6.248
probabilities_array:[0.       0.244957 0.755043]

rule9: 12.798 < fly_ash < 56.135
probabilities_array:[0.09999187 0.17270991 0.72729826]

