R2: 0.47708096363822905

MAE: 9.653529411764705

MSE: 139.42054647058825

Accuracy: 0.8294117647058824

F1: 0.8288194444444446

Confusion Matrix: [[151, 30], [28, 131]]

Uncertainties: {'class0': [0.026631809771060944, 0.2968403398990631, 0.30062660574913025, 0.4126301109790802, 0.5269256830215454], 'class1': [0.10030166804790497, 0.16172979772090912, 0.22511185705661774, 0.2537192702293396, 0.29594025015830994]}

Weighted Accuracy: 0.8294117647058824

Most important rules
-----------------------------

---0---
rule28: age < 4.145
probabilities_array:[0.97336817 0.         0.02663181]

rule15: water > 197.124
probabilities_array:[0.7031597  0.         0.29684034]

rule27: fine_aggregate > 826.429
probabilities_array:[0.6993734 0.        0.3006266]

rule0: cement < 210.275
probabilities_array:[0.58736986 0.         0.4126301 ]

rule9: 11.605 < fly_ash < 54.542
probabilities_array:[0.46071908 0.01235524 0.5269257 ]

rule16: superplasticizer < 2.117
probabilities_array:[0.4624855 0.        0.5375145]

rule14: 182.524 < water < 197.124
probabilities_array:[0.45268595 0.         0.54731405]

rule23: coarse_aggregate > 1023.542
probabilities_array:[0.37773526 0.         0.62226474]

rule29: 4.145 < age < 46.609
probabilities_array:[0.3680273  0.00315129 0.6288214 ]

rule11: fly_ash > 97.479
probabilities_array:[0.31951833 0.         0.6804817 ]

rule4: blast_furnace_slag < 16.143
probabilities_array:[0.22897463 0.         0.77102536]


---1---
rule31: age > 89.072
probabilities_array:[0.         0.8996983  0.10030167]

rule30: 46.609 < age < 89.072
probabilities_array:[0.        0.8382702 0.1617298]

rule3: cement > 348.959
probabilities_array:[0.         0.77488816 0.22511186]

rule24: fine_aggregate < 717.541
probabilities_array:[0.         0.7462807  0.25371927]

rule12: water < 167.925
probabilities_array:[0.         0.7040597  0.29594025]

rule2: 279.617 < cement < 348.959
probabilities_array:[0.         0.48397633 0.5160237 ]

rule19: superplasticizer > 9.797
probabilities_array:[0.         0.43781716 0.56218284]

rule6: 75.292 < blast_furnace_slag < 134.442
probabilities_array:[0.         0.43262258 0.5673774 ]

rule18: 5.957 < superplasticizer < 9.797
probabilities_array:[0.         0.3630611  0.63693887]

rule20: coarse_aggregate < 920.310
probabilities_array:[0.         0.29688293 0.7031171 ]

rule13: 167.925 < water < 182.524
probabilities_array:[0.         0.25052664 0.7494734 ]

rule17: 2.117 < superplasticizer < 5.957
probabilities_array:[0.         0.20267779 0.7973222 ]

