R2: 0.5095144813124092

MAE: 9.703735294117648

MSE: 141.40344264705882

Accuracy: 0.8647058823529412

F1: 0.8643256185155628

Confusion Matrix: [[156, 22], [24, 138]]

Uncertainties: {'class0': [0.09994777292013168, 0.35409295558929443, 0.4527284502983093, 0.4636303782463074, 0.48235633969306946], 'class1': [0.19910502433776855, 0.3692943751811981, 0.3932276964187622, 0.45569902658462524, 0.4574263095855713]}

Weighted Accuracy: 0.8647058823529412

Most important rules
-----------------------------

---0---
rule28: age < 2.416
probabilities_array:[0.90005225 0.         0.09994777]

rule29: 2.416 < age < 47.109
probabilities_array:[0.64590704 0.         0.35409296]

rule27: fine_aggregate > 824.583
probabilities_array:[0.54727155 0.         0.45272845]

rule15: water > 196.763
probabilities_array:[0.5363696  0.         0.46363038]

rule0: cement < 211.335
probabilities_array:[0.51764363 0.         0.48235634]

rule16: superplasticizer < 2.192
probabilities_array:[0.44235933 0.         0.5576407 ]

rule14: 181.988 < water < 196.763
probabilities_array:[0.2978042 0.        0.7021958]

rule26: 769.633 < fine_aggregate < 824.583
probabilities_array:[0.2784658 0.0065916 0.7149426]

rule4: blast_furnace_slag < 17.097
probabilities_array:[0.27544877 0.00311163 0.7214396 ]


---1---
rule31: age > 91.801
probabilities_array:[0.         0.800895   0.19910502]

rule3: cement > 352.195
probabilities_array:[0.         0.63070565 0.36929438]

rule30: 47.109 < age < 91.801
probabilities_array:[0.        0.6067723 0.3932277]

rule12: water < 167.213
probabilities_array:[0.         0.544301   0.45569903]

rule24: fine_aggregate < 714.684
probabilities_array:[0.        0.5425737 0.4574263]

rule8: fly_ash < 11.200
probabilities_array:[0.        0.5370295 0.4629705]

rule20: coarse_aggregate < 923.402
probabilities_array:[0.        0.4432027 0.5567973]

rule19: superplasticizer > 10.091
probabilities_array:[0.         0.4077523  0.59224766]

rule6: 74.940 < blast_furnace_slag < 132.783
probabilities_array:[0.         0.37884656 0.6211534 ]

rule2: 281.765 < cement < 352.195
probabilities_array:[0.         0.35540476 0.64459527]

rule13: 167.213 < water < 181.988
probabilities_array:[0.        0.3364867 0.6635133]

rule5: 17.097 < blast_furnace_slag < 74.940
probabilities_array:[0.01099351 0.267426   0.7215804 ]

rule18: 6.141 < superplasticizer < 10.091
probabilities_array:[9.1138594e-05 2.0196447e-01 7.9794443e-01]

