R2: 0.6741044834112934


MAE: 23066542.58560463


Accuracy: 0.7654759378713292


F1: 0.7654770575382375


Most important rules
-----------------------------

---0---
rule16: num_user_for_reviews < 45.129
probabilities_array:[0.52511287 0.         0.47488713]

rule9: -1821.487 < num_voted_users < 96352.405
probabilities_array:[0.39524975 0.         0.6047503 ]

rule36: cast_total_facebook_likes < 982.780
probabilities_array:[0.38931245 0.         0.61068755]

rule49: -130124525.251 < budget < 46248601.602
probabilities_array:[0.3886041 0.        0.6113959]

rule6: 2003.352 < title_year < 2010.125
probabilities_array:[0.3086488 0.        0.6913512]

rule3: imdb_score > 7.213
probabilities_array:[0.30290726 0.         0.6970928 ]

rule41: -5462.716 < movie_facebook_likes < 8723.294
probabilities_array:[3.0021742e-01 4.3914467e-04 6.9934344e-01]

rule45: 94.702 < duration < 109.615
probabilities_array:[0.28325424 0.00250172 0.71424407]

rule12: num_critic_for_reviews < 76.357
probabilities_array:[0.26743597 0.         0.73256403]

rule24: actor_1_facebook_likes < 142.119
probabilities_array:[0.2137586  0.00089884 0.7853425 ]

rule51: budget > 222621728.454
probabilities_array:[0.20048708 0.         0.7995129 ]


---1---
rule4: title_year < 1996.579
probabilities_array:[0.         0.46947303 0.530527  ]

rule10: 96352.405 < num_voted_users < 194526.296
probabilities_array:[0.         0.43916813 0.56083184]

rule11: num_voted_users > 194526.296
probabilities_array:[0.        0.3644088 0.6355912]

rule1: 5.734 < imdb_score < 6.473
probabilities_array:[0.         0.35178918 0.6482108 ]

rule19: num_user_for_reviews > 572.250
probabilities_array:[0.        0.3359194 0.6640806]

rule0: imdb_score < 5.734
probabilities_array:[0.         0.32648864 0.6735113 ]

rule50: 46248601.602 < budget < 222621728.454
probabilities_array:[0.         0.32234153 0.6776585 ]

rule18: 308.690 < num_user_for_reviews < 572.250
probabilities_array:[0.         0.31911537 0.68088466]

rule13: 76.357 < num_critic_for_reviews < 159.069
probabilities_array:[0.        0.3031265 0.6968735]

rule38: 10469.019 < cast_total_facebook_likes < 19955.258
probabilities_array:[0.         0.28726968 0.71273035]

rule27: actor_1_facebook_likes > 13933.348
probabilities_array:[0.         0.28398547 0.7160145 ]

rule23: director_facebook_likes > 2770.651
probabilities_array:[0.         0.27285424 0.72714573]

rule35: actor_3_facebook_likes > 1833.414
probabilities_array:[0.        0.2714815 0.7285185]

rule14: 159.069 < num_critic_for_reviews < 241.781
probabilities_array:[0.         0.26648593 0.7335141 ]

rule30: 1838.886 < actor_2_facebook_likes < 4388.867
probabilities_array:[0.         0.26226377 0.7377362 ]

rule15: num_critic_for_reviews > 241.781
probabilities_array:[0.         0.24271932 0.7572807 ]

rule37: 982.780 < cast_total_facebook_likes < 10469.019
probabilities_array:[0.        0.2295392 0.7704608]

rule21: -1238.561 < director_facebook_likes < 766.045
probabilities_array:[0.         0.22284052 0.77715945]

rule34: 691.926 < actor_3_facebook_likes < 1833.414
probabilities_array:[0.01259638 0.20363006 0.78377354]

rule43: movie_facebook_likes > 22909.305
probabilities_array:[0.         0.20117883 0.79882115]

