R2: 0.6733819563551962


MAE: 23315373.97484409


Accuracy: 0.7576835569542197


F1: 0.7581937363437727


Most important rules
-----------------------------

---0---
rule16: num_user_for_reviews < 46.249
probabilities_array:[0.48648995 0.         0.51351005]

rule9: -649.964 < num_voted_users < 97123.249
probabilities_array:[0.4407901  0.         0.55920994]

rule6: 2003.311 < title_year < 2009.921
probabilities_array:[0.3847502 0.        0.6152498]

rule49: -40703434.888 < budget < 44394885.832
probabilities_array:[0.36430767 0.         0.63569236]

rule12: num_critic_for_reviews < 75.385
probabilities_array:[0.3241167 0.        0.6758833]

rule3: imdb_score > 7.214
probabilities_array:[0.2635455 0.        0.7364545]

rule45: 94.411 < duration < 109.591
probabilities_array:[0.25771993 0.00942207 0.73285806]

rule44: duration < 94.411
probabilities_array:[0.19905123 0.05106873 0.74988   ]

rule7: title_year > 2009.921
probabilities_array:[0.21070419 0.         0.7892958 ]

rule41: -5148.657 < movie_facebook_likes < 8733.219
probabilities_array:[0.19746396 0.0138218  0.7887143 ]


---1---
rule4: title_year < 1996.702
probabilities_array:[0.         0.46987736 0.53012264]

rule19: num_user_for_reviews > 569.929
probabilities_array:[0.         0.41816616 0.58183384]

rule1: 5.738 < imdb_score < 6.476
probabilities_array:[0.         0.41223451 0.5877655 ]

rule51: budget > 129493206.552
probabilities_array:[0.         0.37888348 0.6211165 ]

rule14: 158.636 < num_critic_for_reviews < 241.886
probabilities_array:[0.         0.32850093 0.6714991 ]

rule10: 97123.249 < num_voted_users < 194896.463
probabilities_array:[0.         0.32663447 0.67336553]

rule30: 1911.226 < actor_2_facebook_likes < 5023.914
probabilities_array:[0.         0.3263825  0.67361754]

rule0: imdb_score < 5.738
probabilities_array:[0.         0.32459113 0.67540884]

rule50: 44394885.832 < budget < 129493206.552
probabilities_array:[0.        0.3181647 0.6818353]

rule18: 308.089 < num_user_for_reviews < 569.929
probabilities_array:[6.4819527e-04 2.9726213e-01 7.0208973e-01]

rule11: num_voted_users > 194896.463
probabilities_array:[0.         0.28651294 0.7134871 ]

rule31: actor_2_facebook_likes > 5023.914
probabilities_array:[0.         0.27348185 0.72651815]

rule34: 714.766 < actor_3_facebook_likes < 1921.173
probabilities_array:[0.        0.2693997 0.7306003]

rule43: movie_facebook_likes > 22615.095
probabilities_array:[0.         0.26057386 0.73942614]

rule35: actor_3_facebook_likes > 1921.173
probabilities_array:[2.8422770e-05 2.5803575e-01 7.4193585e-01]

rule15: num_critic_for_reviews > 241.886
probabilities_array:[0.         0.25658593 0.7434141 ]

rule13: 75.385 < num_critic_for_reviews < 158.636
probabilities_array:[0.        0.2476774 0.7523226]

rule23: director_facebook_likes > 2843.246
probabilities_array:[0.         0.21860467 0.7813953 ]

