R2: 0.6518651638403878


MAE: 23181971.684620813


Accuracy: 0.7589690392594957


F1: 0.7596504005826656


Most important rules
-----------------------------

---0---
rule3: imdb_score > 7.204
probabilities_array:[0.47865915 0.         0.52134085]

rule16: num_user_for_reviews < 40.294
probabilities_array:[0.42541945 0.         0.57458055]

rule6: 2003.373 < title_year < 2010.106
probabilities_array:[0.3605523 0.        0.6394477]

rule9: -1415.185 < num_voted_users < 98157.687
probabilities_array:[0.3489014 0.        0.6510986]

rule49: -30346362.399 < budget < 42843291.910
probabilities_array:[0.31092036 0.         0.68907964]

rule12: num_critic_for_reviews < 76.011
probabilities_array:[0.2881289 0.        0.7118711]

rule22: 752.466 < director_facebook_likes < 2764.194
probabilities_array:[0.2654863  0.00390716 0.73060656]


---1---
rule51: budget > 116032946.218
probabilities_array:[0.         0.5194418  0.48055822]

rule19: num_user_for_reviews > 589.698
probabilities_array:[0.        0.5149477 0.4850523]

rule10: 98157.687 < num_voted_users < 197730.559
probabilities_array:[0.         0.51298386 0.48701614]

rule4: title_year < 1996.640
probabilities_array:[0.         0.4651161  0.53488386]

rule11: num_voted_users > 197730.559
probabilities_array:[0.         0.41143537 0.58856463]

rule50: 42843291.910 < budget < 116032946.218
probabilities_array:[0.         0.37987864 0.62012136]

rule18: 314.996 < num_user_for_reviews < 589.698
probabilities_array:[0.        0.3251189 0.6748811]

rule23: director_facebook_likes > 2764.194
probabilities_array:[0.         0.30138254 0.69861746]

rule13: 76.011 < num_critic_for_reviews < 160.597
probabilities_array:[0.         0.29941836 0.70058167]

rule14: 160.597 < num_critic_for_reviews < 245.183
probabilities_array:[0.        0.2981212 0.7018788]

rule30: 1880.715 < actor_2_facebook_likes < 4994.500
probabilities_array:[0.         0.29100272 0.7089973 ]

rule15: num_critic_for_reviews > 245.183
probabilities_array:[0.00289908 0.27093807 0.72616285]

rule47: duration > 124.610
probabilities_array:[0.01084078 0.26186743 0.7272918 ]

rule46: 109.283 < duration < 124.610
probabilities_array:[0.        0.2487721 0.7512279]

rule0: imdb_score < 5.731
probabilities_array:[0.         0.23792103 0.762079  ]

rule43: movie_facebook_likes > 23243.066
probabilities_array:[0.0120128  0.22404228 0.7639449 ]

rule42: 8849.623 < movie_facebook_likes < 23243.066
probabilities_array:[0.02227948 0.20569158 0.7720289 ]

rule35: actor_3_facebook_likes > 1981.474
probabilities_array:[0.         0.20984443 0.7901556 ]

rule26: 7197.965 < actor_1_facebook_likes < 15323.928
probabilities_array:[0.06209687 0.18091875 0.7569844 ]

rule38: 10732.497 < cast_total_facebook_likes < 21812.335
probabilities_array:[0.03547586 0.19218583 0.7723383 ]

rule1: 5.731 < imdb_score < 6.468
probabilities_array:[0.         0.20307162 0.79692835]

rule34: 730.503 < actor_3_facebook_likes < 1981.474
probabilities_array:[0.00750955 0.19646911 0.79602134]

