R2: 0.671025193945529


MAE: 23519903.463273283


Accuracy: 0.7360075379980539


F1: 0.7363437727603788


Most important rules
-----------------------------

---0---
rule16: num_user_for_reviews < 43.762
probabilities_array:[0.5607631  0.         0.43923688]

rule49: -41167107.483 < budget < 43941751.661
probabilities_array:[0.38982496 0.00812214 0.60205287]

rule9: -3835.167 < num_voted_users < 97234.113
probabilities_array:[0.35291162 0.         0.64708835]

rule3: imdb_score > 7.203
probabilities_array:[0.3463148 0.        0.6536852]

rule6: 2003.119 < title_year < 2010.124
probabilities_array:[0.31435075 0.         0.6856492 ]

rule12: num_critic_for_reviews < 76.858
probabilities_array:[0.2801294 0.        0.7198706]

rule17: 43.762 < num_user_for_reviews < 312.781
probabilities_array:[0.19485486 0.03211212 0.773033  ]

rule41: -5000.602 < movie_facebook_likes < 8369.283
probabilities_array:[0.20215921 0.00351653 0.7943243 ]


---1---
rule4: title_year < 1996.114
probabilities_array:[0.        0.5009477 0.4990523]

rule50: 43941751.661 < budget < 129050610.804
probabilities_array:[0.         0.47882143 0.52117854]

rule10: 97234.113 < num_voted_users < 198303.393
probabilities_array:[0.         0.46306178 0.5369382 ]

rule51: budget > 129050610.804
probabilities_array:[0.        0.3891555 0.6108445]

rule14: 158.363 < num_critic_for_reviews < 239.869
probabilities_array:[0.00394516 0.35507524 0.6409795 ]

rule35: actor_3_facebook_likes > 1999.918
probabilities_array:[0.         0.34698412 0.65301585]

rule0: imdb_score < 5.720
probabilities_array:[0.        0.3426963 0.6573037]

rule30: 1920.155 < actor_2_facebook_likes < 5060.453
probabilities_array:[0.         0.33988163 0.66011834]

rule11: num_voted_users > 198303.393
probabilities_array:[0.         0.33719    0.66280997]

rule15: num_critic_for_reviews > 239.869
probabilities_array:[0.         0.33650163 0.6634984 ]

rule1: 5.720 < imdb_score < 6.462
probabilities_array:[0.        0.3302049 0.6697951]

rule19: num_user_for_reviews > 581.800
probabilities_array:[0.         0.30964985 0.6903502 ]

rule26: 7348.133 < actor_1_facebook_likes < 18587.435
probabilities_array:[0.00344696 0.27763045 0.71892256]

rule43: movie_facebook_likes > 21739.168
probabilities_array:[0.        0.2638909 0.7361091]

rule13: 76.858 < num_critic_for_reviews < 158.363
probabilities_array:[0.0018175  0.24001046 0.75817204]

rule47: duration > 125.328
probabilities_array:[0.01910905 0.22285083 0.75804013]

