R2: 0.6934310502188816


MAE: 22091640.725162737


Accuracy: 0.7626024590709031


F1: 0.763292061179898


Most important rules
-----------------------------

---0---
rule9: -1181.219 < num_voted_users < 97223.248
probabilities_array:[0.49431306 0.         0.50568694]

rule16: num_user_for_reviews < 38.836
probabilities_array:[0.4889301 0.        0.5110699]

rule51: budget > 226653065.307
probabilities_array:[0.4472719  0.         0.55272806]

rule6: 2003.143 < title_year < 2009.938
probabilities_array:[0.4465167 0.        0.5534833]

rule49: -132278731.106 < budget < 47187167.100
probabilities_array:[0.3808202 0.        0.6191798]

rule12: num_critic_for_reviews < 75.335
probabilities_array:[0.29934084 0.         0.70065916]

rule3: imdb_score > 7.203
probabilities_array:[0.27073693 0.         0.72926307]

rule7: title_year > 2009.938
probabilities_array:[0.24150525 0.         0.75849473]

rule5: 1996.349 < title_year < 2003.143
probabilities_array:[0.22523339 0.         0.7747666 ]

rule45: 94.284 < duration < 109.879
probabilities_array:[0.20353061 0.0025058  0.7939636 ]

rule22: 718.666 < director_facebook_likes < 2638.313
probabilities_array:[0.19913478 0.00545202 0.7954132 ]


---1---
rule4: title_year < 1996.349
probabilities_array:[0.         0.46285376 0.5371463 ]

rule50: 47187167.100 < budget < 226653065.307
probabilities_array:[0.         0.40696174 0.59303826]

rule10: 97223.248 < num_voted_users < 195627.715
probabilities_array:[0.      0.39958 0.60042]

rule19: num_user_for_reviews > 590.316
probabilities_array:[0.         0.39205074 0.60794926]

rule11: num_voted_users > 195627.715
probabilities_array:[0.        0.3675089 0.6324911]

rule1: 5.729 < imdb_score < 6.466
probabilities_array:[0.        0.3559142 0.6440858]

rule0: imdb_score < 5.729
probabilities_array:[0.         0.34075552 0.6592445 ]

rule34: 714.057 < actor_3_facebook_likes < 1874.816
probabilities_array:[0.         0.324329   0.67567104]

rule30: 1911.398 < actor_2_facebook_likes < 5013.351
probabilities_array:[0.         0.32268882 0.6773112 ]

rule35: actor_3_facebook_likes > 1874.816
probabilities_array:[0.        0.3133465 0.6866535]

rule43: movie_facebook_likes > 21907.568
probabilities_array:[0.         0.30800647 0.69199353]

rule18: 314.576 < num_user_for_reviews < 590.316
probabilities_array:[0.        0.2684414 0.7315586]

rule27: actor_1_facebook_likes > 18316.278
probabilities_array:[0.         0.26258355 0.73741645]

rule31: actor_2_facebook_likes > 5013.351
probabilities_array:[0.         0.23961493 0.76038504]

rule37: -2406.252 < cast_total_facebook_likes < 10851.215
probabilities_array:[0.        0.2293013 0.7706987]

rule13: 75.335 < num_critic_for_reviews < 157.461
probabilities_array:[0.         0.21253856 0.78746146]

rule47: duration > 125.475
probabilities_array:[0.         0.21229962 0.7877004 ]

rule42: 8402.552 < movie_facebook_likes < 21907.568
probabilities_array:[0.04475983 0.1876051  0.7676351 ]

