R2: 0.6280226548113911


MAE: 22961908.46411542


Accuracy: 0.7624863898524668


F1: 0.764748725418791


Most important rules
-----------------------------

---0---
rule9: -4896.260 < num_voted_users < 99272.598
probabilities_array:[0.4717376 0.        0.5282624]

rule6: 2003.475 < title_year < 2009.965
probabilities_array:[0.40853173 0.         0.5914683 ]

rule49: -123613571.967 < budget < 45888679.818
probabilities_array:[0.40435922 0.         0.5956408 ]

rule36: cast_total_facebook_likes < 213.053
probabilities_array:[0.3645834  0.         0.63541657]

rule16: num_user_for_reviews < 35.824
probabilities_array:[0.33365425 0.         0.6663458 ]

rule12: num_critic_for_reviews < 76.537
probabilities_array:[0.31413385 0.         0.6858661 ]

rule7: title_year > 2009.965
probabilities_array:[0.29276502 0.         0.707235  ]

rule3: imdb_score > 7.197
probabilities_array:[0.2728779 0.        0.7271221]

rule5: 1996.985 < title_year < 2003.475
probabilities_array:[0.2243648 0.        0.7756352]


---1---
rule4: title_year < 1996.985
probabilities_array:[0.         0.48027715 0.5197229 ]

rule19: num_user_for_reviews > 598.245
probabilities_array:[0.         0.47515565 0.52484435]

rule50: 45888679.818 < budget < 215390931.603
probabilities_array:[0.         0.45302168 0.54697835]

rule1: 5.737 < imdb_score < 6.467
probabilities_array:[0.         0.37195203 0.62804794]

rule11: num_voted_users > 203441.455
probabilities_array:[0.        0.3714041 0.6285959]

rule10: 99272.598 < num_voted_users < 203441.455
probabilities_array:[0.         0.33618945 0.66381055]

rule37: 213.053 < cast_total_facebook_likes < 10785.612
probabilities_array:[0.         0.30803353 0.6919665 ]

rule14: 160.029 < num_critic_for_reviews < 243.522
probabilities_array:[0.         0.30637735 0.69362265]

rule15: num_critic_for_reviews > 243.522
probabilities_array:[0.         0.29291    0.70708996]

rule18: 317.034 < num_user_for_reviews < 598.245
probabilities_array:[0.         0.29277724 0.70722276]

rule23: director_facebook_likes > 2594.318
probabilities_array:[0.         0.28985503 0.710145  ]

rule0: imdb_score < 5.737
probabilities_array:[0.         0.2857553  0.71424466]

rule30: 1937.038 < actor_2_facebook_likes < 5075.271
probabilities_array:[0.         0.26993683 0.73006314]

rule38: 10785.612 < cast_total_facebook_likes < 21358.170
probabilities_array:[0.         0.25619203 0.743808  ]

rule47: duration > 124.389
probabilities_array:[0.03360217 0.22004974 0.74634814]

rule46: 109.624 < duration < 124.389
probabilities_array:[0.         0.22124499 0.778755  ]

rule35: actor_3_facebook_likes > 1984.685
probabilities_array:[2.3741715e-04 2.1303020e-01 7.8673238e-01]

rule13: 76.537 < num_critic_for_reviews < 160.029
probabilities_array:[0.         0.20934047 0.79065955]

rule21: -1233.236 < director_facebook_likes < 680.541
probabilities_array:[0.00618797 0.20066299 0.7931491 ]

