R2: 0.7019732607983753


MAE: 23071297.583257467


Accuracy: 0.74005726538635


F1: 0.7407137654770576


Most important rules
-----------------------------

---0---
rule9: -574.212 < num_voted_users < 97639.616
probabilities_array:[0.44811293 0.         0.55188704]

rule12: num_critic_for_reviews < 75.075
probabilities_array:[0.4302408 0.        0.5697592]

rule16: num_user_for_reviews < 44.908
probabilities_array:[0.39653894 0.         0.603461  ]

rule49: -20719807.995 < budget < 41421069.727
probabilities_array:[0.35423276 0.         0.6457673 ]

rule6: 2003.154 < title_year < 2010.075
probabilities_array:[0.33363727 0.         0.6663627 ]

rule3: imdb_score > 7.203
probabilities_array:[0.292336 0.       0.707664]

rule45: 94.368 < duration < 109.522
probabilities_array:[0.24639243 0.00926292 0.7443446 ]

rule44: duration < 94.368
probabilities_array:[0.20689286 0.0174582  0.77564895]


---1---
rule4: title_year < 1996.232
probabilities_array:[0.         0.48814768 0.5118523 ]

rule10: 97639.616 < num_voted_users < 195853.444
probabilities_array:[0.        0.4329018 0.5670982]

rule51: budget > 103561947.448
probabilities_array:[0.         0.42485732 0.5751427 ]

rule1: 5.743 < imdb_score < 6.473
probabilities_array:[0.        0.3769355 0.6230645]

rule0: imdb_score < 5.743
probabilities_array:[0.         0.36478168 0.6352183 ]

rule50: 41421069.727 < budget < 103561947.448
probabilities_array:[0.         0.34040865 0.6595914 ]

rule11: num_voted_users > 195853.444
probabilities_array:[0.         0.32496232 0.6750377 ]

rule19: num_user_for_reviews > 580.535
probabilities_array:[0.         0.31383756 0.6861624 ]

rule34: 748.707 < actor_3_facebook_likes < 2047.924
probabilities_array:[0.         0.29159454 0.7084055 ]

rule30: 1972.892 < actor_2_facebook_likes < 5163.574
probabilities_array:[0.         0.28380665 0.7161933 ]

rule14: 158.596 < num_critic_for_reviews < 242.116
probabilities_array:[0.       0.276919 0.723081]

rule18: 312.722 < num_user_for_reviews < 580.535
probabilities_array:[0.         0.27624595 0.72375405]

rule43: movie_facebook_likes > 23007.900
probabilities_array:[0.         0.25828573 0.74171424]

rule23: director_facebook_likes > 2821.434
probabilities_array:[0.        0.2540604 0.7459396]

rule15: num_critic_for_reviews > 242.116
probabilities_array:[0.         0.25004652 0.74995345]

rule35: actor_3_facebook_likes > 2047.924
probabilities_array:[0.         0.21240062 0.7875994 ]

rule38: 11129.771 < cast_total_facebook_likes < 24637.146
probabilities_array:[0.00092182 0.21157005 0.7875081 ]

rule47: duration > 124.676
probabilities_array:[0.0019383  0.20801961 0.7900421 ]

