R2: 0.6788639745945737


MAE: 22435770.924387176


Accuracy: 0.7420229314605779


F1: 0.7428987618353969


Most important rules
-----------------------------

---0---
rule9: 743.602 < num_voted_users < 98864.024
probabilities_array:[0.48956934 0.         0.5104307 ]

rule8: num_voted_users < 743.602
probabilities_array:[0.4532201 0.        0.5467799]

rule16: num_user_for_reviews < 47.642
probabilities_array:[0.42881724 0.         0.5711828 ]

rule49: -40403055.580 < budget < 43688068.656
probabilities_array:[0.40351748 0.         0.5964825 ]

rule3: imdb_score > 7.214
probabilities_array:[0.35413465 0.         0.6458654 ]

rule12: num_critic_for_reviews < 76.970
probabilities_array:[0.28392333 0.         0.7160767 ]

rule6: 2003.252 < title_year < 2009.965
probabilities_array:[0.27554196 0.         0.72445804]

rule41: -5567.675 < movie_facebook_likes < 9125.754
probabilities_array:[0.23619224 0.         0.7638078 ]


---1---
rule4: title_year < 1996.539
probabilities_array:[0.         0.53371733 0.4662827 ]

rule19: num_user_for_reviews > 578.032
probabilities_array:[0.         0.43637866 0.56362134]

rule11: num_voted_users > 196984.446
probabilities_array:[0.         0.40759662 0.59240335]

rule10: 98864.024 < num_voted_users < 196984.446
probabilities_array:[0.         0.39264137 0.60735863]

rule1: 5.726 < imdb_score < 6.470
probabilities_array:[0.         0.37689516 0.6231048 ]

rule51: budget > 127779192.893
probabilities_array:[0.         0.36153582 0.63846415]

rule0: imdb_score < 5.726
probabilities_array:[0.         0.35676083 0.64323914]

rule50: 43688068.656 < budget < 127779192.893
probabilities_array:[0.        0.3530018 0.6469982]

rule14: 160.896 < num_critic_for_reviews < 244.822
probabilities_array:[0.        0.3314159 0.6685841]

rule30: 1960.873 < actor_2_facebook_likes < 5086.425
probabilities_array:[0.         0.30520615 0.6947938 ]

rule13: 76.970 < num_critic_for_reviews < 160.896
probabilities_array:[0.         0.28379864 0.71620136]

rule15: num_critic_for_reviews > 244.822
probabilities_array:[0.         0.28080478 0.71919525]

rule18: 312.837 < num_user_for_reviews < 578.032
probabilities_array:[0.         0.25387013 0.7461299 ]

rule47: duration > 124.861
probabilities_array:[1.7648592e-05 2.3836839e-01 7.6161391e-01]

rule34: 743.521 < actor_3_facebook_likes < 1986.294
probabilities_array:[0.         0.20578814 0.79421186]

rule35: actor_3_facebook_likes > 1986.294
probabilities_array:[0.         0.20548794 0.79451203]

rule46: 109.697 < duration < 124.861
probabilities_array:[0.01286    0.19785003 0.78928995]

