R2: 0.676169429210954


MAE: 24863161.711261835


Accuracy: 0.7461537639464797


F1: 0.7479970866715222


Most important rules
-----------------------------

---0---
rule16: num_user_for_reviews < 39.469
probabilities_array:[0.53942764 0.         0.46057233]

rule9: -2009.268 < num_voted_users < 98484.943
probabilities_array:[0.42752108 0.         0.5724789 ]

rule6: 2003.248 < title_year < 2010.196
probabilities_array:[0.3508128 0.        0.6491872]

rule3: imdb_score > 7.206
probabilities_array:[0.34601462 0.         0.6539854 ]

rule49: -131753075.047 < budget < 46594654.170
probabilities_array:[0.3176485 0.        0.6823515]

rule22: 726.672 < director_facebook_likes < 2687.394
probabilities_array:[0.28960988 0.01590615 0.69448394]

rule51: budget > 224942383.388
probabilities_array:[0.25992888 0.         0.7400711 ]

rule12: num_critic_for_reviews < 77.057
probabilities_array:[0.22435798 0.         0.77564204]


---1---
rule4: title_year < 1996.301
probabilities_array:[0.         0.48810637 0.51189363]

rule50: 46594654.170 < budget < 224942383.388
probabilities_array:[0.       0.471822 0.528178]

rule15: num_critic_for_reviews > 244.321
probabilities_array:[0.         0.38147306 0.61852694]

rule11: num_voted_users > 198979.154
probabilities_array:[0.         0.37854484 0.6214552 ]

rule30: 1939.668 < actor_2_facebook_likes < 5078.776
probabilities_array:[0.        0.3638692 0.6361308]

rule14: 160.689 < num_critic_for_reviews < 244.321
probabilities_array:[0.         0.36054018 0.63945985]

rule10: 98484.943 < num_voted_users < 198979.154
probabilities_array:[0.         0.32496542 0.6750346 ]

rule19: num_user_for_reviews > 589.410
probabilities_array:[0.        0.3079819 0.6920181]

rule43: movie_facebook_likes > 23889.744
probabilities_array:[0.        0.3065703 0.6934297]

rule13: 77.057 < num_critic_for_reviews < 160.689
probabilities_array:[0.         0.30502027 0.6949797 ]

rule34: 696.884 < actor_3_facebook_likes < 1848.390
probabilities_array:[0.         0.27691886 0.7230811 ]

rule1: 5.721 < imdb_score < 6.463
probabilities_array:[0.         0.25854442 0.74145555]

rule26: 7492.997 < actor_1_facebook_likes < 18912.711
probabilities_array:[0.02482395 0.23800084 0.7371752 ]

rule18: 314.439 < num_user_for_reviews < 589.410
probabilities_array:[0.         0.24898039 0.7510196 ]

rule0: imdb_score < 5.721
probabilities_array:[0.         0.24877527 0.7512247 ]

rule42: 9175.141 < movie_facebook_likes < 23889.744
probabilities_array:[0.01750498 0.23171917 0.7507759 ]

rule35: actor_3_facebook_likes > 1848.390
probabilities_array:[0.         0.23494811 0.7650519 ]

rule47: duration > 125.127
probabilities_array:[0.00628245 0.21421005 0.7795075 ]

