R2: 0.6617240335479335


MAE: 23517522.176132612


Accuracy: 0.7665165775401069


F1: 0.7683903860160233


Most important rules
-----------------------------

---0---
rule51: budget > 230453605.991
probabilities_array:[0.54389983 0.         0.4561002 ]

rule16: num_user_for_reviews < 51.635
probabilities_array:[0.48441958 0.         0.5155804 ]

rule3: imdb_score > 7.195
probabilities_array:[0.460096 0.       0.539904]

rule9: -675.918 < num_voted_users < 98104.350
probabilities_array:[0.40065804 0.         0.5993419 ]

rule6: 2003.371 < title_year < 2010.165
probabilities_array:[0.37162095 0.         0.62837905]

rule12: num_critic_for_reviews < 79.094
probabilities_array:[0.28701255 0.         0.7129874 ]

rule22: 730.404 < director_facebook_likes < 2676.245
probabilities_array:[0.27512136 0.00679051 0.7180881 ]

rule7: title_year > 2010.165
probabilities_array:[0.268498 0.       0.731502]

rule49: -133429461.792 < budget < 48512072.099
probabilities_array:[0.2545141 0.        0.7454859]


---1---
rule4: title_year < 1996.578
probabilities_array:[0.         0.50137323 0.49862674]

rule50: 48512072.099 < budget < 230453605.991
probabilities_array:[0.         0.49261346 0.50738657]

rule19: num_user_for_reviews > 568.983
probabilities_array:[0.         0.47888494 0.52111506]

rule10: 98104.350 < num_voted_users < 196884.618
probabilities_array:[0.         0.40840438 0.5915956 ]

rule11: num_voted_users > 196884.618
probabilities_array:[0.        0.4052168 0.5947832]

rule14: 163.123 < num_critic_for_reviews < 247.152
probabilities_array:[0.         0.36244008 0.63755995]

rule15: num_critic_for_reviews > 247.152
probabilities_array:[0.00500214 0.31851128 0.6764866 ]

rule0: imdb_score < 5.718
probabilities_array:[0.         0.29793292 0.7020671 ]

rule43: movie_facebook_likes > 24227.904
probabilities_array:[0.        0.2973109 0.7026891]

rule30: 1948.307 < actor_2_facebook_likes < 5068.175
probabilities_array:[0.         0.2942489  0.70575106]

rule13: 79.094 < num_critic_for_reviews < 163.123
probabilities_array:[0.         0.27840355 0.7215964 ]

rule1: 5.718 < imdb_score < 6.457
probabilities_array:[0.         0.27785987 0.72214013]

rule47: duration > 125.019
probabilities_array:[0.00291903 0.26738757 0.7296934 ]

rule18: 310.309 < num_user_for_reviews < 568.983
probabilities_array:[0.         0.2652733  0.73472667]

rule35: actor_3_facebook_likes > 1940.103
probabilities_array:[0.       0.252241 0.747759]

rule34: 729.379 < actor_3_facebook_likes < 1940.103
probabilities_array:[7.2345289e-04 2.3796399e-01 7.6131254e-01]

rule46: 109.518 < duration < 125.019
probabilities_array:[0.         0.2320089  0.76799107]

