R2: 0.7053246234941173


MAE: 23153654.692863625


Accuracy: 0.761061308341398


F1: 0.7611070648215587


Most important rules
-----------------------------

---0---
rule16: num_user_for_reviews < 50.932
probabilities_array:[0.4931478 0.        0.5068522]

rule9: -1493.216 < num_voted_users < 95035.181
probabilities_array:[0.45573187 0.         0.54426813]

rule49: -36635914.126 < budget < 42285100.530
probabilities_array:[0.4074778 0.        0.5925222]

rule6: 2003.235 < title_year < 2009.966
probabilities_array:[0.4044327 0.        0.5955673]

rule12: num_critic_for_reviews < 75.813
probabilities_array:[0.38691765 0.         0.61308235]

rule3: imdb_score > 7.188
probabilities_array:[0.32938772 0.         0.6706123 ]

rule7: title_year > 2009.966
probabilities_array:[0.2653991 0.        0.7346009]

rule5: 1996.504 < title_year < 2003.235
probabilities_array:[0.23287702 0.         0.767123  ]

rule45: 94.003 < duration < 109.459
probabilities_array:[0.20285872 0.01251962 0.7846216 ]


---1---
rule19: num_user_for_reviews > 559.948
probabilities_array:[0.        0.4771401 0.5228599]

rule30: 1895.820 < actor_2_facebook_likes < 4995.157
probabilities_array:[0.         0.42648312 0.57351685]

rule50: 42285100.530 < budget < 121206115.187
probabilities_array:[0.         0.42336598 0.57663405]

rule0: imdb_score < 5.733
probabilities_array:[0.        0.3800254 0.6199746]

rule51: budget > 121206115.187
probabilities_array:[0.        0.3744232 0.6255768]

rule4: title_year < 1996.504
probabilities_array:[0.         0.36515704 0.63484293]

rule11: num_voted_users > 191563.577
probabilities_array:[0.         0.36386326 0.6361367 ]

rule1: 5.733 < imdb_score < 6.460
probabilities_array:[0.        0.3584957 0.6415043]

rule35: actor_3_facebook_likes > 1910.732
probabilities_array:[0.         0.34521842 0.6547816 ]

rule18: 305.440 < num_user_for_reviews < 559.948
probabilities_array:[0.         0.33308595 0.66691405]

rule10: 95035.181 < num_voted_users < 191563.577
probabilities_array:[0.         0.29737526 0.70262474]

rule42: 8421.367 < movie_facebook_likes < 22301.500
probabilities_array:[0.         0.23119092 0.7688091 ]

rule47: duration > 124.915
probabilities_array:[0.        0.2241406 0.7758594]

rule46: 109.459 < duration < 124.915
probabilities_array:[0.0161946  0.20921955 0.77458584]

rule34: 708.795 < actor_3_facebook_likes < 1910.732
probabilities_array:[0.         0.21518536 0.78481466]

rule14: 156.884 < num_critic_for_reviews < 237.956
probabilities_array:[0.         0.21348843 0.78651154]

rule23: director_facebook_likes > 2769.604
probabilities_array:[0.        0.2066472 0.7933528]

