R2: 0.7011774514540301


MAE: 22481690.12656762


Accuracy: 0.7559212142727889


F1: 0.7560087399854334


Most important rules
-----------------------------

---0---
rule51: budget > 229343531.050
probabilities_array:[0.5344983  0.         0.46550173]

rule16: num_user_for_reviews < 44.310
probabilities_array:[0.50535476 0.         0.49464524]

rule6: 2003.257 < title_year < 2010.047
probabilities_array:[0.37508228 0.         0.62491775]

rule49: -133696868.471 < budget < 47823331.289
probabilities_array:[0.37339967 0.         0.6266003 ]

rule9: -88.044 < num_voted_users < 96316.966
probabilities_array:[0.33543494 0.         0.664565  ]

rule3: imdb_score > 7.215
probabilities_array:[0.3276601  0.         0.67233986]

rule12: num_critic_for_reviews < 76.074
probabilities_array:[0.31433588 0.         0.6856641 ]

rule7: title_year > 2010.047
probabilities_array:[0.25904566 0.         0.74095434]


---1---
rule4: title_year < 1996.467
probabilities_array:[0.        0.4998321 0.5001679]

rule50: 47823331.289 < budget < 229343531.050
probabilities_array:[0.        0.4606063 0.5393937]

rule11: num_voted_users > 192721.977
probabilities_array:[0.         0.45969847 0.54030156]

rule10: 96316.966 < num_voted_users < 192721.977
probabilities_array:[0.         0.42092308 0.57907695]

rule1: 5.737 < imdb_score < 6.476
probabilities_array:[0.         0.38549045 0.6145095 ]

rule0: imdb_score < 5.737
probabilities_array:[0.        0.3608784 0.6391216]

rule14: 158.547 < num_critic_for_reviews < 241.019
probabilities_array:[0.00318889 0.34590074 0.6509104 ]

rule19: num_user_for_reviews > 572.575
probabilities_array:[0.         0.32350397 0.676496  ]

rule43: movie_facebook_likes > 22736.205
probabilities_array:[1.0991639e-05 3.0565840e-01 6.9433057e-01]

rule30: 1958.095 < actor_2_facebook_likes < 5156.160
probabilities_array:[0.       0.281636 0.718364]

rule38: 10720.837 < cast_total_facebook_likes < 21635.762
probabilities_array:[0.         0.26721933 0.73278064]

rule23: director_facebook_likes > 2787.534
probabilities_array:[0.01066707 0.25571    0.73362285]

rule18: 308.442 < num_user_for_reviews < 572.575
probabilities_array:[0.        0.2605617 0.7394383]

rule15: num_critic_for_reviews > 241.019
probabilities_array:[0.         0.25214645 0.7478535 ]

rule47: duration > 125.925
probabilities_array:[0.00608878 0.2436998  0.7502114 ]

rule35: actor_3_facebook_likes > 1973.953
probabilities_array:[0.03227597 0.19509703 0.77262694]

rule46: 109.879 < duration < 125.925
probabilities_array:[0.01126709 0.20175116 0.78698176]

rule34: 727.864 < actor_3_facebook_likes < 1973.953
probabilities_array:[0.         0.20266901 0.797331  ]

