R2: 0.6679389098535107


MAE: 23409145.54773705


Accuracy: 0.7461289041997374


F1: 0.7472687545520758


Most important rules
-----------------------------

---0---
rule3: imdb_score > 7.231
probabilities_array:[0.43609062 0.         0.5639094 ]

rule16: num_user_for_reviews < 47.791
probabilities_array:[0.42916316 0.         0.57083684]

rule49: -124767393.297 < budget < 46047231.353
probabilities_array:[0.35478094 0.         0.6452191 ]

rule6: 2003.171 < title_year < 2009.950
probabilities_array:[0.3543985 0.        0.6456015]

rule9: -31.672 < num_voted_users < 98359.252
probabilities_array:[0.3278588 0.        0.6721412]

rule51: budget > 216861856.004
probabilities_array:[0.31849623 0.         0.6815038 ]

rule7: title_year > 2009.950
probabilities_array:[0.29831785 0.         0.70168215]

rule41: -5155.264 < movie_facebook_likes < 8951.233
probabilities_array:[0.24769913 0.00363067 0.74867016]

rule45: 94.578 < duration < 109.423
probabilities_array:[0.20555766 0.         0.79444236]

rule2: 6.491 < imdb_score < 7.231
probabilities_array:[0.20271602 0.00326484 0.7940191 ]


---1---
rule19: num_user_for_reviews > 582.314
probabilities_array:[0.        0.4916277 0.5083723]

rule10: 98359.252 < num_voted_users < 196750.177
probabilities_array:[0.        0.4826449 0.5173551]

rule50: 46047231.353 < budget < 216861856.004
probabilities_array:[0.         0.4575856  0.54241437]

rule4: title_year < 1996.393
probabilities_array:[0.         0.45676386 0.54323614]

rule30: 1792.583 < actor_2_facebook_likes < 4325.460
probabilities_array:[0.        0.3916536 0.6083464]

rule18: 315.053 < num_user_for_reviews < 582.314
probabilities_array:[0.         0.38235253 0.61764747]

rule11: num_voted_users > 196750.177
probabilities_array:[0.        0.3543595 0.6456405]

rule15: num_critic_for_reviews > 243.262
probabilities_array:[0.        0.3160676 0.6839324]

rule35: actor_3_facebook_likes > 1902.879
probabilities_array:[0.         0.29599625 0.70400375]

rule43: movie_facebook_likes > 23057.729
probabilities_array:[0.         0.27070346 0.7292965 ]

rule26: 7346.954 < actor_1_facebook_likes < 18402.159
probabilities_array:[0.04325956 0.23054652 0.72619396]

rule34: 709.262 < actor_3_facebook_likes < 1902.879
probabilities_array:[0.         0.24214476 0.75785524]

rule47: duration > 124.268
probabilities_array:[0.         0.24031857 0.75968146]

rule13: 77.600 < num_critic_for_reviews < 160.431
probabilities_array:[0.        0.2277091 0.7722909]

rule14: 160.431 < num_critic_for_reviews < 243.262
probabilities_array:[0.00156583 0.21470085 0.78373325]

rule31: actor_2_facebook_likes > 4325.460
probabilities_array:[0.         0.21539661 0.78460336]

rule0: imdb_score < 5.752
probabilities_array:[0.         0.20270593 0.7972941 ]

