R2: 0.6452684845722688


MAE: 22836986.590646766


Accuracy: 0.7532350826743348


F1: 0.7552804078659869


Most important rules
-----------------------------

---0---
rule9: -534.001 < num_voted_users < 99477.028
probabilities_array:[0.4797459  0.         0.52025414]

rule16: num_user_for_reviews < 47.456
probabilities_array:[0.41894582 0.         0.5810542 ]

rule49: -124106066.588 < budget < 46416342.973
probabilities_array:[0.38352236 0.         0.6164776 ]

rule6: 2003.291 < title_year < 2009.961
probabilities_array:[0.36187458 0.         0.6381254 ]

rule12: num_critic_for_reviews < 77.450
probabilities_array:[0.29815915 0.         0.7018409 ]

rule36: cast_total_facebook_likes < 441.253
probabilities_array:[0.29061162 0.         0.7093884 ]

rule3: imdb_score > 7.198
probabilities_array:[0.2563256 0.        0.7436744]

rule7: title_year > 2009.961
probabilities_array:[0.24590066 0.         0.7540993 ]

rule41: -4883.470 < movie_facebook_likes < 8751.021
probabilities_array:[0.20916507 0.         0.7908349 ]

rule51: budget > 216938752.535
probabilities_array:[0.20711723 0.         0.7928828 ]

rule45: 93.915 < duration < 109.893
probabilities_array:[0.20103514 0.00256348 0.7964014 ]


---1---
rule10: 99477.028 < num_voted_users < 199488.058
probabilities_array:[0.         0.41000193 0.58999807]

rule19: num_user_for_reviews > 586.583
probabilities_array:[0.         0.39902988 0.6009701 ]

rule4: title_year < 1996.621
probabilities_array:[0.         0.39260864 0.60739136]

rule50: 46416342.973 < budget < 216938752.535
probabilities_array:[0.         0.36863968 0.63136035]

rule23: director_facebook_likes > 2680.044
probabilities_array:[0.         0.35772315 0.6422768 ]

rule1: 5.741 < imdb_score < 6.469
probabilities_array:[0.         0.34884605 0.651154  ]

rule11: num_voted_users > 199488.058
probabilities_array:[0.         0.33811548 0.6618845 ]

rule30: 1895.261 < actor_2_facebook_likes < 4497.743
probabilities_array:[0.         0.33017758 0.6698224 ]

rule18: 317.020 < num_user_for_reviews < 586.583
probabilities_array:[0.         0.30361557 0.69638443]

rule37: 441.253 < cast_total_facebook_likes < 10786.100
probabilities_array:[0.         0.30037722 0.69962275]

rule0: imdb_score < 5.741
probabilities_array:[0.         0.28891176 0.71108824]

rule35: actor_3_facebook_likes > 1967.808
probabilities_array:[0.        0.2712926 0.7287074]

rule47: duration > 125.872
probabilities_array:[0.00308958 0.25638443 0.74052596]

rule43: movie_facebook_likes > 22385.511
probabilities_array:[0.        0.2533688 0.7466312]

rule21: -1224.654 < director_facebook_likes < 727.695
probabilities_array:[0.         0.24457155 0.75542843]

rule31: actor_2_facebook_likes > 4497.743
probabilities_array:[0.         0.23788598 0.76211405]

rule14: 161.343 < num_critic_for_reviews < 245.235
probabilities_array:[0.00458369 0.2351402  0.76027614]

rule34: 738.367 < actor_3_facebook_likes < 1967.808
probabilities_array:[0.03067159 0.19827698 0.77105147]

rule46: 109.893 < duration < 125.872
probabilities_array:[0.         0.21008573 0.78991425]

