R2: 0.6421124933561861


MAE: 24115313.98418438


Accuracy: 0.7533987289306437


F1: 0.7538237436270939


Most important rules
-----------------------------

---0---
rule9: 717.380 < num_voted_users < 97134.484
probabilities_array:[0.46986195 0.         0.5301381 ]

rule16: num_user_for_reviews < 44.197
probabilities_array:[0.45743543 0.         0.5425646 ]

rule8: num_voted_users < 717.380
probabilities_array:[0.4237228 0.        0.5762772]

rule6: 2003.353 < title_year < 2010.006
probabilities_array:[0.32482073 0.         0.6751793 ]

rule49: -4526762.275 < budget < 39397181.043
probabilities_array:[0.3083366 0.        0.6916634]

rule3: imdb_score > 7.211
probabilities_array:[0.2831986 0.        0.7168014]

rule44: duration < 94.415
probabilities_array:[0.26266772 0.01731878 0.7200135 ]

rule12: num_critic_for_reviews < 77.012
probabilities_array:[0.2694501 0.        0.7305499]

rule41: -4716.100 < movie_facebook_likes < 8722.995
probabilities_array:[0.21741259 0.01812662 0.7644608 ]


---1---
rule4: title_year < 1996.700
probabilities_array:[0.         0.50047624 0.4995238 ]

rule51: budget > 83321124.360
probabilities_array:[0.         0.46701783 0.5329822 ]

rule50: 39397181.043 < budget < 83321124.360
probabilities_array:[0.        0.4251017 0.5748983]

rule0: imdb_score < 5.739
probabilities_array:[0.         0.40573892 0.59426105]

rule11: num_voted_users > 193551.588
probabilities_array:[0.         0.39142364 0.60857636]

rule10: 97134.484 < num_voted_users < 193551.588
probabilities_array:[0.        0.3638768 0.6361232]

rule30: 1854.947 < actor_2_facebook_likes < 4946.830
probabilities_array:[0.         0.35908994 0.6409101 ]

rule14: 160.111 < num_critic_for_reviews < 243.211
probabilities_array:[0.         0.35400945 0.64599055]

rule1: 5.739 < imdb_score < 6.475
probabilities_array:[0.        0.3190993 0.6809007]

rule19: num_user_for_reviews > 587.923
probabilities_array:[0.        0.3160563 0.6839437]

rule35: actor_3_facebook_likes > 1888.724
probabilities_array:[0.         0.31590414 0.68409586]

rule13: 77.012 < num_critic_for_reviews < 160.111
probabilities_array:[0.         0.29988325 0.70011675]

rule15: num_critic_for_reviews > 243.211
probabilities_array:[0.         0.27532053 0.72467947]

rule26: 7332.323 < actor_1_facebook_likes < 18319.275
probabilities_array:[0.01508724 0.24147488 0.7434379 ]

rule18: 316.060 < num_user_for_reviews < 587.923
probabilities_array:[0.         0.22293758 0.7770624 ]

rule47: duration > 124.878
probabilities_array:[0.00906243 0.20750844 0.78342915]

