R2: 0.6617118332053347


MAE: 23846040.152130373


Accuracy: 0.7548276829672712


F1: 0.7552804078659869


Most important rules
-----------------------------

---0---
rule51: budget > 226653780.306
probabilities_array:[0.49082354 0.         0.5091765 ]

rule3: imdb_score > 7.206
probabilities_array:[0.46458203 0.         0.535418  ]

rule9: -116.662 < num_voted_users < 96068.249
probabilities_array:[0.44288862 0.         0.5571114 ]

rule16: num_user_for_reviews < 48.730
probabilities_array:[0.4079528 0.        0.5920472]

rule12: num_critic_for_reviews < 76.070
probabilities_array:[0.38077137 0.         0.61922866]

rule6: 2003.311 < title_year < 2010.116
probabilities_array:[0.33283913 0.         0.66716087]

rule7: title_year > 2010.116
probabilities_array:[0.32163927 0.         0.6783607 ]

rule49: -131922527.726 < budget < 47365626.290
probabilities_array:[0.31714368 0.         0.6828563 ]

rule45: 94.331 < duration < 109.625
probabilities_array:[0.21167113 0.00473543 0.7835934 ]


---1---
rule4: title_year < 1996.506
probabilities_array:[0.         0.537448   0.46255204]

rule11: num_voted_users > 192253.160
probabilities_array:[0.         0.47386038 0.5261396 ]

rule10: 96068.249 < num_voted_users < 192253.160
probabilities_array:[0.         0.44881088 0.5511891 ]

rule50: 47365626.290 < budget < 226653780.306
probabilities_array:[0.         0.39859807 0.6014019 ]

rule0: imdb_score < 5.745
probabilities_array:[0.       0.390675 0.609325]

rule19: num_user_for_reviews > 558.781
probabilities_array:[0.         0.38825262 0.6117474 ]

rule43: movie_facebook_likes > 24407.960
probabilities_array:[0.         0.36839765 0.63160235]

rule30: 1891.679 < actor_2_facebook_likes < 4519.744
probabilities_array:[0.         0.33305547 0.66694456]

rule18: 303.755 < num_user_for_reviews < 558.781
probabilities_array:[0.        0.2988878 0.7011122]

rule14: 160.155 < num_critic_for_reviews < 244.240
probabilities_array:[0.        0.2920659 0.7079341]

rule1: 5.745 < imdb_score < 6.475
probabilities_array:[0.         0.287168   0.71283203]

rule15: num_critic_for_reviews > 244.240
probabilities_array:[0.         0.26085567 0.7391443 ]

rule47: duration > 124.919
probabilities_array:[0.02462322 0.23004179 0.745335  ]

rule35: actor_3_facebook_likes > 1958.810
probabilities_array:[0.       0.240787 0.759213]

rule42: 9353.302 < movie_facebook_likes < 24407.960
probabilities_array:[0.04729592 0.2083885  0.74431556]

rule46: 109.625 < duration < 124.919
probabilities_array:[0.        0.2307726 0.7692274]

rule26: 7530.948 < actor_1_facebook_likes < 18807.058
probabilities_array:[0.02768413 0.19559689 0.77671903]

