R2: 0.6455195943744507


MAE: 22790997.636232957


Accuracy: 0.7589690392594957


F1: 0.7596504005826656


Most important rules
-----------------------------

---0---
rule51: budget > 231423809.391
probabilities_array:[0.5309596  0.         0.46904036]

rule16: num_user_for_reviews < 41.017
probabilities_array:[0.49237773 0.         0.5076223 ]

rule9: -1469.677 < num_voted_users < 98367.047
probabilities_array:[0.45369655 0.         0.54630345]

rule6: 2003.447 < title_year < 2009.966
probabilities_array:[0.39877006 0.         0.6012299 ]

rule3: imdb_score > 7.203
probabilities_array:[0.36074692 0.         0.6392531 ]

rule49: -132899203.832 < budget < 49262302.780
probabilities_array:[0.32178372 0.00130155 0.67691475]

rule12: num_critic_for_reviews < 76.454
probabilities_array:[0.2954481  0.         0.70455194]

rule7: title_year > 2009.966
probabilities_array:[0.2704567  0.         0.72954327]

rule45: 94.246 < duration < 109.754
probabilities_array:[0.20391376 0.01181047 0.78427577]


---1---
rule50: 49262302.780 < budget < 231423809.391
probabilities_array:[0.         0.51431924 0.48568076]

rule4: title_year < 1996.928
probabilities_array:[0.         0.40405026 0.59594977]

rule19: num_user_for_reviews > 592.566
probabilities_array:[0.        0.3828011 0.6171989]

rule11: num_voted_users > 198203.771
probabilities_array:[0.         0.36844078 0.63155925]

rule1: 5.719 < imdb_score < 6.461
probabilities_array:[0.         0.34303156 0.6569684 ]

rule0: imdb_score < 5.719
probabilities_array:[0.         0.34124947 0.65875053]

rule30: 1961.160 < actor_2_facebook_likes < 5128.177
probabilities_array:[0.        0.3395983 0.6604017]

rule18: 316.791 < num_user_for_reviews < 592.566
probabilities_array:[0.00099191 0.3271922  0.6718159 ]

rule14: 161.089 < num_critic_for_reviews < 245.723
probabilities_array:[0.        0.3178836 0.6821164]

rule35: actor_3_facebook_likes > 2070.789
probabilities_array:[0.         0.29593197 0.70406806]

rule10: 98367.047 < num_voted_users < 198203.771
probabilities_array:[0.         0.29426947 0.70573056]

rule15: num_critic_for_reviews > 245.723
probabilities_array:[0.         0.29161152 0.7083885 ]

rule47: duration > 125.262
probabilities_array:[0.02104644 0.2699699  0.7089836 ]

rule13: 76.454 < num_critic_for_reviews < 161.089
probabilities_array:[0.         0.27337176 0.72662824]

rule43: movie_facebook_likes > 23613.684
probabilities_array:[0.         0.24045478 0.7595452 ]

rule46: 109.754 < duration < 125.262
probabilities_array:[0.         0.23955216 0.76044786]

rule23: director_facebook_likes > 2547.437
probabilities_array:[0.         0.20246813 0.79753184]

rule26: 7421.900 < actor_1_facebook_likes < 18395.948
probabilities_array:[5.5211008e-04 2.0135775e-01 7.9809016e-01]

