R2: 0.6474864938307989


MAE: 23206327.67456499


Accuracy: 0.7611415511267239


F1: 0.7618353969410051


Most important rules
-----------------------------

---0---
rule16: num_user_for_reviews < 41.178
probabilities_array:[0.5269331  0.         0.47306693]

rule9: -2726.252 < num_voted_users < 98434.718
probabilities_array:[0.40776107 0.         0.59223896]

rule49: -13281004.705 < budget < 42154797.393
probabilities_array:[0.36886498 0.         0.63113505]

rule6: 2003.367 < title_year < 2009.978
probabilities_array:[0.3441106 0.        0.6558894]

rule12: num_critic_for_reviews < 75.447
probabilities_array:[0.32792696 0.         0.672073  ]

rule3: imdb_score > 7.208
probabilities_array:[0.27710295 0.         0.72289705]

rule7: title_year > 2009.978
probabilities_array:[0.22319892 0.         0.7768011 ]


---1---
rule4: title_year < 1996.757
probabilities_array:[0.        0.4665519 0.5334481]

rule50: 42154797.393 < budget < 97590599.491
probabilities_array:[0.         0.45799348 0.54200655]

rule11: num_voted_users > 199595.688
probabilities_array:[0.        0.3924641 0.6075359]

rule10: 98434.718 < num_voted_users < 199595.688
probabilities_array:[0.        0.3702972 0.6297028]

rule0: imdb_score < 5.722
probabilities_array:[0.         0.30883178 0.6911682 ]

rule51: budget > 97590599.491
probabilities_array:[0.         0.30695835 0.6930417 ]

rule19: num_user_for_reviews > 585.642
probabilities_array:[0.         0.30563223 0.69436777]

rule30: 1981.467 < actor_2_facebook_likes < 5184.294
probabilities_array:[0.        0.2981151 0.7018849]

rule15: num_critic_for_reviews > 242.953
probabilities_array:[0.         0.28517354 0.71482646]

rule1: 5.722 < imdb_score < 6.465
probabilities_array:[0.         0.28272015 0.71727985]

rule35: actor_3_facebook_likes > 2046.197
probabilities_array:[0.         0.26504555 0.7349545 ]

rule43: movie_facebook_likes > 23028.706
probabilities_array:[0.         0.26498875 0.7350112 ]

rule47: duration > 125.283
probabilities_array:[6.2933174e-04 2.5845230e-01 7.4091834e-01]

rule18: 313.410 < num_user_for_reviews < 585.642
probabilities_array:[0.        0.2581696 0.7418304]

rule14: 159.200 < num_critic_for_reviews < 242.953
probabilities_array:[0.         0.2538629  0.74613714]

rule46: 109.810 < duration < 125.283
probabilities_array:[0.         0.24414381 0.75585616]

rule39: cast_total_facebook_likes > 25387.289
probabilities_array:[0.0537921  0.19440307 0.7518048 ]

rule13: 75.447 < num_critic_for_reviews < 159.200
probabilities_array:[0.00426035 0.20776248 0.78797716]

rule21: -1241.051 < director_facebook_likes < 753.740
probabilities_array:[0.         0.20795365 0.79204637]

