R2: 0.6688880911243591


MAE: 23509647.72106018


Accuracy: 0.7402844868122943


F1: 0.7421704297159505


Most important rules
-----------------------------

---0---
rule51: budget > 226295806.783
probabilities_array:[0.47097412 0.         0.52902585]

rule8: num_voted_users < 2431.246
probabilities_array:[0.45377636 0.         0.54622364]

rule16: num_user_for_reviews < 47.119
probabilities_array:[0.3950557 0.        0.6049443]

rule49: -130854956.221 < budget < 47720425.281
probabilities_array:[0.33556926 0.         0.66443074]

rule22: 781.590 < director_facebook_likes < 2826.834
probabilities_array:[0.3347715 0.        0.6652285]

rule3: imdb_score > 7.214
probabilities_array:[0.33392 0.      0.66608]

rule6: 2003.173 < title_year < 2009.940
probabilities_array:[0.31564614 0.         0.6843539 ]

rule9: 2431.246 < num_voted_users < 98904.755
probabilities_array:[0.31508687 0.         0.6849131 ]

rule12: num_critic_for_reviews < 78.290
probabilities_array:[0.2555196 0.        0.7444804]

rule7: title_year > 2009.940
probabilities_array:[0.22461277 0.         0.7753872 ]


---1---
rule50: 47720425.281 < budget < 226295806.783
probabilities_array:[0.         0.49172154 0.5082784 ]

rule10: 98904.755 < num_voted_users < 195378.264
probabilities_array:[0.         0.48495743 0.51504254]

rule4: title_year < 1996.406
probabilities_array:[0.         0.47564217 0.52435786]

rule11: num_voted_users > 195378.264
probabilities_array:[0.         0.4189982  0.58100176]

rule30: 1914.348 < actor_2_facebook_likes < 5002.621
probabilities_array:[0.         0.34929493 0.6507051 ]

rule42: 8900.566 < movie_facebook_likes < 23017.379
probabilities_array:[0.00855847 0.33102423 0.6604173 ]

rule19: num_user_for_reviews > 591.023
probabilities_array:[0.        0.3192231 0.6807769]

rule14: 161.224 < num_critic_for_reviews < 244.157
probabilities_array:[0.        0.3104369 0.6895631]

rule43: movie_facebook_likes > 23017.379
probabilities_array:[0.         0.30386811 0.6961319 ]

rule13: 78.290 < num_critic_for_reviews < 161.224
probabilities_array:[0.         0.28630194 0.713698  ]

rule15: num_critic_for_reviews > 244.157
probabilities_array:[0.         0.25599217 0.7440078 ]

rule18: 319.071 < num_user_for_reviews < 591.023
probabilities_array:[0.       0.254222 0.745778]

rule0: imdb_score < 5.731
probabilities_array:[0.        0.2506091 0.7493909]

rule34: 706.211 < actor_3_facebook_likes < 1841.232
probabilities_array:[0.00834126 0.23822197 0.7534368 ]

rule47: duration > 125.149
probabilities_array:[0.         0.23308985 0.76691014]

rule1: 5.731 < imdb_score < 6.472
probabilities_array:[0.         0.22052263 0.77947736]

rule31: actor_2_facebook_likes > 5002.621
probabilities_array:[0.06509428 0.1861883  0.74871737]

rule35: actor_3_facebook_likes > 1841.232
probabilities_array:[0.         0.21278802 0.787212  ]

