R2: 0.6986843738943485


MAE: 23553953.76356661


Accuracy: 0.7570896598844019


F1: 0.7574654042243263


Most important rules
-----------------------------

---0---
rule16: num_user_for_reviews < 42.454
probabilities_array:[0.41756916 0.         0.58243084]

rule49: -35345133.182 < budget < 41856189.871
probabilities_array:[0.37971255 0.         0.6202874 ]

rule36: cast_total_facebook_likes < 1048.357
probabilities_array:[3.5245427e-01 1.1605044e-04 6.4742970e-01]

rule24: actor_1_facebook_likes < 162.267
probabilities_array:[0.32042906 0.         0.6795709 ]

rule3: imdb_score > 7.216
probabilities_array:[0.30556208 0.         0.6944379 ]

rule12: num_critic_for_reviews < 78.259
probabilities_array:[0.3049962 0.        0.6950038]

rule6: 2003.332 < title_year < 2009.898
probabilities_array:[0.30110618 0.         0.6988938 ]

rule9: -2314.397 < num_voted_users < 98206.340
probabilities_array:[0.28763372 0.         0.7123663 ]


---1---
rule4: title_year < 1996.767
probabilities_array:[0.         0.44853702 0.551463  ]

rule10: 98206.340 < num_voted_users < 198727.077
probabilities_array:[0.         0.43534726 0.56465274]

rule19: num_user_for_reviews > 588.784
probabilities_array:[0.         0.42651245 0.5734876 ]

rule50: 41856189.871 < budget < 119057512.925
probabilities_array:[0.         0.42266768 0.5773323 ]

rule51: budget > 119057512.925
probabilities_array:[0.         0.40981525 0.59018475]

rule11: num_voted_users > 198727.077
probabilities_array:[0.        0.3546212 0.6453788]

rule14: 161.082 < num_critic_for_reviews < 243.905
probabilities_array:[0.         0.32911125 0.6708888 ]

rule18: 315.619 < num_user_for_reviews < 588.784
probabilities_array:[0.         0.30470192 0.6952981 ]

rule30: 1867.899 < actor_2_facebook_likes < 4445.532
probabilities_array:[0.         0.30014288 0.6998571 ]

rule15: num_critic_for_reviews > 243.905
probabilities_array:[0.         0.2805088  0.71949124]

rule1: 5.733 < imdb_score < 6.475
probabilities_array:[0.         0.27286732 0.7271327 ]

rule47: duration > 124.015
probabilities_array:[0.00840025 0.26115713 0.73044264]

rule34: 706.504 < actor_3_facebook_likes < 1868.383
probabilities_array:[0.02312422 0.22875069 0.748125  ]

rule46: 109.154 < duration < 124.015
probabilities_array:[0.         0.23877124 0.76122874]

rule43: movie_facebook_likes > 22579.486
probabilities_array:[0.         0.22076845 0.77923155]

rule35: actor_3_facebook_likes > 1868.383
probabilities_array:[0.         0.21279325 0.78720677]

rule38: 10533.168 < cast_total_facebook_likes < 20017.980
probabilities_array:[0.         0.20791826 0.7920817 ]

rule39: cast_total_facebook_likes > 20017.980
probabilities_array:[0.06185518 0.1777037  0.7604411 ]

