R2: 0.6736198350758518


MAE: 22811179.23748748


Accuracy: 0.7582572894419783


F1: 0.7589220684632192


Most important rules
-----------------------------

---0---
rule9: -943.392 < num_voted_users < 97686.573
probabilities_array:[0.44470078 0.         0.5552992 ]

rule16: num_user_for_reviews < 37.670
probabilities_array:[0.4441875  0.         0.55581254]

rule49: -132825613.213 < budget < 48241165.430
probabilities_array:[0.43751442 0.         0.5624856 ]

rule36: cast_total_facebook_likes < 282.703
probabilities_array:[0.42343175 0.         0.57656825]

rule51: budget > 229307944.073
probabilities_array:[0.42279747 0.         0.5772025 ]

rule6: 2003.392 < title_year < 2009.965
probabilities_array:[0.3854427  0.         0.61455727]

rule29: -1232.783 < actor_2_facebook_likes < 1827.961
probabilities_array:[0.27144933 0.         0.7285507 ]

rule3: imdb_score > 7.198
probabilities_array:[0.26875353 0.         0.7312465 ]

rule12: num_critic_for_reviews < 75.336
probabilities_array:[0.24927074 0.         0.75072926]

rule7: title_year > 2009.965
probabilities_array:[0.2348532 0.        0.7651468]


---1---
rule10: 97686.573 < num_voted_users < 196316.537
probabilities_array:[0.       0.441306 0.558694]

rule4: title_year < 1996.818
probabilities_array:[0.         0.41551968 0.5844803 ]

rule50: 48241165.430 < budget < 229307944.073
probabilities_array:[0.         0.39076614 0.60923386]

rule27: actor_1_facebook_likes > 14060.563
probabilities_array:[0.         0.33417642 0.6658236 ]

rule35: actor_3_facebook_likes > 1841.294
probabilities_array:[0.         0.3277782  0.67222184]

rule37: 282.703 < cast_total_facebook_likes < 10366.283
probabilities_array:[0.        0.3146639 0.6853361]

rule19: num_user_for_reviews > 596.127
probabilities_array:[0.        0.3100195 0.6899805]

rule18: 316.898 < num_user_for_reviews < 596.127
probabilities_array:[0.        0.3004791 0.6995209]

rule13: 75.336 < num_critic_for_reviews < 159.418
probabilities_array:[0.         0.29393342 0.70606655]

rule11: num_voted_users > 196316.537
probabilities_array:[0.        0.2919276 0.7080724]

rule38: 10366.283 < cast_total_facebook_likes < 20449.863
probabilities_array:[0.       0.288728 0.711272]

rule14: 159.418 < num_critic_for_reviews < 243.499
probabilities_array:[0.         0.27847278 0.7215272 ]

rule43: movie_facebook_likes > 24073.880
probabilities_array:[0.         0.27700707 0.72299296]

rule15: num_critic_for_reviews > 243.499
probabilities_array:[0.         0.26236975 0.73763025]

rule1: 5.719 < imdb_score < 6.459
probabilities_array:[0.        0.2545584 0.7454416]

rule34: 691.189 < actor_3_facebook_likes < 1841.294
probabilities_array:[0.         0.24808037 0.7519196 ]

rule30: 1827.961 < actor_2_facebook_likes < 4888.706
probabilities_array:[0.        0.2464581 0.7535419]

rule0: imdb_score < 5.719
probabilities_array:[0.         0.24218163 0.75781834]

rule23: director_facebook_likes > 2671.622
probabilities_array:[0.         0.23058054 0.7694195 ]

rule26: 6934.281 < actor_1_facebook_likes < 14060.563
probabilities_array:[0.03848338 0.20111175 0.7604048 ]

rule21: -1225.372 < director_facebook_likes < 723.125
probabilities_array:[0.01523453 0.20853767 0.7762278 ]

rule46: 109.741 < duration < 125.540
probabilities_array:[0.         0.21144557 0.78855443]

