R2: 0.6805253399491984


MAE: 23190371.7892645


Accuracy: 0.7775665075034106


F1: 0.7785870356882738


Most important rules
-----------------------------

---0---
rule9: -594.307 < num_voted_users < 97288.293
probabilities_array:[0.40691376 0.         0.59308624]

rule3: imdb_score > 7.211
probabilities_array:[0.3888234 0.        0.6111766]

rule12: num_critic_for_reviews < 76.947
probabilities_array:[0.37726578 0.         0.6227342 ]

rule16: num_user_for_reviews < 49.550
probabilities_array:[0.36287528 0.         0.6371247 ]

rule6: 2003.361 < title_year < 2010.003
probabilities_array:[0.34242877 0.         0.6575712 ]

rule49: -127845063.712 < budget < 45808582.027
probabilities_array:[0.2820852 0.        0.7179148]

rule7: title_year > 2010.003
probabilities_array:[2.4436541e-01 5.5286899e-05 7.5557923e-01]

rule51: budget > 219462227.766
probabilities_array:[0.23249121 0.         0.7675088 ]


---1---
rule50: 45808582.027 < budget < 219462227.766
probabilities_array:[0.         0.46911007 0.5308899 ]

rule11: num_voted_users > 195170.892
probabilities_array:[0.         0.46151328 0.5384867 ]

rule19: num_user_for_reviews > 574.290
probabilities_array:[0.         0.45820484 0.54179513]

rule4: title_year < 1996.718
probabilities_array:[0.         0.43848303 0.561517  ]

rule10: 97288.293 < num_voted_users < 195170.892
probabilities_array:[0.         0.42309558 0.5769044 ]

rule0: imdb_score < 5.738
probabilities_array:[0.         0.34619203 0.653808  ]

rule18: 311.920 < num_user_for_reviews < 574.290
probabilities_array:[0.         0.3270739  0.67292607]

rule1: 5.738 < imdb_score < 6.474
probabilities_array:[0.        0.3084875 0.6915125]

rule35: actor_3_facebook_likes > 2052.659
probabilities_array:[0.0016614 0.2879303 0.7104083]

rule30: 1894.268 < actor_2_facebook_likes < 5013.120
probabilities_array:[0.         0.2500668  0.74993324]

rule38: 10785.204 < cast_total_facebook_likes < 21715.043
probabilities_array:[0.02035743 0.23022914 0.74941343]

rule34: 755.565 < actor_3_facebook_likes < 2052.659
probabilities_array:[0.00705153 0.23383135 0.7591172 ]

rule43: movie_facebook_likes > 22947.070
probabilities_array:[0.06233375 0.20532171 0.73234457]

rule31: actor_2_facebook_likes > 5013.120
probabilities_array:[0.0220977  0.22158052 0.7563218 ]

rule14: 160.530 < num_critic_for_reviews < 244.113
probabilities_array:[0.0017868  0.2219411  0.77627206]

rule47: duration > 125.574
probabilities_array:[0.         0.20000136 0.79999864]

