R2: 0.7222339270451072


MAE: 22341083.108569853


Accuracy: 0.7568333431725605


F1: 0.7574654042243263


Most important rules
-----------------------------

---0---
rule51: budget > 230440023.049
probabilities_array:[0.6053386  0.         0.39466143]

rule9: -712.221 < num_voted_users < 97610.587
probabilities_array:[0.4847001  0.         0.51529986]

rule6: 2003.272 < title_year < 2009.951
probabilities_array:[0.45329514 0.         0.5467048 ]

rule49: -133303840.300 < budget < 48568091.374
probabilities_array:[3.8903430e-01 2.0081352e-05 6.1094564e-01]

rule16: num_user_for_reviews < 41.343
probabilities_array:[0.37785295 0.         0.622147  ]

rule12: num_critic_for_reviews < 76.298
probabilities_array:[0.3225485 0.        0.6774515]

rule7: title_year > 2009.951
probabilities_array:[0.30333334 0.         0.69666666]

rule3: imdb_score > 7.217
probabilities_array:[0.28206265 0.         0.71793735]

rule5: 1996.593 < title_year < 2003.272
probabilities_array:[0.24571793 0.         0.75428206]

rule41: -5589.448 < movie_facebook_likes < 8664.629
probabilities_array:[0.2044995  0.05080334 0.7446971 ]

rule45: 94.316 < duration < 109.541
probabilities_array:[0.21548359 0.         0.7845164 ]


---1---
rule19: num_user_for_reviews > 586.881
probabilities_array:[0.         0.45657855 0.54342145]

rule50: 48568091.374 < budget < 230440023.049
probabilities_array:[0.         0.42261514 0.5773848 ]

rule11: num_voted_users > 195933.396
probabilities_array:[0.        0.3927654 0.6072346]

rule0: imdb_score < 5.748
probabilities_array:[0.         0.36997905 0.6300209 ]

rule4: title_year < 1996.593
probabilities_array:[0.         0.34427366 0.6557264 ]

rule18: 314.112 < num_user_for_reviews < 586.881
probabilities_array:[0.         0.33759886 0.66240114]

rule1: 5.748 < imdb_score < 6.483
probabilities_array:[0.         0.33691266 0.6630873 ]

rule30: 1881.421 < actor_2_facebook_likes < 4970.959
probabilities_array:[0.         0.32602522 0.6739748 ]

rule23: director_facebook_likes > 2712.431
probabilities_array:[0.         0.31989485 0.68010515]

rule10: 97610.587 < num_voted_users < 195933.396
probabilities_array:[0.         0.31156316 0.6884368 ]

rule13: 76.298 < num_critic_for_reviews < 158.377
probabilities_array:[0.         0.29759747 0.70240253]

rule15: num_critic_for_reviews > 240.456
probabilities_array:[0.         0.28490263 0.71509737]

rule35: actor_3_facebook_likes > 1911.285
probabilities_array:[0.         0.27238673 0.7276133 ]

rule14: 158.377 < num_critic_for_reviews < 240.456
probabilities_array:[0.00103453 0.26193976 0.7370257 ]

rule34: 712.167 < actor_3_facebook_likes < 1911.285
probabilities_array:[0.         0.25915524 0.7408447 ]

rule47: duration > 124.766
probabilities_array:[0.00112267 0.22998442 0.7688929 ]

rule46: 109.541 < duration < 124.766
probabilities_array:[0.         0.22878984 0.7712102 ]

rule21: -1252.187 < director_facebook_likes < 730.122
probabilities_array:[0.         0.21911706 0.78088295]

rule31: actor_2_facebook_likes > 4970.959
probabilities_array:[0.        0.2070163 0.7929837]

rule26: 7499.496 < actor_1_facebook_likes < 18815.938
probabilities_array:[7.2666944e-04 2.0346791e-01 7.9580539e-01]

rule43: movie_facebook_likes > 22918.706
probabilities_array:[0.00358376 0.19970387 0.79671234]

