R2: 0.6956425807195719


MAE: 22735190.029770575


Accuracy: 0.7607612440153144


F1: 0.7618353969410051


Most important rules
-----------------------------

---0---
rule51: budget > 219992391.788
probabilities_array:[0.48563287 0.         0.5143671 ]

rule3: imdb_score > 7.225
probabilities_array:[0.44222257 0.         0.5577774 ]

rule16: num_user_for_reviews < 36.714
probabilities_array:[0.42879394 0.         0.57120603]

rule9: -4013.784 < num_voted_users < 99114.589
probabilities_array:[0.35927957 0.         0.6407204 ]

rule12: num_critic_for_reviews < 75.098
probabilities_array:[0.33672348 0.         0.66327655]

rule49: -127107051.756 < budget < 46442670.016
probabilities_array:[0.3116488 0.        0.6883512]

rule6: 2003.287 < title_year < 2009.844
probabilities_array:[0.2808185  0.         0.71918154]


---1---
rule19: num_user_for_reviews > 596.989
probabilities_array:[0.         0.49171323 0.5082868 ]

rule4: title_year < 1996.730
probabilities_array:[0.         0.47453174 0.52546823]

rule11: num_voted_users > 202242.962
probabilities_array:[0.         0.46338218 0.5366178 ]

rule10: 99114.589 < num_voted_users < 202242.962
probabilities_array:[0.         0.4612021  0.53879786]

rule50: 46442670.016 < budget < 219992391.788
probabilities_array:[0.        0.4003955 0.5996045]

rule14: 157.620 < num_critic_for_reviews < 240.142
probabilities_array:[0.         0.33971512 0.6602849 ]

rule30: 1878.423 < actor_2_facebook_likes < 4477.465
probabilities_array:[0.        0.3281445 0.6718555]

rule1: 5.710 < imdb_score < 6.467
probabilities_array:[0.         0.30135527 0.69864476]

rule18: 316.851 < num_user_for_reviews < 596.989
probabilities_array:[0.         0.29776108 0.7022389 ]

rule13: 75.098 < num_critic_for_reviews < 157.620
probabilities_array:[0.         0.28287014 0.7171299 ]

rule35: actor_3_facebook_likes > 1959.492
probabilities_array:[0.         0.26820698 0.73179305]

rule15: num_critic_for_reviews > 240.142
probabilities_array:[0.        0.2661719 0.7338281]

rule47: duration > 125.482
probabilities_array:[0.03549758 0.24354796 0.7209545 ]

rule43: movie_facebook_likes > 23067.859
probabilities_array:[0.        0.2594225 0.7405775]

rule46: 109.740 < duration < 125.482
probabilities_array:[0.         0.23300289 0.7669971 ]

rule23: director_facebook_likes > 2859.175
probabilities_array:[0.         0.23249695 0.7675031 ]

rule0: imdb_score < 5.710
probabilities_array:[0.        0.2192445 0.7807555]

