R2: 0.6991279502040886


MAE: 23645884.18473746


Accuracy: 0.771704583183925


F1: 0.7720320466132556


Most important rules
-----------------------------

---0---
rule9: -2955.385 < num_voted_users < 95296.522
probabilities_array:[0.50145084 0.         0.49854913]

rule16: num_user_for_reviews < 42.706
probabilities_array:[0.45290136 0.         0.54709864]

rule6: 2003.376 < title_year < 2010.038
probabilities_array:[0.36657298 0.         0.633427  ]

rule49: -13670250.134 < budget < 40615354.833
probabilities_array:[0.31183556 0.         0.6881645 ]

rule3: imdb_score > 7.210
probabilities_array:[0.30632815 0.         0.6936719 ]

rule12: num_critic_for_reviews < 76.065
probabilities_array:[0.30353615 0.         0.6964639 ]

rule41: -5526.024 < movie_facebook_likes < 8638.499
probabilities_array:[0.2055838 0.        0.7944162]


---1---
rule50: 40615354.833 < budget < 94900959.800
probabilities_array:[0.         0.47902143 0.52097857]

rule10: 95296.522 < num_voted_users < 193548.430
probabilities_array:[0.         0.44075647 0.55924356]

rule4: title_year < 1996.713
probabilities_array:[0.         0.42893806 0.5710619 ]

rule11: num_voted_users > 193548.430
probabilities_array:[0.         0.4216921  0.57830787]

rule0: imdb_score < 5.727
probabilities_array:[0.         0.38842264 0.61157733]

rule30: 1849.032 < actor_2_facebook_likes < 4425.549
probabilities_array:[0.         0.3785167  0.62148327]

rule19: num_user_for_reviews > 577.044
probabilities_array:[0.         0.3676096  0.63239044]

rule1: 5.727 < imdb_score < 6.468
probabilities_array:[0.         0.34693035 0.6530696 ]

rule51: budget > 94900959.800
probabilities_array:[0.         0.33266795 0.66733205]

rule18: 309.875 < num_user_for_reviews < 577.044
probabilities_array:[0.00895716 0.27244076 0.7186021 ]

rule47: duration > 124.742
probabilities_array:[0.         0.24525888 0.75474113]

rule35: actor_3_facebook_likes > 1959.751
probabilities_array:[0.         0.24362081 0.7563792 ]

rule34: 727.082 < actor_3_facebook_likes < 1959.751
probabilities_array:[0.         0.24184075 0.7581592 ]

rule14: 159.372 < num_critic_for_reviews < 242.680
probabilities_array:[0.         0.22275248 0.77724755]

rule26: 7306.854 < actor_1_facebook_likes < 18066.029
probabilities_array:[0.         0.21908419 0.7809158 ]

