R2: 0.6842277070458787


MAE: 23980080.77294602


Accuracy: 0.7608725202837603


F1: 0.7611070648215587


Most important rules
-----------------------------

---0---
rule16: num_user_for_reviews < 47.570
probabilities_array:[0.549066 0.       0.450934]

rule51: budget > 227107729.727
probabilities_array:[0.49272373 0.         0.5072763 ]

rule49: -132277025.879 < budget < 47415351.924
probabilities_array:[0.4484723 0.        0.5515277]

rule9: -2653.807 < num_voted_users < 95879.790
probabilities_array:[0.4078175  0.         0.59218246]

rule6: 2003.297 < title_year < 2009.968
probabilities_array:[0.33166248 0.         0.6683375 ]

rule7: title_year > 2009.968
probabilities_array:[0.28771752 0.         0.7122825 ]

rule3: imdb_score > 7.209
probabilities_array:[0.25132737 0.         0.7486726 ]

rule12: num_critic_for_reviews < 76.346
probabilities_array:[0.24867244 0.         0.7513276 ]

rule45: 94.664 < duration < 109.684
probabilities_array:[0.24127528 0.         0.7587247 ]

rule41: -5357.141 < movie_facebook_likes < 8438.837
probabilities_array:[0.22571892 0.00673587 0.7675452 ]


---1---
rule4: title_year < 1996.625
probabilities_array:[0.         0.46789628 0.5321037 ]

rule19: num_user_for_reviews > 569.971
probabilities_array:[0.         0.45687002 0.54313   ]

rule1: 5.726 < imdb_score < 6.468
probabilities_array:[0.        0.4533637 0.5466363]

rule10: 95879.790 < num_voted_users < 194413.387
probabilities_array:[0.         0.43960822 0.5603918 ]

rule0: imdb_score < 5.726
probabilities_array:[0.         0.38364726 0.61635274]

rule11: num_voted_users > 194413.387
probabilities_array:[0.         0.33768633 0.66231364]

rule14: 157.882 < num_critic_for_reviews < 239.418
probabilities_array:[0.         0.3346338  0.66536623]

rule50: 47415351.924 < budget < 227107729.727
probabilities_array:[0.         0.3157548  0.68424517]

rule13: 76.346 < num_critic_for_reviews < 157.882
probabilities_array:[0.         0.30494845 0.69505155]

rule35: actor_3_facebook_likes > 2013.196
probabilities_array:[0.         0.29633382 0.70366615]

rule43: movie_facebook_likes > 22234.815
probabilities_array:[0.         0.27122927 0.72877073]

rule30: 1863.178 < actor_2_facebook_likes < 4432.965
probabilities_array:[0.         0.26034644 0.7396536 ]

rule21: -1270.043 < director_facebook_likes < 762.850
probabilities_array:[0.         0.25126553 0.7487345 ]

rule18: 308.771 < num_user_for_reviews < 569.971
probabilities_array:[0.         0.24595986 0.7540401 ]

rule38: 11081.304 < cast_total_facebook_likes < 24253.180
probabilities_array:[0.         0.23580328 0.7641967 ]

rule15: num_critic_for_reviews > 239.418
probabilities_array:[0.         0.21584062 0.78415936]

rule23: director_facebook_likes > 2795.742
probabilities_array:[0.01033636 0.20393433 0.78572935]

rule39: cast_total_facebook_likes > 24253.180
probabilities_array:[0.05397279 0.18242413 0.7636031 ]

rule34: 738.193 < actor_3_facebook_likes < 2013.196
probabilities_array:[0.         0.20407379 0.7959262 ]

