R2: 0.6758471511021531


MAE: 24261728.392366167


Accuracy: 0.7505927568931892


F1: 0.7509104151493081


Most important rules
-----------------------------

---0---
rule9: -2051.875 < num_voted_users < 95696.516
probabilities_array:[0.5299442  0.         0.47005582]

rule49: -41431571.199 < budget < 43140197.500
probabilities_array:[0.40130442 0.         0.5986956 ]

rule16: num_user_for_reviews < 42.745
probabilities_array:[0.38770002 0.         0.6123    ]

rule3: imdb_score > 7.210
probabilities_array:[0.31778866 0.         0.68221134]

rule12: num_critic_for_reviews < 77.339
probabilities_array:[0.31464112 0.         0.6853589 ]

rule6: 2003.315 < title_year < 2009.965
probabilities_array:[0.31448364 0.         0.68551636]

rule7: title_year > 2009.965
probabilities_array:[0.3074407 0.        0.6925593]


---1---
rule4: title_year < 1996.666
probabilities_array:[0.         0.48159605 0.51840395]

rule51: budget > 127711966.199
probabilities_array:[0.         0.43148234 0.5685176 ]

rule1: 5.725 < imdb_score < 6.467
probabilities_array:[0.        0.4288319 0.5711681]

rule11: num_voted_users > 193444.908
probabilities_array:[0.         0.42713726 0.57286274]

rule0: imdb_score < 5.725
probabilities_array:[0.         0.42126733 0.57873267]

rule10: 95696.516 < num_voted_users < 193444.908
probabilities_array:[0.         0.39868703 0.60131294]

rule30: 1816.021 < actor_2_facebook_likes < 4854.609
probabilities_array:[0.         0.38290146 0.61709857]

rule35: actor_3_facebook_likes > 1906.393
probabilities_array:[0.         0.36507317 0.63492686]

rule50: 43140197.500 < budget < 127711966.199
probabilities_array:[0.        0.3363076 0.6636924]

rule23: director_facebook_likes > 2644.261
probabilities_array:[0.        0.3316748 0.6683252]

rule14: 158.246 < num_critic_for_reviews < 239.153
probabilities_array:[0.00372009 0.32853425 0.66774565]

rule18: 311.454 < num_user_for_reviews < 580.163
probabilities_array:[0.        0.3279469 0.6720531]

rule19: num_user_for_reviews > 580.163
probabilities_array:[0.         0.30952415 0.6904759 ]

rule15: num_critic_for_reviews > 239.153
probabilities_array:[0.         0.28331378 0.71668625]

rule13: 77.339 < num_critic_for_reviews < 158.246
probabilities_array:[0.         0.27810192 0.7218981 ]

rule43: movie_facebook_likes > 21654.630
probabilities_array:[0.         0.27296546 0.7270345 ]

rule47: duration > 125.107
probabilities_array:[0.         0.24158031 0.7584197 ]

rule34: 711.695 < actor_3_facebook_likes < 1906.393
probabilities_array:[0.         0.22132654 0.77867347]

rule21: -1212.993 < director_facebook_likes < 715.634
probabilities_array:[0.        0.2067961 0.7932039]

