R2: 0.6622717648274222


MAE: 22021886.588751964


Accuracy: 0.7434273697362008


F1: 0.7472687545520758


Most important rules
-----------------------------

---0---
rule9: -1298.662 < num_voted_users < 99735.783
probabilities_array:[0.5007968 0.        0.4992032]

rule16: num_user_for_reviews < 42.466
probabilities_array:[0.4730264 0.        0.5269736]

rule49: -129476051.276 < budget < 47194584.565
probabilities_array:[0.47251245 0.         0.5274875 ]

rule6: 2003.206 < title_year < 2009.983
probabilities_array:[0.40318418 0.         0.5968158 ]

rule36: cast_total_facebook_likes < 557.377
probabilities_array:[0.36649564 0.         0.6335044 ]

rule51: budget > 223865220.407
probabilities_array:[0.29692775 0.         0.70307225]

rule7: title_year > 2009.983
probabilities_array:[0.2758562 0.        0.7241438]

rule5: 1996.429 < title_year < 2003.206
probabilities_array:[0.26782596 0.         0.73217404]

rule12: num_critic_for_reviews < 78.385
probabilities_array:[0.25741816 0.         0.74258184]

rule3: imdb_score > 7.221
probabilities_array:[0.24393305 0.         0.7560669 ]

rule22: 829.518 < director_facebook_likes < 2939.209
probabilities_array:[0.21592823 0.         0.7840718 ]

rule44: duration < 94.839
probabilities_array:[0.20420861 0.01332055 0.7824709 ]


---1---
rule37: 557.377 < cast_total_facebook_likes < 11055.649
probabilities_array:[0.        0.3907007 0.6092993]

rule18: 320.789 < num_user_for_reviews < 599.113
probabilities_array:[0.         0.37447435 0.62552565]

rule4: title_year < 1996.429
probabilities_array:[0.         0.35890618 0.64109385]

rule19: num_user_for_reviews > 599.113
probabilities_array:[0.         0.35798642 0.6420136 ]

rule30: 1932.093 < actor_2_facebook_likes < 4611.048
probabilities_array:[0.       0.355393 0.644607]

rule50: 47194584.565 < budget < 223865220.407
probabilities_array:[0.         0.35373732 0.64626265]

rule1: 5.726 < imdb_score < 6.474
probabilities_array:[0.        0.3514405 0.6485595]

rule10: 99735.783 < num_voted_users < 200770.228
probabilities_array:[0.         0.35022414 0.64977586]

rule35: actor_3_facebook_likes > 2114.630
probabilities_array:[0.         0.32264596 0.67735404]

rule23: director_facebook_likes > 2939.209
probabilities_array:[0.         0.31685525 0.68314475]

rule11: num_voted_users > 200770.228
probabilities_array:[0.         0.29965737 0.7003426 ]

rule0: imdb_score < 5.726
probabilities_array:[0.         0.29357058 0.7064294 ]

rule38: 11055.649 < cast_total_facebook_likes < 21553.921
probabilities_array:[0.         0.29047397 0.70952606]

rule14: 161.997 < num_critic_for_reviews < 245.610
probabilities_array:[0.         0.2851521  0.71484786]

rule15: num_critic_for_reviews > 245.610
probabilities_array:[0.         0.2616507  0.73834926]

rule34: 775.298 < actor_3_facebook_likes < 2114.630
probabilities_array:[0.         0.24402164 0.75597835]

rule26: 7383.955 < actor_1_facebook_likes < 15172.451
probabilities_array:[0.00098615 0.23886836 0.7601454 ]

rule31: actor_2_facebook_likes > 4611.048
probabilities_array:[0.01361993 0.2201251  0.766255  ]

rule13: 78.385 < num_critic_for_reviews < 161.997
probabilities_array:[0.        0.2182603 0.7817397]

rule27: actor_1_facebook_likes > 15172.451
probabilities_array:[0.         0.21640745 0.7835925 ]

rule21: -1280.174 < director_facebook_likes < 829.518
probabilities_array:[0.         0.21527897 0.784721  ]

rule43: movie_facebook_likes > 23562.214
probabilities_array:[0.         0.20539331 0.7946067 ]

