R2: 0.6505222189607769


MAE: 23616357.58668077


Accuracy: 0.7502974050871247


F1: 0.752367079388201


Most important rules
-----------------------------

---0---
rule16: num_user_for_reviews < 40.546
probabilities_array:[0.45955893 0.         0.54044104]

rule9: -2172.000 < num_voted_users < 97729.506
probabilities_array:[0.35726497 0.         0.64273506]

rule6: 2003.512 < title_year < 2009.859
probabilities_array:[0.34956 0.      0.65044]

rule49: -35982614.154 < budget < 43655129.752
probabilities_array:[0.3145394  0.         0.68546057]

rule3: imdb_score > 7.187
probabilities_array:[0.29984444 0.         0.70015556]

rule12: num_critic_for_reviews < 77.201
probabilities_array:[0.28937152 0.         0.71062845]

rule7: title_year > 2009.859
probabilities_array:[0.2066992 0.        0.7933008]


---1---
rule51: budget > 123292873.658
probabilities_array:[0.        0.4973897 0.5026103]

rule50: 43655129.752 < budget < 123292873.658
probabilities_array:[0.        0.4951691 0.5048309]

rule10: 97729.506 < num_voted_users < 197631.012
probabilities_array:[0.         0.47042093 0.5295791 ]

rule4: title_year < 1997.165
probabilities_array:[0.        0.4323675 0.5676325]

rule19: num_user_for_reviews > 584.967
probabilities_array:[0.        0.3638255 0.6361745]

rule1: 5.714 < imdb_score < 6.450
probabilities_array:[0.        0.3512785 0.6487215]

rule11: num_voted_users > 197631.012
probabilities_array:[0.         0.34210825 0.65789175]

rule14: 160.691 < num_critic_for_reviews < 244.181
probabilities_array:[0.         0.32625243 0.67374754]

rule15: num_critic_for_reviews > 244.181
probabilities_array:[0.         0.30973446 0.69026554]

rule30: 1951.735 < actor_2_facebook_likes < 4632.241
probabilities_array:[0.         0.29576865 0.7042314 ]

rule18: 312.757 < num_user_for_reviews < 584.967
probabilities_array:[0.        0.2940859 0.7059141]

rule35: actor_3_facebook_likes > 1993.337
probabilities_array:[0.         0.2671965  0.73280346]

rule43: movie_facebook_likes > 23048.195
probabilities_array:[0.         0.2588108  0.74118924]

rule0: imdb_score < 5.714
probabilities_array:[0.         0.23420261 0.7657974 ]

rule23: director_facebook_likes > 2688.676
probabilities_array:[0.03430027 0.20636992 0.75932986]

rule47: duration > 124.320
probabilities_array:[0.01793252 0.19650221 0.78556526]

rule13: 77.201 < num_critic_for_reviews < 160.691
probabilities_array:[0.         0.20286474 0.7971353 ]

rule46: 109.488 < duration < 124.320
probabilities_array:[0.04060995 0.18136123 0.77802885]

