R2: 0.6719564309566097


MAE: 24185510.471015725


Accuracy: 0.7721427776064687


F1: 0.774217042971595


Most important rules
-----------------------------

---0---
rule51: budget > 225442200.539
probabilities_array:[0.54566926 0.         0.45433074]

rule16: num_user_for_reviews < 46.426
probabilities_array:[0.4662164 0.        0.5337836]

rule49: -131424610.595 < budget < 47008794.972
probabilities_array:[0.38971832 0.         0.61028165]

rule9: -751.803 < num_voted_users < 97098.289
probabilities_array:[0.34146252 0.         0.6585375 ]

rule6: 2003.269 < title_year < 2009.939
probabilities_array:[0.32987767 0.         0.6701223 ]

rule3: imdb_score > 7.211
probabilities_array:[0.30337203 0.         0.696628  ]

rule41: -5279.268 < movie_facebook_likes < 8825.998
probabilities_array:[0.27057835 0.         0.7294217 ]

rule12: num_critic_for_reviews < 78.467
probabilities_array:[0.25626746 0.         0.7437325 ]

rule7: title_year > 2009.939
probabilities_array:[0.23984605 0.         0.76015395]

rule45: 94.176 < duration < 109.376
probabilities_array:[0.2130256  0.00765178 0.7793226 ]


---1---
rule10: 97098.289 < num_voted_users < 194948.381
probabilities_array:[0.         0.46399373 0.5360063 ]

rule4: title_year < 1996.598
probabilities_array:[0.         0.46177423 0.53822577]

rule50: 47008794.972 < budget < 225442200.539
probabilities_array:[0.        0.4452045 0.5547955]

rule1: 5.732 < imdb_score < 6.471
probabilities_array:[0.         0.41361308 0.5863869 ]

rule35: actor_3_facebook_likes > 1808.594
probabilities_array:[0.         0.37659454 0.62340546]

rule11: num_voted_users > 194948.381
probabilities_array:[0.         0.37562215 0.62437785]

rule19: num_user_for_reviews > 574.886
probabilities_array:[0.         0.37115338 0.62884665]

rule0: imdb_score < 5.732
probabilities_array:[0.         0.36003628 0.6399637 ]

rule14: 159.932 < num_critic_for_reviews < 241.397
probabilities_array:[0.         0.35806087 0.64193916]

rule30: 1851.745 < actor_2_facebook_likes < 4403.326
probabilities_array:[0.         0.31986347 0.68013656]

rule13: 78.467 < num_critic_for_reviews < 159.932
probabilities_array:[0.         0.30084208 0.69915795]

rule15: num_critic_for_reviews > 241.397
probabilities_array:[0.         0.28586015 0.7141399 ]

rule46: 109.376 < duration < 124.577
probabilities_array:[0.         0.26899654 0.73100346]

rule18: 310.656 < num_user_for_reviews < 574.886
probabilities_array:[2.9119861e-04 2.3229948e-01 7.6740932e-01]

rule47: duration > 124.577
probabilities_array:[0.0454946  0.20499362 0.7495118 ]

rule43: movie_facebook_likes > 22931.264
probabilities_array:[0.         0.21005234 0.7899477 ]

rule38: 10941.942 < cast_total_facebook_likes < 23953.454
probabilities_array:[0.         0.20908605 0.79091394]

