R2: 0.6938748288835612


MAE: 23750481.327806354


Accuracy: 0.7570318291603895


F1: 0.7574654042243263


Most important rules
-----------------------------

---0---
rule51: budget > 226560970.962
probabilities_array:[0.55653244 0.         0.44346756]

rule16: num_user_for_reviews < 44.914
probabilities_array:[0.47654942 0.         0.52345055]

rule9: -1065.075 < num_voted_users < 95784.416
probabilities_array:[0.47327983 0.         0.52672017]

rule6: 2003.131 < title_year < 2009.972
probabilities_array:[0.3943738 0.        0.6056262]

rule3: imdb_score > 7.211
probabilities_array:[0.37369776 0.         0.62630224]

rule12: num_critic_for_reviews < 76.501
probabilities_array:[0.3635911 0.        0.6364089]

rule49: -131623068.488 < budget < 47468951.237
probabilities_array:[0.32921985 0.         0.6707802 ]


---1---
rule19: num_user_for_reviews > 570.252
probabilities_array:[0.        0.4974643 0.5025357]

rule4: title_year < 1996.290
probabilities_array:[0.         0.47249022 0.52750975]

rule50: 47468951.237 < budget < 226560970.962
probabilities_array:[0.       0.453154 0.546846]

rule10: 95784.416 < num_voted_users < 192633.908
probabilities_array:[0.         0.42391822 0.5760818 ]

rule30: 1842.812 < actor_2_facebook_likes < 4454.878
probabilities_array:[0.         0.38653368 0.6134663 ]

rule0: imdb_score < 5.725
probabilities_array:[0.         0.35986337 0.6401366 ]

rule11: num_voted_users > 192633.908
probabilities_array:[0.         0.33105913 0.6689409 ]

rule1: 5.725 < imdb_score < 6.468
probabilities_array:[0.         0.32395852 0.6760415 ]

rule47: duration > 124.955
probabilities_array:[0.         0.30175647 0.69824356]

rule35: actor_3_facebook_likes > 1971.246
probabilities_array:[0.         0.28629664 0.71370333]

rule43: movie_facebook_likes > 21795.889
probabilities_array:[0.         0.27110216 0.72889787]

rule14: 158.579 < num_critic_for_reviews < 240.658
probabilities_array:[0.         0.26794744 0.73205256]

rule15: num_critic_for_reviews > 240.658
probabilities_array:[0.         0.25820246 0.74179757]

rule21: -1232.365 < director_facebook_likes < 735.158
probabilities_array:[0.         0.23664823 0.76335174]

rule31: actor_2_facebook_likes > 4454.878
probabilities_array:[0.02319421 0.19559062 0.78121513]

rule46: 109.415 < duration < 124.955
probabilities_array:[0.01264625 0.19713436 0.79021937]

