R2: 0.6659477282391217


MAE: 23182124.270088878


Accuracy: 0.7467523527801476


F1: 0.7472687545520758


Most important rules
-----------------------------

---0---
rule51: budget > 226522729.356
probabilities_array:[0.5810891  0.         0.41891092]

rule16: num_user_for_reviews < 46.762
probabilities_array:[0.5020443 0.        0.4979557]

rule6: 2003.458 < title_year < 2010.182
probabilities_array:[0.39809516 0.         0.60190487]

rule49: -132201434.345 < budget < 47160647.505
probabilities_array:[0.397779 0.       0.602221]

rule9: -2360.359 < num_voted_users < 98151.371
probabilities_array:[0.38859972 0.         0.6114003 ]

rule3: imdb_score > 7.215
probabilities_array:[0.29959956 0.         0.7004005 ]

rule12: num_critic_for_reviews < 79.104
probabilities_array:[0.28659505 0.         0.71340495]

rule41: -5510.647 < movie_facebook_likes < 8783.772
probabilities_array:[0.19561644 0.02061416 0.7837694 ]


---1---
rule50: 47160647.505 < budget < 226522729.356
probabilities_array:[0.        0.4354245 0.5645755]

rule4: title_year < 1996.734
probabilities_array:[0.         0.42021197 0.579788  ]

rule11: num_voted_users > 198663.101
probabilities_array:[0.        0.4082008 0.5917992]

rule19: num_user_for_reviews > 580.298
probabilities_array:[0.        0.3875289 0.6124711]

rule10: 98151.371 < num_voted_users < 198663.101
probabilities_array:[0.         0.38320118 0.6167988 ]

rule1: 5.749 < imdb_score < 6.482
probabilities_array:[0.         0.37112072 0.62887925]

rule14: 161.886 < num_critic_for_reviews < 244.668
probabilities_array:[0.         0.36374342 0.6362566 ]

rule0: imdb_score < 5.749
probabilities_array:[0.         0.33716887 0.6628311 ]

rule30: 1869.889 < actor_2_facebook_likes < 4961.470
probabilities_array:[0.         0.32909337 0.6709066 ]

rule13: 79.104 < num_critic_for_reviews < 161.886
probabilities_array:[0.         0.3086913  0.69130874]

rule18: 313.530 < num_user_for_reviews < 580.298
probabilities_array:[0.00082598 0.30088106 0.698293  ]

rule47: duration > 123.581
probabilities_array:[0.00540075 0.2881956  0.7064036 ]

rule15: num_critic_for_reviews > 244.668
probabilities_array:[0.       0.289826 0.710174]

rule23: director_facebook_likes > 2702.606
probabilities_array:[0.         0.28270447 0.7172955 ]

rule34: 711.468 < actor_3_facebook_likes < 1924.569
probabilities_array:[0.         0.25207695 0.747923  ]

rule43: movie_facebook_likes > 23078.191
probabilities_array:[0.         0.23401415 0.76598585]

rule46: 109.139 < duration < 123.581
probabilities_array:[0.         0.23108411 0.7689159 ]

rule37: -176.417 < cast_total_facebook_likes < 10880.951
probabilities_array:[0.         0.20589906 0.79410094]

rule31: actor_2_facebook_likes > 4961.470
probabilities_array:[0.        0.2056954 0.7943046]

rule38: 10880.951 < cast_total_facebook_likes < 21938.319
probabilities_array:[0.         0.20104787 0.7989521 ]

