R2: 0.6759979868683801


MAE: 22072706.965175197


Accuracy: 0.7504287651137029


F1: 0.752367079388201


Most important rules
-----------------------------

---0---
rule9: -1533.011 < num_voted_users < 97517.106
probabilities_array:[0.47246096 0.         0.5275391 ]

rule51: budget > 215963370.166
probabilities_array:[0.44551826 0.         0.55448174]

rule16: num_user_for_reviews < 48.111
probabilities_array:[0.4106953 0.        0.5893047]

rule49: -123591633.646 < budget < 46185868.260
probabilities_array:[0.38262114 0.         0.6173789 ]

rule36: cast_total_facebook_likes < 417.093
probabilities_array:[0.3701179 0.        0.6298821]

rule6: 2003.149 < title_year < 2009.980
probabilities_array:[0.3577932 0.        0.6422068]

rule12: num_critic_for_reviews < 76.141
probabilities_array:[0.31440863 0.         0.68559134]

rule3: imdb_score > 7.202
probabilities_array:[0.30765653 0.         0.6923435 ]

rule7: title_year > 2009.980
probabilities_array:[0.2705441 0.        0.7294559]

rule45: 93.711 < duration < 109.849
probabilities_array:[0.24182881 0.         0.7581712 ]


---1---
rule4: title_year < 1996.318
probabilities_array:[0.         0.50408125 0.49591872]

rule19: num_user_for_reviews > 572.962
probabilities_array:[0.         0.47434446 0.52565557]

rule50: 46185868.260 < budget < 215963370.166
probabilities_array:[0.         0.46209118 0.5379088 ]

rule11: num_voted_users > 196567.223
probabilities_array:[0.         0.3936371  0.60636294]

rule37: 417.093 < cast_total_facebook_likes < 10858.664
probabilities_array:[0.         0.34123567 0.65876436]

rule15: num_critic_for_reviews > 242.655
probabilities_array:[0.         0.33815575 0.66184425]

rule35: actor_3_facebook_likes > 2068.697
probabilities_array:[0.         0.3261865  0.67381346]

rule0: imdb_score < 5.731
probabilities_array:[0.       0.323825 0.676175]

rule30: 1876.469 < actor_2_facebook_likes < 4504.929
probabilities_array:[0.         0.31657845 0.68342155]

rule10: 97517.106 < num_voted_users < 196567.223
probabilities_array:[0.         0.3023447  0.69765526]

rule43: movie_facebook_likes > 23656.955
probabilities_array:[0.        0.2970618 0.7029382]

rule1: 5.731 < imdb_score < 6.467
probabilities_array:[0.         0.29004365 0.70995635]

rule14: 159.398 < num_critic_for_reviews < 242.655
probabilities_array:[0.        0.2837073 0.7162927]

rule47: duration > 125.987
probabilities_array:[0.00390601 0.23140377 0.7646902 ]

rule13: 76.141 < num_critic_for_reviews < 159.398
probabilities_array:[0.         0.22995982 0.7700402 ]

rule38: 10858.664 < cast_total_facebook_likes < 21300.236
probabilities_array:[2.1095574e-04 2.2929998e-01 7.7048904e-01]

rule18: 310.536 < num_user_for_reviews < 572.962
probabilities_array:[0.         0.22247015 0.77752984]

rule39: cast_total_facebook_likes > 21300.236
probabilities_array:[0.05010087 0.1807308  0.7691683 ]

