R2: 0.6902165464280545


MAE: 23447371.600984957


Accuracy: 0.7549558371234542


F1: 0.7560087399854334


Most important rules
-----------------------------

---0---
rule3: imdb_score > 7.221
probabilities_array:[0.43114805 0.         0.56885195]

rule49: -34649209.104 < budget < 43298033.978
probabilities_array:[0.34214008 0.         0.6578599 ]

rule16: num_user_for_reviews < 35.574
probabilities_array:[0.34051913 0.         0.65948087]

rule9: -4584.390 < num_voted_users < 98162.954
probabilities_array:[0.34035006 0.         0.65964997]

rule6: 2003.234 < title_year < 2009.915
probabilities_array:[0.30946928 0.         0.6905307 ]

rule7: title_year > 2009.915
probabilities_array:[0.2577574  0.         0.74224263]

rule22: 725.891 < director_facebook_likes < 2658.559
probabilities_array:[0.25543195 0.         0.74456805]

rule12: num_critic_for_reviews < 77.096
probabilities_array:[0.2395202 0.        0.7604798]


---1---
rule4: title_year < 1996.552
probabilities_array:[0.        0.5144155 0.4855845]

rule10: 98162.954 < num_voted_users < 200910.298
probabilities_array:[0.         0.47536066 0.5246393 ]

rule11: num_voted_users > 200910.298
probabilities_array:[0.         0.42420143 0.5757986 ]

rule50: 43298033.978 < budget < 121245277.061
probabilities_array:[0.         0.42392322 0.5760768 ]

rule19: num_user_for_reviews > 595.268
probabilities_array:[0.         0.41040993 0.5895901 ]

rule14: 159.521 < num_critic_for_reviews < 241.947
probabilities_array:[0.        0.3825292 0.6174708]

rule51: budget > 121245277.061
probabilities_array:[0.         0.37593067 0.62406933]

rule15: num_critic_for_reviews > 241.947
probabilities_array:[0.        0.3699738 0.6300262]

rule13: 77.096 < num_critic_for_reviews < 159.521
probabilities_array:[0.        0.3329625 0.6670375]

rule18: 315.421 < num_user_for_reviews < 595.268
probabilities_array:[0.         0.31851968 0.6814803 ]

rule43: movie_facebook_likes > 23360.860
probabilities_array:[0.         0.31040663 0.6895934 ]

rule30: 1919.436 < actor_2_facebook_likes < 5049.930
probabilities_array:[0.         0.26769882 0.7323012 ]

rule35: actor_3_facebook_likes > 1911.541
probabilities_array:[0.         0.26766542 0.73233455]

rule42: 8812.323 < movie_facebook_likes < 23360.860
probabilities_array:[0.04662461 0.23589663 0.71747875]

rule47: duration > 125.800
probabilities_array:[0.01982784 0.23223674 0.7479355 ]

rule1: 5.760 < imdb_score < 6.490
probabilities_array:[0.         0.23029602 0.769704  ]

rule0: imdb_score < 5.760
probabilities_array:[0.         0.21811402 0.781886  ]

rule31: actor_2_facebook_likes > 5049.930
probabilities_array:[0.         0.21715729 0.7828427 ]

rule27: actor_1_facebook_likes > 15316.538
probabilities_array:[0.03751001 0.19236702 0.770123  ]

