R2: 0.6675400345572648


MAE: 23405801.50102991


Accuracy: 0.7645747599451304


F1: 0.7654770575382375


Most important rules
-----------------------------

---0---
rule3: imdb_score > 7.207
probabilities_array:[0.42801833 0.         0.57198167]

rule16: num_user_for_reviews < 47.178
probabilities_array:[0.39538297 0.         0.60461706]

rule9: -2365.189 < num_voted_users < 98137.110
probabilities_array:[0.36293417 0.         0.6370658 ]

rule49: -40599440.632 < budget < 43233011.025
probabilities_array:[0.3404006  0.         0.65959936]

rule6: 2003.190 < title_year < 2009.925
probabilities_array:[0.32434243 0.         0.6756576 ]

rule12: num_critic_for_reviews < 76.147
probabilities_array:[0.25879198 0.         0.741208  ]

rule41: -4978.374 < movie_facebook_likes < 8725.414
probabilities_array:[0.19742984 0.03173885 0.77083135]

rule7: title_year > 2009.925
probabilities_array:[0.21077575 0.         0.78922427]


---1---
rule10: 98137.110 < num_voted_users < 198639.409
probabilities_array:[0.         0.46101308 0.5389869 ]

rule50: 43233011.025 < budget < 127065462.681
probabilities_array:[0.         0.45494786 0.5450521 ]

rule4: title_year < 1996.455
probabilities_array:[0.        0.4502452 0.5497548]

rule51: budget > 127065462.681
probabilities_array:[0.        0.4423824 0.5576176]

rule11: num_voted_users > 198639.409
probabilities_array:[0.         0.44168243 0.55831754]

rule19: num_user_for_reviews > 583.330
probabilities_array:[0.         0.37268785 0.6273122 ]

rule35: actor_3_facebook_likes > 2017.396
probabilities_array:[0.        0.3496892 0.6503108]

rule18: 315.254 < num_user_for_reviews < 583.330
probabilities_array:[0.         0.34648356 0.6535165 ]

rule14: 159.292 < num_critic_for_reviews < 242.437
probabilities_array:[0.00237147 0.3259664  0.67166215]

rule15: num_critic_for_reviews > 242.437
probabilities_array:[0.         0.30371886 0.69628114]

rule1: 5.722 < imdb_score < 6.464
probabilities_array:[0.         0.2989451  0.70105493]

rule30: 1906.940 < actor_2_facebook_likes < 5047.965
probabilities_array:[0.         0.29026076 0.70973927]

rule43: movie_facebook_likes > 22429.202
probabilities_array:[0.0202318  0.26151237 0.7182558 ]

rule47: duration > 124.338
probabilities_array:[0.01069621 0.22769515 0.76160866]

rule46: 109.275 < duration < 124.338
probabilities_array:[0.         0.22686657 0.7731334 ]

rule13: 76.147 < num_critic_for_reviews < 159.292
probabilities_array:[0.         0.21796443 0.7820356 ]

rule0: imdb_score < 5.722
probabilities_array:[0.        0.2111636 0.7888364]

rule26: 7490.456 < actor_1_facebook_likes < 18949.920
probabilities_array:[0.03945954 0.19085316 0.7696873 ]

rule34: 739.711 < actor_3_facebook_likes < 2017.396
probabilities_array:[0.         0.20841473 0.79158527]

