R2: 0.691104185711529


MAE: 22578276.219280068


Accuracy: 0.749392071314598


F1: 0.7516387472687546


Most important rules
-----------------------------

---0---
rule8: num_voted_users < 2055.281
probabilities_array:[0.49612442 0.         0.50387555]

rule49: -31258094.253 < budget < 42756221.300
probabilities_array:[0.4504441 0.        0.5495559]

rule9: 2055.281 < num_voted_users < 98183.882
probabilities_array:[0.41289064 0.         0.5871093 ]

rule3: imdb_score > 7.204
probabilities_array:[0.37476504 0.         0.62523496]

rule16: num_user_for_reviews < 58.788
probabilities_array:[0.35436326 0.         0.64563674]

rule12: num_critic_for_reviews < 77.202
probabilities_array:[0.31227764 0.         0.6877224 ]

rule6: 2003.305 < title_year < 2009.971
probabilities_array:[0.3052308 0.        0.6947692]

rule44: duration < 94.537
probabilities_array:[0.20972519 0.03046489 0.7598099 ]

rule41: -5477.173 < movie_facebook_likes < 8990.038
probabilities_array:[0.19137493 0.01944008 0.78918505]


---1---
rule4: title_year < 1996.639
probabilities_array:[0.         0.49275255 0.50724745]

rule10: 98183.882 < num_voted_users < 194312.484
probabilities_array:[0.         0.48285997 0.51714003]

rule51: budget > 116770536.853
probabilities_array:[0.         0.40836978 0.5916302 ]

rule11: num_voted_users > 194312.484
probabilities_array:[0.         0.3886424  0.61135757]

rule19: num_user_for_reviews > 566.903
probabilities_array:[0.         0.38861609 0.6113839 ]

rule30: 1892.903 < actor_2_facebook_likes < 4535.702
probabilities_array:[0.         0.34530905 0.654691  ]

rule15: num_critic_for_reviews > 243.841
probabilities_array:[0.         0.31408995 0.68591005]

rule50: 42756221.300 < budget < 116770536.853
probabilities_array:[0.         0.30967423 0.69032574]

rule14: 160.521 < num_critic_for_reviews < 243.841
probabilities_array:[0.         0.29000875 0.7099912 ]

rule34: 741.852 < actor_3_facebook_likes < 2000.513
probabilities_array:[0.00093591 0.28584373 0.71322036]

rule22: 761.828 < director_facebook_likes < 2785.946
probabilities_array:[0.        0.2776142 0.7223858]

rule0: imdb_score < 5.724
probabilities_array:[0.         0.27429947 0.7257005 ]

rule18: 312.846 < num_user_for_reviews < 566.903
probabilities_array:[0.         0.26629528 0.7337047 ]

rule35: actor_3_facebook_likes > 2000.513
probabilities_array:[0.         0.25071627 0.74928373]

rule47: duration > 124.960
probabilities_array:[5.7491969e-04 2.4568036e-01 7.5374472e-01]

rule21: -1262.289 < director_facebook_likes < 761.828
probabilities_array:[0.         0.22755265 0.77244735]

rule1: 5.724 < imdb_score < 6.464
probabilities_array:[0.         0.22474319 0.7752568 ]

rule43: movie_facebook_likes > 23457.250
probabilities_array:[0.         0.21971828 0.7802817 ]

rule23: director_facebook_likes > 2785.946
probabilities_array:[0.04256548 0.18135244 0.7760821 ]

