R2: 0.6240048774762097


MAE: 23095273.79816523


Accuracy: 0.7566801220832923


F1: 0.7574654042243263


Most important rules
-----------------------------

---0---
rule16: num_user_for_reviews < 33.213
probabilities_array:[0.45530033 0.         0.54469967]

rule9: -2883.152 < num_voted_users < 98302.603
probabilities_array:[0.4316047  0.         0.56839526]

rule49: -130296232.451 < budget < 46309092.602
probabilities_array:[0.42187855 0.         0.5781215 ]

rule6: 2003.398 < title_year < 2010.143
probabilities_array:[0.4162231 0.        0.5837769]

rule51: budget > 222914417.656
probabilities_array:[0.39538687 0.         0.6046131 ]

rule3: imdb_score > 7.216
probabilities_array:[0.31390467 0.         0.68609536]

rule12: num_critic_for_reviews < 77.950
probabilities_array:[0.24401441 0.         0.75598556]

rule7: title_year > 2010.143
probabilities_array:[0.21919934 0.         0.78080064]

rule17: 33.213 < num_user_for_reviews < 320.613
probabilities_array:[0.18989629 0.06203951 0.7480642 ]


---1---
rule50: 46309092.602 < budget < 222914417.656
probabilities_array:[0.         0.42952093 0.5704791 ]

rule10: 98302.603 < num_voted_users < 199488.357
probabilities_array:[0.        0.4193539 0.5806461]

rule11: num_voted_users > 199488.357
probabilities_array:[0.         0.41858155 0.58141845]

rule0: imdb_score < 5.734
probabilities_array:[0.         0.40235004 0.59764993]

rule4: title_year < 1996.653
probabilities_array:[0.         0.39247227 0.60752773]

rule30: 1841.212 < actor_2_facebook_likes < 4907.273
probabilities_array:[0.        0.3834949 0.6165051]

rule14: 161.090 < num_critic_for_reviews < 244.231
probabilities_array:[0.        0.3566348 0.6433652]

rule1: 5.734 < imdb_score < 6.475
probabilities_array:[0.         0.3501645  0.64983547]

rule13: 77.950 < num_critic_for_reviews < 161.090
probabilities_array:[0.         0.34235907 0.65764093]

rule19: num_user_for_reviews > 608.013
probabilities_array:[0.         0.3031077  0.69689226]

rule47: duration > 124.063
probabilities_array:[0.01868179 0.27578032 0.7055379 ]

rule43: movie_facebook_likes > 23348.890
probabilities_array:[0.         0.26390994 0.73609006]

rule34: 711.000 < actor_3_facebook_likes < 1925.754
probabilities_array:[8.0203035e-06 2.3710020e-01 7.6289177e-01]

rule18: 320.613 < num_user_for_reviews < 608.013
probabilities_array:[0.         0.22328107 0.7767189 ]

rule26: 7349.287 < actor_1_facebook_likes < 18158.284
probabilities_array:[6.1944150e-04 2.1728207e-01 7.8209847e-01]

rule21: -1214.220 < director_facebook_likes < 710.636
probabilities_array:[0.         0.21186967 0.78813034]

rule46: 109.306 < duration < 124.063
probabilities_array:[0.         0.20249525 0.7975048 ]

