R2: 0.6798530880642405


MAE: 24378580.17018504


Accuracy: 0.7524519619684624


F1: 0.7530954115076475


Most important rules
-----------------------------

---0---
rule16: num_user_for_reviews < 44.659
probabilities_array:[0.5776816 0.        0.4223184]

rule51: budget > 230793323.104
probabilities_array:[0.48938024 0.         0.51061976]

rule49: -132939819.190 < budget < 48926751.957
probabilities_array:[0.40763724 0.         0.59236276]

rule6: 2003.369 < title_year < 2009.918
probabilities_array:[0.4049602  0.         0.59503984]

rule9: -705.983 < num_voted_users < 98205.654
probabilities_array:[0.36930954 0.         0.63069046]

rule3: imdb_score > 7.219
probabilities_array:[0.3565457 0.        0.6434543]

rule7: title_year > 2009.918
probabilities_array:[0.32260913 0.         0.6773909 ]

rule12: num_critic_for_reviews < 76.482
probabilities_array:[0.28133914 0.         0.7186609 ]

rule41: -4829.928 < movie_facebook_likes < 8488.605
probabilities_array:[0.24274552 0.0049743  0.7522802 ]

rule5: 1996.821 < title_year < 2003.369
probabilities_array:[0.24133943 0.         0.75866055]


---1---
rule4: title_year < 1996.821
probabilities_array:[0.        0.4778368 0.5221632]

rule11: num_voted_users > 197117.291
probabilities_array:[0.         0.43122318 0.56877685]

rule50: 48926751.957 < budget < 230793323.104
probabilities_array:[0.         0.38232177 0.6176782 ]

rule19: num_user_for_reviews > 579.781
probabilities_array:[0.         0.37105677 0.62894326]

rule1: 5.749 < imdb_score < 6.484
probabilities_array:[0.         0.3681229  0.63187706]

rule0: imdb_score < 5.749
probabilities_array:[0.         0.3571175  0.64288247]

rule14: 159.359 < num_critic_for_reviews < 242.236
probabilities_array:[0.        0.3523707 0.6476293]

rule10: 98205.654 < num_voted_users < 197117.291
probabilities_array:[0.         0.3519127  0.64808726]

rule30: 1900.246 < actor_2_facebook_likes < 4989.740
probabilities_array:[0.         0.3178902  0.68210983]

rule18: 312.220 < num_user_for_reviews < 579.781
probabilities_array:[0.        0.3059952 0.6940048]

rule35: actor_3_facebook_likes > 1949.302
probabilities_array:[0.         0.30193442 0.6980656 ]

rule15: num_critic_for_reviews > 242.236
probabilities_array:[0.         0.27041122 0.72958875]

rule23: director_facebook_likes > 2775.133
probabilities_array:[0.01427496 0.24670565 0.7390194 ]

rule13: 76.482 < num_critic_for_reviews < 159.359
probabilities_array:[0.         0.24925211 0.7507479 ]

rule34: 724.587 < actor_3_facebook_likes < 1949.302
probabilities_array:[0.         0.24823537 0.7517646 ]

rule46: 109.715 < duration < 125.680
probabilities_array:[0.         0.23616214 0.7638379 ]

rule31: actor_2_facebook_likes > 4989.740
probabilities_array:[0.06070681 0.20260793 0.7366853 ]

rule47: duration > 125.680
probabilities_array:[0.00575639 0.20766486 0.7865788 ]

