R2: 0.6637844818020315


MAE: 24626055.912202552


Accuracy: 0.7665774920769339


F1: 0.7683903860160233


Most important rules
-----------------------------

---0---
rule9: -1550.696 < num_voted_users < 97747.740
probabilities_array:[0.4893805  0.         0.51061946]

rule6: 2003.176 < title_year < 2010.097
probabilities_array:[0.4195854 0.        0.5804146]

rule49: -35479084.559 < budget < 43316367.400
probabilities_array:[0.39403608 0.         0.6059639 ]

rule16: num_user_for_reviews < 52.119
probabilities_array:[0.29330012 0.         0.7066999 ]

rule3: imdb_score > 7.219
probabilities_array:[0.29047668 0.         0.7095233 ]

rule12: num_critic_for_reviews < 78.105
probabilities_array:[0.27475652 0.         0.72524345]

rule41: -4571.200 < movie_facebook_likes < 8580.330
probabilities_array:[0.26544097 0.01662117 0.7179379 ]

rule45: 94.411 < duration < 109.525
probabilities_array:[0.19883923 0.00541296 0.79574776]


---1---
rule50: 43316367.400 < budget < 122111819.359
probabilities_array:[0.         0.45627648 0.5437235 ]

rule4: title_year < 1996.254
probabilities_array:[0.         0.42452228 0.5754777 ]

rule10: 97747.740 < num_voted_users < 197046.176
probabilities_array:[0.         0.38281077 0.6171892 ]

rule11: num_voted_users > 197046.176
probabilities_array:[0.        0.3559124 0.6440876]

rule51: budget > 122111819.359
probabilities_array:[0.         0.35492775 0.6450722 ]

rule1: 5.739 < imdb_score < 6.479
probabilities_array:[0.         0.35272124 0.6472788 ]

rule18: 307.136 < num_user_for_reviews < 562.154
probabilities_array:[0.         0.34389174 0.65610826]

rule30: 1878.218 < actor_2_facebook_likes < 4492.106
probabilities_array:[0.         0.34159157 0.65840846]

rule22: 788.958 < director_facebook_likes < 2818.365
probabilities_array:[0.         0.30969363 0.69030637]

rule19: num_user_for_reviews > 562.154
probabilities_array:[0.         0.29960698 0.700393  ]

rule0: imdb_score < 5.739
probabilities_array:[0.         0.29298767 0.7070123 ]

rule35: actor_3_facebook_likes > 1925.624
probabilities_array:[0.         0.28407693 0.7159231 ]

rule14: 158.920 < num_critic_for_reviews < 239.734
probabilities_array:[0.        0.2668196 0.7331804]

rule13: 78.105 < num_critic_for_reviews < 158.920
probabilities_array:[0.         0.26463985 0.73536015]

rule21: -1240.448 < director_facebook_likes < 788.958
probabilities_array:[0.01697597 0.22407082 0.7589532 ]

rule23: director_facebook_likes > 2818.365
probabilities_array:[8.5577856e-05 2.3076944e-01 7.6914501e-01]

rule15: num_critic_for_reviews > 239.734
probabilities_array:[0.         0.22804561 0.7719544 ]

rule26: 7419.540 < actor_1_facebook_likes < 18118.505
probabilities_array:[0.02916179 0.20649107 0.76434714]

