R2: 0.9095100373087692


MAE: 3.625510932417477


Accuracy: 0.8202383531960997


F1: 0.8205882352941176


Most important rules
-----------------------------

---0---
rule28: age < 2.112
probabilities_array:[0.8283661  0.         0.17163387]

rule29: 2.112 < age < 45.781
probabilities_array:[0.70497346 0.         0.29502654]

rule0: cement < 210.558
probabilities_array:[0.59615135 0.         0.40384862]

rule27: fine_aggregate > 827.457
probabilities_array:[0.50697225 0.         0.49302775]

rule16: superplasticizer < 1.970
probabilities_array:[0.47472325 0.         0.5252767 ]

rule15: water > 196.364
probabilities_array:[0.47399807 0.         0.52600193]

rule14: 181.799 < water < 196.364
probabilities_array:[0.43605855 0.         0.5639414 ]

rule26: 772.410 < fine_aggregate < 827.457
probabilities_array:[0.30810332 0.00245658 0.68944013]


---1---
rule31: age > 89.450
probabilities_array:[0.        0.6493886 0.3506114]

rule24: fine_aggregate < 717.363
probabilities_array:[0.        0.6122129 0.3877871]

rule3: cement > 354.451
probabilities_array:[0.       0.604557 0.395443]

rule30: 45.781 < age < 89.450
probabilities_array:[0.         0.5739084  0.42609158]

rule12: water < 167.234
probabilities_array:[0.         0.5655203  0.43447968]

rule8: fly_ash < 8.904
probabilities_array:[0.         0.53792834 0.46207166]

rule2: 282.505 < cement < 354.451
probabilities_array:[0.        0.4737037 0.5262963]

rule13: 167.234 < water < 181.799
probabilities_array:[0.        0.4622237 0.5377763]

rule18: 6.056 < superplasticizer < 10.142
probabilities_array:[0.         0.43372482 0.5662752 ]

rule19: superplasticizer > 10.142
probabilities_array:[0.         0.42909116 0.57090884]

rule6: 76.633 < blast_furnace_slag < 135.252
probabilities_array:[0.         0.41624758 0.5837524 ]

rule21: 919.159 < coarse_aggregate < 972.139
probabilities_array:[0.         0.30880937 0.6911906 ]

rule20: coarse_aggregate < 919.159
probabilities_array:[0.         0.30195507 0.69804496]

rule17: 1.970 < superplasticizer < 6.056
probabilities_array:[0.         0.29637504 0.70362496]

