R2: 0.903328655485176


MAE: 3.4498721613322996


Accuracy: 0.8230334154550818


F1: 0.8235294117647058


Most important rules
-----------------------------

---0---
rule28: age < 3.671
probabilities_array:[0.914458 0.       0.085542]

rule0: cement < 209.080
probabilities_array:[0.7373523  0.         0.26264766]

rule15: water > 196.735
probabilities_array:[0.70330745 0.         0.29669255]

rule26: 771.364 < fine_aggregate < 824.443
probabilities_array:[0.55179185 0.         0.44820818]

rule27: fine_aggregate > 824.443
probabilities_array:[0.52447975 0.         0.47552028]

rule16: superplasticizer < 1.995
probabilities_array:[0.4940815 0.        0.5059185]

rule29: 3.671 < age < 46.597
probabilities_array:[0.4845435 0.        0.5154565]

rule9: 9.721 < fly_ash < 53.133
probabilities_array:[0.41880676 0.01947853 0.5617147 ]

rule14: 182.266 < water < 196.735
probabilities_array:[0.41096634 0.         0.58903366]

rule4: blast_furnace_slag < 17.057
probabilities_array:[0.40651616 0.         0.59348387]

rule10: 53.133 < fly_ash < 96.545
probabilities_array:[0.3241199  0.         0.67588013]

rule25: 718.286 < fine_aggregate < 771.364
probabilities_array:[0.25138065 0.         0.7486193 ]


---1---
rule31: age > 89.523
probabilities_array:[0.         0.83504206 0.16495791]

rule30: 46.597 < age < 89.523
probabilities_array:[0.        0.7546372 0.2453628]

rule3: cement > 347.964
probabilities_array:[0.         0.71452874 0.2854713 ]

rule12: water < 167.797
probabilities_array:[0.         0.60534227 0.39465773]

rule24: fine_aggregate < 718.286
probabilities_array:[0.         0.59420884 0.4057912 ]

rule19: superplasticizer > 9.885
probabilities_array:[0.         0.54689234 0.45310763]

rule6: 75.364 < blast_furnace_slag < 133.672
probabilities_array:[0.         0.54479206 0.45520794]

rule20: coarse_aggregate < 922.901
probabilities_array:[0.         0.47583663 0.52416337]

rule8: fly_ash < 9.721
probabilities_array:[0.         0.47372139 0.5262786 ]

rule13: 167.797 < water < 182.266
probabilities_array:[0.        0.4491112 0.5508888]

rule2: 278.522 < cement < 347.964
probabilities_array:[0.         0.42581648 0.5741835 ]

rule18: 5.940 < superplasticizer < 9.885
probabilities_array:[0.         0.35012582 0.64987415]

rule17: 1.995 < superplasticizer < 5.940
probabilities_array:[0.         0.22285043 0.77714956]

rule22: 974.255 < coarse_aggregate < 1025.608
probabilities_array:[0.         0.20243816 0.7975618 ]

rule23: coarse_aggregate > 1025.608
probabilities_array:[0.         0.20227547 0.79772455]

