R2: 0.9330087132840224


MAE: 3.041486937186298


Accuracy: 0.8850066342326404


F1: 0.8852941176470588


Most important rules
-----------------------------

---0---
rule28: age < 1.723
probabilities_array:[0.870766 0.       0.129234]

rule29: 1.723 < age < 46.196
probabilities_array:[0.7031526  0.         0.29684743]

rule0: cement < 214.813
probabilities_array:[0.66246647 0.         0.33753353]

rule15: water > 195.938
probabilities_array:[0.5679809  0.         0.43201908]

rule27: fine_aggregate > 830.538
probabilities_array:[0.5674167 0.        0.4325833]

rule16: superplasticizer < 2.119
probabilities_array:[0.41018054 0.         0.5898195 ]

rule1: 214.813 < cement < 285.021
probabilities_array:[0.35135022 0.         0.6486498 ]

rule14: 181.588 < water < 195.938
probabilities_array:[0.2408977  0.02865095 0.7304514 ]

rule10: 51.748 < fly_ash < 93.739
probabilities_array:[0.16647185 0.10425301 0.72927517]

rule26: 774.653 < fine_aggregate < 830.538
probabilities_array:[0.20343675 0.01808902 0.7784743 ]

rule4: blast_furnace_slag < 15.577
probabilities_array:[0.17751221 0.0538881  0.76859975]


---1---
rule31: age > 90.669
probabilities_array:[0.        0.6499032 0.3500968]

rule30: 46.196 < age < 90.669
probabilities_array:[0.        0.6104257 0.3895743]

rule12: water < 167.238
probabilities_array:[0.        0.6029868 0.3970132]

rule9: 9.757 < fly_ash < 51.748
probabilities_array:[0.         0.59669745 0.40330252]

rule24: fine_aggregate < 718.768
probabilities_array:[0.         0.5746461  0.42535385]

rule3: cement > 355.229
probabilities_array:[0.         0.54347116 0.45652884]

rule8: fly_ash < 9.757
probabilities_array:[0.         0.48544395 0.51455605]

rule20: coarse_aggregate < 920.684
probabilities_array:[0.         0.43934655 0.56065345]

rule13: 167.238 < water < 181.588
probabilities_array:[0.         0.43655294 0.56344706]

rule19: superplasticizer > 10.179
probabilities_array:[0.       0.409731 0.590269]

rule18: 6.149 < superplasticizer < 10.179
probabilities_array:[0.         0.38737324 0.61262673]

rule21: 920.684 < coarse_aggregate < 972.032
probabilities_array:[0.         0.35922104 0.64077896]

rule6: 74.440 < blast_furnace_slag < 133.303
probabilities_array:[0.         0.3451638  0.65483624]

rule17: 2.119 < superplasticizer < 6.149
probabilities_array:[0.         0.31316996 0.68683004]

rule2: 285.021 < cement < 355.229
probabilities_array:[0.04194691 0.2350655  0.72298765]

rule5: 15.577 < blast_furnace_slag < 74.440
probabilities_array:[0.09008004 0.21000929 0.69991064]

rule22: 972.032 < coarse_aggregate < 1023.380
probabilities_array:[0.         0.23461145 0.76538855]

