R2: 0.9287540758386255


MAE: 2.9537786119124467


Accuracy: 0.8668071140670839


F1: 0.8676470588235294


Most important rules
-----------------------------

---0---
rule28: age < 3.741
probabilities_array:[0.94790196 0.         0.05209801]

rule0: cement < 206.354
probabilities_array:[0.728061 0.       0.271939]

rule29: 3.741 < age < 43.713
probabilities_array:[0.6598424  0.         0.34015766]

rule27: fine_aggregate > 826.472
probabilities_array:[0.6064544  0.         0.39354563]

rule15: water > 196.583
probabilities_array:[0.56922185 0.         0.43077812]

rule26: 772.351 < fine_aggregate < 826.472
probabilities_array:[0.47148135 0.00174719 0.5267714 ]

rule14: 181.947 < water < 196.583
probabilities_array:[0.39133275 0.         0.60866725]

rule16: superplasticizer < 2.106
probabilities_array:[0.3718842 0.        0.6281158]

rule25: 718.230 < fine_aggregate < 772.351
probabilities_array:[0.33155662 0.00781697 0.6606264 ]

rule1: 206.354 < cement < 276.609
probabilities_array:[0.2594215 0.        0.7405785]

rule4: blast_furnace_slag < 16.603
probabilities_array:[0.24234244 0.         0.7576575 ]


---1---
rule31: age > 83.685
probabilities_array:[0.         0.77143884 0.22856118]

rule3: cement > 346.864
probabilities_array:[0.         0.6633762  0.33662382]

rule30: 43.713 < age < 83.685
probabilities_array:[0.         0.62977636 0.37022364]

rule12: water < 167.310
probabilities_array:[0.         0.61219746 0.38780254]

rule20: coarse_aggregate < 921.606
probabilities_array:[0.         0.57109904 0.428901  ]

rule6: 74.969 < blast_furnace_slag < 133.335
probabilities_array:[0.        0.5539372 0.4460628]

rule19: superplasticizer > 10.109
probabilities_array:[0.        0.5173163 0.4826837]

rule22: 974.003 < coarse_aggregate < 1026.399
probabilities_array:[0.         0.49453098 0.505469  ]

rule8: fly_ash < 11.628
probabilities_array:[0.        0.4827866 0.5172134]

rule17: 2.106 < superplasticizer < 6.107
probabilities_array:[0.         0.45836204 0.54163796]

rule24: fine_aggregate < 718.230
probabilities_array:[0.         0.43939975 0.5606003 ]

rule13: 167.310 < water < 181.947
probabilities_array:[0.         0.43887076 0.5611292 ]

rule18: 6.107 < superplasticizer < 10.109
probabilities_array:[0.         0.433588   0.56641203]

rule21: 921.606 < coarse_aggregate < 974.003
probabilities_array:[0.         0.38871577 0.61128426]

rule2: 276.609 < cement < 346.864
probabilities_array:[0.01163194 0.3103876  0.67798036]

rule9: 11.628 < fly_ash < 55.369
probabilities_array:[0.01811452 0.29258648 0.68929905]

rule10: 55.369 < fly_ash < 99.111
probabilities_array:[0.        0.2522033 0.7477967]

rule23: coarse_aggregate > 1026.399
probabilities_array:[0.00472587 0.24601142 0.74926275]

rule5: 16.603 < blast_furnace_slag < 74.969
probabilities_array:[0.03105068 0.20143567 0.76751363]

rule7: blast_furnace_slag > 133.335
probabilities_array:[0.         0.21556495 0.78443503]

