R2: 0.9006945311795644


MAE: 3.642663894316729


Accuracy: 0.846926406926407


F1: 0.8470588235294118


Most important rules
-----------------------------

---0---
rule28: age < 3.068
probabilities_array:[0.96151894 0.         0.03848108]

rule0: cement < 212.180
probabilities_array:[0.8057723  0.         0.19422767]

rule15: water > 195.605
probabilities_array:[0.6191867 0.        0.3808133]

rule1: 212.180 < cement < 282.344
probabilities_array:[0.54337686 0.         0.45662314]

rule29: 3.068 < age < 44.020
probabilities_array:[0.54202765 0.         0.45797238]

rule16: superplasticizer < 2.254
probabilities_array:[0.4660083 0.        0.5339917]

rule27: fine_aggregate > 825.647
probabilities_array:[0.37937942 0.00887083 0.61174965]

rule14: 181.275 < water < 195.605
probabilities_array:[0.36567283 0.         0.6343272 ]

rule4: blast_furnace_slag < 12.151
probabilities_array:[0.28014007 0.00140343 0.7184565 ]


---1---
rule31: age > 84.973
probabilities_array:[0.         0.859671   0.14032903]

rule30: 44.020 < age < 84.973
probabilities_array:[0.         0.76712245 0.23287755]

rule3: cement > 352.508
probabilities_array:[0.         0.7154229  0.28457707]

rule9: 13.185 < fly_ash < 56.774
probabilities_array:[0.         0.55189514 0.44810483]

rule12: water < 166.945
probabilities_array:[0.        0.5294155 0.4705845]

rule6: 70.345 < blast_furnace_slag < 128.538
probabilities_array:[0.         0.48513812 0.5148619 ]

rule13: 166.945 < water < 181.275
probabilities_array:[0.         0.47824895 0.52175105]

rule19: superplasticizer > 10.258
probabilities_array:[0.        0.4728725 0.5271275]

rule24: fine_aggregate < 717.864
probabilities_array:[0.         0.45759776 0.54240227]

rule18: 6.256 < superplasticizer < 10.258
probabilities_array:[0.         0.44331142 0.5566886 ]

rule17: 2.254 < superplasticizer < 6.256
probabilities_array:[0.        0.4227555 0.5772445]

rule20: coarse_aggregate < 922.010
probabilities_array:[0.         0.40414175 0.5958583 ]

rule7: blast_furnace_slag > 128.538
probabilities_array:[0.         0.3511469  0.64885306]

rule21: 922.010 < coarse_aggregate < 975.201
probabilities_array:[0.         0.34880242 0.65119755]

rule8: fly_ash < 13.185
probabilities_array:[0.         0.3415319  0.65846807]

rule22: 975.201 < coarse_aggregate < 1028.392
probabilities_array:[0.         0.32679325 0.67320675]

rule10: 56.774 < fly_ash < 100.364
probabilities_array:[0.         0.27855858 0.72144145]

rule5: 12.151 < blast_furnace_slag < 70.345
probabilities_array:[0.10657451 0.16032603 0.73309946]

