R2: 0.9142745981856975


MAE: 3.2588125513862165


Accuracy: 0.8528953653386868


F1: 0.8529411764705882


Most important rules
-----------------------------

---0---
rule28: age < 2.756
probabilities_array:[0.8903933  0.         0.10960667]

rule29: 2.756 < age < 46.714
probabilities_array:[0.7284115 0.        0.2715885]

rule27: fine_aggregate > 828.797
probabilities_array:[0.6257636 0.        0.3742364]

rule0: cement < 213.754
probabilities_array:[0.6126675  0.         0.38733253]

rule15: water > 196.504
probabilities_array:[0.54940015 0.         0.45059988]

rule16: superplasticizer < 2.077
probabilities_array:[0.37430644 0.         0.62569356]

rule14: 181.940 < water < 196.504
probabilities_array:[0.36711615 0.         0.63288385]

rule26: 774.310 < fine_aggregate < 828.797
probabilities_array:[0.3035928 0.        0.6964072]

rule1: 213.754 < cement < 283.288
probabilities_array:[0.24495405 0.         0.75504595]

rule25: 719.823 < fine_aggregate < 774.310
probabilities_array:[0.22722895 0.         0.77277106]

rule4: blast_furnace_slag < 15.538
probabilities_array:[0.17122139 0.09662819 0.7321505 ]


---1---
rule31: age > 90.673
probabilities_array:[0.         0.68355525 0.31644478]

rule30: 46.714 < age < 90.673
probabilities_array:[0.         0.60328436 0.39671567]

rule9: 9.498 < fly_ash < 52.262
probabilities_array:[0.         0.5675148  0.43248525]

rule3: cement > 352.822
probabilities_array:[0.         0.5516956  0.44830444]

rule12: water < 167.376
probabilities_array:[0.         0.52863884 0.4713612 ]

rule24: fine_aggregate < 719.823
probabilities_array:[0.        0.4801889 0.5198111]

rule17: 2.077 < superplasticizer < 6.148
probabilities_array:[0.         0.48015866 0.5198414 ]

rule20: coarse_aggregate < 919.358
probabilities_array:[0.         0.47261754 0.52738243]

rule8: fly_ash < 9.498
probabilities_array:[0.         0.45882088 0.5411791 ]

rule19: superplasticizer > 10.219
probabilities_array:[0.         0.45497647 0.5450235 ]

rule13: 167.376 < water < 181.940
probabilities_array:[0.         0.44559997 0.5544    ]

rule18: 6.148 < superplasticizer < 10.219
probabilities_array:[0.         0.43987545 0.5601246 ]

rule10: 52.262 < fly_ash < 95.027
probabilities_array:[0.         0.39688206 0.60311794]

rule21: 919.358 < coarse_aggregate < 971.968
probabilities_array:[0.        0.3633821 0.6366179]

rule6: 73.334 < blast_furnace_slag < 131.131
probabilities_array:[0.         0.34747896 0.6525211 ]

rule7: blast_furnace_slag > 131.131
probabilities_array:[0.         0.28778726 0.71221274]

rule22: 971.968 < coarse_aggregate < 1024.578
probabilities_array:[0.         0.24485952 0.7551405 ]

rule2: 283.288 < cement < 352.822
probabilities_array:[0.         0.20638973 0.7936103 ]

