R2: 0.8859104406126119


MAE: 3.5141431255340576


Accuracy: 0.7723027034648056


F1: 0.7764705882352941


Most important rules
-----------------------------

---0---
rule28: age < 3.495
probabilities_array:[0.98231727 0.         0.01768275]

rule15: water > 195.609
probabilities_array:[0.7773635  0.         0.22263652]

rule27: fine_aggregate > 826.804
probabilities_array:[0.69858366 0.         0.30141634]

rule29: 3.495 < age < 45.807
probabilities_array:[0.6698721 0.        0.3301279]

rule0: cement < 211.729
probabilities_array:[0.59763014 0.         0.40236986]

rule14: 181.147 < water < 195.609
probabilities_array:[0.4951545 0.        0.5048455]

rule16: superplasticizer < 2.396
probabilities_array:[0.43521515 0.         0.5647849 ]

rule11: fly_ash > 97.456
probabilities_array:[0.2964271  0.         0.70357287]


---1---
rule31: age > 88.120
probabilities_array:[0.         0.853031   0.14696904]

rule30: 45.807 < age < 88.120
probabilities_array:[0.         0.75471056 0.24528942]

rule3: cement > 353.968
probabilities_array:[0.         0.73824155 0.26175845]

rule9: 10.727 < fly_ash < 54.091
probabilities_array:[0.         0.65893674 0.3410633 ]

rule24: fine_aggregate < 717.616
probabilities_array:[0.         0.6544166  0.34558338]

rule12: water < 166.686
probabilities_array:[0.         0.568794   0.43120602]

rule19: superplasticizer > 10.356
probabilities_array:[0.         0.5628605  0.43713954]

rule20: coarse_aggregate < 919.702
probabilities_array:[0.         0.5083298  0.49167016]

rule8: fly_ash < 10.727
probabilities_array:[0.         0.46625566 0.53374434]

rule18: 6.376 < superplasticizer < 10.356
probabilities_array:[0.         0.43336394 0.566636  ]

rule17: 2.396 < superplasticizer < 6.376
probabilities_array:[0.         0.42019787 0.57980216]

rule2: 282.848 < cement < 353.968
probabilities_array:[0.         0.3950347  0.60496527]

rule13: 166.686 < water < 181.147
probabilities_array:[0.         0.33419886 0.6658011 ]

rule6: 75.843 < blast_furnace_slag < 133.885
probabilities_array:[0.         0.31857425 0.68142575]

rule21: 919.702 < coarse_aggregate < 972.619
probabilities_array:[0.        0.2379327 0.7620673]

rule10: 54.091 < fly_ash < 97.456
probabilities_array:[4.0582186e-04 2.1931233e-01 7.8028184e-01]

rule5: 17.801 < blast_furnace_slag < 75.843
probabilities_array:[0.0828862  0.1633137  0.75380015]

