R2: 0.9128977728211791


MAE: 3.3414269354764152


Accuracy: 0.8321074927878993


F1: 0.8323529411764706


Most important rules
-----------------------------

---0---
rule28: age < 2.494
probabilities_array:[0.84896654 0.         0.15103346]

rule29: 2.494 < age < 45.096
probabilities_array:[0.73592806 0.         0.26407194]

rule15: water > 195.627
probabilities_array:[0.6128728  0.         0.38712722]

rule0: cement < 209.489
probabilities_array:[0.5801359  0.         0.41986412]

rule27: fine_aggregate > 828.209
probabilities_array:[0.5197495 0.        0.4802505]

rule16: superplasticizer < 2.246
probabilities_array:[0.5064636 0.        0.4935364]

rule14: 181.175 < water < 195.627
probabilities_array:[0.4421477  0.         0.55785227]

rule25: 720.310 < fine_aggregate < 774.260
probabilities_array:[0.32600883 0.         0.6739912 ]

rule11: fly_ash > 97.680
probabilities_array:[0.32217562 0.         0.6778244 ]

rule26: 774.260 < fine_aggregate < 828.209
probabilities_array:[0.22119565 0.006808   0.77199644]


---1---
rule30: 45.096 < age < 87.698
probabilities_array:[0.         0.6645445  0.33545548]

rule31: age > 87.698
probabilities_array:[0.         0.64290166 0.35709837]

rule3: cement > 348.397
probabilities_array:[0.         0.58455706 0.4154429 ]

rule24: fine_aggregate < 720.310
probabilities_array:[0.         0.57592154 0.42407846]

rule6: 74.331 < blast_furnace_slag < 132.747
probabilities_array:[0.         0.52481276 0.47518727]

rule19: superplasticizer > 10.082
probabilities_array:[0.         0.5240379  0.47596207]

rule20: coarse_aggregate < 923.271
probabilities_array:[0.         0.5185474  0.48145255]

rule18: 6.164 < superplasticizer < 10.082
probabilities_array:[0.         0.47218403 0.52781594]

rule12: water < 166.722
probabilities_array:[0.         0.44232506 0.55767494]

rule8: fly_ash < 12.389
probabilities_array:[0.         0.42310062 0.5768994 ]

rule9: 12.389 < fly_ash < 55.035
probabilities_array:[0.         0.41647935 0.58352065]

rule2: 278.943 < cement < 348.397
probabilities_array:[0.         0.40538448 0.5946155 ]

rule22: 974.517 < coarse_aggregate < 1025.763
probabilities_array:[0.         0.39255658 0.6074434 ]

rule21: 923.271 < coarse_aggregate < 974.517
probabilities_array:[0.         0.37615037 0.62384963]

rule17: 2.246 < superplasticizer < 6.164
probabilities_array:[0.        0.3610317 0.6389683]

rule10: 55.035 < fly_ash < 97.680
probabilities_array:[0.         0.31951287 0.68048716]

rule23: coarse_aggregate > 1025.763
probabilities_array:[0.         0.24757642 0.7524236 ]

rule7: blast_furnace_slag > 132.747
probabilities_array:[0.         0.23785748 0.76214254]

