R2: 0.9164120511013203


MAE: 3.3241055198557232


Accuracy: 0.8791095385522629


F1: 0.8794117647058823


Most important rules
-----------------------------

---0---
rule28: age < 3.122
probabilities_array:[0.948749   0.         0.05125101]

rule15: water > 195.476
probabilities_array:[0.80257314 0.         0.19742684]

rule27: fine_aggregate > 827.113
probabilities_array:[0.68705976 0.         0.3129402 ]

rule29: 3.122 < age < 44.512
probabilities_array:[0.5915025 0.        0.4084975]

rule16: superplasticizer < 2.188
probabilities_array:[0.5740244  0.         0.42597562]

rule0: cement < 208.650
probabilities_array:[0.5488225  0.         0.45117745]

rule14: 181.397 < water < 195.476
probabilities_array:[0.5041378  0.         0.49586222]

rule23: coarse_aggregate > 1023.496
probabilities_array:[0.24772243 0.00203765 0.75023997]


---1---
rule31: age > 85.901
probabilities_array:[0.         0.7987254  0.20127454]

rule30: 44.512 < age < 85.901
probabilities_array:[0.         0.7760365  0.22396348]

rule3: cement > 346.574
probabilities_array:[0.        0.6996358 0.3003642]

rule9: 11.137 < fly_ash < 54.659
probabilities_array:[0.         0.5883617  0.41163835]

rule6: 77.029 < blast_furnace_slag < 137.005
probabilities_array:[0.         0.5789009  0.42109916]

rule24: fine_aggregate < 720.093
probabilities_array:[0.         0.5587571  0.44124287]

rule8: fly_ash < 11.137
probabilities_array:[0.         0.50612605 0.49387395]

rule20: coarse_aggregate < 920.931
probabilities_array:[0.         0.49213937 0.50786066]

rule12: water < 167.319
probabilities_array:[0.        0.4390996 0.5609004]

rule19: superplasticizer > 10.108
probabilities_array:[0.         0.39570308 0.6042969 ]

rule2: 277.612 < cement < 346.574
probabilities_array:[0.         0.39247343 0.6075266 ]

rule5: 17.052 < blast_furnace_slag < 77.029
probabilities_array:[0.         0.34614873 0.6538513 ]

rule10: 54.659 < fly_ash < 98.181
probabilities_array:[0.        0.2885484 0.7114516]

rule21: 920.931 < coarse_aggregate < 972.213
probabilities_array:[0.        0.2463001 0.7536999]

rule17: 2.188 < superplasticizer < 6.148
probabilities_array:[0.         0.24121526 0.7587848 ]

rule7: blast_furnace_slag > 137.005
probabilities_array:[0.        0.2138096 0.7861904]

