R2: 0.8891110730702889


MAE: 3.810764895439148


Accuracy: 0.8528597147209528


F1: 0.8529411764705882


Most important rules
-----------------------------

---0---
rule28: age < 3.209
probabilities_array:[0.980089   0.         0.01991096]

rule15: water > 196.130
probabilities_array:[0.77617425 0.         0.22382577]

rule0: cement < 210.293
probabilities_array:[0.7231168  0.         0.27688316]

rule29: 3.209 < age < 46.075
probabilities_array:[0.6849589  0.         0.31504112]

rule16: superplasticizer < 2.081
probabilities_array:[0.5368389 0.        0.4631611]

rule27: fine_aggregate > 828.497
probabilities_array:[0.5175612 0.        0.4824388]

rule14: 181.717 < water < 196.130
probabilities_array:[0.46986446 0.         0.5301355 ]

rule9: 9.691 < fly_ash < 52.067
probabilities_array:[0.22689778 0.08116139 0.69194084]


---1---
rule31: age > 88.942
probabilities_array:[0.         0.7954565  0.20454349]

rule3: cement > 353.201
probabilities_array:[0.         0.7599984  0.24000165]

rule24: fine_aggregate < 719.135
probabilities_array:[0.         0.6920097  0.30799034]

rule30: 46.075 < age < 88.942
probabilities_array:[0.         0.67158645 0.32841352]

rule20: coarse_aggregate < 922.234
probabilities_array:[0.         0.56098753 0.43901247]

rule12: water < 167.303
probabilities_array:[0.         0.5449957  0.45500427]

rule6: 75.711 < blast_furnace_slag < 134.356
probabilities_array:[0.         0.5139182  0.48608175]

rule19: superplasticizer > 10.280
probabilities_array:[0.         0.51052797 0.48947203]

rule21: 922.234 < coarse_aggregate < 974.177
probabilities_array:[0.         0.45350686 0.5464932 ]

rule8: fly_ash < 9.691
probabilities_array:[0.         0.44204322 0.5579568 ]

rule22: 974.177 < coarse_aggregate < 1026.119
probabilities_array:[0.         0.39188316 0.60811687]

rule17: 2.081 < superplasticizer < 6.181
probabilities_array:[0.         0.35090935 0.64909065]

rule2: 281.747 < cement < 353.201
probabilities_array:[0.         0.34007677 0.6599232 ]

rule23: coarse_aggregate > 1026.119
probabilities_array:[0.        0.2926495 0.7073505]

rule13: 167.303 < water < 181.717
probabilities_array:[0.         0.24452601 0.755474  ]

