R2: 0.8685293215692155


MAE: 3.8669536173764407


Accuracy: 0.8341694537346711


F1: 0.8352941176470589


Most important rules
-----------------------------

---0---
rule28: age < 3.052
probabilities_array:[0.9332362  0.         0.06676383]

rule15: water > 196.497
probabilities_array:[0.79478204 0.         0.20521796]

rule27: fine_aggregate > 826.811
probabilities_array:[0.72084254 0.         0.27915746]

rule0: cement < 207.485
probabilities_array:[0.7201008 0.        0.2798992]

rule16: superplasticizer < 1.989
probabilities_array:[0.45245433 0.         0.5475457 ]

rule26: 771.724 < fine_aggregate < 826.811
probabilities_array:[0.45044965 0.         0.54955035]

rule14: 182.197 < water < 196.497
probabilities_array:[0.43797535 0.         0.56202465]

rule29: 3.052 < age < 44.999
probabilities_array:[0.4232971  0.00884781 0.56785506]

rule1: 207.485 < cement < 278.366
probabilities_array:[0.36330432 0.         0.6366957 ]


---1---
rule31: age > 86.945
probabilities_array:[0.         0.894646   0.10535403]

rule30: 44.999 < age < 86.945
probabilities_array:[0.         0.7825943  0.21740568]

rule3: cement > 349.247
probabilities_array:[0.         0.68972784 0.31027216]

rule9: 9.468 < fly_ash < 52.775
probabilities_array:[0.        0.6806789 0.3193211]

rule12: water < 167.898
probabilities_array:[0.         0.6404452  0.35955486]

rule24: fine_aggregate < 716.638
probabilities_array:[0.         0.6200164  0.37998363]

rule10: 52.775 < fly_ash < 96.082
probabilities_array:[0.00579473 0.5261428  0.46806246]

rule13: 167.898 < water < 182.197
probabilities_array:[0.         0.47576076 0.52423924]

rule20: coarse_aggregate < 920.873
probabilities_array:[0.         0.42305422 0.5769458 ]

rule19: superplasticizer > 10.134
probabilities_array:[0.         0.413276   0.58672404]

rule8: fly_ash < 9.468
probabilities_array:[0.02565408 0.39207718 0.5822687 ]

rule6: 77.756 < blast_furnace_slag < 137.531
probabilities_array:[0.         0.39943305 0.6005669 ]

rule2: 278.366 < cement < 349.247
probabilities_array:[0.         0.37568593 0.62431407]

rule17: 1.989 < superplasticizer < 6.062
probabilities_array:[0.        0.3483359 0.6516641]

rule21: 920.873 < coarse_aggregate < 973.160
probabilities_array:[0.         0.33396164 0.6660384 ]

rule18: 6.062 < superplasticizer < 10.134
probabilities_array:[0.01197824 0.19641218 0.7916096 ]

