R2: 0.8981339277515813


MAE: 3.7061141328250655


Accuracy: 0.8460144927536232


F1: 0.8470588235294118


Most important rules
-----------------------------

---0---
rule28: age < 3.177
probabilities_array:[0.9180982  0.         0.08190177]

rule0: cement < 207.658
probabilities_array:[0.74527854 0.         0.25472146]

rule15: water > 196.602
probabilities_array:[0.6827032  0.         0.31729683]

rule27: fine_aggregate > 827.330
probabilities_array:[0.5609284  0.         0.43907157]

rule9: 9.453 < fly_ash < 52.958
probabilities_array:[0.49378517 0.         0.50621486]

rule29: 3.177 < age < 45.442
probabilities_array:[0.4156434 0.        0.5843566]

rule16: superplasticizer < 1.859
probabilities_array:[0.3967669 0.        0.6032331]

rule4: blast_furnace_slag < 15.111
probabilities_array:[0.37143826 0.         0.62856174]

rule1: 207.658 < cement < 279.222
probabilities_array:[0.28879464 0.         0.71120536]

rule14: 182.394 < water < 196.602
probabilities_array:[0.28751633 0.         0.7124837 ]

rule11: fly_ash > 96.462
probabilities_array:[0.26544255 0.03107499 0.70348245]

rule5: 15.111 < blast_furnace_slag < 73.294
probabilities_array:[0.18625465 0.04239924 0.7713461 ]


---1---
rule31: age > 87.707
probabilities_array:[0.         0.89203525 0.10796474]

rule30: 45.442 < age < 87.707
probabilities_array:[0.         0.7446342  0.25536576]

rule3: cement > 350.786
probabilities_array:[0.         0.72027594 0.27972403]

rule12: water < 168.185
probabilities_array:[0.         0.665683   0.33431706]

rule24: fine_aggregate < 719.847
probabilities_array:[0.         0.6464833  0.35351673]

rule19: superplasticizer > 9.940
probabilities_array:[0.        0.5584265 0.4415735]

rule13: 168.185 < water < 182.394
probabilities_array:[0.         0.5315351  0.46846494]

rule6: 73.294 < blast_furnace_slag < 131.478
probabilities_array:[0.         0.5173105  0.48268953]

rule18: 5.900 < superplasticizer < 9.940
probabilities_array:[0.        0.4413696 0.5586304]

rule17: 1.859 < superplasticizer < 5.900
probabilities_array:[0.        0.4081015 0.5918985]

rule8: fly_ash < 9.453
probabilities_array:[1.2386344e-04 3.3844677e-01 6.6142941e-01]

rule22: 974.240 < coarse_aggregate < 1026.714
probabilities_array:[0.         0.22836448 0.77163553]

rule2: 279.222 < cement < 350.786
probabilities_array:[0.02427219 0.21620268 0.7595251 ]

