R2: 0.9128426600517786


MAE: 3.3059330645168528


Accuracy: 0.843889423118573


F1: 0.8441176470588235


Most important rules
-----------------------------

---0---
rule28: age < 2.614
probabilities_array:[0.8901303  0.         0.10986973]

rule29: 2.614 < age < 45.401
probabilities_array:[0.7307581 0.        0.2692419]

rule15: water > 197.062
probabilities_array:[0.60244536 0.         0.3975546 ]

rule0: cement < 208.844
probabilities_array:[0.5314841 0.        0.4685159]

rule27: fine_aggregate > 825.898
probabilities_array:[0.45193535 0.         0.54806465]

rule14: 182.066 < water < 197.062
probabilities_array:[0.38817388 0.         0.6118261 ]

rule16: superplasticizer < 2.253
probabilities_array:[0.35274842 0.         0.64725155]

rule9: 11.660 < fly_ash < 54.627
probabilities_array:[0.29318145 0.02135216 0.6854664 ]

rule4: blast_furnace_slag < 18.970
probabilities_array:[0.2366618  0.00474323 0.758595  ]

rule7: blast_furnace_slag > 135.518
probabilities_array:[0.20667966 0.04471697 0.7486034 ]

rule23: coarse_aggregate > 1023.795
probabilities_array:[0.2038343 0.        0.7961657]

rule11: fly_ash > 97.594
probabilities_array:[0.20058416 0.00320412 0.7962118 ]


---1---
rule24: fine_aggregate < 716.536
probabilities_array:[0.         0.69132066 0.30867934]

rule31: age > 88.189
probabilities_array:[0.         0.6731382  0.32686183]

rule12: water < 167.071
probabilities_array:[0.        0.5953583 0.4046417]

rule3: cement > 346.344
probabilities_array:[0.        0.5776577 0.4223423]

rule30: 45.401 < age < 88.189
probabilities_array:[0.         0.54881376 0.4511862 ]

rule19: superplasticizer > 10.361
probabilities_array:[0.         0.5447119  0.45528808]

rule8: fly_ash < 11.660
probabilities_array:[0.        0.4588961 0.5411039]

rule20: coarse_aggregate < 919.478
probabilities_array:[0.         0.44502208 0.55497795]

rule13: 167.071 < water < 182.066
probabilities_array:[0.         0.42403325 0.5759667 ]

rule17: 2.253 < superplasticizer < 6.307
probabilities_array:[0.         0.40619165 0.59380835]

rule2: 277.594 < cement < 346.344
probabilities_array:[0.         0.40067673 0.5993233 ]

rule10: 54.627 < fly_ash < 97.594
probabilities_array:[0.       0.378519 0.621481]

rule18: 6.307 < superplasticizer < 10.361
probabilities_array:[0.         0.37370867 0.62629133]

rule25: 716.536 < fine_aggregate < 771.217
probabilities_array:[0.         0.36826384 0.63173616]

rule6: 77.244 < blast_furnace_slag < 135.518
probabilities_array:[0.         0.27682728 0.7231727 ]

rule5: 18.970 < blast_furnace_slag < 77.244
probabilities_array:[0.07044576 0.19659539 0.73295885]

