R2: 0.9288179335633957


MAE: 3.0721871852313773


Accuracy: 0.8323514909298524


F1: 0.8323529411764706


Most important rules
-----------------------------

---0---
rule28: age < 3.247
probabilities_array:[0.9632144  0.         0.03678562]

rule15: water > 195.639
probabilities_array:[0.76923144 0.         0.23076856]

rule27: fine_aggregate > 829.939
probabilities_array:[0.6312375  0.         0.36876252]

rule0: cement < 211.293
probabilities_array:[0.62251854 0.         0.37748146]

rule29: 3.247 < age < 46.412
probabilities_array:[0.59673774 0.         0.40326226]

rule16: superplasticizer < 2.126
probabilities_array:[0.48428863 0.         0.51571137]

rule14: 181.203 < water < 195.639
probabilities_array:[0.4047607 0.        0.5952393]

rule11: fly_ash > 96.817
probabilities_array:[0.3308514  0.03400512 0.6351434 ]


---1---
rule31: age > 89.576
probabilities_array:[0.        0.8340807 0.1659193]

rule3: cement > 350.384
probabilities_array:[0.         0.7486686  0.25133142]

rule30: 46.412 < age < 89.576
probabilities_array:[0.        0.7401242 0.2598758]

rule24: fine_aggregate < 721.932
probabilities_array:[0.        0.6836884 0.3163116]

rule12: water < 166.767
probabilities_array:[0.         0.57011306 0.42988697]

rule19: superplasticizer > 10.368
probabilities_array:[0.         0.54435056 0.4556494 ]

rule18: 6.247 < superplasticizer < 10.368
probabilities_array:[0.         0.43317586 0.56682414]

rule17: 2.126 < superplasticizer < 6.247
probabilities_array:[0.        0.4076899 0.5923101]

rule21: 921.087 < coarse_aggregate < 971.417
probabilities_array:[0.         0.4014741  0.59852594]

rule9: 11.163 < fly_ash < 53.990
probabilities_array:[0.        0.3700515 0.6299485]

rule8: fly_ash < 11.163
probabilities_array:[0.         0.36137354 0.63862646]

rule6: 74.944 < blast_furnace_slag < 133.365
probabilities_array:[0.        0.3368291 0.6631709]

rule20: coarse_aggregate < 921.087
probabilities_array:[0.         0.33516625 0.6648338 ]

rule2: 280.838 < cement < 350.384
probabilities_array:[0.         0.30214164 0.69785833]

rule5: 16.524 < blast_furnace_slag < 74.944
probabilities_array:[0.07444076 0.25843823 0.667121  ]

rule13: 166.767 < water < 181.203
probabilities_array:[0.         0.27907586 0.72092414]

