R2: 0.894738995016704


MAE: 3.5638044369641473


Accuracy: 0.8440839281851612


F1: 0.8441176470588235


Most important rules
-----------------------------

---0---
rule28: age < 2.634
probabilities_array:[0.8828268  0.         0.11717322]

rule29: 2.634 < age < 45.397
probabilities_array:[0.69063395 0.         0.30936602]

rule27: fine_aggregate > 828.447
probabilities_array:[0.6764081  0.         0.32359186]

rule15: water > 196.367
probabilities_array:[0.6546574  0.         0.34534258]

rule0: cement < 211.192
probabilities_array:[0.4954229 0.        0.5045771]

rule16: superplasticizer < 2.265
probabilities_array:[0.44259667 0.         0.5574033 ]

rule14: 182.146 < water < 196.367
probabilities_array:[0.4039597 0.        0.5960403]

rule26: 772.878 < fine_aggregate < 828.447
probabilities_array:[0.286434 0.       0.713566]

rule11: fly_ash > 98.704
probabilities_array:[0.26890254 0.         0.73109746]

rule25: 717.309 < fine_aggregate < 772.878
probabilities_array:[0.20982864 0.         0.7901714 ]


---1---
rule31: age > 88.161
probabilities_array:[0.         0.7404468  0.25955322]

rule30: 45.397 < age < 88.161
probabilities_array:[0.         0.59577286 0.40422714]

rule24: fine_aggregate < 717.309
probabilities_array:[0.        0.5745183 0.4254817]

rule9: 12.264 < fly_ash < 55.484
probabilities_array:[0.         0.56195736 0.43804267]

rule3: cement > 351.799
probabilities_array:[0.        0.5593245 0.4406755]

rule19: superplasticizer > 10.041
probabilities_array:[0.        0.5266654 0.4733346]

rule12: water < 167.925
probabilities_array:[0.         0.52086824 0.47913173]

rule8: fly_ash < 12.264
probabilities_array:[0.00138705 0.5115347  0.4870783 ]

rule18: 6.153 < superplasticizer < 10.041
probabilities_array:[0.         0.49946922 0.5005308 ]

rule17: 2.265 < superplasticizer < 6.153
probabilities_array:[0.         0.4952031  0.50479686]

rule2: 281.496 < cement < 351.799
probabilities_array:[0.         0.45582408 0.5441759 ]

rule10: 55.484 < fly_ash < 98.704
probabilities_array:[0.         0.40875337 0.59124666]

rule20: coarse_aggregate < 919.840
probabilities_array:[0.        0.3893755 0.6106245]

rule6: 73.182 < blast_furnace_slag < 131.669
probabilities_array:[0.         0.33208025 0.66791975]

rule13: 167.925 < water < 182.146
probabilities_array:[0.         0.31183568 0.68816435]

rule5: 14.695 < blast_furnace_slag < 73.182
probabilities_array:[0.07511946 0.22814868 0.6967319 ]

rule21: 919.840 < coarse_aggregate < 971.401
probabilities_array:[0.         0.24156204 0.75843793]

