R2: 0.8988064966632753


MAE: 3.728443780001472


Accuracy: 0.8548262009951288


F1: 0.8558823529411764


Most important rules
-----------------------------

---0---
rule28: age < 4.792
probabilities_array:[0.9666869  0.         0.03331311]

rule15: water > 196.690
probabilities_array:[0.7807883  0.         0.21921168]

rule0: cement < 211.823
probabilities_array:[0.7267327 0.        0.2732673]

rule29: 4.792 < age < 45.365
probabilities_array:[0.5930675  0.         0.40693244]

rule27: fine_aggregate > 827.005
probabilities_array:[0.5743089  0.         0.42569113]

rule14: 182.315 < water < 196.690
probabilities_array:[0.4198317 0.        0.5801683]

rule16: superplasticizer < 2.324
probabilities_array:[0.40190893 0.         0.59809107]

rule9: 11.487 < fly_ash < 54.717
probabilities_array:[0.30366695 0.10211652 0.59421647]

rule1: 211.823 < cement < 283.542
probabilities_array:[0.2933035 0.        0.7066965]


---1---
rule31: age > 85.939
probabilities_array:[0.         0.8598502  0.14014976]

rule30: 45.365 < age < 85.939
probabilities_array:[0.         0.77307767 0.22692233]

rule3: cement > 355.261
probabilities_array:[0.         0.76509    0.23491001]

rule24: fine_aggregate < 714.552
probabilities_array:[0.         0.6385611  0.36143884]

rule12: water < 167.940
probabilities_array:[0.        0.6340631 0.3659369]

rule6: 72.873 < blast_furnace_slag < 131.026
probabilities_array:[0.         0.44184512 0.5581549 ]

rule19: superplasticizer > 10.427
probabilities_array:[0.         0.42930382 0.5706962 ]

rule18: 6.375 < superplasticizer < 10.427
probabilities_array:[0.         0.40376726 0.5962327 ]

rule8: fly_ash < 11.487
probabilities_array:[0.02441838 0.38557455 0.59000707]

rule17: 2.324 < superplasticizer < 6.375
probabilities_array:[0.         0.37570822 0.6242918 ]

rule20: coarse_aggregate < 919.131
probabilities_array:[0.         0.31819957 0.6818004 ]

rule7: blast_furnace_slag > 131.026
probabilities_array:[0.         0.30175334 0.69824666]

rule13: 167.940 < water < 182.315
probabilities_array:[0.         0.29239792 0.7076021 ]

rule9: 11.487 < fly_ash < 54.717
probabilities_array:[0.30366695 0.10211652 0.59421647]

