R2: 0.9146201005950846


MAE: 3.4997582923103785


Accuracy: 0.8441162985838979


F1: 0.8441176470588235


Most important rules
-----------------------------

---0---
rule28: age < 1.271
probabilities_array:[0.8821936  0.         0.11780638]

rule29: 1.271 < age < 45.945
probabilities_array:[0.7107279  0.         0.28927213]

rule15: water > 196.440
probabilities_array:[0.68000466 0.         0.31999534]

rule0: cement < 211.536
probabilities_array:[0.65871173 0.         0.34128824]

rule27: fine_aggregate > 827.985
probabilities_array:[0.6097749 0.        0.3902251]

rule14: 181.830 < water < 196.440
probabilities_array:[0.44057438 0.         0.5594256 ]

rule16: superplasticizer < 1.975
probabilities_array:[0.35788673 0.         0.64211327]

rule1: 211.536 < cement < 282.859
probabilities_array:[0.31800726 0.         0.6819927 ]

rule26: 771.778 < fine_aggregate < 827.985
probabilities_array:[0.25798193 0.         0.74201804]

rule25: 715.571 < fine_aggregate < 771.778
probabilities_array:[0.24307795 0.         0.75692207]


---1---
rule31: age > 90.619
probabilities_array:[0.         0.7307221  0.26927787]

rule30: 45.945 < age < 90.619
probabilities_array:[0.         0.6273916  0.37260845]

rule3: cement > 354.182
probabilities_array:[0.         0.58509195 0.41490808]

rule24: fine_aggregate < 715.571
probabilities_array:[0.         0.52667236 0.4733276 ]

rule8: fly_ash < 8.779
probabilities_array:[0.         0.51232266 0.48767737]

rule19: superplasticizer > 10.018
probabilities_array:[0.         0.49657813 0.5034219 ]

rule6: 75.079 < blast_furnace_slag < 133.231
probabilities_array:[0.         0.48589984 0.5141002 ]

rule20: coarse_aggregate < 920.947
probabilities_array:[0.         0.46408716 0.5359129 ]

rule12: water < 167.220
probabilities_array:[0.         0.45843253 0.54156744]

rule17: 1.975 < superplasticizer < 5.996
probabilities_array:[0.         0.42213333 0.5778667 ]

rule21: 920.947 < coarse_aggregate < 973.153
probabilities_array:[0.         0.42139342 0.5786066 ]

rule18: 5.996 < superplasticizer < 10.018
probabilities_array:[0.       0.347978 0.652022]

rule22: 973.153 < coarse_aggregate < 1025.360
probabilities_array:[0.        0.3356188 0.6643812]

rule5: 16.926 < blast_furnace_slag < 75.079
probabilities_array:[0.00726614 0.32268846 0.67004544]

rule2: 282.859 < cement < 354.182
probabilities_array:[0.0115438  0.31697616 0.67148   ]

rule23: coarse_aggregate > 1025.360
probabilities_array:[0.         0.31825498 0.68174505]

rule7: blast_furnace_slag > 133.231
probabilities_array:[0.         0.26926664 0.7307334 ]

rule13: 167.220 < water < 181.830
probabilities_array:[0.01405429 0.24987756 0.73606825]

