R2: 0.9196432386268849


MAE: 3.241874701499939


Accuracy: 0.8761233908185572


F1: 0.8764705882352941


Most important rules
-----------------------------

---0---
rule28: age < 3.101
probabilities_array:[0.97016305 0.         0.02983694]

rule0: cement < 209.983
probabilities_array:[0.74411905 0.         0.25588095]

rule15: water > 195.683
probabilities_array:[0.71285874 0.         0.28714126]

rule29: 3.101 < age < 46.035
probabilities_array:[0.59605163 0.         0.40394834]

rule27: fine_aggregate > 830.383
probabilities_array:[0.58854306 0.         0.41145697]

rule14: 181.685 < water < 195.683
probabilities_array:[0.5200251  0.         0.47997493]

rule16: superplasticizer < 2.131
probabilities_array:[0.37589994 0.         0.6241    ]

rule4: blast_furnace_slag < 12.341
probabilities_array:[0.28127137 0.         0.71872866]

rule5: 12.341 < blast_furnace_slag < 68.450
probabilities_array:[0.21298636 0.01105599 0.77595764]


---1---
rule31: age > 88.969
probabilities_array:[0.         0.86355436 0.13644564]

rule3: cement > 349.436
probabilities_array:[0.         0.80162853 0.19837147]

rule30: 46.035 < age < 88.969
probabilities_array:[0.         0.6838473  0.31615266]

rule24: fine_aggregate < 722.718
probabilities_array:[0.         0.634438   0.36556202]

rule10: 55.984 < fly_ash < 99.361
probabilities_array:[0.         0.58022517 0.4197748 ]

rule12: water < 167.688
probabilities_array:[0.        0.5726496 0.4273504]

rule9: 12.607 < fly_ash < 55.984
probabilities_array:[0.        0.4885786 0.5114214]

rule2: 279.709 < cement < 349.436
probabilities_array:[0.         0.46980175 0.5301983 ]

rule6: 68.450 < blast_furnace_slag < 124.558
probabilities_array:[0.         0.44918606 0.5508139 ]

rule19: superplasticizer > 9.911
probabilities_array:[0.         0.44483963 0.5551604 ]

rule7: blast_furnace_slag > 124.558
probabilities_array:[0.        0.4394611 0.5605389]

rule20: coarse_aggregate < 922.352
probabilities_array:[0.        0.4110669 0.5889331]

rule17: 2.131 < superplasticizer < 6.021
probabilities_array:[0.         0.27951542 0.72048455]

rule18: 6.021 < superplasticizer < 9.911
probabilities_array:[0.00219888 0.27323005 0.7245711 ]

rule13: 167.688 < water < 181.685
probabilities_array:[0.0185768 0.2149766 0.7664466]

rule22: 973.584 < coarse_aggregate < 1024.816
probabilities_array:[0.        0.2188667 0.7811333]

rule8: fly_ash < 12.607
probabilities_array:[0.05188325 0.19038537 0.7577314 ]

