R2: 0.891224457840482


MAE: 3.7741050723019764


Accuracy: 0.801289264560926


F1: 0.8029411764705883


Most important rules
-----------------------------

---0---
rule28: age < 1.924
probabilities_array:[0.88238984 0.         0.11761016]

rule29: 1.924 < age < 48.091
probabilities_array:[0.7804651  0.         0.21953486]

rule15: water > 195.905
probabilities_array:[0.6987689  0.         0.30123106]

rule0: cement < 208.216
probabilities_array:[0.6857659  0.         0.31423408]

rule27: fine_aggregate > 830.598
probabilities_array:[0.6158306 0.        0.3841694]

rule14: 181.801 < water < 195.905
probabilities_array:[0.38058507 0.         0.6194149 ]

rule16: superplasticizer < 2.032
probabilities_array:[0.34421447 0.         0.6557855 ]

rule4: blast_furnace_slag < 12.714
probabilities_array:[0.20019193 0.04163527 0.75817275]


---1---
rule31: age > 94.258
probabilities_array:[0.        0.6919863 0.3080137]

rule24: fine_aggregate < 723.601
probabilities_array:[0.        0.6056037 0.3943963]

rule3: cement > 348.816
probabilities_array:[0.         0.59982514 0.40017486]

rule20: coarse_aggregate < 922.224
probabilities_array:[0.         0.58945537 0.41054463]

rule30: 48.091 < age < 94.258
probabilities_array:[0.         0.5660397  0.43396035]

rule10: 56.048 < fly_ash < 100.207
probabilities_array:[0.         0.55910397 0.44089603]

rule19: superplasticizer > 9.897
probabilities_array:[0.         0.520071   0.47992897]

rule12: water < 167.697
probabilities_array:[0.         0.49856225 0.5014378 ]

rule8: fly_ash < 11.889
probabilities_array:[0.        0.4627664 0.5372336]

rule6: 68.169 < blast_furnace_slag < 123.624
probabilities_array:[0.        0.4071433 0.5928567]

rule2: 278.516 < cement < 348.816
probabilities_array:[0.00729809 0.38194597 0.6107559 ]

rule13: 167.697 < water < 181.801
probabilities_array:[0.         0.376927   0.62307304]

rule7: blast_furnace_slag > 123.624
probabilities_array:[0.         0.36910713 0.6308929 ]

rule11: fly_ash > 100.207
probabilities_array:[0.        0.2535028 0.7464972]

rule18: 5.964 < superplasticizer < 9.897
probabilities_array:[0.         0.24898484 0.7510151 ]

rule5: 12.714 < blast_furnace_slag < 68.169
probabilities_array:[0.04270302 0.21703108 0.7402659 ]

rule21: 922.224 < coarse_aggregate < 974.756
probabilities_array:[0.         0.21295139 0.7870486 ]

rule22: 974.756 < coarse_aggregate < 1027.288
probabilities_array:[0.         0.20377146 0.7962285 ]

