R2: 0.9233231042950849


MAE: 3.0847653644786157


Accuracy: 0.8432702761469884


F1: 0.8441176470588235


Most important rules
-----------------------------

---0---
rule28: age < 3.412
probabilities_array:[0.9381189  0.         0.06188112]

rule0: cement < 213.529
probabilities_array:[0.7782662  0.         0.22173378]

rule15: water > 195.746
probabilities_array:[0.7366602 0.        0.2633398]

rule1: 213.529 < cement < 284.678
probabilities_array:[0.65038025 0.         0.34961975]

rule27: fine_aggregate > 823.459
probabilities_array:[0.5278689  0.         0.47213107]

rule14: 181.134 < water < 195.746
probabilities_array:[0.43361095 0.         0.5663891 ]

rule16: superplasticizer < 2.320
probabilities_array:[0.4078527 0.        0.5921473]

rule29: 3.412 < age < 44.065
probabilities_array:[0.3604979  0.04767283 0.59182924]

rule25: 718.142 < fine_aggregate < 770.800
probabilities_array:[0.24070437 0.0091088  0.7501868 ]


---1---
rule31: age > 84.719
probabilities_array:[0.         0.8824078  0.11759222]

rule30: 44.065 < age < 84.719
probabilities_array:[0.       0.804595 0.195405]

rule3: cement > 355.827
probabilities_array:[0.         0.6334219  0.36657813]

rule24: fine_aggregate < 718.142
probabilities_array:[0.         0.60548633 0.3945137 ]

rule12: water < 166.522
probabilities_array:[0.         0.60047823 0.3995218 ]

rule6: 74.630 < blast_furnace_slag < 132.685
probabilities_array:[0.        0.5609811 0.4390189]

rule9: 12.549 < fly_ash < 55.597
probabilities_array:[0.         0.5501246  0.44987538]

rule20: coarse_aggregate < 919.167
probabilities_array:[0.         0.5113528  0.48864722]

rule19: superplasticizer > 10.272
probabilities_array:[0.         0.44305098 0.556949  ]

rule8: fly_ash < 12.549
probabilities_array:[0.02931365 0.35365632 0.61703   ]

rule18: 6.296 < superplasticizer < 10.272
probabilities_array:[0.        0.3446635 0.6553365]

rule13: 166.522 < water < 181.134
probabilities_array:[0.         0.29219475 0.7078052 ]

rule21: 919.167 < coarse_aggregate < 972.270
probabilities_array:[0.         0.29073602 0.709264  ]

rule10: 55.597 < fly_ash < 98.646
probabilities_array:[0.        0.2880199 0.7119801]

rule22: 972.270 < coarse_aggregate < 1025.374
probabilities_array:[0.         0.25616154 0.7438385 ]

rule2: 284.678 < cement < 355.827
probabilities_array:[0.05240946 0.18846437 0.75912625]

