R2: 0.900759132411382


MAE: 3.5654628776662483


Accuracy: 0.8256728454606286


F1: 0.8264705882352941


Most important rules
-----------------------------

---0---
rule28: age < 3.185
probabilities_array:[0.98440844 0.         0.01559156]

rule15: water > 195.449
probabilities_array:[0.7412241 0.        0.2587759]

rule0: cement < 213.787
probabilities_array:[0.7019397 0.        0.2980603]

rule29: 3.185 < age < 44.864
probabilities_array:[0.61766857 0.         0.38233143]

rule27: fine_aggregate > 826.865
probabilities_array:[0.57437074 0.         0.4256293 ]

rule14: 181.236 < water < 195.449
probabilities_array:[0.41591847 0.         0.58408153]

rule16: superplasticizer < 2.155
probabilities_array:[0.33861008 0.         0.6613899 ]

rule26: 772.348 < fine_aggregate < 826.865
probabilities_array:[0.33538833 0.00072399 0.66388774]

rule1: 213.787 < cement < 284.575
probabilities_array:[0.33449277 0.         0.6655072 ]

rule25: 717.830 < fine_aggregate < 772.348
probabilities_array:[0.1969183  0.01221339 0.7908683 ]


---1---
rule31: age > 86.543
probabilities_array:[0.         0.83916086 0.16083914]

rule3: cement > 355.363
probabilities_array:[0.         0.72457385 0.27542615]

rule30: 44.864 < age < 86.543
probabilities_array:[0.         0.69856435 0.30143562]

rule9: 10.008 < fly_ash < 52.829
probabilities_array:[0.         0.6183931  0.38160688]

rule19: superplasticizer > 10.161
probabilities_array:[0.        0.5723373 0.4276627]

rule12: water < 167.022
probabilities_array:[0.         0.54072857 0.45927143]

rule24: fine_aggregate < 717.830
probabilities_array:[0.         0.5013061  0.49869388]

rule8: fly_ash < 10.008
probabilities_array:[0.        0.4526593 0.5473407]

rule13: 167.022 < water < 181.236
probabilities_array:[0.         0.43923765 0.56076235]

rule6: 76.008 < blast_furnace_slag < 135.567
probabilities_array:[0.         0.42757502 0.572425  ]

rule20: coarse_aggregate < 919.895
probabilities_array:[0.         0.37168124 0.6283187 ]

rule18: 6.158 < superplasticizer < 10.161
probabilities_array:[0.         0.36631966 0.63368034]

rule17: 2.155 < superplasticizer < 6.158
probabilities_array:[0.         0.35531086 0.64468914]

rule5: 16.449 < blast_furnace_slag < 76.008
probabilities_array:[0.       0.312675 0.687325]

rule7: blast_furnace_slag > 135.567
probabilities_array:[0.         0.3079169  0.69208306]

rule21: 919.895 < coarse_aggregate < 973.197
probabilities_array:[0.         0.29330772 0.7066923 ]

rule2: 284.575 < cement < 355.363
probabilities_array:[0.         0.29198676 0.70801324]

rule11: fly_ash > 95.650
probabilities_array:[0.         0.23882538 0.7611746 ]

