R2: 0.9013502858497557


MAE: 3.3052158022207374


Accuracy: 0.867508378146676


F1: 0.8676470588235294


Most important rules
-----------------------------

---0---
rule28: age < 5.133
probabilities_array:[0.9287151  0.         0.07128491]

rule0: cement < 209.850
probabilities_array:[0.7880925  0.         0.21190748]

rule27: fine_aggregate > 828.328
probabilities_array:[0.7197625 0.        0.2802375]

rule15: water > 195.722
probabilities_array:[0.7078018  0.         0.29219815]

rule16: superplasticizer < 2.238
probabilities_array:[0.5796387  0.         0.42036125]

rule1: 209.850 < cement < 281.119
probabilities_array:[0.48611373 0.         0.5138863 ]

rule29: 5.133 < age < 45.903
probabilities_array:[0.35229698 0.03879234 0.60891074]

rule26: 774.710 < fine_aggregate < 828.328
probabilities_array:[0.33073238 0.         0.6692676 ]

rule25: 721.091 < fine_aggregate < 774.710
probabilities_array:[0.32935393 0.         0.6706461 ]

rule14: 181.223 < water < 195.722
probabilities_array:[0.32313251 0.         0.6768675 ]

rule5: 14.443 < blast_furnace_slag < 72.780
probabilities_array:[0.17834997 0.07126729 0.7503827 ]


---1---
rule31: age > 86.672
probabilities_array:[0.        0.9201708 0.0798292]

rule30: 45.903 < age < 86.672
probabilities_array:[0.         0.7710849  0.22891513]

rule9: 11.055 < fly_ash < 53.997
probabilities_array:[0.         0.67699283 0.32300714]

rule3: cement > 352.389
probabilities_array:[0.         0.60175216 0.3982478 ]

rule12: water < 166.724
probabilities_array:[0.         0.59275687 0.40724313]

rule24: fine_aggregate < 721.091
probabilities_array:[0.         0.513519   0.48648104]

rule20: coarse_aggregate < 922.494
probabilities_array:[0.         0.50039136 0.49960864]

rule6: 72.780 < blast_furnace_slag < 131.118
probabilities_array:[0.         0.42495018 0.5750498 ]

rule19: superplasticizer > 10.278
probabilities_array:[0.        0.4004521 0.5995479]

rule7: blast_furnace_slag > 131.118
probabilities_array:[0.        0.3697713 0.6302287]

rule21: 922.494 < coarse_aggregate < 974.798
probabilities_array:[0.        0.3419413 0.6580587]

rule22: 974.798 < coarse_aggregate < 1027.102
probabilities_array:[0.        0.3244645 0.6755355]

rule8: fly_ash < 11.055
probabilities_array:[0.01597307 0.30858576 0.67544115]

rule10: 53.997 < fly_ash < 96.939
probabilities_array:[0.         0.31644157 0.6835584 ]

rule18: 6.258 < superplasticizer < 10.278
probabilities_array:[0.00755169 0.2880984  0.7043499 ]

rule13: 166.724 < water < 181.223
probabilities_array:[0.         0.27432382 0.7256762 ]

