R2: 0.9023720979398926


MAE: 3.566399545052472


Accuracy: 0.8205494267791478


F1: 0.8205882352941176


Most important rules
-----------------------------

---0---
rule28: age < 2.928
probabilities_array:[0.79619086 0.         0.20380914]

rule29: 2.928 < age < 46.243
probabilities_array:[0.74949867 0.         0.25050133]

rule27: fine_aggregate > 827.207
probabilities_array:[0.6511845  0.         0.34881547]

rule0: cement < 208.642
probabilities_array:[0.6217013 0.        0.3782987]

rule15: water > 195.368
probabilities_array:[0.5854031  0.         0.41459692]

rule16: superplasticizer < 2.256
probabilities_array:[0.40262052 0.         0.59737945]

rule26: 773.908 < fine_aggregate < 827.207
probabilities_array:[0.36765143 0.         0.63234854]

rule14: 181.328 < water < 195.368
probabilities_array:[0.26871258 0.01238951 0.718898  ]

rule25: 720.610 < fine_aggregate < 773.908
probabilities_array:[0.27085108 0.         0.7291489 ]

rule1: 208.642 < cement < 279.023
probabilities_array:[0.20074204 0.         0.79925793]


---1---
rule31: age > 89.559
probabilities_array:[0.         0.73962265 0.26037735]

rule8: fly_ash < 11.946
probabilities_array:[0.         0.62394685 0.37605315]

rule3: cement > 349.404
probabilities_array:[0.         0.60598356 0.3940164 ]

rule30: 46.243 < age < 89.559
probabilities_array:[0.         0.5773738  0.42262623]

rule10: 55.615 < fly_ash < 99.283
probabilities_array:[0.         0.5389656  0.46103445]

rule12: water < 167.287
probabilities_array:[0.         0.4981136  0.50188637]

rule6: 74.957 < blast_furnace_slag < 133.740
probabilities_array:[0.         0.48024026 0.5197597 ]

rule9: 11.946 < fly_ash < 55.615
probabilities_array:[0.         0.45125705 0.54874295]

rule20: coarse_aggregate < 919.999
probabilities_array:[0.         0.44445285 0.5555472 ]

rule19: superplasticizer > 10.462
probabilities_array:[0.         0.44324228 0.55675775]

rule24: fine_aggregate < 720.610
probabilities_array:[0.         0.42276326 0.5772368 ]

rule13: 167.287 < water < 181.328
probabilities_array:[0.         0.38674685 0.6132531 ]

rule18: 6.359 < superplasticizer < 10.462
probabilities_array:[0.         0.37750435 0.62249565]

rule5: 16.174 < blast_furnace_slag < 74.957
probabilities_array:[0.         0.30935252 0.6906475 ]

rule2: 279.023 < cement < 349.404
probabilities_array:[0.         0.30057105 0.6994289 ]

rule11: fly_ash > 99.283
probabilities_array:[0.        0.2748563 0.7251437]

rule17: 2.256 < superplasticizer < 6.359
probabilities_array:[0.         0.26146522 0.7385348 ]

rule21: 919.999 < coarse_aggregate < 972.694
probabilities_array:[7.0576127e-05 2.3450632e-01 7.6542312e-01]

rule22: 972.694 < coarse_aggregate < 1025.389
probabilities_array:[0.         0.20996718 0.7900328 ]

