R2: 0.6774636820649201


MAE: 23855167.35704064


Accuracy: 0.7455507746683425


F1: 0.7458120903131829


Most important rules
-----------------------------

---0---
rule16: num_user_for_reviews < 37.537
probabilities_array:[0.4834812 0.        0.5165188]

rule49: -31735273.756 < budget < 41060851.743
probabilities_array:[0.42227712 0.         0.5777229 ]

rule9: -4103.486 < num_voted_users < 97732.017
probabilities_array:[0.35027835 0.         0.6497216 ]

rule12: num_critic_for_reviews < 76.345
probabilities_array:[0.2595124  0.         0.74048764]

rule6: 2003.174 < title_year < 2009.897
probabilities_array:[0.25063303 0.         0.749367  ]

rule3: imdb_score > 7.212
probabilities_array:[0.24936044 0.         0.75063956]

rule41: -4863.264 < movie_facebook_likes < 8354.033
probabilities_array:[0.20500506 0.         0.79499495]


---1---
rule4: title_year < 1996.451
probabilities_array:[0.        0.5767044 0.4232956]

rule11: num_voted_users > 199567.520
probabilities_array:[0.         0.47010738 0.5298926 ]

rule50: 41060851.743 < budget < 113856977.242
probabilities_array:[0.         0.41994885 0.5800512 ]

rule51: budget > 113856977.242
probabilities_array:[0.         0.39050925 0.60949075]

rule30: 1876.945 < actor_2_facebook_likes < 4488.379
probabilities_array:[0.        0.3815543 0.6184457]

rule10: 97732.017 < num_voted_users < 199567.520
probabilities_array:[0.         0.37356094 0.6264391 ]

rule35: actor_3_facebook_likes > 1930.221
probabilities_array:[0.         0.33923292 0.6607671 ]

rule19: num_user_for_reviews > 591.744
probabilities_array:[0.         0.33360365 0.6663964 ]

rule14: 157.916 < num_critic_for_reviews < 239.488
probabilities_array:[0.         0.32797194 0.67202806]

rule1: 5.735 < imdb_score < 6.473
probabilities_array:[0.        0.3170141 0.6829859]

rule13: 76.345 < num_critic_for_reviews < 157.916
probabilities_array:[0.         0.31511256 0.68488747]

rule15: num_critic_for_reviews > 239.488
probabilities_array:[0.         0.26372707 0.73627293]

rule18: 314.641 < num_user_for_reviews < 591.744
probabilities_array:[0.00114018 0.25812963 0.7407302 ]

rule0: imdb_score < 5.735
probabilities_array:[0.         0.24916892 0.75083107]

rule43: movie_facebook_likes > 21571.329
probabilities_array:[0.         0.24111211 0.7588879 ]

