R2: 0.6874727249610308


MAE: 22421625.889324103


Accuracy: 0.7527128969994363


F1: 0.7530954115076475


Most important rules
-----------------------------

---0---
rule9: 278.973 < num_voted_users < 96188.117
probabilities_array:[0.44407833 0.         0.5559217 ]

rule49: -32320013.443 < budget < 41748796.946
probabilities_array:[0.4357232 0.        0.5642768]

rule16: num_user_for_reviews < 40.121
probabilities_array:[0.39738813 0.         0.60261184]

rule6: 2003.330 < title_year < 2010.076
probabilities_array:[0.38555443 0.         0.61444557]

rule8: num_voted_users < 278.973
probabilities_array:[0.3765411  0.         0.62345886]

rule3: imdb_score > 7.201
probabilities_array:[0.3741906 0.        0.6258094]

rule12: num_critic_for_reviews < 77.699
probabilities_array:[0.3294578 0.        0.6705422]

rule7: title_year > 2010.076
probabilities_array:[0.24630606 0.         0.75369394]


---1---
rule4: title_year < 1996.585
probabilities_array:[0.         0.50442797 0.49557203]

rule51: budget > 115817607.336
probabilities_array:[0.         0.4696835  0.53031653]

rule11: num_voted_users > 192097.261
probabilities_array:[0.         0.39637867 0.6036213 ]

rule1: 5.702 < imdb_score < 6.452
probabilities_array:[0.         0.35311222 0.6468878 ]

rule43: movie_facebook_likes > 23138.518
probabilities_array:[0.         0.34813648 0.6518635 ]

rule14: 160.833 < num_critic_for_reviews < 243.967
probabilities_array:[0.         0.33853728 0.6614627 ]

rule15: num_critic_for_reviews > 243.967
probabilities_array:[0.         0.33574688 0.6642531 ]

rule30: 1950.690 < actor_2_facebook_likes < 5109.800
probabilities_array:[0.         0.32718942 0.6728106 ]

rule50: 41748796.946 < budget < 115817607.336
probabilities_array:[0.         0.32423884 0.67576116]

rule10: 96188.117 < num_voted_users < 192097.261
probabilities_array:[0.         0.31154492 0.6884551 ]

rule19: num_user_for_reviews > 589.248
probabilities_array:[0.         0.29665527 0.7033447 ]

rule0: imdb_score < 5.702
probabilities_array:[0.         0.29277968 0.7072203 ]

rule18: 314.684 < num_user_for_reviews < 589.248
probabilities_array:[0.         0.29104096 0.70895904]

rule35: actor_3_facebook_likes > 1889.207
probabilities_array:[0.         0.26054642 0.73945355]

rule13: 77.699 < num_critic_for_reviews < 160.833
probabilities_array:[0.         0.2528114  0.74718857]

rule47: duration > 124.607
probabilities_array:[3.0208658e-04 2.5104761e-01 7.4865025e-01]

rule31: actor_2_facebook_likes > 5109.800
probabilities_array:[0.         0.21930335 0.78069663]

rule34: 710.828 < actor_3_facebook_likes < 1889.207
probabilities_array:[0.00756256 0.20477849 0.787659  ]

rule23: director_facebook_likes > 2751.404
probabilities_array:[0.         0.20598255 0.79401743]

