R2: 0.6158925723238511

MAE: 23690527.864360947

MSE: 1679391088600952.8

Accuracy: 0.7851420247632921

F1: 0.7850649498820081

Confusion Matrix: [[526, 152], [143, 552]]

Uncertainties: {'class0': [0.35860055685043335, 0.4531936049461365, 0.5248669981956482, 0.5367233753204346, 0.59065181016922], 'class1': [0.42037293314933777, 0.44780588150024414, 0.46098363399505615, 0.4663170278072357, 0.4883953332901001]}

Most important rules
-----------------------------

---0---
rule34: 2046.529 < director_facebook_likes < 3635.366
probabilities_array:[0.64139944 0.         0.35860056]

rule77: budget > 297920963.437
probabilities_array:[0.5468064 0.        0.4531936]

rule5: imdb_score > 7.524
probabilities_array:[0.475133 0.       0.524867]

rule25: -68.246 < num_user_for_reviews < 142.017
probabilities_array:[0.4632766 0.        0.5367234]

rule38: 2115.383 < actor_1_facebook_likes < 7207.905
probabilities_array:[0.40934816 0.         0.5906518 ]

rule13: -48983.426 < num_voted_users < 31979.228
probabilities_array:[0.4052765 0.        0.5947235]

rule9: 2003.340 < title_year < 2007.435
probabilities_array:[0.36804277 0.         0.63195723]

rule10: 2007.435 < title_year < 2012.538
probabilities_array:[0.34365806 0.         0.65634197]

rule62: 16.617 < movie_facebook_likes < 8617.821
probabilities_array:[0.3384208 0.        0.6615792]

rule74: -65946857.152 < budget < 46149792.598
probabilities_array:[0.32844004 0.         0.67156   ]

rule33: 771.399 < director_facebook_likes < 2046.529
probabilities_array:[0.243839   0.00111667 0.75504434]

rule18: num_critic_for_reviews < 39.548
probabilities_array:[0.24413465 0.         0.75586534]

rule68: 99.874 < duration < 109.454
probabilities_array:[0.21291065 0.00969808 0.77739125]


---1---
rule17: num_voted_users > 242896.041
probabilities_array:[0.         0.5796271  0.42037293]

rule15: 96956.307 < num_voted_users < 161933.386
probabilities_array:[0.         0.5521941  0.44780588]

rule75: 46149792.598 < budget < 158246442.348
probabilities_array:[0.         0.53901637 0.46098363]

rule16: 161933.386 < num_voted_users < 242896.041
probabilities_array:[0.         0.533683   0.46631703]

rule6: title_year < 1994.142
probabilities_array:[0.         0.51160467 0.48839533]

rule45: 1904.794 < actor_2_facebook_likes < 3886.547
probabilities_array:[0.         0.41305557 0.58694446]

rule29: num_user_for_reviews > 689.776
probabilities_array:[0.       0.386242 0.613758]

rule0: imdb_score < 5.412
probabilities_array:[0.        0.3732751 0.6267249]

rule65: movie_facebook_likes > 27936.287
probabilities_array:[0.         0.36207983 0.6379202 ]

rule76: 158246442.348 < budget < 297920963.437
probabilities_array:[0.       0.358784 0.641216]

rule28: 479.513 < num_user_for_reviews < 689.776
probabilities_array:[0.00914415 0.3289027  0.66195315]

rule56: 3793.060 < cast_total_facebook_likes < 10751.309
probabilities_array:[0.         0.33067352 0.6693265 ]

rule14: 31979.228 < num_voted_users < 96956.307
probabilities_array:[0.         0.31355953 0.68644047]

rule53: actor_3_facebook_likes > 2406.434
probabilities_array:[0.         0.29493314 0.70506686]

rule63: 8617.821 < movie_facebook_likes < 17219.026
probabilities_array:[0.00387324 0.2919067  0.70422   ]

rule19: 39.548 < num_critic_for_reviews < 105.639
probabilities_array:[0.        0.2734571 0.7265429]

rule23: num_critic_for_reviews > 277.813
probabilities_array:[0.00220026 0.26967362 0.72812617]

rule2: 5.998 < imdb_score < 6.468
probabilities_array:[0.         0.26063377 0.73936623]

rule35: director_facebook_likes > 3635.366
probabilities_array:[0.         0.25308615 0.74691385]

rule20: 105.639 < num_critic_for_reviews < 158.680
probabilities_array:[0.01659191 0.20862085 0.77478725]

rule71: duration > 130.969
probabilities_array:[0.01621038 0.19682147 0.7869682 ]

