R2: 0.6565828135303082

MAE: 24189184.225376647

MSE: 1646489793319842.8

Accuracy: 0.7749453750910416

F1: 0.7748976112746183

Confusion Matrix: [[522, 150], [159, 542]]

Uncertainties: {'class0': [0.3504447340965271, 0.48186805844306946, 0.5310922265052795, 0.5684387683868408, 0.6006158590316772], 'class1': [0.45206189155578613, 0.4718248248100281, 0.5050008893013, 0.5429716110229492, 0.5523714423179626]}

Most important rules
-----------------------------

---0---
rule77: budget > 305298293.602
probabilities_array:[0.64955527 0.         0.35044473]

rule34: 2017.690 < director_facebook_likes < 3593.517
probabilities_array:[0.518132   0.         0.48186806]

rule9: 2003.275 < title_year < 2007.435
probabilities_array:[0.46890777 0.         0.5310922 ]

rule13: -39800.579 < num_voted_users < 34664.134
probabilities_array:[0.43156123 0.         0.56843877]

rule10: 2007.435 < title_year < 2012.618
probabilities_array:[0.39938417 0.         0.60061586]

rule25: -68.031 < num_user_for_reviews < 139.405
probabilities_array:[0.39439964 0.         0.60560036]

rule18: num_critic_for_reviews < 40.792
probabilities_array:[0.37479988 0.         0.62520015]

rule74: -67019508.667 < budget < 47680324.391
probabilities_array:[0.35987    0.         0.64013004]

rule5: imdb_score > 7.515
probabilities_array:[0.33264774 0.         0.66735226]

rule43: -1850.629 < actor_2_facebook_likes < 186.917
probabilities_array:[0.25909486 0.         0.7409051 ]

rule68: 99.625 < duration < 109.263
probabilities_array:[0.19572075 0.02044192 0.7838374 ]

rule8: 1999.116 < title_year < 2003.275
probabilities_array:[0.20236601 0.         0.797634  ]


---1---
rule6: title_year < 1993.933
probabilities_array:[0.        0.5479381 0.4520619]

rule29: num_user_for_reviews > 679.799
probabilities_array:[0.         0.5281752  0.47182482]

rule16: 154188.364 < num_voted_users < 228653.077
probabilities_array:[0.        0.4949991 0.5050009]

rule17: num_voted_users > 228653.077
probabilities_array:[0.         0.45702836 0.5429716 ]

rule15: 94426.249 < num_voted_users < 154188.364
probabilities_array:[0.         0.44762853 0.55237144]

rule75: 47680324.391 < budget < 162380157.449
probabilities_array:[0.         0.43869302 0.56130695]

rule76: 162380157.449 < budget < 305298293.602
probabilities_array:[0.         0.42396045 0.57603955]

rule46: 3457.409 < actor_2_facebook_likes < 5494.956
probabilities_array:[0.       0.397429 0.602571]

rule45: 1822.163 < actor_2_facebook_likes < 3457.409
probabilities_array:[0.         0.38896084 0.61103916]

rule2: 5.993 < imdb_score < 6.462
probabilities_array:[0.         0.35993502 0.64006495]

rule0: imdb_score < 5.409
probabilities_array:[0.         0.32952455 0.6704755 ]

rule53: actor_3_facebook_likes > 2433.306
probabilities_array:[0.         0.31661436 0.68338567]

rule28: 472.363 < num_user_for_reviews < 679.799
probabilities_array:[0.         0.30671903 0.69328094]

rule65: movie_facebook_likes > 26831.449
probabilities_array:[0.01073592 0.284993   0.704271  ]

rule22: 208.086 < num_critic_for_reviews < 272.303
probabilities_array:[0.        0.2769856 0.7230144]

rule23: num_critic_for_reviews > 272.303
probabilities_array:[0.00312647 0.2609476  0.735926  ]

rule40: 14469.792 < actor_1_facebook_likes < 23312.549
probabilities_array:[0.         0.25144312 0.7485569 ]

rule27: 305.884 < num_user_for_reviews < 472.363
probabilities_array:[0.02292324 0.23778844 0.7392883 ]

rule57: 10823.425 < cast_total_facebook_likes < 19114.515
probabilities_array:[0.00199474 0.24270639 0.75529885]

rule71: duration > 130.912
probabilities_array:[0.06323397 0.20145658 0.7353095 ]

rule59: cast_total_facebook_likes > 29445.370
probabilities_array:[0.02568612 0.19733292 0.7769809 ]

rule14: 34664.134 < num_voted_users < 94426.249
probabilities_array:[0.02401721 0.19673021 0.7792526 ]

rule44: 186.917 < actor_2_facebook_likes < 1822.163
probabilities_array:[0.         0.20099609 0.7990039 ]

