R2: -0.5166104123868136

MAE: 47707124.064821556

MSE: 6681509584632264.0

Accuracy: 0.7436270939548434

F1: 0.7433001474456216

Confusion Matrix: [[535, 148], [204, 486]]

Uncertainties: {'class0': [0.7867981195449829, 0.7684407830238342, 0.6371155381202698, 0.6357548832893372, 0.6282384991645813], 'class1': [0.7826204895973206, 0.7797631025314331, 0.7762128114700317, 0.7600123286247253, 0.7281759977340698]}

Most important rules
-----------------------------

---0---
rule51: budget > 223604179.833
probabilities_array:[0.5225035  0.         0.47749653]

rule49: -130047497.160 < budget < 46778341.337
probabilities_array:[0.39824086 0.         0.60175914]

rule16: num_user_for_reviews < 43.190
probabilities_array:[0.39203212 0.         0.60796785]

rule12: num_critic_for_reviews < 76.433
probabilities_array:[3.8236102e-01 1.4123939e-04 6.1749768e-01]

rule3: imdb_score > 7.214
probabilities_array:[0.3717615 0.        0.6282385]

rule6: 2003.379 < title_year < 2009.980
probabilities_array:[0.36424515 0.         0.6357549 ]

rule9: -711.529 < num_voted_users < 96045.855
probabilities_array:[0.36288443 0.         0.63711554]

rule7: title_year > 2009.980
probabilities_array:[0.23155919 0.         0.7684408 ]

rule45: 94.194 < duration < 109.316
probabilities_array:[0.2132019 0.        0.7867981]


---1---
rule11: num_voted_users > 192803.240
probabilities_array:[0.        0.5136692 0.4863308]

rule4: title_year < 1996.777
probabilities_array:[0.         0.5081586  0.49184138]

rule19: num_user_for_reviews > 575.513
probabilities_array:[0.         0.47472012 0.5252799 ]

rule30: 1904.350 < actor_2_facebook_likes < 5021.864
probabilities_array:[0.         0.45292458 0.54707545]

rule10: 96045.855 < num_voted_users < 192803.240
probabilities_array:[0.        0.4347107 0.5652893]

rule1: 5.724 < imdb_score < 6.469
probabilities_array:[0.         0.43376708 0.5662329 ]

rule0: imdb_score < 5.724
probabilities_array:[0.         0.40104967 0.5989503 ]

rule50: 46778341.337 < budget < 223604179.833
probabilities_array:[0.         0.36324552 0.63675445]

rule35: actor_3_facebook_likes > 1935.549
probabilities_array:[0.         0.3268505  0.67314947]

rule15: num_critic_for_reviews > 241.387
probabilities_array:[0.        0.2928007 0.7071993]

rule18: 309.352 < num_user_for_reviews < 575.513
probabilities_array:[0.         0.27398106 0.72601897]

rule23: director_facebook_likes > 2799.762
probabilities_array:[0.        0.2721178 0.7278822]

rule47: duration > 124.439
probabilities_array:[0.00087623 0.2709477  0.728176  ]

rule26: 7276.760 < actor_1_facebook_likes < 18440.667
probabilities_array:[0.00355594 0.23643178 0.7600123 ]

rule14: 158.910 < num_critic_for_reviews < 241.387
probabilities_array:[0.00659277 0.21719442 0.7762128 ]

rule43: movie_facebook_likes > 22168.553
probabilities_array:[0.        0.2202369 0.7797631]

rule34: 713.756 < actor_3_facebook_likes < 1935.549
probabilities_array:[0.         0.21737953 0.7826205 ]

