R2: -0.5120498731671423

MAE: 47610566.51638747

MSE: 6693573337853750.0

Accuracy: 0.7487254187909687

F1: 0.7481434495284651

Confusion Matrix: [[547, 147], [198, 481]]

Uncertainties: {'class0': [0.7263119220733643, 0.700241208076477, 0.6930646896362305, 0.6859515309333801, 0.5905920267105103], 'class1': [0.7727721333503723, 0.753599226474762, 0.7482665181159973, 0.7388492226600647, 0.738007664680481]}

Most important rules
-----------------------------

---0---
rule9: -1685.839 < num_voted_users < 97465.650
probabilities_array:[0.43999842 0.         0.5600016 ]

rule16: num_user_for_reviews < 38.598
probabilities_array:[0.40940797 0.         0.590592  ]

rule49: -13776023.906 < budget < 40426343.881
probabilities_array:[0.3140485  0.         0.68595153]

rule3: imdb_score > 7.204
probabilities_array:[0.30693534 0.         0.6930647 ]

rule12: num_critic_for_reviews < 76.637
probabilities_array:[0.2997588 0.        0.7002412]

rule6: 2003.281 < title_year < 2009.898
probabilities_array:[0.27368805 0.         0.7263119 ]


---1---
rule4: title_year < 1996.665
probabilities_array:[0.        0.5600745 0.4399255]

rule51: budget > 94628711.668
probabilities_array:[0.         0.46358946 0.5364105 ]

rule10: 97465.650 < num_voted_users < 196617.138
probabilities_array:[0.         0.44240546 0.55759454]

rule50: 40426343.881 < budget < 94628711.668
probabilities_array:[0.         0.39427143 0.60572857]

rule19: num_user_for_reviews > 591.334
probabilities_array:[0.        0.3676126 0.6323874]

rule14: 159.807 < num_critic_for_reviews < 242.976
probabilities_array:[0.         0.36109596 0.63890404]

rule1: 5.717 < imdb_score < 6.460
probabilities_array:[0.         0.33221355 0.6677865 ]

rule11: num_voted_users > 196617.138
probabilities_array:[0.         0.32065415 0.67934585]

rule13: 76.637 < num_critic_for_reviews < 159.807
probabilities_array:[0.         0.32005084 0.67994916]

rule35: actor_3_facebook_likes > 2022.957
probabilities_array:[0.         0.30416554 0.69583446]

rule15: num_critic_for_reviews > 242.976
probabilities_array:[0.        0.2851503 0.7148497]

rule0: imdb_score < 5.717
probabilities_array:[0.         0.27024558 0.72975445]

rule18: 314.966 < num_user_for_reviews < 591.334
probabilities_array:[0.         0.26199234 0.73800766]

rule47: duration > 125.131
probabilities_array:[0.01100695 0.25014386 0.7388492 ]

rule23: director_facebook_likes > 2663.251
probabilities_array:[0.         0.25173345 0.7482665 ]

rule30: 1857.590 < actor_2_facebook_likes < 4441.718
probabilities_array:[0.         0.24640076 0.7535992 ]

rule26: 7476.626 < actor_1_facebook_likes < 18644.631
probabilities_array:[0.00164338 0.22558455 0.77277213]

