R2: -0.5375871464751312

MAE: 48635514.63364895

MSE: 6765431299649992.0

Accuracy: 0.7407137654770576

F1: 0.7402661168618615

Confusion Matrix: [[537, 140], [216, 480]]

Uncertainties: {'class0': [0.7916460633277893, 0.7669440507888794, 0.761374831199646, 0.7411817908287048, 0.7410686016082764], 'class1': [0.788558840751648, 0.7806289196014404, 0.7794344425201416, 0.7679141759872437, 0.7449761629104614]}

Most important rules
-----------------------------

---0---
rule16: num_user_for_reviews < 48.095
probabilities_array:[0.4204506 0.        0.5795494]

rule49: -35054834.180 < budget < 42081005.968
probabilities_array:[0.37923715 0.         0.6207629 ]

rule9: -1333.951 < num_voted_users < 97885.916
probabilities_array:[0.3465416  0.         0.65345836]

rule12: num_critic_for_reviews < 74.913
probabilities_array:[0.32439598 0.         0.67560405]

rule41: -5863.171 < movie_facebook_likes < 9002.598
probabilities_array:[0.27835798 0.         0.721642  ]

rule6: 2003.422 < title_year < 2009.787
probabilities_array:[0.2588182 0.        0.7411818]

rule45: 94.229 < duration < 109.814
probabilities_array:[0.25104716 0.0078843  0.7410686 ]

rule3: imdb_score > 7.209
probabilities_array:[0.23305596 0.         0.76694405]

rule44: duration < 94.229
probabilities_array:[0.20194955 0.03667564 0.76137483]

rule7: title_year > 2009.787
probabilities_array:[0.20835394 0.         0.79164606]


---1---
rule4: title_year < 1997.056
probabilities_array:[0.         0.53264546 0.4673545 ]

rule50: 42081005.968 < budget < 119216846.116
probabilities_array:[0.         0.46503454 0.53496546]

rule10: 97885.916 < num_voted_users < 197105.783
probabilities_array:[0.         0.42113894 0.57886106]

rule11: num_voted_users > 197105.783
probabilities_array:[0.         0.39648622 0.6035138 ]

rule51: budget > 119216846.116
probabilities_array:[0.         0.37015918 0.62984085]

rule1: 5.717 < imdb_score < 6.463
probabilities_array:[0.        0.3674725 0.6325275]

rule19: num_user_for_reviews > 573.503
probabilities_array:[0.         0.35440052 0.6455995 ]

rule14: 159.583 < num_critic_for_reviews < 244.253
probabilities_array:[0.         0.33550128 0.66449875]

rule0: imdb_score < 5.717
probabilities_array:[0.        0.3211796 0.6788204]

rule18: 310.799 < num_user_for_reviews < 573.503
probabilities_array:[0.00496074 0.30376577 0.6912735 ]

rule15: num_critic_for_reviews > 244.253
probabilities_array:[0.         0.29242897 0.707571  ]

rule30: 1898.031 < actor_2_facebook_likes < 5013.684
probabilities_array:[0.00846259 0.27217725 0.7193602 ]

rule43: movie_facebook_likes > 23868.366
probabilities_array:[0.         0.25502384 0.74497616]

rule34: 720.996 < actor_3_facebook_likes < 1924.962
probabilities_array:[0.         0.23208582 0.7679142 ]

rule21: -1250.308 < director_facebook_likes < 783.670
probabilities_array:[0.         0.22056554 0.77943444]

rule13: 74.913 < num_critic_for_reviews < 159.583
probabilities_array:[0.         0.21937105 0.7806289 ]

rule26: 7396.393 < actor_1_facebook_likes < 18213.374
probabilities_array:[0.00788904 0.20355214 0.78855884]

