R2: -0.519886256303816

MAE: 48015216.554260746

MSE: 6739971583906099.0

Accuracy: 0.7516387472687546

F1: 0.7511635483694379

Confusion Matrix: [[546, 125], [216, 486]]

Uncertainties: {'class0': [0.7808258533477783, 0.7789477705955505, 0.7390273809432983, 0.71083664894104, 0.6799816489219666], 'class1': [0.7980469465255737, 0.7724053263664246, 0.7675384283065796, 0.7613625526428223, 0.7534312009811401]}

Most important rules
-----------------------------

---0---
rule6: 2003.226 < title_year < 2009.849
probabilities_array:[0.48188552 0.         0.5181145 ]

rule9: -2872.095 < num_voted_users < 98419.968
probabilities_array:[0.41341817 0.         0.5865818 ]

rule12: num_critic_for_reviews < 74.927
probabilities_array:[0.39232165 0.         0.60767835]

rule16: num_user_for_reviews < 38.381
probabilities_array:[0.3816419  0.         0.61835814]

rule49: -125273882.759 < budget < 45122955.394
probabilities_array:[0.37117162 0.         0.62882835]

rule51: budget > 215519793.547
probabilities_array:[0.32001832 0.         0.67998165]

rule5: 1996.602 < title_year < 2003.226
probabilities_array:[0.28916338 0.         0.71083665]

rule7: title_year > 2009.849
probabilities_array:[0.26097262 0.         0.7390274 ]

rule45: 94.378 < duration < 109.947
probabilities_array:[0.21793899 0.00123513 0.78082585]

rule44: duration < 94.378
probabilities_array:[0.21453428 0.00651791 0.7789478 ]


---1---
rule50: 45122955.394 < budget < 215519793.547
probabilities_array:[0.         0.45217717 0.54782283]

rule1: 5.733 < imdb_score < 6.486
probabilities_array:[0.        0.4185727 0.5814273]

rule4: title_year < 1996.602
probabilities_array:[0.         0.4009662  0.59903383]

rule11: num_voted_users > 199712.031
probabilities_array:[0.         0.37499893 0.6250011 ]

rule0: imdb_score < 5.733
probabilities_array:[0.         0.34924465 0.65075535]

rule30: 1961.908 < actor_2_facebook_likes < 5121.374
probabilities_array:[0.         0.34776092 0.6522391 ]

rule10: 98419.968 < num_voted_users < 199712.031
probabilities_array:[0.         0.32058334 0.67941666]

rule19: num_user_for_reviews > 585.260
probabilities_array:[0.         0.30207342 0.6979266 ]

rule23: director_facebook_likes > 2831.086
probabilities_array:[0.         0.28392583 0.71607417]

rule18: 311.820 < num_user_for_reviews < 585.260
probabilities_array:[0.         0.26873684 0.73126316]

rule14: 158.185 < num_critic_for_reviews < 241.442
probabilities_array:[0.         0.25767955 0.7423205 ]

rule15: num_critic_for_reviews > 241.442
probabilities_array:[0.         0.25082904 0.74917096]

rule43: movie_facebook_likes > 23078.986
probabilities_array:[0.00132635 0.24524242 0.7534312 ]

rule35: actor_3_facebook_likes > 2013.916
probabilities_array:[0.01880317 0.22984196 0.7513549 ]

rule34: 746.629 < actor_3_facebook_likes < 2013.916
probabilities_array:[0.         0.23246156 0.7675384 ]

rule39: cast_total_facebook_likes > 24948.719
probabilities_array:[0.01419398 0.2244435  0.76136255]

rule42: 8885.990 < movie_facebook_likes < 23078.986
probabilities_array:[0.         0.22759469 0.7724053 ]

rule26: 7578.778 < actor_1_facebook_likes < 19025.214
probabilities_array:[2.2919015e-05 2.0193021e-01 7.9804695e-01]

