R2: -0.4677243571931875

MAE: 46116750.042971596

MSE: 6673738860374738.0

Accuracy: 0.752367079388201

F1: 0.7507379293552783

Confusion Matrix: [[572, 129], [211, 461]]

Uncertainties: {'class0': [0.7333971261978149, 0.6943780183792114, 0.6709216237068176, 0.6190023422241211, 0.5944709181785583], 'class1': [0.7945830821990967, 0.7936549186706543, 0.7925894856452942, 0.7661518454551697, 0.7369011640548706]}

Most important rules
-----------------------------

---0---
rule16: num_user_for_reviews < 45.934
probabilities_array:[0.49435592 0.         0.5056441 ]

rule51: budget > 224853246.848
probabilities_array:[0.4667543  0.         0.53324574]

rule9: -1401.792 < num_voted_users < 98123.405
probabilities_array:[0.40552908 0.         0.5944709 ]

rule49: -131057109.816 < budget < 46898068.516
probabilities_array:[0.38099766 0.         0.61900234]

rule6: 2003.223 < title_year < 2010.008
probabilities_array:[0.32907835 0.         0.6709216 ]

rule3: imdb_score > 7.213
probabilities_array:[0.30562195 0.         0.694378  ]

rule12: num_critic_for_reviews < 77.430
probabilities_array:[0.26660287 0.         0.7333971 ]


---1---
rule4: title_year < 1996.439
probabilities_array:[0.        0.5158784 0.4841216]

rule10: 98123.405 < num_voted_users < 197648.603
probabilities_array:[0.        0.4383909 0.5616091]

rule19: num_user_for_reviews > 582.700
probabilities_array:[0.         0.41691068 0.58308935]

rule50: 46898068.516 < budget < 224853246.848
probabilities_array:[0.         0.40988705 0.590113  ]

rule0: imdb_score < 5.729
probabilities_array:[0.         0.38205042 0.6179496 ]

rule1: 5.729 < imdb_score < 6.471
probabilities_array:[0.         0.36260462 0.6373954 ]

rule11: num_voted_users > 197648.603
probabilities_array:[0.         0.3531972  0.64680284]

rule35: actor_3_facebook_likes > 2011.824
probabilities_array:[0.         0.34454042 0.6554596 ]

rule47: duration > 124.363
probabilities_array:[0.00242398 0.3262252  0.67135084]

rule30: 1930.552 < actor_2_facebook_likes < 5064.160
probabilities_array:[0.        0.3004005 0.6995995]

rule43: movie_facebook_likes > 23468.748
probabilities_array:[0.         0.30003604 0.6999639 ]

rule14: 159.523 < num_critic_for_reviews < 241.616
probabilities_array:[0.0029866  0.2984036  0.69860977]

rule15: num_critic_for_reviews > 241.616
probabilities_array:[0.         0.28880572 0.7111943 ]

rule18: 314.317 < num_user_for_reviews < 582.700
probabilities_array:[0.         0.27053803 0.72946197]

rule26: 7487.002 < actor_1_facebook_likes < 18923.792
probabilities_array:[0.03860028 0.22449853 0.73690116]

rule46: 109.382 < duration < 124.363
probabilities_array:[0.         0.23384814 0.76615185]

rule23: director_facebook_likes > 2712.517
probabilities_array:[0.        0.2074105 0.7925895]

rule13: 77.430 < num_critic_for_reviews < 159.523
probabilities_array:[0.         0.20541695 0.7945831 ]

rule34: 746.412 < actor_3_facebook_likes < 2011.824
probabilities_array:[0.01215747 0.19418754 0.7936549 ]

