R2: -0.4577969960941026

MAE: 46211906.0182083

MSE: 6800316053495006.0

Accuracy: 0.7501820830298617

F1: 0.7477066997101198

Confusion Matrix: [[583, 141], [202, 447]]

Uncertainties: {'class0': [0.7865468263626099, 0.7318971157073975, 0.7237083315849304, 0.6077762246131897, 0.6003280878067017], 'class1': [0.7920858860015869, 0.7905954122543335, 0.7890403270721436, 0.7719354033470154, 0.76949143409729]}

Most important rules
-----------------------------

---0---
rule16: num_user_for_reviews < 46.003
probabilities_array:[0.50312877 0.         0.49687123]

rule36: cast_total_facebook_likes < 430.576
probabilities_array:[0.43908876 0.         0.56091124]

rule49: -35711485.304 < budget < 43826923.733
probabilities_array:[0.4065004 0.        0.5934996]

rule9: -59.761 < num_voted_users < 98350.445
probabilities_array:[0.3996719 0.        0.6003281]

rule12: num_critic_for_reviews < 78.286
probabilities_array:[0.39222375 0.         0.6077762 ]

rule3: imdb_score > 7.215
probabilities_array:[0.2762917  0.         0.72370833]

rule6: 2003.347 < title_year < 2009.912
probabilities_array:[0.2681029 0.        0.7318971]

rule45: 94.698 < duration < 109.904
probabilities_array:[0.20150554 0.0119477  0.7865468 ]


---1---
rule4: title_year < 1996.782
probabilities_array:[0.        0.5426035 0.4573965]

rule50: 43826923.733 < budget < 123365332.769
probabilities_array:[0.        0.3930178 0.6069822]

rule10: 98350.445 < num_voted_users < 196760.650
probabilities_array:[0.        0.3795396 0.6204604]

rule11: num_voted_users > 196760.650
probabilities_array:[0.         0.36817732 0.6318227 ]

rule19: num_user_for_reviews > 584.090
probabilities_array:[0.         0.33691126 0.66308874]

rule1: 5.733 < imdb_score < 6.474
probabilities_array:[0.         0.32019597 0.679804  ]

rule0: imdb_score < 5.733
probabilities_array:[0.         0.30156618 0.6984338 ]

rule30: 1968.611 < actor_2_facebook_likes < 5135.678
probabilities_array:[0.        0.2901472 0.7098528]

rule51: budget > 123365332.769
probabilities_array:[0.         0.27825385 0.72174615]

rule37: 430.576 < cast_total_facebook_likes < 11011.398
probabilities_array:[0.         0.27821806 0.7217819 ]

rule23: director_facebook_likes > 2710.360
probabilities_array:[0.         0.25381854 0.7461815 ]

rule43: movie_facebook_likes > 22051.583
probabilities_array:[0.         0.25373355 0.7462664 ]

rule21: -1218.698 < director_facebook_likes < 745.831
probabilities_array:[0.         0.24411328 0.75588673]

rule38: 11011.398 < cast_total_facebook_likes < 21592.220
probabilities_array:[0.         0.24020801 0.759792  ]

rule18: 315.047 < num_user_for_reviews < 584.090
probabilities_array:[0.         0.23050855 0.76949143]

rule14: 159.863 < num_critic_for_reviews < 241.441
probabilities_array:[0.        0.2109597 0.7890403]

rule35: actor_3_facebook_likes > 1976.830
probabilities_array:[0.        0.2094046 0.7905954]

rule15: num_critic_for_reviews > 241.441
probabilities_array:[0.         0.20791414 0.7920859 ]

rule47: duration > 125.111
probabilities_array:[0.04167828 0.18638624 0.7719354 ]

