R2: -0.4944755275474495

MAE: 48933331.05462491

MSE: 7236874019013851.0

Accuracy: 0.7501820830298617

F1: 0.7500287955294477

Confusion Matrix: [[532, 144], [199, 498]]

Uncertainties: {'class0': [0.7824229598045349, 0.7107502818107605, 0.6870490312576294, 0.629523754119873, 0.624222993850708], 'class1': [0.7997952699661255, 0.7901188731193542, 0.7719355225563049, 0.764350414276123, 0.759795606136322]}

Most important rules
-----------------------------

---0---
rule16: num_user_for_reviews < 43.300
probabilities_array:[0.55969435 0.         0.44030562]

rule6: 2003.268 < title_year < 2009.901
probabilities_array:[0.43865544 0.         0.56134456]

rule9: -1853.424 < num_voted_users < 96679.215
probabilities_array:[0.39638853 0.         0.60361147]

rule12: num_critic_for_reviews < 76.435
probabilities_array:[0.375777 0.       0.624223]

rule3: imdb_score > 7.207
probabilities_array:[0.37047625 0.         0.62952375]

rule49: -35200357.618 < budget < 41920267.816
probabilities_array:[0.31295094 0.         0.68704903]

rule7: title_year > 2009.901
probabilities_array:[0.28924975 0.         0.7107503 ]

rule5: 1996.634 < title_year < 2003.268
probabilities_array:[0.21757706 0.         0.78242296]


---1---
rule51: budget > 119040893.250
probabilities_array:[0.         0.46220413 0.53779584]

rule4: title_year < 1996.634
probabilities_array:[0.         0.45526862 0.5447314 ]

rule50: 41920267.816 < budget < 119040893.250
probabilities_array:[0.        0.4525534 0.5474466]

rule1: 5.710 < imdb_score < 6.458
probabilities_array:[0.         0.37349114 0.62650883]

rule23: director_facebook_likes > 2736.498
probabilities_array:[0.         0.36970896 0.63029104]

rule15: num_critic_for_reviews > 241.881
probabilities_array:[0.         0.36602172 0.63397825]

rule30: 1890.800 < actor_2_facebook_likes < 5018.146
probabilities_array:[0.         0.33580393 0.6641961 ]

rule35: actor_3_facebook_likes > 1964.174
probabilities_array:[0.         0.33437538 0.6656246 ]

rule10: 96679.215 < num_voted_users < 195211.854
probabilities_array:[0.        0.3313834 0.6686166]

rule11: num_voted_users > 195211.854
probabilities_array:[0.         0.31982508 0.68017495]

rule0: imdb_score < 5.710
probabilities_array:[0.         0.29814368 0.7018563 ]

rule19: num_user_for_reviews > 576.139
probabilities_array:[0.         0.29517552 0.7048245 ]

rule21: -1239.420 < director_facebook_likes < 748.539
probabilities_array:[0.00280087 0.26848364 0.7287155 ]

rule34: 723.062 < actor_3_facebook_likes < 1964.174
probabilities_array:[0.         0.26938954 0.73061043]

rule18: 309.719 < num_user_for_reviews < 576.139
probabilities_array:[0.         0.24570403 0.754296  ]

rule14: 159.158 < num_critic_for_reviews < 241.881
probabilities_array:[0.         0.24020442 0.7597956 ]

rule47: duration > 124.853
probabilities_array:[0.00955411 0.22609551 0.7643504 ]

rule13: 76.435 < num_critic_for_reviews < 159.158
probabilities_array:[0.         0.22806449 0.7719355 ]

rule43: movie_facebook_likes > 22117.079
probabilities_array:[0.         0.20988113 0.7901189 ]

rule26: 7345.288 < actor_1_facebook_likes < 18642.363
probabilities_array:[0.         0.20020474 0.79979527]

