R2: -0.4919542649631299

MAE: 51737545.600874

MSE: 8117832537366892.0

Accuracy: 0.7603787327021122

F1: 0.760292774614172

Confusion Matrix: [[535, 141], [188, 509]]

Uncertainties: {'class0': [0.7941794395446777, 0.7229760885238647, 0.6983757019042969, 0.6957120895385742, 0.6573259234428406], 'class1': [0.781886637210846, 0.7715787291526794, 0.7713503241539001, 0.7513070702552795, 0.7485941052436829]}

Most important rules
-----------------------------

---0---
rule51: budget > 226578301.650
probabilities_array:[0.52846    0.         0.47153997]

rule16: num_user_for_reviews < 29.996
probabilities_array:[0.5211581 0.        0.4788419]

rule3: imdb_score > 7.220
probabilities_array:[0.3502532 0.        0.6497468]

rule9: -5134.617 < num_voted_users < 97304.179
probabilities_array:[0.34267408 0.         0.6573259 ]

rule6: 2003.199 < title_year < 2009.934
probabilities_array:[0.3042879 0.        0.6957121]

rule12: num_critic_for_reviews < 75.595
probabilities_array:[0.3016243 0.        0.6983757]

rule49: -133181713.683 < budget < 46698293.984
probabilities_array:[0.2770239 0.        0.7229761]

rule7: title_year > 2009.934
probabilities_array:[0.20582055 0.         0.79417944]


---1---
rule4: title_year < 1996.464
probabilities_array:[0.        0.5149094 0.4850906]

rule19: num_user_for_reviews > 595.916
probabilities_array:[0.         0.43834096 0.56165904]

rule10: 97304.179 < num_voted_users < 199742.975
probabilities_array:[0.         0.41468447 0.5853155 ]

rule50: 46698293.984 < budget < 226578301.650
probabilities_array:[0.         0.40609545 0.59390455]

rule14: 156.417 < num_critic_for_reviews < 237.238
probabilities_array:[0.        0.3979427 0.6020573]

rule15: num_critic_for_reviews > 237.238
probabilities_array:[0.         0.36295772 0.6370423 ]

rule18: 312.956 < num_user_for_reviews < 595.916
probabilities_array:[0.00092385 0.35778204 0.64129406]

rule11: num_voted_users > 199742.975
probabilities_array:[0.         0.34771332 0.65228665]

rule1: 5.729 < imdb_score < 6.475
probabilities_array:[0.         0.33380342 0.6661966 ]

rule35: actor_3_facebook_likes > 1843.002
probabilities_array:[0.         0.30140746 0.69859254]

rule30: 1857.371 < actor_2_facebook_likes < 4922.273
probabilities_array:[0.         0.25443247 0.7455675 ]

rule0: imdb_score < 5.729
probabilities_array:[0.        0.2525962 0.7474038]

rule13: 75.595 < num_critic_for_reviews < 156.417
probabilities_array:[0.         0.24869294 0.7513071 ]

rule34: 693.977 < actor_3_facebook_likes < 1843.002
probabilities_array:[0.01174021 0.23966566 0.7485941 ]

rule38: 10875.746 < cast_total_facebook_likes < 24064.207
probabilities_array:[0.06856314 0.21157956 0.71985734]

rule46: 109.282 < duration < 124.725
probabilities_array:[0.         0.22842127 0.7715787 ]

rule47: duration > 124.725
probabilities_array:[0.00151677 0.22713287 0.7713503 ]

rule43: movie_facebook_likes > 22314.637
probabilities_array:[0.         0.21811335 0.78188664]

