R2: -0.4885967603196846

MAE: 48746679.31463948

MSE: 7239588853315284.0

Accuracy: 0.7669337217771304

F1: 0.7659502836126844

Confusion Matrix: [[571, 132], [188, 482]]

Uncertainties: {'class0': [0.7929115295410156, 0.7770220637321472, 0.765180766582489, 0.7009267210960388, 0.6774373650550842], 'class1': [0.7937563061714172, 0.7896862626075745, 0.7895681262016296, 0.7819252014160156, 0.758305013179779]}

Most important rules
-----------------------------

---0---
rule16: num_user_for_reviews < 41.846
probabilities_array:[0.41285187 0.         0.58714813]

rule9: -2582.787 < num_voted_users < 97394.589
probabilities_array:[0.38188168 0.         0.61811835]

rule3: imdb_score > 7.221
probabilities_array:[0.3292742  0.         0.67072576]

rule49: -41116000.840 < budget < 44419527.752
probabilities_array:[0.3225626  0.         0.67743737]

rule6: 2003.292 < title_year < 2010.026
probabilities_array:[0.2990733 0.        0.7009267]

rule45: 94.806 < duration < 109.949
probabilities_array:[0.23042403 0.00439513 0.76518077]

rule44: duration < 94.806
probabilities_array:[0.21169496 0.01128299 0.77702206]

rule12: num_critic_for_reviews < 77.152
probabilities_array:[0.20708846 0.         0.7929115 ]


---1---
rule50: 44419527.752 < budget < 129955056.344
probabilities_array:[0.         0.508673   0.49132696]

rule4: title_year < 1996.559
probabilities_array:[0.        0.4688816 0.5311184]

rule11: num_voted_users > 197371.965
probabilities_array:[0.        0.4271066 0.5728934]

rule51: budget > 129955056.344
probabilities_array:[0.         0.42522657 0.57477343]

rule19: num_user_for_reviews > 584.800
probabilities_array:[0.         0.40696332 0.5930367 ]

rule10: 97394.589 < num_voted_users < 197371.965
probabilities_array:[0.         0.38708487 0.61291516]

rule18: 313.323 < num_user_for_reviews < 584.800
probabilities_array:[0.       0.355314 0.644686]

rule35: actor_3_facebook_likes > 1979.523
probabilities_array:[0.         0.29343927 0.70656073]

rule30: 1818.124 < actor_2_facebook_likes < 4374.843
probabilities_array:[0.         0.2696987  0.73030126]

rule1: 5.747 < imdb_score < 6.484
probabilities_array:[0.         0.24409883 0.75590116]

rule43: movie_facebook_likes > 23288.233
probabilities_array:[0.        0.2421048 0.7578952]

rule15: num_critic_for_reviews > 242.477
probabilities_array:[0.         0.24198347 0.7580165 ]

rule14: 159.814 < num_critic_for_reviews < 242.477
probabilities_array:[0.00091034 0.24078466 0.758305  ]

rule34: 727.023 < actor_3_facebook_likes < 1979.523
probabilities_array:[0.00192726 0.21614754 0.7819252 ]

rule0: imdb_score < 5.747
probabilities_array:[0.         0.21043186 0.7895681 ]

rule13: 77.152 < num_critic_for_reviews < 159.814
probabilities_array:[0.         0.21031372 0.78968626]

rule21: -1229.140 < director_facebook_likes < 752.113
probabilities_array:[0.        0.2062437 0.7937563]

