R2: -0.43206290712312434

MAE: 48933456.11216315

MSE: 7936415450810086.0

Accuracy: 0.7560087399854334

F1: 0.7542546160573991

Confusion Matrix: [[577, 150], [185, 461]]

Uncertainties: {'class0': [0.7897160053253174, 0.7059393525123596, 0.6934574842453003, 0.6507036685943604, 0.6423842906951904], 'class1': [0.7873815298080444, 0.7795071601867676, 0.7636377215385437, 0.7536735534667969, 0.7485775947570801]}

Most important rules
-----------------------------

---0---
rule16: num_user_for_reviews < 49.723
probabilities_array:[0.5557 0.     0.4443]

rule6: 2003.329 < title_year < 2009.885
probabilities_array:[0.5079638  0.         0.49203622]

rule51: budget > 212804933.985
probabilities_array:[0.44638 0.      0.55362]

rule9: -57.249 < num_voted_users < 97917.854
probabilities_array:[0.43403363 0.         0.56596637]

rule49: -121771541.668 < budget < 45516696.158
probabilities_array:[0.41982153 0.         0.5801785 ]

rule12: num_critic_for_reviews < 76.958
probabilities_array:[0.35334137 0.00427432 0.6423843 ]

rule5: 1996.772 < title_year < 2003.329
probabilities_array:[0.34929633 0.         0.65070367]

rule7: title_year > 2009.885
probabilities_array:[0.3065425 0.        0.6934575]

rule3: imdb_score > 7.193
probabilities_array:[0.29406068 0.         0.70593935]

rule29: -1182.328 < actor_2_facebook_likes < 1887.963
probabilities_array:[0.21028396 0.         0.789716  ]


---1---
rule19: num_user_for_reviews > 568.112
probabilities_array:[0.        0.498385  0.5016149]

rule4: title_year < 1996.772
probabilities_array:[0.        0.4472843 0.5527157]

rule10: 97917.854 < num_voted_users < 195892.957
probabilities_array:[0.         0.42499137 0.57500863]

rule23: director_facebook_likes > 2790.004
probabilities_array:[0.         0.38015005 0.6198499 ]

rule30: 1887.963 < actor_2_facebook_likes < 4958.254
probabilities_array:[0.         0.3761303  0.62386966]

rule1: 5.716 < imdb_score < 6.454
probabilities_array:[0.         0.3606769  0.63932306]

rule50: 45516696.158 < budget < 212804933.985
probabilities_array:[0.         0.35890904 0.6410909 ]

rule11: num_voted_users > 195892.957
probabilities_array:[0.         0.33605382 0.66394615]

rule14: 160.015 < num_critic_for_reviews < 243.073
probabilities_array:[0.00440034 0.3330612  0.66253847]

rule0: imdb_score < 5.716
probabilities_array:[0.         0.28904825 0.71095175]

rule35: actor_3_facebook_likes > 1927.946
probabilities_array:[0.         0.28377685 0.7162231 ]

rule15: num_critic_for_reviews > 243.073
probabilities_array:[7.1611275e-06 2.6604986e-01 7.3394293e-01]

rule46: 109.446 < duration < 124.771
probabilities_array:[0.         0.26565635 0.73434365]

rule18: 308.917 < num_user_for_reviews < 568.112
probabilities_array:[0.        0.2514224 0.7485776]

rule34: 726.269 < actor_3_facebook_likes < 1927.946
probabilities_array:[0.         0.24632643 0.75367355]

rule47: duration > 124.771
probabilities_array:[0.01244511 0.22391717 0.7636377 ]

rule21: -1260.220 < director_facebook_likes < 764.892
probabilities_array:[0.         0.22049285 0.77950716]

rule43: movie_facebook_likes > 23570.861
probabilities_array:[0.         0.21261849 0.78738153]

