R2: -0.530877478904126

MAE: 47846420.00072833

MSE: 6601497252419949.0

Accuracy: 0.7589220684632192

F1: 0.7583292785714475

Confusion Matrix: [[555, 135], [196, 487]]

Uncertainties: {'class0': [0.7973637580871582, 0.6836769580841064, 0.6526376008987427, 0.6501477956771851, 0.6479476094245911], 'class1': [0.7740882635116577, 0.7692151665687561, 0.7585484981536865, 0.7563723921775818, 0.7456305623054504]}

Most important rules
-----------------------------

---0---
rule51: budget > 230801898.703
probabilities_array:[0.5159796 0.        0.4840204]

rule9: -2797.233 < num_voted_users < 98169.230
probabilities_array:[0.4381356 0.        0.5618644]

rule6: 2003.262 < title_year < 2010.185
probabilities_array:[0.4226684 0.        0.5773316]

rule7: title_year > 2010.185
probabilities_array:[0.36221352 0.         0.6377865 ]

rule12: num_critic_for_reviews < 77.170
probabilities_array:[0.35205236 0.         0.6479476 ]

rule16: num_user_for_reviews < 34.828
probabilities_array:[0.3498522 0.        0.6501478]

rule49: -133103793.469 < budget < 48849052.617
probabilities_array:[0.3473624 0.        0.6526376]

rule3: imdb_score > 7.217
probabilities_array:[0.31632304 0.         0.68367696]

rule45: 94.618 < duration < 109.653
probabilities_array:[0.20263623 0.         0.79736376]


---1---
rule4: title_year < 1996.338
probabilities_array:[0.         0.4591814  0.54081863]

rule50: 48849052.617 < budget < 230801898.703
probabilities_array:[0.         0.40849552 0.59150445]

rule19: num_user_for_reviews > 589.802
probabilities_array:[0.        0.3922608 0.6077392]

rule10: 98169.230 < num_voted_users < 199135.693
probabilities_array:[0.         0.38426208 0.6157379 ]

rule1: 5.748 < imdb_score < 6.483
probabilities_array:[0.        0.3725735 0.6274265]

rule0: imdb_score < 5.748
probabilities_array:[0.         0.36890683 0.6310932 ]

rule11: num_voted_users > 199135.693
probabilities_array:[0.         0.36777616 0.63222384]

rule35: actor_3_facebook_likes > 1991.730
probabilities_array:[0.        0.3323055 0.6676945]

rule14: 159.846 < num_critic_for_reviews < 242.521
probabilities_array:[0.        0.3296054 0.6703946]

rule15: num_critic_for_reviews > 242.521
probabilities_array:[0.         0.31767696 0.68232304]

rule18: 312.315 < num_user_for_reviews < 589.802
probabilities_array:[0.         0.31468755 0.68531245]

rule30: 1846.726 < actor_2_facebook_likes < 4462.860
probabilities_array:[0.         0.29153395 0.70846605]

rule13: 77.170 < num_critic_for_reviews < 159.846
probabilities_array:[0.        0.2893015 0.7106985]

rule26: 7317.195 < actor_1_facebook_likes < 18109.479
probabilities_array:[0.00901531 0.24535404 0.74563056]

rule47: duration > 124.687
probabilities_array:[0.         0.23078486 0.76921517]

rule21: -1260.772 < director_facebook_likes < 768.789
probabilities_array:[0.         0.22591172 0.77408826]

rule34: 732.710 < actor_3_facebook_likes < 1991.730
probabilities_array:[0.03538238 0.20606914 0.7585485 ]

rule23: director_facebook_likes > 2798.349
probabilities_array:[0.03953846 0.20408913 0.7563724 ]

