R2: -0.563700570891811

MAE: 49624120.243262924

MSE: 6831060469997819.0

Accuracy: 0.775673707210488

F1: 0.7756212168804598

Confusion Matrix: [[543, 109], [199, 522]]

Uncertainties: {'class0': [0.787024974822998, 0.75437992811203, 0.6992315053939819, 0.6636855602264404, 0.6577093601226807], 'class1': [0.7977246046066284, 0.7607346773147583, 0.7514345049858093, 0.7511974573135376, 0.7469104528427124]}

Most important rules
-----------------------------

---0---
rule16: num_user_for_reviews < 45.508
probabilities_array:[0.46474704 0.         0.535253  ]

rule6: 2003.177 < title_year < 2009.965
probabilities_array:[0.45128363 0.         0.54871637]

rule8: num_voted_users < 708.629
probabilities_array:[0.42648724 0.         0.5735128 ]

rule12: num_critic_for_reviews < 77.321
probabilities_array:[0.37241554 0.         0.62758446]

rule7: title_year > 2009.965
probabilities_array:[0.34988722 0.         0.65011275]

rule9: 708.629 < num_voted_users < 97552.226
probabilities_array:[0.34229064 0.         0.65770936]

rule3: imdb_score > 7.210
probabilities_array:[0.33631447 0.         0.66368556]

rule49: -41602767.974 < budget < 43472684.215
probabilities_array:[0.3007685 0.        0.6992315]

rule45: 94.226 < duration < 109.446
probabilities_array:[0.23502594 0.01059411 0.7543799 ]

rule5: 1996.389 < title_year < 2003.177
probabilities_array:[0.21297504 0.         0.787025  ]


---1---
rule50: 43472684.215 < budget < 128548136.404
probabilities_array:[0.         0.40078443 0.59921557]

rule11: num_voted_users > 194395.823
probabilities_array:[0.         0.4005371  0.59946287]

rule4: title_year < 1996.389
probabilities_array:[0.        0.3794724 0.6205276]

rule1: 5.730 < imdb_score < 6.470
probabilities_array:[0.         0.37237918 0.6276208 ]

rule51: budget > 128548136.404
probabilities_array:[0.         0.36297375 0.63702625]

rule19: num_user_for_reviews > 584.989
probabilities_array:[0.         0.3517876  0.64821243]

rule10: 97552.226 < num_voted_users < 194395.823
probabilities_array:[0.         0.34448433 0.6555157 ]

rule15: num_critic_for_reviews > 240.350
probabilities_array:[0.        0.3278043 0.6721957]

rule0: imdb_score < 5.730
probabilities_array:[0.         0.32056642 0.6794336 ]

rule18: 315.248 < num_user_for_reviews < 584.989
probabilities_array:[0.         0.31234378 0.6876562 ]

rule14: 158.835 < num_critic_for_reviews < 240.350
probabilities_array:[0.        0.2956402 0.7043598]

rule47: duration > 124.665
probabilities_array:[0.00200842 0.2510811  0.74691045]

rule30: 1888.500 < actor_2_facebook_likes < 4988.377
probabilities_array:[0.         0.24880253 0.75119746]

rule23: director_facebook_likes > 2702.285
probabilities_array:[6.4076978e-04 2.4792473e-01 7.5143450e-01]

rule43: movie_facebook_likes > 22101.612
probabilities_array:[0.0027213  0.23654398 0.7607347 ]

rule35: actor_3_facebook_likes > 1982.286
probabilities_array:[0.         0.20227538 0.7977246 ]

