R2: -0.5220065568206824

MAE: 46058825.55134741

MSE: 6185339667098537.0

Accuracy: 0.7538237436270939

F1: 0.7530470412941677

Confusion Matrix: [[556, 142], [196, 479]]

Uncertainties: {'class0': [0.784223735332489, 0.7803900241851807, 0.772870659828186, 0.7346550226211548, 0.6957623362541199], 'class1': [0.792324423789978, 0.7729310989379883, 0.7695929408073425, 0.7680572271347046, 0.7678719758987427]}

Most important rules
-----------------------------

---0---
rule16: num_user_for_reviews < 36.213
probabilities_array:[0.49723238 0.         0.5027676 ]

rule49: -128635210.599 < budget < 47054239.183
probabilities_array:[0.4190213 0.        0.5809787]

rule51: budget > 222743688.965
probabilities_array:[0.4078639  0.         0.59213614]

rule6: 2003.359 < title_year < 2010.030
probabilities_array:[0.38880783 0.         0.61119217]

rule9: -4916.261 < num_voted_users < 99536.045
probabilities_array:[0.3533373 0.        0.6466627]

rule12: num_critic_for_reviews < 76.372
probabilities_array:[0.30423766 0.         0.69576234]

rule36: cast_total_facebook_likes < 741.946
probabilities_array:[0.26534495 0.         0.734655  ]

rule17: 36.213 < num_user_for_reviews < 316.228
probabilities_array:[0.22449256 0.00263675 0.77287066]

rule25: -114.648 < actor_1_facebook_likes < 7079.738
probabilities_array:[0.21960999 0.         0.78039   ]

rule41: -4904.769 < movie_facebook_likes < 8983.008
probabilities_array:[0.21239376 0.00338254 0.78422374]


---1---
rule4: title_year < 1996.688
probabilities_array:[0.       0.455059 0.544941]

rule50: 47054239.183 < budget < 222743688.965
probabilities_array:[0.         0.4047059  0.59529406]

rule10: 99536.045 < num_voted_users < 203988.351
probabilities_array:[0.         0.3984764  0.60152364]

rule30: 1884.336 < actor_2_facebook_likes < 4511.858
probabilities_array:[0.         0.38934857 0.61065143]

rule37: 741.946 < cast_total_facebook_likes < 10642.832
probabilities_array:[0.         0.38224632 0.6177537 ]

rule11: num_voted_users > 203988.351
probabilities_array:[0.         0.36243856 0.63756144]

rule19: num_user_for_reviews > 596.242
probabilities_array:[0.         0.32867238 0.6713276 ]

rule1: 5.744 < imdb_score < 6.481
probabilities_array:[0.         0.31217015 0.68782985]

rule13: 76.372 < num_critic_for_reviews < 160.795
probabilities_array:[0.         0.30604577 0.6939542 ]

rule0: imdb_score < 5.744
probabilities_array:[0.        0.3032555 0.6967445]

rule38: 10642.832 < cast_total_facebook_likes < 20543.717
probabilities_array:[0.        0.3003147 0.6996853]

rule14: 160.795 < num_critic_for_reviews < 245.219
probabilities_array:[0.       0.297742 0.702258]

rule35: actor_3_facebook_likes > 1985.194
probabilities_array:[0.         0.26893303 0.731067  ]

rule18: 316.228 < num_user_for_reviews < 596.242
probabilities_array:[0.         0.26857987 0.7314201 ]

rule15: num_critic_for_reviews > 245.219
probabilities_array:[0.        0.2319428 0.7680572]

rule43: movie_facebook_likes > 22870.784
probabilities_array:[0.         0.23040703 0.76959294]

rule47: duration > 124.559
probabilities_array:[0.0095998  0.22252823 0.767872  ]

rule21: -1239.877 < director_facebook_likes < 720.031
probabilities_array:[0.         0.22706892 0.7729311 ]

rule34: 729.739 < actor_3_facebook_likes < 1985.194
probabilities_array:[0.         0.20767555 0.7923244 ]

