R2: -0.5040388925036756

MAE: 48455954.86525856

MSE: 7006262424004705.0

Accuracy: 0.7698470502549163

F1: 0.7686442051737084

Confusion Matrix: [[578, 108], [208, 479]]

Uncertainties: {'class0': [0.7964128255844116, 0.7674738764762878, 0.7628383040428162, 0.7403598427772522, 0.6939622163772583], 'class1': [0.794182300567627, 0.7929930686950684, 0.7776442766189575, 0.7730281949043274, 0.7539910674095154]}

Most important rules
-----------------------------

---0---
rule51: budget > 223299830.160
probabilities_array:[0.450308 0.       0.549692]

rule16: num_user_for_reviews < 40.385
probabilities_array:[0.43119144 0.         0.56880856]

rule3: imdb_score > 7.210
probabilities_array:[0.37966302 0.         0.62033695]

rule9: -2808.464 < num_voted_users < 97662.019
probabilities_array:[0.33917925 0.         0.6608208 ]

rule6: 2003.205 < title_year < 2009.900
probabilities_array:[0.30603775 0.         0.6939622 ]

rule12: num_critic_for_reviews < 76.600
probabilities_array:[0.25964013 0.         0.74035984]

rule45: 94.038 < duration < 109.467
probabilities_array:[0.23549978 0.00166193 0.7628383 ]

rule49: -129796804.753 < budget < 46751512.704
probabilities_array:[0.23252615 0.         0.7674739 ]

rule7: title_year > 2009.900
probabilities_array:[0.2035872 0.        0.7964128]


---1---
rule50: 46751512.704 < budget < 223299830.160
probabilities_array:[0.         0.53353304 0.46646693]

rule4: title_year < 1996.511
probabilities_array:[0.         0.48941666 0.51058334]

rule19: num_user_for_reviews > 592.612
probabilities_array:[0.         0.4114891  0.58851093]

rule11: num_voted_users > 198132.501
probabilities_array:[0.         0.39933166 0.6006684 ]

rule15: num_critic_for_reviews > 243.572
probabilities_array:[0.         0.34565088 0.6543491 ]

rule10: 97662.019 < num_voted_users < 198132.501
probabilities_array:[0.        0.3424219 0.6575781]

rule43: movie_facebook_likes > 23604.193
probabilities_array:[0.       0.336364 0.663636]

rule18: 316.499 < num_user_for_reviews < 592.612
probabilities_array:[0.         0.29229528 0.7077047 ]

rule35: actor_3_facebook_likes > 2049.406
probabilities_array:[0.        0.2922717 0.7077283]

rule14: 160.086 < num_critic_for_reviews < 243.572
probabilities_array:[5.9915188e-04 2.6717415e-01 7.3222673e-01]

rule30: 1956.574 < actor_2_facebook_likes < 5127.504
probabilities_array:[0.         0.26285246 0.7371475 ]

rule47: duration > 124.896
probabilities_array:[0.01013612 0.24624108 0.7436227 ]

rule13: 76.600 < num_critic_for_reviews < 160.086
probabilities_array:[0.         0.24930438 0.7506956 ]

rule34: 754.658 < actor_3_facebook_likes < 2049.406
probabilities_array:[0.         0.24734929 0.7526507 ]

rule1: 5.723 < imdb_score < 6.467
probabilities_array:[0.         0.24600893 0.75399107]

rule0: imdb_score < 5.723
probabilities_array:[0.         0.22235574 0.7776443 ]

rule46: 109.467 < duration < 124.896
probabilities_array:[0.01401908 0.2129527  0.7730282 ]

rule42: 8978.317 < movie_facebook_likes < 23604.193
probabilities_array:[0.00720269 0.19980428 0.79299307]

rule26: 7534.310 < actor_1_facebook_likes < 19029.723
probabilities_array:[0.00910676 0.19671094 0.7941823 ]

