R2: -0.49914544254366566

MAE: 47182070.00728332

MSE: 6686028662771053.0

Accuracy: 0.7494537509104151

F1: 0.7491843254541437

Confusion Matrix: [[537, 135], [209, 492]]

Uncertainties: {'class0': [0.7982845902442932, 0.7888696193695068, 0.6175153851509094, 0.6012724041938782, 0.5648448467254639], 'class1': [0.7968569993972778, 0.7938922047615051, 0.7825546264648438, 0.7823606133460999, 0.7801257371902466]}

Most important rules
-----------------------------

---0---
rule16: num_user_for_reviews < 40.795
probabilities_array:[0.5199476 0.        0.4800524]

rule9: -3684.509 < num_voted_users < 98205.055
probabilities_array:[0.46727914 0.         0.53272086]

rule6: 2003.169 < title_year < 2010.002
probabilities_array:[0.43515515 0.         0.56484485]

rule12: num_critic_for_reviews < 75.587
probabilities_array:[0.39872757 0.         0.6012724 ]

rule49: -16028737.890 < budget < 41713952.228
probabilities_array:[0.38248459 0.         0.6175154 ]

rule3: imdb_score > 7.214
probabilities_array:[0.21113037 0.         0.7888696 ]

rule5: 1996.336 < title_year < 2003.169
probabilities_array:[0.20171544 0.         0.7982846 ]


---1---
rule4: title_year < 1996.336
probabilities_array:[0.         0.45798096 0.542019  ]

rule50: 41713952.228 < budget < 99456642.346
probabilities_array:[0.         0.43971398 0.56028605]

rule51: budget > 99456642.346
probabilities_array:[0.         0.41521484 0.58478516]

rule30: 1885.873 < actor_2_facebook_likes < 4493.770
probabilities_array:[0.       0.360413 0.639587]

rule35: actor_3_facebook_likes > 1960.558
probabilities_array:[0.        0.3581484 0.6418516]

rule19: num_user_for_reviews > 586.844
probabilities_array:[0.         0.35164788 0.64835215]

rule1: 5.745 < imdb_score < 6.480
probabilities_array:[0.        0.3413766 0.6586234]

rule18: 313.820 < num_user_for_reviews < 586.844
probabilities_array:[0.         0.26904082 0.7309592 ]

rule10: 98205.055 < num_voted_users < 200094.618
probabilities_array:[0.        0.2603252 0.7396748]

rule11: num_voted_users > 200094.618
probabilities_array:[0.       0.257958 0.742042]

rule43: movie_facebook_likes > 23471.835
probabilities_array:[0.         0.24533021 0.7546698 ]

rule34: 735.746 < actor_3_facebook_likes < 1960.558
probabilities_array:[0.         0.23869659 0.7613034 ]

rule42: 9001.848 < movie_facebook_likes < 23471.835
probabilities_array:[0.00512124 0.2227654  0.7721133 ]

rule47: duration > 124.717
probabilities_array:[1.5272421e-04 2.1972156e-01 7.8012574e-01]

rule14: 160.010 < num_critic_for_reviews < 244.433
probabilities_array:[0.        0.2176394 0.7823606]

rule23: director_facebook_likes > 2635.236
probabilities_array:[0.         0.21744536 0.7825546 ]

rule38: 11130.598 < cast_total_facebook_likes < 24515.127
probabilities_array:[0.         0.20610778 0.7938922 ]

rule0: imdb_score < 5.745
probabilities_array:[0.         0.20314299 0.796857  ]

