R2: -0.5091311450234115

MAE: 50295978.83685361

MSE: 7498274470052801.0

Accuracy: 0.7589220684632192

F1: 0.7587172801692992

Confusion Matrix: [[541, 128], [203, 501]]

Uncertainties: {'class0': [0.7853965163230896, 0.7717514038085938, 0.7663532495498657, 0.7155125141143799, 0.6365371942520142], 'class1': [0.7937628030776978, 0.7802781462669373, 0.7735587358474731, 0.7590301036834717, 0.7427206635475159]}

Most important rules
-----------------------------

---0---
rule51: budget > 215381589.691
probabilities_array:[0.45160595 0.         0.548394  ]

rule9: -595.226 < num_voted_users < 95848.257
probabilities_array:[0.40545556 0.         0.5945444 ]

rule3: imdb_score > 7.201
probabilities_array:[0.37555757 0.         0.62444246]

rule16: num_user_for_reviews < 43.538
probabilities_array:[0.37010634 0.         0.62989366]

rule49: -124448027.906 < budget < 45466780.892
probabilities_array:[0.3634628 0.        0.6365372]

rule6: 2003.506 < title_year < 2009.819
probabilities_array:[0.28448746 0.         0.7155125 ]

rule45: 93.937 < duration < 109.078
probabilities_array:[0.23364674 0.         0.76635325]

rule12: num_critic_for_reviews < 76.358
probabilities_array:[0.22824863 0.         0.7717514 ]

rule41: -5322.045 < movie_facebook_likes < 8601.305
probabilities_array:[0.21460347 0.         0.7853965 ]


---1---
rule4: title_year < 1997.192
probabilities_array:[0.         0.54527265 0.45472732]

rule11: num_voted_users > 192291.740
probabilities_array:[0.         0.44886714 0.55113286]

rule50: 45466780.892 < budget < 215381589.691
probabilities_array:[0.        0.4033973 0.5966027]

rule19: num_user_for_reviews > 577.803
probabilities_array:[0.        0.4014842 0.5985158]

rule1: 5.719 < imdb_score < 6.460
probabilities_array:[0.        0.3846624 0.6153376]

rule10: 95848.257 < num_voted_users < 192291.740
probabilities_array:[0.         0.3713276  0.62867236]

rule14: 158.361 < num_critic_for_reviews < 240.365
probabilities_array:[0.        0.3591255 0.6408745]

rule15: num_critic_for_reviews > 240.365
probabilities_array:[0.         0.35707903 0.642921  ]

rule0: imdb_score < 5.719
probabilities_array:[0.         0.32622948 0.67377055]

rule13: 76.358 < num_critic_for_reviews < 158.361
probabilities_array:[0.         0.29637608 0.70362395]

rule30: 1930.665 < actor_2_facebook_likes < 5049.285
probabilities_array:[0.         0.26867652 0.7313235 ]

rule35: actor_3_facebook_likes > 1937.424
probabilities_array:[0.         0.25727934 0.74272066]

rule43: movie_facebook_likes > 22524.655
probabilities_array:[0.         0.24096987 0.7590301 ]

rule18: 310.670 < num_user_for_reviews < 577.803
probabilities_array:[0.         0.2264413  0.77355874]

rule23: director_facebook_likes > 2705.982
probabilities_array:[0.02037248 0.19934931 0.78027815]

rule47: duration > 124.220
probabilities_array:[0.        0.2062372 0.7937628]

