R2: -0.501375947816262

MAE: 50627174.120903134

MSE: 7675218726093523.0

Accuracy: 0.7509104151493081

F1: 0.7506880996980008

Confusion Matrix: [[536, 148], [194, 495]]

Uncertainties: {'class0': [0.7977851033210754, 0.7877185940742493, 0.782311201095581, 0.759223997592926, 0.7503147125244141], 'class1': [0.7988712787628174, 0.7892652153968811, 0.7882250547409058, 0.7746732831001282, 0.7690246105194092]}

Most important rules
-----------------------------

---0---
rule16: num_user_for_reviews < 44.018
probabilities_array:[0.43549526 0.         0.56450474]

rule49: -127242770.978 < budget < 44681427.393
probabilities_array:[0.41040117 0.         0.58959883]

rule9: -2567.076 < num_voted_users < 96404.997
probabilities_array:[0.4089467 0.        0.5910533]

rule6: 2003.235 < title_year < 2009.865
probabilities_array:[0.3709812  0.         0.62901884]

rule12: num_critic_for_reviews < 76.359
probabilities_array:[0.25773516 0.         0.7422648 ]

rule7: title_year > 2009.865
probabilities_array:[0.25654757 0.         0.7434524 ]

rule3: imdb_score > 7.185
probabilities_array:[0.24968529 0.         0.7503147 ]

rule22: 694.178 < director_facebook_likes < 2593.094
probabilities_array:[0.24077599 0.         0.759224  ]

rule51: budget > 216605625.764
probabilities_array:[0.21768877 0.         0.7823112 ]

rule45: 94.048 < duration < 109.357
probabilities_array:[0.2029356  0.00934582 0.7877186 ]

rule44: duration < 94.048
probabilities_array:[2.0186377e-01 3.5112098e-04 7.9778510e-01]


---1---
rule4: title_year < 1996.606
probabilities_array:[0.        0.5044385 0.4955615]

rule19: num_user_for_reviews > 573.007
probabilities_array:[0.         0.42013195 0.579868  ]

rule50: 44681427.393 < budget < 216605625.764
probabilities_array:[0.        0.4047802 0.5952198]

rule11: num_voted_users > 195377.071
probabilities_array:[0.        0.3936237 0.6063763]

rule1: 5.724 < imdb_score < 6.455
probabilities_array:[0.         0.35448858 0.64551145]

rule14: 158.159 < num_critic_for_reviews < 239.958
probabilities_array:[0.         0.34754825 0.65245175]

rule15: num_critic_for_reviews > 239.958
probabilities_array:[0.        0.3410688 0.6589312]

rule30: 1854.726 < actor_2_facebook_likes < 4908.129
probabilities_array:[0.         0.33537397 0.664626  ]

rule10: 96404.997 < num_voted_users < 195377.071
probabilities_array:[0.         0.3221316  0.67786837]

rule13: 76.359 < num_critic_for_reviews < 158.159
probabilities_array:[0.00146887 0.30719236 0.6913388 ]

rule0: imdb_score < 5.724
probabilities_array:[0.        0.2736601 0.7263399]

rule18: 308.513 < num_user_for_reviews < 573.007
probabilities_array:[0.         0.25953123 0.7404688 ]

rule47: duration > 124.666
probabilities_array:[0.00245636 0.24083509 0.7567085 ]

rule35: actor_3_facebook_likes > 1965.252
probabilities_array:[0.         0.23097537 0.7690246 ]

rule39: cast_total_facebook_likes > 24845.474
probabilities_array:[3.1850618e-04 2.2500819e-01 7.7467328e-01]

rule23: director_facebook_likes > 2593.094
probabilities_array:[0.         0.21073475 0.7892652 ]

rule34: 731.543 < actor_3_facebook_likes < 1965.252
probabilities_array:[0.00902389 0.20275107 0.78822505]

rule43: movie_facebook_likes > 21641.288
probabilities_array:[0.         0.20112875 0.7988713 ]

