R2: -0.5210100544053895

MAE: 47842045.632920615

MSE: 6681945919131186.0

Accuracy: 0.7545520757465404

F1: 0.7535396309227995

Confusion Matrix: [[562, 134], [203, 474]]

Uncertainties: {'class0': [0.6984253525733948, 0.6628919839859009, 0.661762535572052, 0.6380282044410706, 0.6005632877349854], 'class1': [0.7933399081230164, 0.7868494391441345, 0.777046263217926, 0.7764567732810974, 0.7669854164123535]}

Most important rules
-----------------------------

---0---
rule16: num_user_for_reviews < 45.726
probabilities_array:[0.5054011  0.         0.49459895]

rule3: imdb_score > 7.208
probabilities_array:[0.3994367 0.        0.6005633]

rule9: -2592.989 < num_voted_users < 97464.591
probabilities_array:[0.3619718 0.        0.6380282]

rule12: num_critic_for_reviews < 75.122
probabilities_array:[0.33823746 0.         0.66176254]

rule6: 2003.100 < title_year < 2009.893
probabilities_array:[0.33710802 0.         0.662892  ]

rule49: -22803050.558 < budget < 42422104.623
probabilities_array:[0.30157462 0.         0.69842535]


---1---
rule4: title_year < 1996.306
probabilities_array:[0.         0.5414133  0.45858672]

rule51: budget > 107647259.803
probabilities_array:[0.         0.49091998 0.50908005]

rule10: 97464.591 < num_voted_users < 197522.170
probabilities_array:[0.         0.42491394 0.57508606]

rule19: num_user_for_reviews > 576.837
probabilities_array:[0.         0.41669172 0.5833083 ]

rule11: num_voted_users > 197522.170
probabilities_array:[0.         0.40656024 0.59343976]

rule50: 42422104.623 < budget < 107647259.803
probabilities_array:[0.         0.37043515 0.6295648 ]

rule14: 159.382 < num_critic_for_reviews < 243.641
probabilities_array:[0.         0.36156476 0.63843524]

rule30: 1895.332 < actor_2_facebook_likes < 4994.412
probabilities_array:[0.         0.34755015 0.65244985]

rule15: num_critic_for_reviews > 243.641
probabilities_array:[0.         0.29598287 0.70401716]

rule13: 75.122 < num_critic_for_reviews < 159.382
probabilities_array:[0.         0.2517936  0.74820644]

rule35: actor_3_facebook_likes > 1967.992
probabilities_array:[0.00680049 0.2451688  0.7480307 ]

rule1: 5.738 < imdb_score < 6.473
probabilities_array:[0.         0.23301458 0.7669854 ]

rule43: movie_facebook_likes > 23560.643
probabilities_array:[0.         0.22354321 0.7764568 ]

rule34: 726.795 < actor_3_facebook_likes < 1967.992
probabilities_array:[0.         0.21315056 0.78684944]

rule18: 311.282 < num_user_for_reviews < 576.837
probabilities_array:[0.        0.2066601 0.7933399]

rule47: duration > 124.842
probabilities_array:[0.03247216 0.19048154 0.77704626]

