R2: -0.5095324257080478

MAE: 48646873.23088128

MSE: 7010965376338706.0

Accuracy: 0.7589220684632192

F1: 0.7580163284387774

Confusion Matrix: [[563, 120], [211, 479]]

Uncertainties: {'class0': [0.7128061056137085, 0.6789491772651672, 0.6744735836982727, 0.6168316602706909, 0.5583342909812927], 'class1': [0.7935073971748352, 0.7655712366104126, 0.7586408257484436, 0.7508214116096497, 0.7399401664733887]}

Most important rules
-----------------------------

---0---
rule16: num_user_for_reviews < 43.660
probabilities_array:[0.47338504 0.         0.52661496]

rule3: imdb_score > 7.200
probabilities_array:[0.44166568 0.         0.5583343 ]

rule9: -1668.561 < num_voted_users < 99356.725
probabilities_array:[0.38316834 0.         0.61683166]

rule6: 2003.180 < title_year < 2009.911
probabilities_array:[0.3255264 0.        0.6744736]

rule49: -40579092.875 < budget < 44338383.157
probabilities_array:[0.3210508 0.        0.6789492]

rule12: num_critic_for_reviews < 77.125
probabilities_array:[0.28719392 0.         0.7128061 ]


---1---
rule4: title_year < 1996.448
probabilities_array:[0.       0.490096 0.509904]

rule19: num_user_for_reviews > 596.127
probabilities_array:[0.         0.48558888 0.51441115]

rule51: budget > 129255859.189
probabilities_array:[0.        0.3962049 0.6037951]

rule30: 1864.995 < actor_2_facebook_likes < 4426.330
probabilities_array:[0.         0.37967473 0.62032527]

rule11: num_voted_users > 200382.010
probabilities_array:[0.         0.36725187 0.6327481 ]

rule50: 44338383.157 < budget < 129255859.189
probabilities_array:[0.         0.36008525 0.63991475]

rule10: 99356.725 < num_voted_users < 200382.010
probabilities_array:[0.         0.33090118 0.66909885]

rule1: 5.739 < imdb_score < 6.469
probabilities_array:[0.         0.3297883  0.67021173]

rule23: director_facebook_likes > 2927.124
probabilities_array:[0.        0.3221618 0.6778382]

rule14: 158.875 < num_critic_for_reviews < 240.625
probabilities_array:[0.         0.32176986 0.67823017]

rule15: num_critic_for_reviews > 240.625
probabilities_array:[0.         0.31100923 0.6889908 ]

rule18: 319.894 < num_user_for_reviews < 596.127
probabilities_array:[0.         0.31060132 0.6893987 ]

rule43: movie_facebook_likes > 22562.567
probabilities_array:[0.        0.2912789 0.7087211]

rule13: 77.125 < num_critic_for_reviews < 158.875
probabilities_array:[0.         0.26005983 0.73994017]

rule34: 699.674 < actor_3_facebook_likes < 1817.396
probabilities_array:[0.         0.24917857 0.7508214 ]

rule47: duration > 125.005
probabilities_array:[0.00905588 0.23230329 0.7586408 ]

rule0: imdb_score < 5.739
probabilities_array:[0.         0.23442875 0.76557124]

rule35: actor_3_facebook_likes > 1817.396
probabilities_array:[0.         0.20649257 0.7935074 ]

