R2: -0.45771381372074327

MAE: 49279674.170429714

MSE: 7734122091095445.0

Accuracy: 0.764748725418791

F1: 0.7629981749728116

Confusion Matrix: [[584, 126], [197, 466]]

Uncertainties: {'class0': [0.792282223701477, 0.7909064888954163, 0.7550990581512451, 0.7363032698631287, 0.6885867118835449], 'class1': [0.793195903301239, 0.7712231278419495, 0.7583427429199219, 0.7512404322624207, 0.7458600997924805]}

Most important rules
-----------------------------

---0---
rule9: -759.489 < num_voted_users < 97253.273
probabilities_array:[0.42155713 0.         0.5784429 ]

rule51: budget > 224328372.276
probabilities_array:[0.39460012 0.         0.6053999 ]

rule16: num_user_for_reviews < 48.204
probabilities_array:[0.37930503 0.         0.62069494]

rule49: -129551790.547 < budget < 47388290.865
probabilities_array:[0.37222573 0.         0.62777424]

rule12: num_critic_for_reviews < 76.876
probabilities_array:[0.34782642 0.         0.6521736 ]

rule6: 2003.324 < title_year < 2009.947
probabilities_array:[0.34010926 0.         0.6598907 ]

rule3: imdb_score > 7.214
probabilities_array:[0.32494983 0.         0.6750502 ]

rule36: cast_total_facebook_likes < 947.124
probabilities_array:[3.114119e-01 1.467909e-06 6.885867e-01]

rule24: actor_1_facebook_likes < 85.230
probabilities_array:[0.2636967  0.         0.73630327]

rule41: -5562.412 < movie_facebook_likes < 8922.240
probabilities_array:[0.24490097 0.         0.75509906]

rule45: 94.521 < duration < 110.128
probabilities_array:[0.20781834 0.00127516 0.7909065 ]

rule7: title_year > 2009.947
probabilities_array:[0.20771775 0.         0.7922822 ]


---1---
rule19: num_user_for_reviews > 583.007
probabilities_array:[0.         0.44421402 0.55578595]

rule50: 47388290.865 < budget < 224328372.276
probabilities_array:[0.         0.43613434 0.56386566]

rule4: title_year < 1996.702
probabilities_array:[0.         0.40912184 0.5908782 ]

rule10: 97253.273 < num_voted_users < 195266.034
probabilities_array:[0.        0.4064237 0.5935763]

rule1: 5.726 < imdb_score < 6.470
probabilities_array:[0.         0.37374508 0.6262549 ]

rule30: 1841.441 < actor_2_facebook_likes < 4390.553
probabilities_array:[0.         0.36482802 0.635172  ]

rule0: imdb_score < 5.726
probabilities_array:[0.         0.34285152 0.6571485 ]

rule11: num_voted_users > 195266.034
probabilities_array:[0.         0.33995652 0.6600435 ]

rule38: 10609.501 < cast_total_facebook_likes < 20271.877
probabilities_array:[0.         0.28472474 0.7152753 ]

rule37: 947.124 < cast_total_facebook_likes < 10609.501
probabilities_array:[5.4880604e-04 2.6663885e-01 7.3281240e-01]

rule27: actor_1_facebook_likes > 14173.272
probabilities_array:[0.         0.26626673 0.7337333 ]

rule43: movie_facebook_likes > 23406.892
probabilities_array:[0.         0.26559988 0.7344001 ]

rule47: duration > 125.735
probabilities_array:[0.00291702 0.26315558 0.7339274 ]

rule13: 76.876 < num_critic_for_reviews < 160.075
probabilities_array:[0.         0.25413987 0.7458601 ]

rule15: num_critic_for_reviews > 243.274
probabilities_array:[4.1413706e-04 2.4834543e-01 7.5124043e-01]

rule18: 315.606 < num_user_for_reviews < 583.007
probabilities_array:[0.         0.22877686 0.7712231 ]

rule46: 110.128 < duration < 125.735
probabilities_array:[0.02566889 0.2159884  0.75834274]

rule35: actor_3_facebook_likes > 1863.144
probabilities_array:[0.05835477 0.19899008 0.7426551 ]

rule14: 160.075 < num_critic_for_reviews < 243.274
probabilities_array:[0.        0.2068041 0.7931959]

