R2: -0.5314437009019155

MAE: 46919813.16314639

MSE: 6343860973562119.0

Accuracy: 0.774217042971595

F1: 0.7722685928303905

Confusion Matrix: [[595, 128], [182, 468]]

Uncertainties: {'class0': [0.7905300259590149, 0.7621929049491882, 0.7084265351295471, 0.6818903684616089, 0.6627157926559448], 'class1': [0.7923294305801392, 0.783308207988739, 0.7780677676200867, 0.7587075233459473, 0.7583661079406738]}

Most important rules
-----------------------------

---0---
rule3: imdb_score > 7.216
probabilities_array:[0.4338981 0.        0.5661019]

rule16: num_user_for_reviews < 38.506
probabilities_array:[0.3850886 0.        0.6149114]

rule12: num_critic_for_reviews < 76.779
probabilities_array:[0.3372842 0.        0.6627158]

rule9: -2370.582 < num_voted_users < 99291.577
probabilities_array:[0.31810963 0.         0.68189037]

rule6: 2003.241 < title_year < 2009.966
probabilities_array:[0.29157346 0.         0.70842654]

rule49: -35189472.087 < budget < 42730302.849
probabilities_array:[0.2378071 0.        0.7621929]

rule7: title_year > 2009.966
probabilities_array:[0.20946997 0.         0.79053   ]


---1---
rule50: 42730302.849 < budget < 120650077.785
probabilities_array:[0.         0.5032527  0.49674731]

rule4: title_year < 1996.516
probabilities_array:[0.         0.47697482 0.5230252 ]

rule51: budget > 120650077.785
probabilities_array:[0.         0.46238324 0.5376168 ]

rule10: 99291.577 < num_voted_users < 200953.736
probabilities_array:[0.         0.44076777 0.55923223]

rule11: num_voted_users > 200953.736
probabilities_array:[0.        0.4094079 0.5905921]

rule19: num_user_for_reviews > 602.729
probabilities_array:[0.         0.36788192 0.6321181 ]

rule35: actor_3_facebook_likes > 2011.668
probabilities_array:[0.         0.31191057 0.68808943]

rule15: num_critic_for_reviews > 245.504
probabilities_array:[0.         0.28767204 0.71232796]

rule1: 5.747 < imdb_score < 6.482
probabilities_array:[0.         0.28734824 0.7126517 ]

rule18: 320.618 < num_user_for_reviews < 602.729
probabilities_array:[0.         0.25858584 0.7414142 ]

rule14: 161.142 < num_critic_for_reviews < 245.504
probabilities_array:[0.         0.25119296 0.7488071 ]

rule46: 109.607 < duration < 125.119
probabilities_array:[0.00542972 0.24597426 0.748596  ]

rule30: 1939.863 < actor_2_facebook_likes < 5068.989
probabilities_array:[0.         0.24129248 0.7587075 ]

rule42: 9058.056 < movie_facebook_likes < 23467.651
probabilities_array:[0.0247125  0.21692134 0.7583661 ]

rule43: movie_facebook_likes > 23467.651
probabilities_array:[0.00167217 0.22026014 0.77806777]

rule23: director_facebook_likes > 2733.182
probabilities_array:[0.         0.21669176 0.7833082 ]

rule47: duration > 125.119
probabilities_array:[0.         0.20767055 0.79232943]

rule26: 7304.354 < actor_1_facebook_likes < 15427.517
probabilities_array:[0.08414791 0.16765277 0.7481994 ]

