R2: -0.48135998037842787

MAE: 49671121.21340131

MSE: 7592692660722921.0

Accuracy: 0.7858703568827385

F1: 0.7855972822415134

Confusion Matrix: [[564, 114], [180, 515]]

Uncertainties: {'class0': [0.7807325720787048, 0.7425381541252136, 0.7153248190879822, 0.6719125509262085, 0.6462710499763489], 'class1': [0.7771781086921692, 0.7769314646720886, 0.7722111940383911, 0.7704594731330872, 0.7697377800941467]}

Most important rules
-----------------------------

---0---
rule51: budget > 226016625.695
probabilities_array:[0.51721203 0.         0.48278797]

rule16: num_user_for_reviews < 48.729
probabilities_array:[0.51091015 0.         0.48908982]

rule9: -1239.822 < num_voted_users < 97354.567
probabilities_array:[0.38623792 0.         0.6137621 ]

rule49: -131394115.869 < budget < 47311254.913
probabilities_array:[0.35372892 0.         0.64627105]

rule3: imdb_score > 7.204
probabilities_array:[0.32808745 0.         0.67191255]

rule22: 738.932 < director_facebook_likes < 2716.927
probabilities_array:[0.28467515 0.         0.7153248 ]

rule12: num_critic_for_reviews < 78.030
probabilities_array:[0.25746188 0.         0.74253815]

rule6: 2003.496 < title_year < 2009.974
probabilities_array:[0.21926744 0.         0.7807326 ]


---1---
rule4: title_year < 1997.018
probabilities_array:[0.         0.5129642  0.48703584]

rule50: 47311254.913 < budget < 226016625.695
probabilities_array:[0.         0.46270618 0.5372938 ]

rule11: num_voted_users > 195948.957
probabilities_array:[0.         0.42889327 0.57110673]

rule19: num_user_for_reviews > 571.387
probabilities_array:[0.         0.41436946 0.58563054]

rule10: 97354.567 < num_voted_users < 195948.957
probabilities_array:[0.         0.40459427 0.59540576]

rule1: 5.711 < imdb_score < 6.458
probabilities_array:[0.         0.3056399  0.69436014]

rule18: 310.058 < num_user_for_reviews < 571.387
probabilities_array:[0.01813884 0.26479498 0.7170662 ]

rule46: 109.531 < duration < 124.718
probabilities_array:[0.        0.2553404 0.7446596]

rule43: movie_facebook_likes > 22711.681
probabilities_array:[5.3668151e-05 2.4668804e-01 7.5325829e-01]

rule47: duration > 124.718
probabilities_array:[0.00960227 0.24075526 0.74964243]

rule0: imdb_score < 5.711
probabilities_array:[0.         0.24156332 0.7584367 ]

rule13: 78.030 < num_critic_for_reviews < 160.024
probabilities_array:[0.         0.22954051 0.7704595 ]

rule15: num_critic_for_reviews > 242.017
probabilities_array:[0.         0.22778878 0.7722112 ]

rule14: 160.024 < num_critic_for_reviews < 242.017
probabilities_array:[0.00682399 0.2234383  0.7697378 ]

rule30: 1852.608 < actor_2_facebook_likes < 4928.940
probabilities_array:[0.00747844 0.21534345 0.7771781 ]

rule38: 10955.553 < cast_total_facebook_likes < 24358.651
probabilities_array:[0.03479646 0.18827209 0.77693146]

