R2: -0.46966012451777917

MAE: 49156129.423889294

MSE: 7561112125245498.0

Accuracy: 0.7778587035688274

F1: 0.7766259051327529

Confusion Matrix: [[585, 115], [190, 483]]

Uncertainties: {'class0': [0.7806574106216431, 0.7701157331466675, 0.7603569030761719, 0.7442854046821594, 0.6897990703582764], 'class1': [0.7651545405387878, 0.7607864141464233, 0.7555011510848999, 0.745768666267395, 0.7424089908599854]}

Most important rules
-----------------------------

---0---
rule9: -1290.065 < num_voted_users < 96083.723
probabilities_array:[0.48207638 0.         0.51792365]

rule49: -126317482.382 < budget < 46253841.335
probabilities_array:[0.42637122 0.         0.5736288 ]

rule16: num_user_for_reviews < 48.841
probabilities_array:[0.4214648 0.        0.5785352]

rule51: budget > 218825165.052
probabilities_array:[0.36458087 0.         0.63541913]

rule36: cast_total_facebook_likes < 715.597
probabilities_array:[0.3122368 0.        0.6877632]

rule6: 2003.316 < title_year < 2009.909
probabilities_array:[0.31020093 0.         0.6897991 ]

rule7: title_year > 2009.909
probabilities_array:[0.25571463 0.         0.7442854 ]

rule45: 94.431 < duration < 109.348
probabilities_array:[0.2384628  0.00118033 0.7603569 ]

rule12: num_critic_for_reviews < 77.537
probabilities_array:[0.21934259 0.         0.7806574 ]

rule25: -235.315 < actor_1_facebook_likes < 7096.747
probabilities_array:[0.20101291 0.02887134 0.77011573]


---1---
rule4: title_year < 1996.722
probabilities_array:[0.        0.4190914 0.5809086]

rule37: 715.597 < cast_total_facebook_likes < 10582.861
probabilities_array:[0.         0.40937564 0.59062433]

rule50: 46253841.335 < budget < 218825165.052
probabilities_array:[0.         0.39047113 0.6095289 ]

rule10: 96083.723 < num_voted_users < 193457.512
probabilities_array:[0.        0.3641221 0.6358779]

rule11: num_voted_users > 193457.512
probabilities_array:[0.         0.35684642 0.64315355]

rule19: num_user_for_reviews > 573.530
probabilities_array:[0.         0.33109915 0.66890085]

rule30: 1836.086 < actor_2_facebook_likes < 4388.497
probabilities_array:[0.         0.30478874 0.69521123]

rule1: 5.726 < imdb_score < 6.467
probabilities_array:[0.         0.29275885 0.7072411 ]

rule0: imdb_score < 5.726
probabilities_array:[0.        0.2922073 0.7077927]

rule15: num_critic_for_reviews > 241.414
probabilities_array:[0.00547713 0.28010896 0.7144139 ]

rule14: 159.476 < num_critic_for_reviews < 241.414
probabilities_array:[0.         0.27672204 0.7232779 ]

rule43: movie_facebook_likes > 22595.183
probabilities_array:[0.00212173 0.26988563 0.7279927 ]

rule38: 10582.861 < cast_total_facebook_likes < 20450.126
probabilities_array:[0.        0.2660151 0.7339849]

rule27: actor_1_facebook_likes > 14428.809
probabilities_array:[0.         0.26371542 0.7362846 ]

rule21: -1240.795 < director_facebook_likes < 759.046
probabilities_array:[0.       0.257591 0.742409]

rule18: 311.186 < num_user_for_reviews < 573.530
probabilities_array:[0.         0.25423133 0.74576867]

rule23: director_facebook_likes > 2758.887
probabilities_array:[0.00088589 0.24361293 0.75550115]

rule35: actor_3_facebook_likes > 1947.950
probabilities_array:[0.         0.23921362 0.7607864 ]

rule13: 77.537 < num_critic_for_reviews < 159.476
probabilities_array:[0.         0.23484547 0.76515454]

