R2: -0.46118817359546793

MAE: 49972806.09541151

MSE: 7912119864866746.0

Accuracy: 0.764748725418791

F1: 0.7646987975459603

Confusion Matrix: [[535, 112], [211, 515]]

Uncertainties: {'class0': [0.7444453239440918, 0.694670557975769, 0.6633361577987671, 0.6381012797355652, 0.6212672591209412], 'class1': [0.7961710691452026, 0.7792152762413025, 0.7658014297485352, 0.7573651671409607, 0.7477645874023438]}

Most important rules
-----------------------------

---0---
rule16: num_user_for_reviews < 46.896
probabilities_array:[0.54174423 0.         0.45825577]

rule9: -617.589 < num_voted_users < 95464.787
probabilities_array:[0.45027536 0.         0.54972464]

rule12: num_critic_for_reviews < 75.835
probabilities_array:[0.37873277 0.         0.62126726]

rule3: imdb_score > 7.206
probabilities_array:[0.36189875 0.         0.6381013 ]

rule49: -39893932.306 < budget < 42921996.018
probabilities_array:[0.33666384 0.         0.66333616]

rule6: 2003.285 < title_year < 2009.984
probabilities_array:[0.30532944 0.         0.69467056]

rule45: 94.025 < duration < 109.650
probabilities_array:[0.24961552 0.00593914 0.7444453 ]


---1---
rule4: title_year < 1996.586
probabilities_array:[0.        0.5423141 0.4576859]

rule50: 42921996.018 < budget < 125737924.342
probabilities_array:[0.         0.46321332 0.5367867 ]

rule19: num_user_for_reviews > 576.595
probabilities_array:[0.        0.4181767 0.5818233]

rule30: 1931.341 < actor_2_facebook_likes < 5064.912
probabilities_array:[0.        0.3628571 0.6371429]

rule0: imdb_score < 5.718
probabilities_array:[0.         0.35109538 0.6489046 ]

rule15: num_critic_for_reviews > 241.880
probabilities_array:[0.         0.32991317 0.6700868 ]

rule10: 95464.787 < num_voted_users < 191547.163
probabilities_array:[0.         0.32937264 0.67062736]

rule1: 5.718 < imdb_score < 6.462
probabilities_array:[0.        0.3140606 0.6859394]

rule14: 158.857 < num_critic_for_reviews < 241.880
probabilities_array:[0.         0.30347642 0.69652355]

rule51: budget > 125737924.342
probabilities_array:[0.         0.27813813 0.72186184]

rule11: num_voted_users > 191547.163
probabilities_array:[0.      0.27424 0.72576]

rule18: 311.746 < num_user_for_reviews < 576.595
probabilities_array:[0.         0.25223538 0.7477646 ]

rule35: actor_3_facebook_likes > 1938.326
probabilities_array:[0.01215853 0.22204004 0.7658014 ]

rule31: actor_2_facebook_likes > 5064.912
probabilities_array:[0.0325666  0.21006823 0.75736517]

rule26: 7469.344 < actor_1_facebook_likes < 18467.342
probabilities_array:[0.01016864 0.2106161  0.7792153 ]

rule43: movie_facebook_likes > 23294.702
probabilities_array:[0.00419986 0.19962904 0.79617107]

