R2: -0.4933922684662453

MAE: 49012079.53605244

MSE: 7270847391424780.0

Accuracy: 0.763292061179898

F1: 0.7624447336969398

Confusion Matrix: [[565, 112], [213, 483]]

Uncertainties: {'class0': [0.7791888117790222, 0.7658559083938599, 0.7113052606582642, 0.6958233118057251, 0.6355268359184265], 'class1': [0.7924288511276245, 0.7831627726554871, 0.7622607946395874, 0.7532739043235779, 0.7479743361473083]}

Most important rules
-----------------------------

---0---
rule36: cast_total_facebook_likes < 421.590
probabilities_array:[0.43717065 0.         0.5628294 ]

rule49: -35231218.317 < budget < 42280781.433
probabilities_array:[0.40803176 0.         0.59196824]

rule16: num_user_for_reviews < 38.121
probabilities_array:[0.37626857 0.         0.62373143]

rule9: -2842.773 < num_voted_users < 98130.271
probabilities_array:[0.37407959 0.         0.6259204 ]

rule6: 2003.252 < title_year < 2009.934
probabilities_array:[0.3644732  0.         0.63552684]

rule12: num_critic_for_reviews < 77.017
probabilities_array:[0.30417666 0.         0.6958233 ]

rule7: title_year > 2009.934
probabilities_array:[0.28869477 0.         0.71130526]

rule41: -5754.787 < movie_facebook_likes < 8752.312
probabilities_array:[0.2142789  0.01986516 0.7658559 ]

rule25: -698.755 < actor_1_facebook_likes < 7298.884
probabilities_array:[0.1902146  0.03059655 0.7791888 ]


---1---
rule4: title_year < 1996.571
probabilities_array:[0.         0.41721156 0.5827884 ]

rule19: num_user_for_reviews > 594.933
probabilities_array:[0.         0.3996047  0.60039526]

rule50: 42280781.433 < budget < 119792781.183
probabilities_array:[0.         0.36059904 0.63940096]

rule11: num_voted_users > 199103.314
probabilities_array:[0.        0.3530386 0.6469614]

rule37: 421.590 < cast_total_facebook_likes < 10742.943
probabilities_array:[0.         0.34651035 0.65348965]

rule10: 98130.271 < num_voted_users < 199103.314
probabilities_array:[0.         0.34170416 0.6582958 ]

rule51: budget > 119792781.183
probabilities_array:[0.         0.33356726 0.66643274]

rule1: 5.738 < imdb_score < 6.476
probabilities_array:[0.         0.31076568 0.6892343 ]

rule14: 157.855 < num_critic_for_reviews < 238.693
probabilities_array:[0.00594087 0.29294646 0.7011126 ]

rule18: 316.527 < num_user_for_reviews < 594.933
probabilities_array:[0.         0.29521835 0.70478165]

rule15: num_critic_for_reviews > 238.693
probabilities_array:[0.         0.29495478 0.7050452 ]

rule47: duration > 124.509
probabilities_array:[0.01208392 0.27704698 0.7108691 ]

rule30: 1829.238 < actor_2_facebook_likes < 4392.354
probabilities_array:[0.         0.27856967 0.7214303 ]

rule0: imdb_score < 5.738
probabilities_array:[0.        0.2640592 0.7359408]

rule38: 10742.943 < cast_total_facebook_likes < 21064.295
probabilities_array:[0.         0.25202566 0.74797434]

rule35: actor_3_facebook_likes > 1892.417
probabilities_array:[0.         0.24672611 0.7532739 ]

rule23: director_facebook_likes > 2918.495
probabilities_array:[0.         0.23773918 0.7622608 ]

rule21: -1288.016 < director_facebook_likes < 815.239
probabilities_array:[0.00330938 0.21352784 0.7831628 ]

rule43: movie_facebook_likes > 23259.412
probabilities_array:[0.         0.20757116 0.79242885]

