R2: -0.5227404528184214

MAE: 46642667.04151493

MSE: 6337297981802899.0

Accuracy: 0.7501820830298617

F1: 0.7492435065090655

Confusion Matrix: [[557, 144], [199, 473]]

Uncertainties: {'class0': [0.7917969822883606, 0.6149810552597046, 0.611353874206543, 0.5732799768447876, 0.5276954770088196], 'class1': [0.7921332716941833, 0.7875356674194336, 0.7798824906349182, 0.7706134915351868, 0.7597574591636658]}

Most important rules
-----------------------------

---0---
rule9: -1737.772 < num_voted_users < 99541.445
probabilities_array:[0.50793236 0.         0.4920676 ]

rule51: budget > 216298844.184
probabilities_array:[0.48615694 0.         0.51384306]

rule49: -124061221.566 < budget < 46118811.309
probabilities_array:[0.4723045 0.        0.5276955]

rule16: num_user_for_reviews < 41.823
probabilities_array:[0.42672002 0.         0.57328   ]

rule3: imdb_score > 7.227
probabilities_array:[0.38864613 0.         0.6113539 ]

rule6: 2003.466 < title_year < 2010.046
probabilities_array:[0.38501891 0.         0.61498106]

rule12: num_critic_for_reviews < 77.517
probabilities_array:[0.208203 0.       0.791797]


---1---
rule11: num_voted_users > 200820.662
probabilities_array:[0.         0.48102173 0.5189783 ]

rule4: title_year < 1996.886
probabilities_array:[0.         0.47156054 0.52843946]

rule10: 99541.445 < num_voted_users < 200820.662
probabilities_array:[0.        0.4265428 0.5734572]

rule19: num_user_for_reviews > 590.249
probabilities_array:[0.         0.41754642 0.58245355]

rule1: 5.757 < imdb_score < 6.492
probabilities_array:[0.       0.387778 0.612222]

rule18: 316.036 < num_user_for_reviews < 590.249
probabilities_array:[0.         0.38777712 0.61222285]

rule50: 46118811.309 < budget < 216298844.184
probabilities_array:[0.         0.35913625 0.6408637 ]

rule30: 1923.025 < actor_2_facebook_likes < 5055.772
probabilities_array:[0.        0.3552565 0.6447435]

rule0: imdb_score < 5.757
probabilities_array:[0.         0.34342068 0.6565793 ]

rule15: num_critic_for_reviews > 244.875
probabilities_array:[0.         0.29126155 0.70873845]

rule13: 77.517 < num_critic_for_reviews < 161.196
probabilities_array:[0.         0.26314053 0.73685944]

rule43: movie_facebook_likes > 23534.123
probabilities_array:[0.         0.24944167 0.7505583 ]

rule14: 161.196 < num_critic_for_reviews < 244.875
probabilities_array:[0.         0.24668416 0.75331587]

rule42: 9139.257 < movie_facebook_likes < 23534.123
probabilities_array:[0.01091762 0.2293249  0.75975746]

rule23: director_facebook_likes > 2761.658
probabilities_array:[0.         0.22938648 0.7706135 ]

rule47: duration > 125.431
probabilities_array:[0.00995768 0.21015982 0.7798825 ]

rule38: 10834.468 < cast_total_facebook_likes < 21706.560
probabilities_array:[0.         0.2124643  0.78753567]

rule46: 109.688 < duration < 125.431
probabilities_array:[0.         0.20786674 0.7921333 ]

