R2: -0.4550009391961545

MAE: 50391066.699198835

MSE: 8119988067548319.0

Accuracy: 0.763292061179898

F1: 0.7626751847780244

Confusion Matrix: [[559, 131], [194, 489]]

Uncertainties: {'class0': [0.7944658398628235, 0.7751610279083252, 0.7653179168701172, 0.7423998117446899, 0.7378815412521362], 'class1': [0.7722892761230469, 0.7707346677780151, 0.7451260089874268, 0.7357669472694397, 0.7081979513168335]}

Most important rules
-----------------------------

---0---
rule16: num_user_for_reviews < 47.989
probabilities_array:[0.51770324 0.         0.48229676]

rule9: -788.871 < num_voted_users < 96341.483
probabilities_array:[0.3675507 0.        0.6324493]

rule49: -15277865.240 < budget < 40972556.373
probabilities_array:[0.3612195 0.        0.6387805]

rule36: cast_total_facebook_likes < 757.672
probabilities_array:[0.34415647 0.         0.6558435 ]

rule12: num_critic_for_reviews < 76.809
probabilities_array:[0.331936 0.       0.668064]

rule3: imdb_score > 7.194
probabilities_array:[0.29057008 0.         0.7094299 ]

rule6: 2003.329 < title_year < 2009.934
probabilities_array:[0.2576002 0.        0.7423998]

rule45: 94.598 < duration < 109.494
probabilities_array:[0.24126191 0.02085651 0.73788154]

rule44: duration < 94.598
probabilities_array:[0.18008518 0.05459686 0.7653179 ]

rule41: -5314.527 < movie_facebook_likes < 8490.631
probabilities_array:[0.20553415 0.         0.79446584]

rule17: 47.989 < num_user_for_reviews < 305.987
probabilities_array:[0.18250479 0.04233415 0.775161  ]


---1---
rule4: title_year < 1996.724
probabilities_array:[0.         0.50342387 0.49657616]

rule50: 40972556.373 < budget < 97222977.985
probabilities_array:[0.         0.40992054 0.5900794 ]

rule0: imdb_score < 5.724
probabilities_array:[0.         0.38543463 0.6145654 ]

rule19: num_user_for_reviews > 563.985
probabilities_array:[0.         0.34896913 0.6510309 ]

rule30: 1868.666 < actor_2_facebook_likes < 4479.006
probabilities_array:[0.         0.34783036 0.65216964]

rule11: num_voted_users > 193471.837
probabilities_array:[0.         0.34618297 0.65381706]

rule10: 96341.483 < num_voted_users < 193471.837
probabilities_array:[0.        0.3436079 0.6563921]

rule1: 5.724 < imdb_score < 6.459
probabilities_array:[0.         0.33561406 0.664386  ]

rule51: budget > 97222977.985
probabilities_array:[0.         0.33397165 0.6660283 ]

rule35: actor_3_facebook_likes > 2020.579
probabilities_array:[0.         0.31496832 0.68503165]

rule37: 757.672 < cast_total_facebook_likes < 10787.607
probabilities_array:[0.         0.31330746 0.68669254]

rule18: 305.987 < num_user_for_reviews < 563.985
probabilities_array:[0.02029127 0.27151084 0.70819795]

rule38: 10787.607 < cast_total_facebook_likes < 20817.543
probabilities_array:[0.         0.26423305 0.73576695]

rule23: director_facebook_likes > 2716.654
probabilities_array:[0.00302036 0.25185364 0.745126  ]

rule43: movie_facebook_likes > 22295.790
probabilities_array:[0.         0.22926532 0.77073467]

rule31: actor_2_facebook_likes > 4479.006
probabilities_array:[0.0206879  0.20702282 0.7722893 ]

