R2: -0.5337964137517215

MAE: 49759646.5579024

MSE: 7114496641347739.0

Accuracy: 0.7567370721048798

F1: 0.7560848215615439

Confusion Matrix: [[555, 130], [204, 484]]

Uncertainties: {'class0': [0.796750545501709, 0.7808055281639099, 0.732097864151001, 0.6986715793609619, 0.6843676567077637], 'class1': [0.7911838889122009, 0.7749943733215332, 0.773900032043457, 0.77088862657547, 0.7513030767440796]}

Most important rules
-----------------------------

---0---
rule51: budget > 224731585.923
probabilities_array:[0.47701183 0.         0.5229882 ]

rule9: -1800.421 < num_voted_users < 95583.580
probabilities_array:[0.4527189 0.        0.5472811]

rule16: num_user_for_reviews < 39.533
probabilities_array:[0.45061752 0.         0.5493825 ]

rule49: -132593289.173 < budget < 46069148.375
probabilities_array:[0.4299657  0.         0.57003427]

rule6: 2003.211 < title_year < 2009.919
probabilities_array:[0.37592217 0.         0.6240778 ]

rule45: 93.984 < duration < 109.657
probabilities_array:[0.31589013 0.         0.68410987]

rule3: imdb_score > 7.203
probabilities_array:[0.31563234 0.         0.68436766]

rule7: title_year > 2009.919
probabilities_array:[0.30132845 0.         0.6986716 ]

rule12: num_critic_for_reviews < 75.508
probabilities_array:[0.26790214 0.         0.73209786]

rule41: -5435.029 < movie_facebook_likes < 8381.500
probabilities_array:[0.19519258 0.02400196 0.7808055 ]

rule22: 738.682 < director_facebook_likes < 2716.297
probabilities_array:[0.20324942 0.         0.79675055]


---1---
rule50: 46069148.375 < budget < 224731585.923
probabilities_array:[0.         0.46470225 0.53529775]

rule4: title_year < 1996.503
probabilities_array:[0.        0.4118222 0.5881778]

rule30: 1803.034 < actor_2_facebook_likes < 4347.560
probabilities_array:[0.         0.38814107 0.6118589 ]

rule19: num_user_for_reviews > 576.422
probabilities_array:[0.         0.38240892 0.6175911 ]

rule15: num_critic_for_reviews > 239.047
probabilities_array:[0.        0.3759654 0.6240346]

rule11: num_voted_users > 192967.581
probabilities_array:[0.         0.37042263 0.6295774 ]

rule1: 5.722 < imdb_score < 6.462
probabilities_array:[0.         0.37008244 0.62991756]

rule10: 95583.580 < num_voted_users < 192967.581
probabilities_array:[0.         0.35183728 0.6481627 ]

rule0: imdb_score < 5.722
probabilities_array:[0.        0.3444499 0.6555501]

rule14: 157.277 < num_critic_for_reviews < 239.047
probabilities_array:[0.         0.33187416 0.66812587]

rule18: 307.977 < num_user_for_reviews < 576.422
probabilities_array:[0.         0.30160612 0.6983939 ]

rule13: 75.508 < num_critic_for_reviews < 157.277
probabilities_array:[0.        0.2770965 0.7229035]

rule23: director_facebook_likes > 2716.297
probabilities_array:[0.00774397 0.24095301 0.7513031 ]

rule47: duration > 125.330
probabilities_array:[0.00139205 0.22771929 0.7708886 ]

rule29: -741.491 < actor_2_facebook_likes < 1803.034
probabilities_array:[0.         0.22609998 0.77390003]

rule21: -1238.933 < director_facebook_likes < 738.682
probabilities_array:[0.         0.22500563 0.7749944 ]

rule35: actor_3_facebook_likes > 1941.552
probabilities_array:[0.         0.20881614 0.7911839 ]

