R2: -0.5314310781140803

MAE: 48227354.96431173

MSE: 6702466919401332.0

Accuracy: 0.7669337217771304

F1: 0.7657646130552533

Confusion Matrix: [[575, 129], [191, 478]]

Uncertainties: {'class0': [0.7681674361228943, 0.6882960200309753, 0.6363213062286377, 0.633566677570343, 0.6216341257095337], 'class1': [0.785961389541626, 0.785677433013916, 0.776175320148468, 0.7689641714096069, 0.7551599740982056]}

Most important rules
-----------------------------

---0---
rule9: -306.311 < num_voted_users < 97673.287
probabilities_array:[0.48781982 0.         0.5121802 ]

rule3: imdb_score > 7.194
probabilities_array:[0.387203 0.       0.612797]

rule16: num_user_for_reviews < 49.472
probabilities_array:[0.37836587 0.         0.6216341 ]

rule6: 2003.421 < title_year < 2010.026
probabilities_array:[0.36643332 0.         0.6335667 ]

rule49: -29815332.877 < budget < 42053071.230
probabilities_array:[0.36367872 0.         0.6363213 ]

rule12: num_critic_for_reviews < 78.224
probabilities_array:[0.31170398 0.         0.688296  ]

rule41: -5314.441 < movie_facebook_likes < 8992.327
probabilities_array:[0.1808582  0.05097431 0.76816744]


---1---
rule4: title_year < 1996.816
probabilities_array:[0.        0.4616006 0.5383994]

rule10: 97673.287 < num_voted_users < 195652.884
probabilities_array:[0.         0.43646967 0.5635303 ]

rule50: 42053071.230 < budget < 113921475.338
probabilities_array:[0.        0.4065875 0.5934125]

rule11: num_voted_users > 195652.884
probabilities_array:[0.        0.3658303 0.6341697]

rule51: budget > 113921475.338
probabilities_array:[0.        0.3619211 0.6380789]

rule18: 315.875 < num_user_for_reviews < 582.278
probabilities_array:[0.         0.33081248 0.6691875 ]

rule19: num_user_for_reviews > 582.278
probabilities_array:[0.         0.33042583 0.66957414]

rule1: 5.699 < imdb_score < 6.447
probabilities_array:[0.        0.2951055 0.7048945]

rule21: -1209.129 < director_facebook_likes < 688.629
probabilities_array:[0.         0.28864568 0.7113543 ]

rule47: duration > 124.271
probabilities_array:[0.01999283 0.26046765 0.7195396 ]

rule15: num_critic_for_reviews > 245.598
probabilities_array:[0.        0.2661193 0.7338807]

rule30: 1932.102 < actor_2_facebook_likes < 5064.108
probabilities_array:[0.        0.2646501 0.7353499]

rule14: 161.911 < num_critic_for_reviews < 245.598
probabilities_array:[0.00447345 0.22656235 0.7689642 ]

rule23: director_facebook_likes > 2586.387
probabilities_array:[0.00249431 0.22133037 0.7761753 ]

rule43: movie_facebook_likes > 23299.095
probabilities_array:[0.05332183 0.19151826 0.75516   ]

rule0: imdb_score < 5.699
probabilities_array:[0.         0.21432254 0.78567743]

rule13: 78.224 < num_critic_for_reviews < 161.911
probabilities_array:[0.         0.21403864 0.7859614 ]

