R2: -0.4931365915114285

MAE: 49977267.91041515

MSE: 7562660887868808.0

Accuracy: 0.7545520757465404

F1: 0.7538370114058286

Confusion Matrix: [[555, 117], [220, 481]]

Uncertainties: {'class0': [0.7924668788909912, 0.7576051950454712, 0.6769658327102661, 0.6695246696472168, 0.5474234819412231], 'class1': [0.7883985042572021, 0.7808700203895569, 0.7805802822113037, 0.7555628418922424, 0.7511776685714722]}

Most important rules
-----------------------------

---0---
rule16: num_user_for_reviews < 43.049
probabilities_array:[0.52358603 0.         0.47641397]

rule9: -1729.365 < num_voted_users < 98064.002
probabilities_array:[0.5116896 0.        0.4883104]

rule51: budget > 226791564.923
probabilities_array:[0.4753015 0.        0.5246985]

rule49: -131883402.495 < budget < 47454081.214
probabilities_array:[0.45257655 0.         0.5474235 ]

rule3: imdb_score > 7.217
probabilities_array:[0.33047536 0.         0.66952467]

rule6: 2003.348 < title_year < 2010.019
probabilities_array:[0.3230342  0.         0.67696583]

rule12: num_critic_for_reviews < 78.350
probabilities_array:[0.24239482 0.         0.7576052 ]

rule7: title_year > 2010.019
probabilities_array:[0.20753314 0.         0.7924669 ]


---1---
rule4: title_year < 1996.677
probabilities_array:[0.         0.49360812 0.5063919 ]

rule50: 47454081.214 < budget < 226791564.923
probabilities_array:[0.         0.44302726 0.55697274]

rule1: 5.741 < imdb_score < 6.479
probabilities_array:[0.         0.41344568 0.5865543 ]

rule11: num_voted_users > 197857.368
probabilities_array:[0.         0.38956976 0.61043024]

rule30: 1808.138 < actor_2_facebook_likes < 4820.192
probabilities_array:[0.         0.3747836  0.62521636]

rule0: imdb_score < 5.741
probabilities_array:[0.         0.36419046 0.63580954]

rule10: 98064.002 < num_voted_users < 197857.368
probabilities_array:[0.         0.34836453 0.65163547]

rule19: num_user_for_reviews > 583.493
probabilities_array:[0.       0.332699 0.667301]

rule18: 313.271 < num_user_for_reviews < 583.493
probabilities_array:[0.        0.3041138 0.6958862]

rule15: num_critic_for_reviews > 241.632
probabilities_array:[0.         0.28897882 0.7110212 ]

rule35: actor_3_facebook_likes > 1911.989
probabilities_array:[0.        0.2815312 0.7184688]

rule43: movie_facebook_likes > 21702.950
probabilities_array:[0.         0.25054348 0.7494565 ]

rule14: 159.991 < num_critic_for_reviews < 241.632
probabilities_array:[0.         0.24443716 0.75556284]

rule26: 7162.401 < actor_1_facebook_likes < 17881.100
probabilities_array:[0.04490259 0.21753219 0.7375653 ]

rule23: director_facebook_likes > 2700.486
probabilities_array:[0.         0.21941973 0.7805803 ]

rule13: 78.350 < num_critic_for_reviews < 159.991
probabilities_array:[0.         0.21912995 0.78087   ]

rule47: duration > 124.727
probabilities_array:[0.0591074  0.18971494 0.75117767]

rule21: -1238.238 < director_facebook_likes < 731.124
probabilities_array:[0.         0.21160153 0.7883985 ]

