R2: -0.4726972138282197

MAE: 47828076.36125273

MSE: 7126783675161283.0

Accuracy: 0.7494537509104151

F1: 0.7482989427012278

Confusion Matrix: [[561, 138], [206, 468]]

Uncertainties: {'class0': [0.7954238057136536, 0.7112640738487244, 0.6845219135284424, 0.6499423980712891, 0.6307750344276428], 'class1': [0.7826682329177856, 0.7714851498603821, 0.7689201235771179, 0.7234892845153809, 0.7216202020645142]}

Most important rules
-----------------------------

---0---
rule8: num_voted_users < 719.099
probabilities_array:[0.40625107 0.         0.5937489 ]

rule9: 719.099 < num_voted_users < 98074.164
probabilities_array:[0.3994464  0.         0.60055363]

rule16: num_user_for_reviews < 46.540
probabilities_array:[0.37379247 0.         0.62620753]

rule49: -21945089.107 < budget < 41838836.286
probabilities_array:[0.36922497 0.         0.63077503]

rule6: 2003.073 < title_year < 2009.979
probabilities_array:[0.3500576 0.        0.6499424]

rule12: num_critic_for_reviews < 77.947
probabilities_array:[0.31547806 0.         0.6845219 ]

rule3: imdb_score > 7.220
probabilities_array:[0.28873596 0.         0.7112641 ]

rule45: 93.927 < duration < 109.708
probabilities_array:[0.1979877  0.00658847 0.7954238 ]


---1---
rule4: title_year < 1996.168
probabilities_array:[0.        0.4861511 0.5138489]

rule50: 41838836.286 < budget < 105622761.680
probabilities_array:[0.         0.45649302 0.543507  ]

rule11: num_voted_users > 195429.230
probabilities_array:[0.         0.42131436 0.57868564]

rule1: 5.742 < imdb_score < 6.481
probabilities_array:[0.         0.39848483 0.6015152 ]

rule51: budget > 105622761.680
probabilities_array:[0.         0.34662452 0.6533755 ]

rule18: 313.701 < num_user_for_reviews < 580.862
probabilities_array:[0.         0.33835366 0.6616463 ]

rule10: 98074.164 < num_voted_users < 195429.230
probabilities_array:[0.         0.3381501  0.66184986]

rule19: num_user_for_reviews > 580.862
probabilities_array:[0.         0.33653823 0.66346174]

rule14: 158.693 < num_critic_for_reviews < 239.438
probabilities_array:[0.         0.32852995 0.67147005]

rule15: num_critic_for_reviews > 239.438
probabilities_array:[0.         0.29694796 0.70305204]

rule47: duration > 125.489
probabilities_array:[0.00323485 0.28433982 0.71242535]

rule30: 1985.981 < actor_2_facebook_likes < 5164.499
probabilities_array:[0.         0.27837983 0.7216202 ]

rule0: imdb_score < 5.742
probabilities_array:[0.         0.27651075 0.7234893 ]

rule43: movie_facebook_likes > 21190.554
probabilities_array:[0.         0.22851485 0.77148515]

rule23: director_facebook_likes > 2824.513
probabilities_array:[0.02389019 0.20718971 0.7689201 ]

rule39: cast_total_facebook_likes > 25050.014
probabilities_array:[0.00646211 0.21086967 0.78266823]

