R2: -0.5201035859235401

MAE: 44879560.65695557

MSE: 5886778979337754.0

Accuracy: 0.7443554260742898

F1: 0.7418969747313184

Confusion Matrix: [[578, 148], [203, 444]]

Uncertainties: {'class0': [0.7341846227645874, 0.6913349628448486, 0.6724799871444702, 0.6674085855484009, 0.5913647413253784], 'class1': [0.7936661839485168, 0.78294438123703, 0.775149941444397, 0.7697681784629822, 0.762722909450531]}

Most important rules
-----------------------------

---0---
rule16: num_user_for_reviews < 44.624
probabilities_array:[0.468005 0.       0.531995]

rule9: -3674.466 < num_voted_users < 99893.875
probabilities_array:[0.4115533  0.         0.58844674]

rule49: -124127823.792 < budget < 45291285.590
probabilities_array:[0.40863526 0.         0.59136474]

rule6: 2003.282 < title_year < 2010.042
probabilities_array:[0.3325914 0.        0.6674086]

rule51: budget > 214710394.972
probabilities_array:[0.32751998 0.         0.67248   ]

rule3: imdb_score > 7.217
probabilities_array:[0.30866504 0.         0.69133496]

rule12: num_critic_for_reviews < 77.151
probabilities_array:[0.26581538 0.         0.7341846 ]


---1---
rule4: title_year < 1996.521
probabilities_array:[0.        0.5418158 0.4581842]

rule10: 99893.875 < num_voted_users < 203462.216
probabilities_array:[0.         0.46088752 0.5391125 ]

rule50: 45291285.590 < budget < 214710394.972
probabilities_array:[0.         0.40765014 0.5923498 ]

rule19: num_user_for_reviews > 592.938
probabilities_array:[0.         0.36304182 0.6369582 ]

rule11: num_voted_users > 203462.216
probabilities_array:[0.         0.34917158 0.6508284 ]

rule14: 161.410 < num_critic_for_reviews < 245.669
probabilities_array:[0.        0.3096896 0.6903104]

rule47: duration > 126.025
probabilities_array:[0.         0.30550268 0.6944973 ]

rule30: 1855.675 < actor_2_facebook_likes < 4924.470
probabilities_array:[0.         0.30318445 0.69681555]

rule43: movie_facebook_likes > 24296.134
probabilities_array:[0.         0.30168208 0.6983179 ]

rule15: num_critic_for_reviews > 245.669
probabilities_array:[0.        0.2782633 0.7217367]

rule1: 5.743 < imdb_score < 6.480
probabilities_array:[0.         0.27137086 0.7286291 ]

rule18: 318.781 < num_user_for_reviews < 592.938
probabilities_array:[0.         0.27025932 0.7297407 ]

rule35: actor_3_facebook_likes > 1988.205
probabilities_array:[0.         0.24587597 0.75412405]

rule0: imdb_score < 5.743
probabilities_array:[0.         0.23727709 0.7627229 ]

rule31: actor_2_facebook_likes > 4924.470
probabilities_array:[0.         0.23023182 0.7697682 ]

rule46: 110.208 < duration < 126.025
probabilities_array:[0.         0.22485004 0.77514994]

rule13: 77.151 < num_critic_for_reviews < 161.410
probabilities_array:[0.         0.21705565 0.7829444 ]

rule34: 732.776 < actor_3_facebook_likes < 1988.205
probabilities_array:[0.         0.20633382 0.7936662 ]

