R2: -0.4569556220114097

MAE: 50979422.51201748

MSE: 8286278234995652.0

Accuracy: 0.7793153678077204

F1: 0.7791954270064567

Confusion Matrix: [[551, 125], [178, 519]]

Uncertainties: {'class0': [0.7998930811882019, 0.758014440536499, 0.7529236674308777, 0.7004346251487732, 0.6938729882240295], 'class1': [0.7749147415161133, 0.7735062837600708, 0.7680144906044006, 0.7530743479728699, 0.7427613735198975]}

Most important rules
-----------------------------

---0---
rule51: budget > 230204437.185
probabilities_array:[0.61065984 0.         0.3893402 ]

rule3: imdb_score > 7.189
probabilities_array:[0.4668384  0.         0.53316164]

rule9: -2114.397 < num_voted_users < 94570.688
probabilities_array:[0.3804876 0.        0.6195124]

rule16: num_user_for_reviews < 42.331
probabilities_array:[0.37493297 0.         0.625067  ]

rule6: 2003.209 < title_year < 2009.953
probabilities_array:[0.36192495 0.         0.63807505]

rule12: num_critic_for_reviews < 75.964
probabilities_array:[0.30612698 0.         0.693873  ]

rule49: -133939511.377 < budget < 48132462.904
probabilities_array:[0.2995654 0.        0.7004346]

rule7: title_year > 2009.953
probabilities_array:[0.2470763  0.         0.75292367]

rule45: 94.206 < duration < 109.337
probabilities_array:[0.23961467 0.00237089 0.75801444]

rule22: 812.061 < director_facebook_likes < 2908.867
probabilities_array:[0.20010689 0.         0.7998931 ]


---1---
rule4: title_year < 1996.465
probabilities_array:[0.         0.49140713 0.5085929 ]

rule11: num_voted_users > 191255.773
probabilities_array:[0.         0.4833186  0.51668143]

rule19: num_user_for_reviews > 560.603
probabilities_array:[0.        0.4585941 0.5414059]

rule10: 94570.688 < num_voted_users < 191255.773
probabilities_array:[0.         0.4385207  0.56147933]

rule50: 48132462.904 < budget < 230204437.185
probabilities_array:[0.         0.39941135 0.6005886 ]

rule30: 1859.469 < actor_2_facebook_likes < 4941.215
probabilities_array:[0.         0.32358462 0.6764154 ]

rule18: 301.467 < num_user_for_reviews < 560.603
probabilities_array:[0.         0.31506303 0.68493694]

rule14: 157.416 < num_critic_for_reviews < 238.867
probabilities_array:[0.         0.31152743 0.68847257]

rule13: 75.964 < num_critic_for_reviews < 157.416
probabilities_array:[0.         0.2818679  0.71813214]

rule1: 5.721 < imdb_score < 6.455
probabilities_array:[0.        0.2678483 0.7321517]

rule43: movie_facebook_likes > 21055.688
probabilities_array:[6.2608282e-04 2.5661257e-01 7.4276137e-01]

rule38: 10526.500 < cast_total_facebook_likes < 21322.278
probabilities_array:[0.04174731 0.22987996 0.7283727 ]

rule15: num_critic_for_reviews > 238.867
probabilities_array:[0.         0.24692564 0.75307435]

rule34: 705.143 < actor_3_facebook_likes < 1899.894
probabilities_array:[0.        0.2319855 0.7680145]

rule23: director_facebook_likes > 2908.867
probabilities_array:[0.         0.22508526 0.77491474]

rule42: 8265.390 < movie_facebook_likes < 21055.688
probabilities_array:[0.00667118 0.21982256 0.7735063 ]

