R2: -0.4846302222666423

MAE: 46351083.62345229

MSE: 6581496604677418.0

Accuracy: 0.7654770575382375

F1: 0.7640440203236412

Confusion Matrix: [[579, 138], [184, 472]]

Uncertainties: {'class0': [0.792760968208313, 0.7736766934394836, 0.7096999287605286, 0.6712280511856079, 0.6259592771530151], 'class1': [0.7875432968139648, 0.7833085656166077, 0.7821798920631409, 0.7779325246810913, 0.7653660178184509]}

Most important rules
-----------------------------

---0---
rule16: num_user_for_reviews < 34.733
probabilities_array:[0.46467957 0.         0.53532046]

rule9: -3007.802 < num_voted_users < 98159.946
probabilities_array:[0.44187546 0.         0.55812454]

rule6: 2003.288 < title_year < 2010.033
probabilities_array:[0.3922001 0.        0.6077999]

rule3: imdb_score > 7.204
probabilities_array:[0.37404072 0.         0.6259593 ]

rule49: -14689510.448 < budget < 41924821.480
probabilities_array:[0.32877192 0.         0.67122805]

rule12: num_critic_for_reviews < 74.911
probabilities_array:[0.29030007 0.         0.7096999 ]

rule5: 1996.543 < title_year < 2003.288
probabilities_array:[0.22632334 0.         0.7736767 ]

rule7: title_year > 2010.033
probabilities_array:[0.20723902 0.         0.79276097]


---1---
rule51: budget > 98539153.408
probabilities_array:[0.         0.47851473 0.52148527]

rule11: num_voted_users > 199327.694
probabilities_array:[0.         0.44500843 0.5549916 ]

rule10: 98159.946 < num_voted_users < 199327.694
probabilities_array:[0.         0.43903604 0.560964  ]

rule19: num_user_for_reviews > 596.008
probabilities_array:[0.         0.38747966 0.61252034]

rule50: 41924821.480 < budget < 98539153.408
probabilities_array:[0.         0.38188875 0.61811125]

rule4: title_year < 1996.543
probabilities_array:[0.        0.3546018 0.6453982]

rule43: movie_facebook_likes > 23639.407
probabilities_array:[0.         0.33458412 0.6654159 ]

rule23: director_facebook_likes > 2724.880
probabilities_array:[0.         0.32810295 0.67189705]

rule30: 1834.359 < actor_2_facebook_likes < 4403.176
probabilities_array:[0.         0.27053267 0.72946733]

rule13: 74.911 < num_critic_for_reviews < 159.585
probabilities_array:[0.        0.2609188 0.7390812]

rule34: 721.433 < actor_3_facebook_likes < 1937.764
probabilities_array:[0.        0.2557072 0.7442928]

rule1: 5.710 < imdb_score < 6.457
probabilities_array:[0.         0.24171872 0.7582813 ]

rule18: 315.370 < num_user_for_reviews < 596.008
probabilities_array:[0.         0.2413139  0.75868607]

rule26: 7317.214 < actor_1_facebook_likes < 18115.718
probabilities_array:[0.02040346 0.22881146 0.75078505]

rule31: actor_2_facebook_likes > 4403.176
probabilities_array:[0.00780649 0.233206   0.7589874 ]

rule21: -1236.153 < director_facebook_likes < 744.364
probabilities_array:[0.         0.23463398 0.765366  ]

rule35: actor_3_facebook_likes > 1937.764
probabilities_array:[0.         0.22206749 0.7779325 ]

rule14: 159.585 < num_critic_for_reviews < 244.259
probabilities_array:[0.        0.2178201 0.7821799]

rule0: imdb_score < 5.710
probabilities_array:[0.         0.21669145 0.78330857]

rule47: duration > 123.977
probabilities_array:[0.00100577 0.21145092 0.7875433 ]

