R2: -0.5505141121078188

MAE: 49477993.56737072

MSE: 6894917471119869.0

Accuracy: 0.7581937363437727

F1: 0.7581001910422416

Confusion Matrix: [[534, 135], [197, 507]]

Uncertainties: {'class0': [0.7823005318641663, 0.7011311054229736, 0.682948648929596, 0.6697044968605042, 0.656790554523468], 'class1': [0.7705047726631165, 0.7649994492530823, 0.7632501721382141, 0.7627284526824951, 0.7495514154434204]}

Most important rules
-----------------------------

---0---
rule3: imdb_score > 7.207
probabilities_array:[0.48382208 0.         0.5161779 ]

rule16: num_user_for_reviews < 43.174
probabilities_array:[0.4610378 0.        0.5389622]

rule9: -2269.515 < num_voted_users < 96477.892
probabilities_array:[0.34320945 0.         0.65679055]

rule6: 2003.283 < title_year < 2010.100
probabilities_array:[0.33029553 0.         0.6697045 ]

rule49: -38212912.978 < budget < 42189768.388
probabilities_array:[0.31705132 0.         0.68294865]

rule12: num_critic_for_reviews < 76.085
probabilities_array:[0.2988689 0.        0.7011311]

rule2: 6.461 < imdb_score < 7.207
probabilities_array:[0.21769945 0.         0.78230053]


---1---
rule11: num_voted_users > 195225.300
probabilities_array:[0.         0.51596576 0.4840342 ]

rule10: 96477.892 < num_voted_users < 195225.300
probabilities_array:[0.         0.50498635 0.49501362]

rule4: title_year < 1996.467
probabilities_array:[0.         0.46574262 0.53425735]

rule50: 42189768.388 < budget < 122592449.753
probabilities_array:[0.         0.41266128 0.5873387 ]

rule51: budget > 122592449.753
probabilities_array:[0.         0.39812678 0.6018732 ]

rule19: num_user_for_reviews > 581.119
probabilities_array:[0.         0.35944346 0.6405565 ]

rule43: movie_facebook_likes > 23071.553
probabilities_array:[0.        0.3422892 0.6577108]

rule18: 312.146 < num_user_for_reviews < 581.119
probabilities_array:[0.         0.31505808 0.6849419 ]

rule14: 158.574 < num_critic_for_reviews < 241.063
probabilities_array:[0.         0.30008063 0.69991934]

rule15: num_critic_for_reviews > 241.063
probabilities_array:[0.         0.2872903  0.71270967]

rule35: actor_3_facebook_likes > 1991.347
probabilities_array:[0.         0.26026583 0.7397342 ]

rule47: duration > 123.736
probabilities_array:[0.01514495 0.24800488 0.73685014]

rule1: 5.714 < imdb_score < 6.461
probabilities_array:[0.         0.25044858 0.7495514 ]

rule13: 76.085 < num_critic_for_reviews < 158.574
probabilities_array:[0.         0.23674981 0.7632502 ]

rule34: 727.130 < actor_3_facebook_likes < 1991.347
probabilities_array:[0.        0.2294952 0.7705048]

rule30: 1959.973 < actor_2_facebook_likes < 5122.185
probabilities_array:[0.02973289 0.20526768 0.76499945]

rule23: director_facebook_likes > 2665.105
probabilities_array:[0.05412297 0.18314864 0.76272845]

