R2: -0.5347322568143713

MAE: 49103621.598689005

MSE: 6920232716347832.0

Accuracy: 0.7691187181354697

F1: 0.7690594249845462

Confusion Matrix: [[539, 117], [200, 517]]

Uncertainties: {'class0': [0.7915717363357544, 0.7798830270767212, 0.7655529975891113, 0.7217585444450378, 0.7097064256668091], 'class1': [0.7738285064697266, 0.7715837955474854, 0.7557533979415894, 0.7510964870452881, 0.7367686033248901]}

Most important rules
-----------------------------

---0---
rule16: num_user_for_reviews < 44.908
probabilities_array:[0.44906333 0.         0.5509367 ]

rule3: imdb_score > 7.181
probabilities_array:[0.41651747 0.         0.5834825 ]

rule51: budget > 216578190.806
probabilities_array:[0.32021737 0.         0.6797826 ]

rule6: 2003.419 < title_year < 2009.925
probabilities_array:[0.29482466 0.         0.70517534]

rule9: -4182.467 < num_voted_users < 98059.188
probabilities_array:[0.29029357 0.         0.7097064 ]

rule12: num_critic_for_reviews < 76.533
probabilities_array:[0.27824143 0.         0.72175854]

rule49: -124932429.925 < budget < 45822880.440
probabilities_array:[0.23444699 0.         0.765553  ]

rule7: title_year > 2009.925
probabilities_array:[0.22011699 0.         0.779883  ]

rule22: 746.379 < director_facebook_likes < 2723.692
probabilities_array:[0.20842826 0.         0.79157174]


---1---
rule4: title_year < 1996.914
probabilities_array:[0.        0.5527475 0.4472525]

rule50: 45822880.440 < budget < 216578190.806
probabilities_array:[0.         0.53786933 0.46213067]

rule19: num_user_for_reviews > 584.658
probabilities_array:[0.        0.4681288 0.5318712]

rule10: 98059.188 < num_voted_users < 200300.843
probabilities_array:[0.         0.43274125 0.5672588 ]

rule43: movie_facebook_likes > 21965.120
probabilities_array:[0.         0.35313588 0.6468641 ]

rule18: 314.783 < num_user_for_reviews < 584.658
probabilities_array:[0.         0.33052948 0.6694705 ]

rule15: num_critic_for_reviews > 242.121
probabilities_array:[0.         0.32937855 0.67062145]

rule14: 159.327 < num_critic_for_reviews < 242.121
probabilities_array:[0.         0.32497546 0.6750245 ]

rule11: num_voted_users > 200300.843
probabilities_array:[0.         0.32152042 0.6784796 ]

rule35: actor_3_facebook_likes > 1863.253
probabilities_array:[0.         0.30016533 0.69983464]

rule47: duration > 124.828
probabilities_array:[0.02802207 0.2739573  0.69802064]

rule46: 109.327 < duration < 124.828
probabilities_array:[0.         0.26323143 0.7367686 ]

rule30: 1836.026 < actor_2_facebook_likes < 4397.634
probabilities_array:[0.        0.2489035 0.7510965]

rule42: 8549.496 < movie_facebook_likes < 21965.120
probabilities_array:[0.00358207 0.24066454 0.7557534 ]

rule13: 76.533 < num_critic_for_reviews < 159.327
probabilities_array:[0.         0.22841619 0.7715838 ]

rule38: 10738.314 < cast_total_facebook_likes < 23865.406
probabilities_array:[0.04483943 0.18133204 0.7738285 ]

