R2: -0.4896252362266382

MAE: 49470600.335032776

MSE: 7445688048962279.0

Accuracy: 0.7450837581937363

F1: 0.7446436542181223

Confusion Matrix: [[540, 120], [230, 483]]

Uncertainties: {'class0': [0.787274181842804, 0.7871831059455872, 0.763029158115387, 0.7267829179763794, 0.7171527147293091], 'class1': [0.7970317602157593, 0.7954065799713135, 0.7843259572982788, 0.7764999866485596, 0.7755194902420044]}

Most important rules
-----------------------------

---0---
rule6: 2003.396 < title_year < 2009.935
probabilities_array:[0.4601153 0.        0.5398847]

rule51: budget > 227306614.898
probabilities_array:[0.45709217 0.         0.54290783]

rule16: num_user_for_reviews < 40.319
probabilities_array:[0.44175714 0.         0.55824286]

rule9: -859.272 < num_voted_users < 95755.588
probabilities_array:[0.41695088 0.         0.5830491 ]

rule49: -131555006.044 < budget < 47875804.427
probabilities_array:[0.37916842 0.00281989 0.61801165]

rule24: actor_1_facebook_likes < 192.237
probabilities_array:[0.3036199  0.0255945  0.67078555]

rule36: cast_total_facebook_likes < 984.429
probabilities_array:[0.28284732 0.         0.7171527 ]

rule7: title_year > 2009.935
probabilities_array:[0.27321708 0.         0.7267829 ]

rule12: num_critic_for_reviews < 75.950
probabilities_array:[0.23697087 0.         0.76302916]

rule5: 1996.857 < title_year < 2003.396
probabilities_array:[0.21281691 0.         0.7871831 ]

rule3: imdb_score > 7.207
probabilities_array:[0.21272583 0.         0.7872742 ]


---1---
rule50: 47875804.427 < budget < 227306614.898
probabilities_array:[0.        0.4835879 0.5164121]

rule19: num_user_for_reviews > 581.082
probabilities_array:[0.         0.45738527 0.54261476]

rule10: 95755.588 < num_voted_users < 192370.447
probabilities_array:[0.         0.41459933 0.5854007 ]

rule11: num_voted_users > 192370.447
probabilities_array:[0.        0.3975575 0.6024425]

rule4: title_year < 1996.857
probabilities_array:[0.         0.36339885 0.63660115]

rule1: 5.740 < imdb_score < 6.473
probabilities_array:[0.         0.35283047 0.64716953]

rule0: imdb_score < 5.740
probabilities_array:[0.      0.33998 0.66002]

rule14: 159.587 < num_critic_for_reviews < 243.224
probabilities_array:[0.         0.32076022 0.6792398 ]

rule18: 310.700 < num_user_for_reviews < 581.082
probabilities_array:[0.         0.29185826 0.70814174]

rule13: 75.950 < num_critic_for_reviews < 159.587
probabilities_array:[0.        0.2726525 0.7273475]

rule37: 984.429 < cast_total_facebook_likes < 10508.985
probabilities_array:[0.        0.2657495 0.7342505]

rule15: num_critic_for_reviews > 243.224
probabilities_array:[0.00094248 0.23965277 0.7594048 ]

rule38: 10508.985 < cast_total_facebook_likes < 20033.541
probabilities_array:[0.         0.23934151 0.7606585 ]

rule35: actor_3_facebook_likes > 1899.438
probabilities_array:[0.        0.2378487 0.7621513]

rule30: 1849.866 < actor_2_facebook_likes < 4433.639
probabilities_array:[0.         0.22448051 0.7755195 ]

rule31: actor_2_facebook_likes > 4433.639
probabilities_array:[0.01664921 0.20685081 0.7765    ]

rule23: director_facebook_likes > 2786.113
probabilities_array:[0.         0.20459339 0.7954066 ]

rule27: actor_1_facebook_likes > 13862.348
probabilities_array:[0.         0.20296827 0.79703176]

rule26: 7027.293 < actor_1_facebook_likes < 13862.348
probabilities_array:[0.0301441  0.18552989 0.78432596]

