R2: -0.5662688664994573

MAE: 46229168.18645302

MSE: 5911166105796197.0

Accuracy: 0.7538237436270939

F1: 0.7531636817000056

Confusion Matrix: [[553, 137], [201, 482]]

Uncertainties: {'class0': [0.7592828273773193, 0.7417811751365662, 0.7143406867980957, 0.681142270565033, 0.592059314250946], 'class1': [0.7940524220466614, 0.7868394255638123, 0.7818887829780579, 0.7816785573959351, 0.7625872492790222]}

Most important rules
-----------------------------

---0---
rule16: num_user_for_reviews < 37.398
probabilities_array:[0.42879373 0.         0.5712063 ]

rule36: cast_total_facebook_likes < 178.089
probabilities_array:[0.42639214 0.         0.57360786]

rule3: imdb_score > 7.199
probabilities_array:[0.4079407 0.        0.5920593]

rule12: num_critic_for_reviews < 75.072
probabilities_array:[0.31885773 0.         0.6811423 ]

rule49: -14840139.082 < budget < 41662510.767
probabilities_array:[0.28565928 0.         0.7143407 ]

rule9: -3343.916 < num_voted_users < 98274.810
probabilities_array:[0.2582188 0.        0.7417812]

rule6: 2003.221 < title_year < 2009.935
probabilities_array:[0.24071719 0.         0.7592828 ]


---1---
rule4: title_year < 1996.506
probabilities_array:[0.         0.48700342 0.51299655]

rule50: 41662510.767 < budget < 98165160.616
probabilities_array:[0.         0.48669916 0.51330084]

rule10: 98274.810 < num_voted_users < 199893.536
probabilities_array:[0.        0.4788325 0.5211675]

rule51: budget > 98165160.616
probabilities_array:[0.         0.40229112 0.5977089 ]

rule19: num_user_for_reviews > 592.440
probabilities_array:[0.         0.39807937 0.6019206 ]

rule11: num_voted_users > 199893.536
probabilities_array:[0.         0.38243353 0.61756647]

rule14: 158.514 < num_critic_for_reviews < 241.957
probabilities_array:[0.         0.33447078 0.66552925]

rule43: movie_facebook_likes > 22311.957
probabilities_array:[0.00133812 0.32943898 0.66922283]

rule18: 314.919 < num_user_for_reviews < 592.440
probabilities_array:[0.         0.32546803 0.67453194]

rule15: num_critic_for_reviews > 241.957
probabilities_array:[0.         0.26439077 0.73560923]

rule47: duration > 125.081
probabilities_array:[0.00798168 0.2502775  0.7417409 ]

rule13: 75.072 < num_critic_for_reviews < 158.514
probabilities_array:[0.         0.25209507 0.74790496]

rule46: 109.544 < duration < 125.081
probabilities_array:[0.         0.21832143 0.78167856]

rule30: 1948.063 < actor_2_facebook_likes < 5057.249
probabilities_array:[0.        0.2181112 0.7818888]

rule42: 8367.220 < movie_facebook_likes < 22311.957
probabilities_array:[0.04384182 0.19357096 0.76258725]

rule23: director_facebook_likes > 2754.722
probabilities_array:[0.         0.21316054 0.7868394 ]

rule27: actor_1_facebook_likes > 14291.594
probabilities_array:[4.5933301e-04 2.0548823e-01 7.9405242e-01]

