R2: -0.529659760110988

MAE: 48970596.56591406

MSE: 6925738253413156.0

Accuracy: 0.7691187181354697

F1: 0.7687059755070373

Confusion Matrix: [[557, 111], [206, 499]]

Uncertainties: {'class0': [0.7707024216651917, 0.6789461970329285, 0.6755286455154419, 0.6512760519981384, 0.6356003284454346], 'class1': [0.7844754457473755, 0.782370924949646, 0.7762117981910706, 0.755672812461853, 0.7525945901870728]}

Most important rules
-----------------------------

---0---
rule9: -2096.856 < num_voted_users < 97170.265
probabilities_array:[0.3871042 0.        0.6128958]

rule16: num_user_for_reviews < 45.607
probabilities_array:[0.36883962 0.         0.6311604 ]

rule6: 2003.417 < title_year < 2010.056
probabilities_array:[0.36811408 0.         0.63188595]

rule49: -21751227.777 < budget < 41933576.933
probabilities_array:[0.3643997 0.        0.6356003]

rule3: imdb_score > 7.213
probabilities_array:[0.34872395 0.         0.65127605]

rule22: 747.190 < director_facebook_likes < 2709.457
probabilities_array:[0.32447135 0.         0.67552865]

rule12: num_critic_for_reviews < 77.495
probabilities_array:[0.32105377 0.         0.6789462 ]

rule41: -4910.311 < movie_facebook_likes < 9073.940
probabilities_array:[0.22258985 0.00670778 0.7707024 ]


---1---
rule4: title_year < 1996.778
probabilities_array:[0.         0.47920498 0.520795  ]

rule51: budget > 105618381.642
probabilities_array:[0.        0.4453149 0.5546851]

rule50: 41933576.933 < budget < 105618381.642
probabilities_array:[0.         0.41812843 0.58187157]

rule11: num_voted_users > 196437.387
probabilities_array:[0.         0.41485035 0.58514965]

rule19: num_user_for_reviews > 579.415
probabilities_array:[0.        0.3805188 0.6194812]

rule10: 97170.265 < num_voted_users < 196437.387
probabilities_array:[0.         0.33151227 0.6684877 ]

rule14: 160.793 < num_critic_for_reviews < 244.091
probabilities_array:[0.        0.3214628 0.6785372]

rule1: 5.732 < imdb_score < 6.473
probabilities_array:[0.        0.3088895 0.6911105]

rule15: num_critic_for_reviews > 244.091
probabilities_array:[0.       0.300049 0.699951]

rule30: 1848.316 < actor_2_facebook_likes < 4441.148
probabilities_array:[0.         0.2925038  0.70749617]

rule0: imdb_score < 5.732
probabilities_array:[0.         0.27519324 0.7248068 ]

rule47: duration > 125.222
probabilities_array:[0.00599951 0.24588487 0.7481156 ]

rule23: director_facebook_likes > 2709.457
probabilities_array:[0.        0.2474054 0.7525946]

rule13: 77.495 < num_critic_for_reviews < 160.793
probabilities_array:[0.         0.24432717 0.7556728 ]

rule21: -1215.076 < director_facebook_likes < 747.190
probabilities_array:[0.         0.22378817 0.7762118 ]

rule18: 312.511 < num_user_for_reviews < 579.415
probabilities_array:[0.         0.21762905 0.7823709 ]

rule35: actor_3_facebook_likes > 1991.348
probabilities_array:[0.         0.21552455 0.78447545]

