R2: -0.5126908666472101

MAE: 50106568.32119446

MSE: 7407668153584257.0

Accuracy: 0.7662053896576839

F1: 0.7661810791152788

Confusion Matrix: [[519, 125], [196, 533]]

Uncertainties: {'class0': [0.7961702346801758, 0.6964849829673767, 0.6349921226501465, 0.6342806220054626, 0.6312860250473022], 'class1': [0.7952054142951965, 0.7925230860710144, 0.7562920451164246, 0.7524317502975464, 0.7519588470458984]}

Most important rules
-----------------------------

---0---
rule51: budget > 219085381.281
probabilities_array:[0.5130082  0.         0.48699185]

rule9: -3189.554 < num_voted_users < 95650.410
probabilities_array:[0.47232682 0.         0.5276732 ]

rule16: num_user_for_reviews < 33.730
probabilities_array:[0.44282064 0.         0.5571794 ]

rule36: cast_total_facebook_likes < 336.781
probabilities_array:[0.39324358 0.         0.60675645]

rule6: 2003.493 < title_year < 2010.155
probabilities_array:[0.36871395 0.         0.631286  ]

rule3: imdb_score > 7.199
probabilities_array:[0.36571935 0.         0.6342806 ]

rule49: -126828219.828 < budget < 46128580.727
probabilities_array:[0.36500788 0.         0.6349921 ]

rule12: num_critic_for_reviews < 76.231
probabilities_array:[0.30351502 0.         0.696485  ]

rule45: 94.305 < duration < 109.097
probabilities_array:[0.19801503 0.00581478 0.79617023]


---1---
rule19: num_user_for_reviews > 581.133
probabilities_array:[0.         0.45704746 0.54295254]

rule4: title_year < 1996.831
probabilities_array:[0.         0.45184267 0.54815733]

rule10: 95650.410 < num_voted_users < 194490.373
probabilities_array:[0.         0.42300382 0.5769962 ]

rule1: 5.729 < imdb_score < 6.464
probabilities_array:[0.         0.37739512 0.6226049 ]

rule30: 1893.546 < actor_2_facebook_likes < 5020.292
probabilities_array:[0.         0.35937384 0.6406262 ]

rule18: 307.432 < num_user_for_reviews < 581.133
probabilities_array:[0.        0.3577314 0.6422686]

rule0: imdb_score < 5.729
probabilities_array:[0.         0.3461708  0.65382916]

rule27: actor_1_facebook_likes > 14254.428
probabilities_array:[0.         0.33875772 0.6612423 ]

rule50: 46128580.727 < budget < 219085381.281
probabilities_array:[0.         0.32734457 0.67265546]

rule35: actor_3_facebook_likes > 1931.241
probabilities_array:[0.         0.30609545 0.6939045 ]

rule11: num_voted_users > 194490.373
probabilities_array:[0.        0.2951543 0.7048457]

rule23: director_facebook_likes > 2825.884
probabilities_array:[0.00213345 0.28919232 0.7086742 ]

rule14: 159.533 < num_critic_for_reviews < 242.834
probabilities_array:[0.         0.24804118 0.75195885]

rule38: 10622.312 < cast_total_facebook_likes < 20907.842
probabilities_array:[0.         0.24756825 0.75243175]

rule15: num_critic_for_reviews > 242.834
probabilities_array:[0.         0.24370798 0.75629205]

rule13: 76.231 < num_critic_for_reviews < 159.533
probabilities_array:[0.         0.20747688 0.7925231 ]

rule43: movie_facebook_likes > 22582.055
probabilities_array:[0.         0.20479456 0.7952054 ]

