R2: -0.4883916663188135

MAE: 50238475.688273855

MSE: 7691647925210104.0

Accuracy: 0.7458120903131829

F1: 0.7449461843618745

Confusion Matrix: [[552, 127], [222, 472]]

Uncertainties: {'class0': [0.7295030951499939, 0.7166542410850525, 0.716457724571228, 0.6845448017120361, 0.6318129897117615], 'class1': [0.7934346199035645, 0.791499137878418, 0.787350594997406, 0.7799766659736633, 0.7733848690986633]}

Most important rules
-----------------------------

---0---
rule8: num_voted_users < 1216.431
probabilities_array:[0.5457816 0.        0.4542184]

rule51: budget > 226181866.461
probabilities_array:[0.52378815 0.         0.47621185]

rule3: imdb_score > 7.216
probabilities_array:[0.43793085 0.         0.5620692 ]

rule16: num_user_for_reviews < 58.323
probabilities_array:[0.4050943 0.        0.5949057]

rule9: 1216.431 < num_voted_users < 95079.766
probabilities_array:[0.36818698 0.         0.631813  ]

rule22: 771.652 < director_facebook_likes < 2805.611
probabilities_array:[0.31545523 0.         0.6845448 ]

rule49: -132843268.742 < budget < 46669298.859
probabilities_array:[0.28354225 0.         0.7164577 ]

rule12: num_critic_for_reviews < 75.659
probabilities_array:[0.28334576 0.         0.71665424]

rule6: 2003.159 < title_year < 2009.909
probabilities_array:[0.27049693 0.         0.7295031 ]


---1---
rule50: 46669298.859 < budget < 226181866.461
probabilities_array:[0.         0.53703856 0.46296147]

rule4: title_year < 1996.410
probabilities_array:[0.         0.49070328 0.5092967 ]

rule10: 95079.766 < num_voted_users < 188943.101
probabilities_array:[0.         0.46146384 0.53853613]

rule11: num_voted_users > 188943.101
probabilities_array:[0.         0.45156193 0.5484381 ]

rule19: num_user_for_reviews > 557.134
probabilities_array:[0.         0.43154898 0.56845105]

rule15: num_critic_for_reviews > 240.770
probabilities_array:[0.         0.28138563 0.71861434]

rule30: 1858.995 < actor_2_facebook_likes < 4908.161
probabilities_array:[0.         0.27873725 0.72126275]

rule18: 307.728 < num_user_for_reviews < 557.134
probabilities_array:[0.         0.27364555 0.7263544 ]

rule14: 158.214 < num_critic_for_reviews < 240.770
probabilities_array:[0.00360513 0.26895422 0.72744066]

rule47: duration > 124.467
probabilities_array:[0.01024085 0.26296255 0.7267967 ]

rule26: 7392.485 < actor_1_facebook_likes < 18609.104
probabilities_array:[0.06223899 0.21270053 0.72506046]

rule43: movie_facebook_likes > 22933.399
probabilities_array:[0.         0.23307784 0.7669222 ]

rule1: 5.724 < imdb_score < 6.470
probabilities_array:[0.         0.22661515 0.77338487]

rule13: 75.659 < num_critic_for_reviews < 158.214
probabilities_array:[0.         0.22002332 0.77997667]

rule46: 109.387 < duration < 124.467
probabilities_array:[0.         0.21264939 0.7873506 ]

rule42: 8628.572 < movie_facebook_likes < 22933.399
probabilities_array:[0.05485869 0.18139519 0.7637461 ]

rule31: actor_2_facebook_likes > 4908.161
probabilities_array:[0.         0.20656541 0.7934346 ]

rule35: actor_3_facebook_likes > 1854.095
probabilities_array:[0.00652616 0.20197469 0.79149914]

