R2: -0.4941599350218644

MAE: 48680905.32629279

MSE: 7165464980911331.0

Accuracy: 0.7581937363437727

F1: 0.7571268424507471

Confusion Matrix: [[566, 131], [201, 475]]

Uncertainties: {'class0': [0.7922247648239136, 0.7711076736450195, 0.6591557264328003, 0.6554936766624451, 0.6546101570129395], 'class1': [0.7991642355918884, 0.7793566584587097, 0.7784558534622192, 0.7717462182044983, 0.7627109289169312]}

Most important rules
-----------------------------

---0---
rule49: -129805299.432 < budget < 47426782.564
probabilities_array:[0.4402505  0.         0.55974954]

rule16: num_user_for_reviews < 39.445
probabilities_array:[0.4253228 0.        0.5746772]

rule9: -3329.717 < num_voted_users < 96390.313
probabilities_array:[0.39291632 0.         0.6070837 ]

rule51: budget > 224658864.559
probabilities_array:[0.37747368 0.         0.62252635]

rule3: imdb_score > 7.198
probabilities_array:[0.34538984 0.         0.65461016]

rule6: 2003.304 < title_year < 2010.017
probabilities_array:[0.34450635 0.         0.6554937 ]

rule12: num_critic_for_reviews < 75.481
probabilities_array:[0.34084427 0.         0.6591557 ]

rule7: title_year > 2010.017
probabilities_array:[0.22889234 0.         0.7711077 ]

rule41: -5370.804 < movie_facebook_likes < 8826.857
probabilities_array:[0.2077752  0.         0.79222476]


---1---
rule4: title_year < 1996.592
probabilities_array:[0.         0.5410841  0.45891592]

rule11: num_voted_users > 196110.343
probabilities_array:[0.         0.45101157 0.5489884 ]

rule0: imdb_score < 5.735
probabilities_array:[0.         0.44632944 0.5536706 ]

rule10: 96390.313 < num_voted_users < 196110.343
probabilities_array:[0.         0.43478262 0.5652174 ]

rule1: 5.735 < imdb_score < 6.467
probabilities_array:[0.         0.39037293 0.60962707]

rule50: 47426782.564 < budget < 224658864.559
probabilities_array:[0.        0.3413263 0.6586737]

rule15: num_critic_for_reviews > 243.503
probabilities_array:[0.         0.32307163 0.67692834]

rule19: num_user_for_reviews > 580.179
probabilities_array:[0.        0.3109663 0.6890337]

rule18: 309.812 < num_user_for_reviews < 580.179
probabilities_array:[0.00878611 0.30634785 0.684866  ]

rule43: movie_facebook_likes > 23024.518
probabilities_array:[0.         0.30299845 0.6970015 ]

rule14: 159.492 < num_critic_for_reviews < 243.503
probabilities_array:[0.        0.2944419 0.7055581]

rule23: director_facebook_likes > 2788.771
probabilities_array:[0.         0.28574973 0.71425027]

rule13: 75.481 < num_critic_for_reviews < 159.492
probabilities_array:[0.         0.2666599  0.73334014]

rule30: 1964.375 < actor_2_facebook_likes < 5128.116
probabilities_array:[0.         0.25865096 0.74134904]

rule46: 109.833 < duration < 125.359
probabilities_array:[0.        0.2372891 0.7627109]

rule21: -1247.009 < director_facebook_likes < 770.881
probabilities_array:[0.         0.22825377 0.7717462 ]

rule35: actor_3_facebook_likes > 2078.149
probabilities_array:[6.9520180e-04 2.2084889e-01 7.7845585e-01]

rule38: 11001.981 < cast_total_facebook_likes < 22274.090
probabilities_array:[0.         0.22064334 0.77935666]

rule31: actor_2_facebook_likes > 5128.116
probabilities_array:[0.         0.20083576 0.79916424]

