R2: -0.5102976935105459

MAE: 49216750.76911872

MSE: 7169064969510233.0

Accuracy: 0.7494537509104151

F1: 0.7491075829947815

Confusion Matrix: [[540, 139], [205, 489]]

Uncertainties: {'class0': [0.7934356927871704, 0.7198787331581116, 0.6471349596977234, 0.6385176181793213, 0.5987886786460876], 'class1': [0.7867738008499146, 0.7838096618652344, 0.7792525291442871, 0.767723023891449, 0.7565978765487671]}

Most important rules
-----------------------------

---0---
rule16: num_user_for_reviews < 44.208
probabilities_array:[0.4481429 0.        0.5518571]

rule3: imdb_score > 7.223
probabilities_array:[0.42987853 0.         0.57012147]

rule9: -3192.512 < num_voted_users < 98803.155
probabilities_array:[0.42295673 0.         0.57704324]

rule6: 2003.262 < title_year < 2010.030
probabilities_array:[0.40121135 0.         0.5987887 ]

rule12: num_critic_for_reviews < 77.143
probabilities_array:[0.36148238 0.         0.6385176 ]

rule49: -40966603.770 < budget < 42212612.144
probabilities_array:[0.35286504 0.         0.64713496]

rule45: 93.901 < duration < 109.697
probabilities_array:[0.2801213  0.         0.71987873]

rule7: title_year > 2010.030
probabilities_array:[0.20656432 0.         0.7934357 ]


---1---
rule11: num_voted_users > 200798.822
probabilities_array:[0.         0.49353796 0.50646204]

rule51: budget > 125391828.057
probabilities_array:[0.        0.4133173 0.5866827]

rule19: num_user_for_reviews > 579.507
probabilities_array:[0.         0.41106993 0.5889301 ]

rule50: 42212612.144 < budget < 125391828.057
probabilities_array:[0.         0.40282652 0.5971735 ]

rule4: title_year < 1996.494
probabilities_array:[0.         0.38503596 0.614964  ]

rule10: 98803.155 < num_voted_users < 200798.822
probabilities_array:[0.         0.36068994 0.63931006]

rule30: 1865.269 < actor_2_facebook_likes < 4939.283
probabilities_array:[0.         0.35738403 0.642616  ]

rule1: 5.730 < imdb_score < 6.476
probabilities_array:[0.         0.34940994 0.65059006]

rule0: imdb_score < 5.730
probabilities_array:[0.        0.3410368 0.6589632]

rule15: num_critic_for_reviews > 242.125
probabilities_array:[8.5586558e-05 3.2112294e-01 6.7879146e-01]

rule35: actor_3_facebook_likes > 1940.769
probabilities_array:[0.         0.31520516 0.68479484]

rule14: 159.634 < num_critic_for_reviews < 242.125
probabilities_array:[0.00128034 0.29646334 0.7022563 ]

rule38: 10728.770 < cast_total_facebook_likes < 23833.981
probabilities_array:[0.         0.28764614 0.7123539 ]

rule23: director_facebook_likes > 2749.464
probabilities_array:[0.0081263 0.273713  0.7181606]

rule18: 311.857 < num_user_for_reviews < 579.507
probabilities_array:[0.         0.26747236 0.7325276 ]

rule21: -1230.600 < director_facebook_likes < 759.432
probabilities_array:[0.         0.24340215 0.7565979 ]

rule47: duration > 125.493
probabilities_array:[0.         0.23227698 0.767723  ]

rule22: 759.432 < director_facebook_likes < 2749.464
probabilities_array:[0.         0.22074746 0.7792525 ]

rule43: movie_facebook_likes > 23117.964
probabilities_array:[9.3418028e-05 2.1609694e-01 7.8380966e-01]

rule13: 77.143 < num_critic_for_reviews < 159.634
probabilities_array:[0.         0.21322623 0.7867738 ]

