R2: -0.5353924096243194

MAE: 48314992.08812819

MSE: 6694350795627923.0

Accuracy: 0.752367079388201

F1: 0.7523511836554542

Confusion Matrix: [[522, 135], [205, 511]]

Uncertainties: {'class0': [0.7711248993873596, 0.7262217402458191, 0.6892731189727783, 0.6060308814048767, 0.5948476195335388], 'class1': [0.7888650894165039, 0.7796456217765808, 0.7737751603126526, 0.7576711177825928, 0.7549554109573364]}

Most important rules
-----------------------------

---0---
rule16: num_user_for_reviews < 43.822
probabilities_array:[0.5348007  0.         0.46519926]

rule51: budget > 229923167.732
probabilities_array:[0.51177835 0.         0.48822165]

rule9: 885.282 < num_voted_users < 97173.800
probabilities_array:[0.4681193 0.        0.5318807]

rule6: 2003.182 < title_year < 2009.929
probabilities_array:[0.43465775 0.         0.56534225]

rule8: num_voted_users < 885.282
probabilities_array:[0.43277597 0.         0.567224  ]

rule49: -134289269.992 < budget < 47816948.870
probabilities_array:[0.4011895  0.00396288 0.5948476 ]

rule3: imdb_score > 7.218
probabilities_array:[0.3939691 0.        0.6060309]

rule12: num_critic_for_reviews < 77.334
probabilities_array:[0.3107269 0.        0.6892731]

rule5: 1996.435 < title_year < 2003.182
probabilities_array:[0.27377823 0.         0.72622174]

rule7: title_year > 2009.929
probabilities_array:[0.2288751 0.        0.7711249]


---1---
rule4: title_year < 1996.435
probabilities_array:[0.         0.50042665 0.49957332]

rule50: 47816948.870 < budget < 229923167.732
probabilities_array:[0.         0.49155205 0.50844795]

rule11: num_voted_users > 193462.317
probabilities_array:[0.         0.45646462 0.54353535]

rule19: num_user_for_reviews > 583.503
probabilities_array:[0.         0.40134045 0.5986596 ]

rule30: 1865.582 < actor_2_facebook_likes < 4957.392
probabilities_array:[0.         0.34347215 0.6565278 ]

rule18: 313.663 < num_user_for_reviews < 583.503
probabilities_array:[0.        0.3263956 0.6736044]

rule10: 97173.800 < num_voted_users < 193462.317
probabilities_array:[0.         0.31989974 0.68010026]

rule14: 159.768 < num_critic_for_reviews < 242.202
probabilities_array:[0.         0.29982516 0.7001748 ]

rule0: imdb_score < 5.741
probabilities_array:[0.         0.29187566 0.70812434]

rule15: num_critic_for_reviews > 242.202
probabilities_array:[0.         0.29031527 0.7096847 ]

rule1: 5.741 < imdb_score < 6.480
probabilities_array:[0.         0.26046073 0.73953927]

rule31: actor_2_facebook_likes > 4957.392
probabilities_array:[0.0218388  0.24803296 0.7301282 ]

rule13: 77.334 < num_critic_for_reviews < 159.768
probabilities_array:[0.         0.24232885 0.7576711 ]

rule23: director_facebook_likes > 2632.139
probabilities_array:[0.00684287 0.23820166 0.7549554 ]

rule34: 727.306 < actor_3_facebook_likes < 1944.042
probabilities_array:[0.         0.22622481 0.77377516]

rule46: 109.162 < duration < 124.592
probabilities_array:[0.        0.2203544 0.7796456]

rule47: duration > 124.592
probabilities_array:[4.2082760e-05 2.1109283e-01 7.8886509e-01]

