R2: -0.11997190606318209


MAE: 42558473.311118975


MSE: 5887820830206232.0


Accuracy: 1.0


F1: 1.0


Most important rules
-----------------------------

---0---
