R2: 0.18913964903014513


MAE: 33850672.01713683


MSE: 3695652745221212.5


Accuracy: 0.7589220684632192


F1: 0.7582572894419783


Most important rules
-----------------------------

---0---
rule51: budget > 226888942.071
probabilities_array:[0.6246866 0.        0.3753134]

rule16: num_user_for_reviews < 51.918
probabilities_array:[0.5497083  0.         0.45029172]

rule49: -131008198.779 < budget < 47940371.646
probabilities_array:[4.1518706e-01 3.9021589e-04 5.8442271e-01]

rule6: 2003.496 < title_year < 2009.911
probabilities_array:[0.40696073 0.         0.5930393 ]

rule9: -2110.215 < num_voted_users < 97931.639
probabilities_array:[0.37874132 0.         0.6212587 ]

rule12: num_critic_for_reviews < 77.637
probabilities_array:[0.34064004 0.         0.65935993]

rule3: imdb_score > 7.221
probabilities_array:[0.2957963 0.        0.7042037]

rule5: 1997.082 < title_year < 2003.496
probabilities_array:[0.25301734 0.         0.7469827 ]

rule7: title_year > 2009.911
probabilities_array:[0.22162712 0.         0.7783729 ]

rule41: -5244.605 < movie_facebook_likes < 9010.250
probabilities_array:[0.17869084 0.05933399 0.76197517]


---1---
rule50: 47940371.646 < budget < 226888942.071
probabilities_array:[0.         0.43528113 0.5647189 ]

rule4: title_year < 1997.082
probabilities_array:[0.         0.40377632 0.5962237 ]

rule10: 97931.639 < num_voted_users < 197973.493
probabilities_array:[0.         0.37307563 0.6269244 ]

rule1: 5.732 < imdb_score < 6.477
probabilities_array:[0.         0.3580208  0.64197916]

rule11: num_voted_users > 197973.493
probabilities_array:[0.         0.34815452 0.65184546]

rule19: num_user_for_reviews > 574.151
probabilities_array:[0.         0.34697005 0.65303   ]

rule0: imdb_score < 5.732
probabilities_array:[0.         0.31797904 0.68202096]

rule30: 1938.019 < actor_2_facebook_likes < 5074.618
probabilities_array:[0.         0.30023894 0.69976103]

rule15: num_critic_for_reviews > 244.516
probabilities_array:[0.         0.28788072 0.7121193 ]

rule18: 313.035 < num_user_for_reviews < 574.151
probabilities_array:[3.9626499e-05 2.8061223e-01 7.1934813e-01]

rule14: 161.076 < num_critic_for_reviews < 244.516
probabilities_array:[0.         0.27709305 0.72290695]

rule23: director_facebook_likes > 2779.590
probabilities_array:[0.         0.26269135 0.7373086 ]

rule35: actor_3_facebook_likes > 2059.233
probabilities_array:[0.        0.2547437 0.7452563]

rule47: duration > 124.885
probabilities_array:[0.         0.24706446 0.7529355 ]

rule31: actor_2_facebook_likes > 5074.618
probabilities_array:[0.00099629 0.2197816  0.7792221 ]

rule26: 7530.146 < actor_1_facebook_likes < 18982.054
probabilities_array:[0.         0.20513971 0.7948603 ]

rule34: 753.862 < actor_3_facebook_likes < 2059.233
probabilities_array:[0.        0.2005962 0.7994038]

