R2: -0.2810842189471374


MAE: 46496823.66452081


MSE: 6957840727657938.0


Accuracy: 1.0


F1: 1.0


Most important rules
-----------------------------

---0---
