R2: -2.025166575990658


MAE: 32629526.792557217


MSE: 1.475695181799407e+16


Accuracy: 0.7458120903131829


F1: 0.7451496599616323


Most important rules
-----------------------------

---0---
rule16: num_user_for_reviews < 41.463
probabilities_array:[0.4743618 0.        0.5256382]

rule6: 2003.326 < title_year < 2009.989
probabilities_array:[0.38964412 0.         0.61035585]

rule12: num_critic_for_reviews < 76.523
probabilities_array:[0.35926896 0.         0.64073104]

rule9: -1734.145 < num_voted_users < 99473.261
probabilities_array:[0.35778746 0.         0.64221257]

rule49: -22602434.914 < budget < 42667018.982
probabilities_array:[0.3383939 0.        0.6616061]

rule3: imdb_score > 7.220
probabilities_array:[0.32356095 0.         0.67643905]

rule7: title_year > 2009.989
probabilities_array:[0.2644746 0.        0.7355254]

rule41: -5483.428 < movie_facebook_likes < 9195.422
probabilities_array:[0.20460027 0.0009511  0.7944487 ]


---1---
rule4: title_year < 1996.662
probabilities_array:[0.         0.56759614 0.4324039 ]

rule51: budget > 107936472.877
probabilities_array:[0.         0.45815802 0.541842  ]

rule19: num_user_for_reviews > 588.412
probabilities_array:[0.         0.44465408 0.5553459 ]

rule50: 42667018.982 < budget < 107936472.877
probabilities_array:[0.         0.43183488 0.5681651 ]

rule10: 99473.261 < num_voted_users < 200680.666
probabilities_array:[0.         0.40412998 0.59587   ]

rule35: actor_3_facebook_likes > 2022.960
probabilities_array:[0.         0.38210228 0.6178977 ]

rule1: 5.755 < imdb_score < 6.487
probabilities_array:[0.        0.3775159 0.6224841]

rule15: num_critic_for_reviews > 245.926
probabilities_array:[0.        0.3431968 0.6568032]

rule14: 161.224 < num_critic_for_reviews < 245.926
probabilities_array:[0.         0.3309432  0.66905683]

rule13: 76.523 < num_critic_for_reviews < 161.224
probabilities_array:[0.         0.32670805 0.6732919 ]

rule18: 314.938 < num_user_for_reviews < 588.412
probabilities_array:[0.        0.3216703 0.6783297]

rule0: imdb_score < 5.755
probabilities_array:[0.         0.31284225 0.68715775]

rule11: num_voted_users > 200680.666
probabilities_array:[0.         0.31028384 0.68971616]

rule30: 1954.560 < actor_2_facebook_likes < 5110.641
probabilities_array:[0.         0.28789118 0.7121088 ]

rule43: movie_facebook_likes > 23874.273
probabilities_array:[2.7760002e-04 2.3328969e-01 7.6643264e-01]

rule47: duration > 124.494
probabilities_array:[0.01572919 0.19529738 0.7889734 ]

rule23: director_facebook_likes > 2711.741
probabilities_array:[0.01244511 0.19503511 0.7925197 ]

