R2: 0.267833872779327


MAE: 31237822.797095373


MSE: 3162846890098972.0


Accuracy: 0.7734887108521485


F1: 0.7718031963360508


Most important rules
-----------------------------

---0---
rule51: budget > 225532984.949
probabilities_array:[0.6120826 0.        0.3879174]

rule9: -1775.954 < num_voted_users < 97873.302
probabilities_array:[0.45423356 0.         0.5457664 ]

rule3: imdb_score > 7.211
probabilities_array:[0.45384097 0.         0.546159  ]

rule16: num_user_for_reviews < 44.942
probabilities_array:[0.37861934 0.         0.6213807 ]

rule12: num_critic_for_reviews < 76.915
probabilities_array:[0.3202266 0.        0.6797734]

rule49: -130885241.568 < budget < 47323871.690
probabilities_array:[0.3070486 0.        0.6929514]

rule6: 2003.312 < title_year < 2010.060
probabilities_array:[0.26615068 0.         0.73384935]

rule45: 94.231 < duration < 109.563
probabilities_array:[0.21563536 0.         0.78436464]

rule41: -5450.307 < movie_facebook_likes < 9020.995
probabilities_array:[0.20139034 0.02384982 0.7747598 ]


---1---
rule11: num_voted_users > 197522.557
probabilities_array:[0.        0.4936608 0.5063392]

rule4: title_year < 1996.564
probabilities_array:[0.        0.4935795 0.5064205]

rule19: num_user_for_reviews > 582.987
probabilities_array:[0.         0.43556243 0.56443757]

rule50: 47323871.690 < budget < 225532984.949
probabilities_array:[0.        0.4317975 0.5682025]

rule18: 313.964 < num_user_for_reviews < 582.987
probabilities_array:[0.        0.3727805 0.6272195]

rule10: 97873.302 < num_voted_users < 197522.557
probabilities_array:[0.         0.3554521  0.64454794]

rule1: 5.724 < imdb_score < 6.468
probabilities_array:[0.         0.34470662 0.65529335]

rule30: 1975.871 < actor_2_facebook_likes < 5150.555
probabilities_array:[0.        0.3077333 0.6922667]

rule14: 159.883 < num_critic_for_reviews < 242.850
probabilities_array:[0.         0.29732785 0.7026722 ]

rule15: num_critic_for_reviews > 242.850
probabilities_array:[1.0230944e-04 2.9207376e-01 7.0782393e-01]

rule0: imdb_score < 5.724
probabilities_array:[0.         0.29005954 0.70994043]

rule47: duration > 124.895
probabilities_array:[0.         0.24963848 0.7503615 ]

rule13: 76.915 < num_critic_for_reviews < 159.883
probabilities_array:[0.         0.24787211 0.7521279 ]

rule23: director_facebook_likes > 2730.450
probabilities_array:[0.07256424 0.1805238  0.74691194]

rule43: movie_facebook_likes > 23492.297
probabilities_array:[0.02794966 0.19317646 0.77887386]

