R2: -0.5658266568948191


MAE: 31780581.975108646


MSE: 7258635178490973.0


Accuracy: 0.7727603787327021


F1: 0.7725160161095723


Most important rules
-----------------------------

---0---
rule8: num_voted_users < 2641.917
probabilities_array:[0.56030345 0.         0.43969652]

rule16: num_user_for_reviews < 48.987
probabilities_array:[0.5301021  0.         0.46989793]

rule6: 2003.214 < title_year < 2009.993
probabilities_array:[0.49994734 0.         0.50005263]

rule7: title_year > 2009.993
probabilities_array:[0.4497558 0.        0.5502442]

rule5: 1996.435 < title_year < 2003.214
probabilities_array:[0.386777 0.       0.613223]

rule9: 2641.917 < num_voted_users < 94018.274
probabilities_array:[0.37804914 0.         0.62195086]

rule36: cast_total_facebook_likes < 511.796
probabilities_array:[0.36694056 0.         0.63305944]

rule49: -130231303.329 < budget < 46516107.133
probabilities_array:[0.2891893  0.         0.71081066]

rule3: imdb_score > 7.200
probabilities_array:[0.27621982 0.         0.72378016]

rule12: num_critic_for_reviews < 76.471
probabilities_array:[0.2674908 0.        0.7325092]

rule45: 93.754 < duration < 109.259
probabilities_array:[0.24785784 0.00222616 0.749916  ]

rule17: 48.987 < num_user_for_reviews < 308.176
probabilities_array:[0.20353507 0.03688923 0.7595757 ]

rule41: -5655.929 < movie_facebook_likes < 8448.579
probabilities_array:[0.18694769 0.0453841  0.7676682 ]


---1---
rule50: 46516107.133 < budget < 223263517.595
probabilities_array:[0.       0.526488 0.473512]

rule1: 5.716 < imdb_score < 6.458
probabilities_array:[0.         0.38768005 0.61231995]

rule4: title_year < 1996.435
probabilities_array:[0.        0.3868217 0.6131783]

rule11: num_voted_users > 185394.630
probabilities_array:[0.         0.37999988 0.6200001 ]

rule38: 10591.173 < cast_total_facebook_likes < 20670.551
probabilities_array:[0.         0.37641552 0.6235845 ]

rule10: 94018.274 < num_voted_users < 185394.630
probabilities_array:[0.         0.3655716  0.63442844]

rule37: 511.796 < cast_total_facebook_likes < 10591.173
probabilities_array:[0.         0.36478075 0.6352193 ]

rule19: num_user_for_reviews > 567.364
probabilities_array:[0.        0.3475364 0.6524636]

rule0: imdb_score < 5.716
probabilities_array:[0.         0.34004948 0.6599505 ]

rule27: actor_1_facebook_likes > 14796.481
probabilities_array:[0.        0.3151153 0.6848847]

rule14: 157.830 < num_critic_for_reviews < 239.188
probabilities_array:[0.         0.30796823 0.6920318 ]

rule30: 1831.028 < actor_2_facebook_likes < 4373.007
probabilities_array:[0.       0.306916 0.693084]

rule21: -1167.337 < director_facebook_likes < 672.307
probabilities_array:[0.        0.3033641 0.6966359]

rule15: num_critic_for_reviews > 239.188
probabilities_array:[0.         0.30251756 0.69748247]

rule13: 76.471 < num_critic_for_reviews < 157.830
probabilities_array:[0.       0.276711 0.723289]

rule35: actor_3_facebook_likes > 1863.267
probabilities_array:[0.         0.27422443 0.72577554]

rule23: director_facebook_likes > 2511.952
probabilities_array:[0.         0.25220934 0.7477907 ]

rule31: actor_2_facebook_likes > 4373.007
probabilities_array:[0.03913546 0.19679302 0.7640715 ]

rule18: 308.176 < num_user_for_reviews < 567.364
probabilities_array:[0.04130074 0.186615   0.7720843 ]

