R2: -0.011488388681867745


MAE: 38872145.91418771


MSE: 4852753443674196.0


Accuracy: 1.0


F1: 1.0


Most important rules
-----------------------------

---0---
