R2: -0.2996025111116618


MAE: 42894506.57456042


MSE: 5947095314405024.0


Accuracy: 1.0


F1: 1.0


Most important rules
-----------------------------

---0---
