R2: 0.15043910307236175


MAE: 35245330.81095004


MSE: 3873623341647831.0


Accuracy: 0.7683903860160233


F1: 0.7679017202151864


Most important rules
-----------------------------

---0---
rule51: budget > 223226709.071
probabilities_array:[0.44973987 0.         0.5502601 ]

rule16: num_user_for_reviews < 52.005
probabilities_array:[0.42337412 0.         0.5766259 ]

rule8: num_voted_users < 628.730
probabilities_array:[0.40394148 0.         0.5960585 ]

rule3: imdb_score > 7.208
probabilities_array:[0.37539497 0.         0.624605  ]

rule49: -130091157.155 < budget < 46567775.958
probabilities_array:[0.35240528 0.         0.6475947 ]

rule9: 628.730 < num_voted_users < 96536.736
probabilities_array:[0.34706664 0.         0.65293336]

rule12: num_critic_for_reviews < 76.900
probabilities_array:[0.2733306  0.         0.72666943]

rule6: 2003.296 < title_year < 2009.928
probabilities_array:[0.23615779 0.         0.7638422 ]


---1---
rule4: title_year < 1996.665
probabilities_array:[0.         0.49128821 0.5087118 ]

rule19: num_user_for_reviews > 573.779
probabilities_array:[0.         0.45046702 0.54953295]

rule50: 46567775.958 < budget < 223226709.071
probabilities_array:[0.         0.42340228 0.57659775]

rule11: num_voted_users > 192444.742
probabilities_array:[0.         0.42186004 0.57813996]

rule10: 96536.736 < num_voted_users < 192444.742
probabilities_array:[0.         0.41026396 0.58973604]

rule18: 312.892 < num_user_for_reviews < 573.779
probabilities_array:[0.         0.37362614 0.6263738 ]

rule30: 1949.196 < actor_2_facebook_likes < 5123.743
probabilities_array:[0.        0.3522278 0.6477722]

rule1: 5.714 < imdb_score < 6.461
probabilities_array:[0.         0.33042154 0.6695785 ]

rule15: num_critic_for_reviews > 242.328
probabilities_array:[0.         0.31486163 0.68513834]

rule14: 159.614 < num_critic_for_reviews < 242.328
probabilities_array:[0.00091738 0.31150636 0.6875763 ]

rule35: actor_3_facebook_likes > 1942.893
probabilities_array:[0.         0.3093299  0.69067013]

rule47: duration > 124.220
probabilities_array:[0.00152737 0.28715894 0.71131366]

rule0: imdb_score < 5.714
probabilities_array:[0.         0.28685644 0.7131435 ]

rule43: movie_facebook_likes > 23703.184
probabilities_array:[2.2878585e-04 2.5790006e-01 7.4187124e-01]

rule46: 109.385 < duration < 124.220
probabilities_array:[7.1907474e-04 2.4519379e-01 7.5408715e-01]

rule13: 76.900 < num_critic_for_reviews < 159.614
probabilities_array:[0.         0.22263727 0.7773627 ]

rule38: 11105.815 < cast_total_facebook_likes < 24428.353
probabilities_array:[0.01017693 0.20272613 0.7870969 ]

rule31: actor_2_facebook_likes > 5123.743
probabilities_array:[0.02464931 0.19454558 0.7808051 ]

rule23: director_facebook_likes > 2702.185
probabilities_array:[0.04267629 0.18266562 0.7746581 ]

