R2: -0.2777702180860846


MAE: 43975059.7512194


MSE: 5580488201768662.0


Accuracy: 1.0


F1: 1.0


Most important rules
-----------------------------

---0---
