R2: -0.3349703848570744


MAE: 46823187.71311101


MSE: 6647994828700914.0


Accuracy: 1.0


F1: 1.0


Most important rules
-----------------------------

---0---
