R2: -0.3369405171340527


MAE: 46732960.91703852


MSE: 7245655238015341.0


Accuracy: 1.0


F1: 1.0


Most important rules
-----------------------------

---0---
