R2: -1.7502935853669714


MAE: 45506165.2919397


MSE: 1.5558405253518254e+16


Accuracy: 0.774217042971595


F1: 0.774214048667872


Most important rules
-----------------------------

---0---
rule3: imdb_score > 7.203
probabilities_array:[0.5068963  0.         0.49310368]

rule8: num_voted_users < 2029.800
probabilities_array:[0.4606624  0.         0.53933764]

rule6: 2003.314 < title_year < 2010.045
probabilities_array:[0.34839934 0.         0.65160066]

rule16: num_user_for_reviews < 55.639
probabilities_array:[0.33278084 0.         0.66721916]

rule9: 2029.800 < num_voted_users < 94060.249
probabilities_array:[0.27684885 0.         0.72315115]

rule12: num_critic_for_reviews < 76.320
probabilities_array:[0.27045414 0.         0.7295459 ]

rule49: -40347748.850 < budget < 42365691.265
probabilities_array:[0.24476369 0.         0.7552363 ]


---1---
rule51: budget > 125079131.381
probabilities_array:[0.         0.5318275  0.46817246]

rule50: 42365691.265 < budget < 125079131.381
probabilities_array:[0.         0.51072985 0.48927012]

rule11: num_voted_users > 186090.697
probabilities_array:[0.         0.5091217  0.49087828]

rule19: num_user_for_reviews > 547.570
probabilities_array:[0.         0.47766152 0.52233845]

rule4: title_year < 1996.583
probabilities_array:[0.         0.4601427  0.53985727]

rule10: 94060.249 < num_voted_users < 186090.697
probabilities_array:[0.        0.4426544 0.5573456]

rule15: num_critic_for_reviews > 242.478
probabilities_array:[0.00103193 0.3333524  0.66561574]

rule14: 159.399 < num_critic_for_reviews < 242.478
probabilities_array:[0.        0.3271188 0.6728812]

rule18: 301.605 < num_user_for_reviews < 547.570
probabilities_array:[0.        0.3063862 0.6936138]

rule47: duration > 124.073
probabilities_array:[0.00527498 0.2713377  0.72338736]

rule42: 8793.930 < movie_facebook_likes < 22694.658
probabilities_array:[0.02693121 0.2447955  0.7282733 ]

rule13: 76.320 < num_critic_for_reviews < 159.399
probabilities_array:[0.         0.23205116 0.7679488 ]

rule30: 1886.936 < actor_2_facebook_likes < 4986.384
probabilities_array:[0.00243316 0.22940043 0.7681664 ]

rule46: 109.326 < duration < 124.073
probabilities_array:[0.         0.20364527 0.7963547 ]

rule43: movie_facebook_likes > 22694.658
probabilities_array:[0.01166392 0.19692445 0.7914116 ]

