R2: 0.3428424681516383


MAE: 27018911.410927836


MSE: 2757703697244326.5


Accuracy: 1.0


F1: 1.0


Most important rules
-----------------------------

---0---
