R2: -0.09543900875142852


MAE: 37665907.886156335


MSE: 4187037855552967.5


Accuracy: 1.0


F1: 1.0


Most important rules
-----------------------------

---0---
