R2: 0.2349065640833009


MAE: 33548356.757393777


MSE: 3745931829024099.0


Accuracy: 0.774217042971595


F1: 0.7730844688972768


Most important rules
-----------------------------

---0---
rule16: num_user_for_reviews < 45.134
probabilities_array:[0.41772497 0.         0.58227503]

rule49: -130055964.122 < budget < 46648542.140
probabilities_array:[0.38610062 0.         0.61389935]

rule9: -1643.199 < num_voted_users < 98061.249
probabilities_array:[0.34494683 0.         0.6550532 ]

rule3: imdb_score > 7.215
probabilities_array:[0.33044773 0.         0.66955227]

rule51: budget > 223353048.402
probabilities_array:[0.32902467 0.         0.6709753 ]

rule12: num_critic_for_reviews < 77.743
probabilities_array:[0.3072827 0.        0.6927173]

rule6: 2003.345 < title_year < 2009.974
probabilities_array:[0.24124914 0.         0.75875086]


---1---
rule4: title_year < 1996.716
probabilities_array:[0.        0.5099439 0.4900561]

rule50: 46648542.140 < budget < 223353048.402
probabilities_array:[0.         0.46276647 0.53723353]

rule10: 98061.249 < num_voted_users < 197765.697
probabilities_array:[0.         0.44074014 0.5592599 ]

rule11: num_voted_users > 197765.697
probabilities_array:[0.        0.3980821 0.6019179]

rule19: num_user_for_reviews > 582.872
probabilities_array:[0.         0.36252043 0.6374796 ]

rule0: imdb_score < 5.746
probabilities_array:[0.         0.30159461 0.6984054 ]

rule1: 5.746 < imdb_score < 6.481
probabilities_array:[0.         0.28928864 0.71071136]

rule14: 160.052 < num_critic_for_reviews < 242.361
probabilities_array:[6.021644e-04 2.860057e-01 7.133922e-01]

rule18: 314.003 < num_user_for_reviews < 582.872
probabilities_array:[0.         0.28093153 0.71906847]

rule30: 1890.148 < actor_2_facebook_likes < 5002.751
probabilities_array:[0.        0.2709597 0.7290403]

rule47: duration > 124.545
probabilities_array:[0.00232958 0.2543485  0.74332196]

rule13: 77.743 < num_critic_for_reviews < 160.052
probabilities_array:[0.00190403 0.24224375 0.7558522 ]

rule15: num_critic_for_reviews > 242.361
probabilities_array:[0.         0.22753963 0.77246034]

rule35: actor_3_facebook_likes > 1942.610
probabilities_array:[0.         0.22615911 0.7738409 ]

rule31: actor_2_facebook_likes > 5002.751
probabilities_array:[0.         0.20769097 0.79230905]

