R2: -0.3582822621023578


MAE: 45479987.63160401


MSE: 6277688829157394.0


Accuracy: 1.0


F1: 1.0


Most important rules
-----------------------------

---0---
