R2: -1.1734093548942837


MAE: 33844321.24252332


MSE: 1.226091202155256e+16


Accuracy: 1.0


F1: 1.0


Most important rules
-----------------------------

---0---
