R2: -0.06821117449984238


MAE: 32399699.20913651


MSE: 5773001939948421.0


Accuracy: 0.7509104151493081


F1: 0.7508278040269482


Most important rules
-----------------------------

---0---
rule51: budget > 218560130.059
probabilities_array:[0.53711903 0.         0.46288094]

rule3: imdb_score > 7.191
probabilities_array:[0.41973773 0.         0.5802623 ]

rule16: num_user_for_reviews < 34.804
probabilities_array:[0.40647513 0.         0.5935249 ]

rule12: num_critic_for_reviews < 76.499
probabilities_array:[0.39494067 0.         0.6050593 ]

rule6: 2003.419 < title_year < 2009.937
probabilities_array:[0.3833628  0.         0.61663723]

rule9: -4895.277 < num_voted_users < 95375.113
probabilities_array:[0.35088593 0.         0.6491141 ]

rule49: -128600849.371 < budget < 44979640.344
probabilities_array:[0.33903074 0.         0.66096926]

rule7: title_year > 2009.937
probabilities_array:[0.32375497 0.         0.67624503]

rule36: cast_total_facebook_likes < 541.677
probabilities_array:[0.32008702 0.         0.679913  ]

rule45: 93.996 < duration < 109.528
probabilities_array:[0.2822941 0.        0.7177059]

rule41: -5564.729 < movie_facebook_likes < 8503.506
probabilities_array:[0.2224305 0.        0.7775695]


---1---
rule11: num_voted_users > 195645.502
probabilities_array:[0.         0.48361298 0.51638705]

rule50: 44979640.344 < budget < 218560130.059
probabilities_array:[0.         0.46334922 0.5366508 ]

rule4: title_year < 1996.902
probabilities_array:[0.       0.457387 0.542613]

rule19: num_user_for_reviews > 587.606
probabilities_array:[0.         0.38486314 0.61513686]

rule15: num_critic_for_reviews > 240.635
probabilities_array:[0.        0.3714965 0.6285035]

rule10: 95375.113 < num_voted_users < 195645.502
probabilities_array:[0.         0.3592994  0.64070064]

rule27: actor_1_facebook_likes > 14853.848
probabilities_array:[0.         0.34767106 0.65232897]

rule1: 5.697 < imdb_score < 6.444
probabilities_array:[0.         0.33740145 0.66259855]

rule0: imdb_score < 5.697
probabilities_array:[0.        0.3365113 0.6634887]

rule14: 158.567 < num_critic_for_reviews < 240.635
probabilities_array:[0.         0.33310056 0.66689944]

rule13: 76.499 < num_critic_for_reviews < 158.567
probabilities_array:[0.        0.3291676 0.6708324]

rule37: 541.677 < cast_total_facebook_likes < 10596.422
probabilities_array:[0.         0.32148552 0.6785145 ]

rule23: director_facebook_likes > 2737.962
probabilities_array:[0.        0.3203056 0.6796944]

rule38: 10596.422 < cast_total_facebook_likes < 20651.167
probabilities_array:[0.         0.3114628  0.68853724]

rule30: 1798.387 < actor_2_facebook_likes < 4332.541
probabilities_array:[0.         0.30821624 0.6917838 ]

rule18: 311.205 < num_user_for_reviews < 587.606
probabilities_array:[0.         0.28173983 0.71826017]

rule47: duration > 125.060
probabilities_array:[0.         0.26059225 0.7394077 ]

