R2: -2.831672485142532


MAE: 34923746.60161909


MSE: 1.81978765522246e+16


Accuracy: 0.7713037144938092


F1: 0.7709361438050182


Most important rules
-----------------------------

---0---
rule9: 236.585 < num_voted_users < 95826.050
probabilities_array:[0.441971 0.       0.558029]

rule16: num_user_for_reviews < 45.902
probabilities_array:[0.43411323 0.         0.5658868 ]

rule8: num_voted_users < 236.585
probabilities_array:[0.42260325 0.         0.57739675]

rule49: -16374033.131 < budget < 41318824.259
probabilities_array:[0.35317737 0.         0.64682263]

rule6: 2003.232 < title_year < 2010.057
probabilities_array:[0.3352398 0.        0.6647602]

rule12: num_critic_for_reviews < 77.024
probabilities_array:[0.28566614 0.         0.71433383]

rule3: imdb_score > 7.200
probabilities_array:[0.28444725 0.         0.71555275]

rule41: -4677.804 < movie_facebook_likes < 8275.682
probabilities_array:[0.24765232 0.         0.75234765]

rule44: duration < 94.974
probabilities_array:[0.2052102  0.02186719 0.7729226 ]


---1---
rule4: title_year < 1996.407
probabilities_array:[0.         0.5211556  0.47884443]

rule51: budget > 99011681.648
probabilities_array:[0.       0.488423 0.511577]

rule10: 95826.050 < num_voted_users < 191415.514
probabilities_array:[0.         0.39625117 0.6037488 ]

rule50: 41318824.259 < budget < 99011681.648
probabilities_array:[0.        0.3938297 0.6061703]

rule11: num_voted_users > 191415.514
probabilities_array:[0.         0.38655767 0.61344236]

rule1: 5.720 < imdb_score < 6.460
probabilities_array:[0.        0.3787337 0.6212663]

rule30: 1887.554 < actor_2_facebook_likes < 4962.481
probabilities_array:[0.         0.34569594 0.654304  ]

rule0: imdb_score < 5.720
probabilities_array:[0.         0.34218094 0.6578191 ]

rule19: num_user_for_reviews > 570.204
probabilities_array:[0.        0.3245131 0.6754869]

rule23: director_facebook_likes > 2482.762
probabilities_array:[0.         0.28324974 0.71675026]

rule14: 158.066 < num_critic_for_reviews < 239.108
probabilities_array:[0.         0.27113965 0.7288604 ]

rule18: 308.053 < num_user_for_reviews < 570.204
probabilities_array:[0.        0.2378187 0.7621813]

rule15: num_critic_for_reviews > 239.108
probabilities_array:[0.        0.2316442 0.7683558]

rule38: 10971.757 < cast_total_facebook_likes < 24534.482
probabilities_array:[0.00280732 0.20942822 0.7877645 ]

rule47: duration > 124.220
probabilities_array:[0.00477145 0.20677623 0.7884524 ]

rule13: 77.024 < num_critic_for_reviews < 158.066
probabilities_array:[0.         0.20535995 0.79464006]

rule21: -1144.930 < director_facebook_likes < 668.916
probabilities_array:[0.       0.202242 0.797758]

