R2: -0.39855961937210616


MAE: 46868223.42679779


MSE: 6759755577403408.0


Accuracy: 1.0


F1: 1.0


Most important rules
-----------------------------

---0---
