R2: -5.619891324793567


MAE: 41386226.8753206


MSE: 2.7855125764634624e+16


Accuracy: 1.0


F1: 1.0


Most important rules
-----------------------------

---0---
