R2: -0.14480650672333661


MAE: 30199885.644196823


MSE: 4694510814483008.0


Accuracy: 1.0


F1: 1.0


Most important rules
-----------------------------

---0---
