R2: 0.1375981368777932


MAE: 30761112.052035704


MSE: 4220391820024830.5


Accuracy: 0.7603787327021122


F1: 0.7588307495505943


Most important rules
-----------------------------

---0---
rule9: -1087.236 < num_voted_users < 97857.679
probabilities_array:[0.48139942 0.         0.5186006 ]

rule16: num_user_for_reviews < 46.658
probabilities_array:[0.42447662 0.         0.5755234 ]

rule49: -124593154.852 < budget < 46077817.719
probabilities_array:[0.3989433 0.        0.6010567]

rule3: imdb_score > 7.195
probabilities_array:[0.3551979 0.        0.6448021]

rule51: budget > 216748790.290
probabilities_array:[0.3544528 0.        0.6455472]

rule12: num_critic_for_reviews < 75.585
probabilities_array:[0.34511185 0.         0.65488815]

rule6: 2003.349 < title_year < 2009.849
probabilities_array:[0.26934636 0.         0.73065364]


---1---
rule4: title_year < 1996.849
probabilities_array:[0.         0.53055143 0.46944854]

rule11: num_voted_users > 196802.595
probabilities_array:[0.         0.40723166 0.5927684 ]

rule10: 97857.679 < num_voted_users < 196802.595
probabilities_array:[0.         0.38817465 0.61182535]

rule50: 46077817.719 < budget < 216748790.290
probabilities_array:[0.         0.3843784  0.61562157]

rule18: 312.583 < num_user_for_reviews < 578.508
probabilities_array:[0.         0.35559008 0.64440995]

rule1: 5.709 < imdb_score < 6.452
probabilities_array:[0.         0.33175853 0.6682415 ]

rule19: num_user_for_reviews > 578.508
probabilities_array:[0.         0.32338142 0.6766186 ]

rule0: imdb_score < 5.709
probabilities_array:[0.         0.32172275 0.67827725]

rule30: 1891.185 < actor_2_facebook_likes < 4987.636
probabilities_array:[0.         0.30126286 0.69873714]

rule23: director_facebook_likes > 2823.565
probabilities_array:[0.         0.29413497 0.705865  ]

rule14: 159.405 < num_critic_for_reviews < 243.224
probabilities_array:[0.         0.29112622 0.70887375]

rule15: num_critic_for_reviews > 243.224
probabilities_array:[0.         0.28054318 0.71945685]

rule35: actor_3_facebook_likes > 1932.666
probabilities_array:[0.         0.2716258  0.72837424]

rule43: movie_facebook_likes > 22912.349
probabilities_array:[0.         0.22915454 0.7708455 ]

rule46: 109.284 < duration < 124.548
probabilities_array:[0.         0.22590618 0.7740938 ]

rule47: duration > 124.548
probabilities_array:[4.7620106e-05 2.0723456e-01 7.9271787e-01]

