R2: 0.4811237108576958


MAE: 28204410.42414216


MSE: 2100084489300375.2


Accuracy: 0.7793153678077204


F1: 0.777783416028669


Most important rules
-----------------------------

---0---
rule51: budget > 221368620.063
probabilities_array:[0.5844943  0.         0.41550574]

rule16: num_user_for_reviews < 38.731
probabilities_array:[0.42430133 0.         0.5756987 ]

rule3: imdb_score > 7.202
probabilities_array:[0.3630172 0.        0.6369828]

rule6: 2003.262 < title_year < 2010.069
probabilities_array:[0.34368446 0.         0.65631557]

rule49: -126457355.612 < budget < 47455632.225
probabilities_array:[0.3316547 0.        0.6683453]

rule9: -3931.577 < num_voted_users < 98772.517
probabilities_array:[0.3293853  0.         0.67061466]

rule12: num_critic_for_reviews < 75.828
probabilities_array:[0.30636272 0.         0.69363725]


---1---
rule4: title_year < 1996.456
probabilities_array:[0.         0.50916755 0.49083245]

rule11: num_voted_users > 201476.610
probabilities_array:[0.         0.47813925 0.5218607 ]

rule50: 47455632.225 < budget < 221368620.063
probabilities_array:[0.         0.47258782 0.5274122 ]

rule19: num_user_for_reviews > 593.139
probabilities_array:[0.        0.4013301 0.5986699]

rule14: 160.176 < num_critic_for_reviews < 244.524
probabilities_array:[1.0658939e-04 3.5643029e-01 6.4346308e-01]

rule10: 98772.517 < num_voted_users < 201476.610
probabilities_array:[0.         0.34944123 0.65055877]

rule18: 315.935 < num_user_for_reviews < 593.139
probabilities_array:[0.        0.3089587 0.6910413]

rule30: 1887.727 < actor_2_facebook_likes < 4982.157
probabilities_array:[0.         0.30794054 0.69205946]

rule1: 5.701 < imdb_score < 6.452
probabilities_array:[0.         0.27527243 0.7247276 ]

rule13: 75.828 < num_critic_for_reviews < 160.176
probabilities_array:[0.         0.26741207 0.73258793]

rule35: actor_3_facebook_likes > 1992.646
probabilities_array:[0.         0.2671251  0.73287493]

rule43: movie_facebook_likes > 23723.445
probabilities_array:[0.         0.24945794 0.75054204]

rule15: num_critic_for_reviews > 244.524
probabilities_array:[0.         0.24690795 0.75309205]

rule47: duration > 125.551
probabilities_array:[0.00121618 0.24042855 0.7583552 ]

rule0: imdb_score < 5.701
probabilities_array:[0.         0.21893424 0.78106576]

