R2: -0.22541501338880576


MAE: 43859514.50653286


MSE: 5981277808055684.0


Accuracy: 1.0


F1: 1.0


Most important rules
-----------------------------

---0---
