R2: 0.32277210376026766


MAE: 30972166.710596576


MSE: 3044816848735133.0


Accuracy: 0.7596504005826656


F1: 0.7584941986158549


Most important rules
-----------------------------

---0---
rule51: budget > 216875588.595
probabilities_array:[0.49712658 0.         0.5028734 ]

rule9: -1957.930 < num_voted_users < 99980.113
probabilities_array:[0.49281013 0.         0.50718987]

rule6: 2003.121 < title_year < 2010.025
probabilities_array:[0.41433057 0.         0.5856694 ]

rule49: -124249450.510 < budget < 46313069.043
probabilities_array:[0.40110436 0.         0.59889567]

rule16: num_user_for_reviews < 46.264
probabilities_array:[0.3648291 0.        0.6351709]

rule3: imdb_score > 7.217
probabilities_array:[0.3515216 0.        0.6484784]

rule36: cast_total_facebook_likes < 825.969
probabilities_array:[0.3438274  0.         0.65617263]

rule12: num_critic_for_reviews < 77.265
probabilities_array:[0.2602151 0.        0.7397849]

rule7: title_year > 2010.025
probabilities_array:[0.23098955 0.         0.7690105 ]

rule5: 1996.217 < title_year < 2003.121
probabilities_array:[0.20405577 0.         0.7959442 ]


---1---
rule50: 46313069.043 < budget < 216875588.595
probabilities_array:[0.         0.44935763 0.5506424 ]

rule11: num_voted_users > 201918.156
probabilities_array:[0.         0.44212842 0.5578716 ]

rule19: num_user_for_reviews > 590.123
probabilities_array:[0.         0.39761046 0.6023895 ]

rule4: title_year < 1996.217
probabilities_array:[0.        0.3882287 0.6117713]

rule14: 160.037 < num_critic_for_reviews < 242.809
probabilities_array:[0.        0.3288879 0.6711121]

rule30: 1923.572 < actor_2_facebook_likes < 4589.735
probabilities_array:[0.        0.3277381 0.6722619]

rule37: 825.969 < cast_total_facebook_likes < 10801.161
probabilities_array:[0.         0.31191018 0.68808985]

rule18: 318.193 < num_user_for_reviews < 590.123
probabilities_array:[0.         0.30372468 0.69627535]

rule10: 99980.113 < num_voted_users < 201918.156
probabilities_array:[0.         0.29215997 0.70784   ]

rule1: 5.728 < imdb_score < 6.473
probabilities_array:[0.         0.2867531  0.71324694]

rule43: movie_facebook_likes > 22477.767
probabilities_array:[0.        0.2818882 0.7181118]

rule15: num_critic_for_reviews > 242.809
probabilities_array:[0.         0.27778924 0.72221076]

rule13: 77.265 < num_critic_for_reviews < 160.037
probabilities_array:[0.         0.26920125 0.7307988 ]

rule47: duration > 125.219
probabilities_array:[0.0044228  0.25542632 0.7401508 ]

rule38: 10801.161 < cast_total_facebook_likes < 20776.353
probabilities_array:[0.         0.25302035 0.74697965]

rule35: actor_3_facebook_likes > 1958.389
probabilities_array:[0.         0.22898065 0.77101934]

rule34: 724.225 < actor_3_facebook_likes < 1958.389
probabilities_array:[0.         0.21643329 0.7835667 ]

rule21: -1260.270 < director_facebook_likes < 771.899
probabilities_array:[0.         0.20664082 0.79335916]

