R2: 0.4508706821778815


MAE: 27147474.40741908


MSE: 2303509704866971.0


Accuracy: 1.0


F1: 1.0


Most important rules
-----------------------------

---0---
