R2: -3.706476058519617


MAE: 33398435.531700764


MSE: 2.161186568571218e+16


Accuracy: 0.7705753823743627


F1: 0.7695853393847405


Most important rules
-----------------------------

---0---
rule48: budget < 2133223.100
probabilities_array:[0.62723213 0.         0.3727679 ]

rule9: -2065.076 < num_voted_users < 99651.760
probabilities_array:[0.51983374 0.         0.48016623]

rule16: num_user_for_reviews < 48.017
probabilities_array:[0.5177367 0.        0.4822633]

rule6: 2003.105 < title_year < 2009.965
probabilities_array:[0.3399686  0.         0.66003144]

rule49: 2133223.100 < budget < 39857674.213
probabilities_array:[2.8973684e-01 7.7364075e-06 7.1025544e-01]

rule12: num_critic_for_reviews < 75.995
probabilities_array:[0.28507423 0.         0.71492577]

rule3: imdb_score > 7.225
probabilities_array:[0.26350394 0.         0.73649603]


---1---
rule4: title_year < 1996.246
probabilities_array:[0.         0.542753   0.45724705]

rule50: 39857674.213 < budget < 77582125.325
probabilities_array:[0.        0.4328723 0.5671277]

rule51: budget > 77582125.325
probabilities_array:[0.         0.4327307  0.56726927]

rule10: 99651.760 < num_voted_users < 201368.596
probabilities_array:[0.         0.37467992 0.6253201 ]

rule11: num_voted_users > 201368.596
probabilities_array:[0.         0.34432828 0.6556717 ]

rule30: 1945.300 < actor_2_facebook_likes < 5077.273
probabilities_array:[0.         0.30195063 0.69804937]

rule14: 159.643 < num_critic_for_reviews < 243.291
probabilities_array:[5.3608626e-05 2.9756308e-01 7.0238328e-01]

rule19: num_user_for_reviews > 582.543
probabilities_array:[0.         0.29373592 0.7062641 ]

rule0: imdb_score < 5.737
probabilities_array:[0.         0.2888709  0.71112907]

rule1: 5.737 < imdb_score < 6.481
probabilities_array:[0.         0.28323448 0.7167655 ]

rule15: num_critic_for_reviews > 243.291
probabilities_array:[0.         0.27260336 0.72739667]

rule18: 315.280 < num_user_for_reviews < 582.543
probabilities_array:[0.        0.2656876 0.7343124]

rule13: 75.995 < num_critic_for_reviews < 159.643
probabilities_array:[0.         0.24276996 0.75723004]

rule46: 109.652 < duration < 125.118
probabilities_array:[0.03106631 0.2144619  0.7544718 ]

rule34: 765.103 < actor_3_facebook_likes < 2047.882
probabilities_array:[0.02466138 0.21597008 0.7593685 ]

rule31: actor_2_facebook_likes > 5077.273
probabilities_array:[0.04924219 0.19778554 0.7529723 ]

