R2: -0.15195568714562802


MAE: 40712610.75111724


MSE: 4995327340768991.0


Accuracy: 1.0


F1: 1.0


Most important rules
-----------------------------

---0---
