R2: -0.07319128443545453


MAE: 30552870.93703073


MSE: 4813698600391487.0


Accuracy: 0.7450837581937363


F1: 0.744102999940359


Most important rules
-----------------------------

---0---
rule16: num_user_for_reviews < 35.936
probabilities_array:[0.4317255 0.        0.5682745]

rule3: imdb_score > 7.185
probabilities_array:[0.3648604 0.        0.6351396]

rule6: 2003.193 < title_year < 2010.141
probabilities_array:[0.34953395 0.         0.6504661 ]

rule9: -2521.641 < num_voted_users < 98439.448
probabilities_array:[0.3488239 0.        0.6511761]

rule22: 753.035 < director_facebook_likes < 2762.026
probabilities_array:[0.34325877 0.00068043 0.65606076]

rule51: budget > 224194154.373
probabilities_array:[0.33807018 0.         0.66192985]

rule49: -129108363.987 < budget < 47542895.193
probabilities_array:[0.30393514 0.         0.6960649 ]

rule12: num_critic_for_reviews < 77.538
probabilities_array:[0.2934812 0.        0.7065188]


---1---
rule50: 47542895.193 < budget < 224194154.373
probabilities_array:[0.         0.54177004 0.45822996]

rule10: 98439.448 < num_voted_users < 199400.536
probabilities_array:[0.         0.48396283 0.51603717]

rule4: title_year < 1996.245
probabilities_array:[0.         0.47609144 0.52390856]

rule19: num_user_for_reviews > 599.698
probabilities_array:[0.        0.4352909 0.5647091]

rule11: num_voted_users > 199400.536
probabilities_array:[0.         0.39600176 0.60399824]

rule34: 727.397 < actor_3_facebook_likes < 1958.599
probabilities_array:[0.         0.32715094 0.67284906]

rule47: duration > 124.744
probabilities_array:[0.01639426 0.29982466 0.6837811 ]

rule0: imdb_score < 5.703
probabilities_array:[0.         0.2848201  0.71517986]

rule1: 5.703 < imdb_score < 6.444
probabilities_array:[0.         0.28195974 0.7180403 ]

rule14: 160.076 < num_critic_for_reviews < 242.615
probabilities_array:[0.         0.28065917 0.7193408 ]

rule35: actor_3_facebook_likes > 1958.599
probabilities_array:[0.         0.2766998  0.72330016]

rule18: 317.817 < num_user_for_reviews < 599.698
probabilities_array:[0.00124281 0.27251142 0.7262458 ]

rule15: num_critic_for_reviews > 242.615
probabilities_array:[0.         0.25740793 0.7425921 ]

rule43: movie_facebook_likes > 22589.401
probabilities_array:[0.        0.2573343 0.7426657]

rule42: 8695.749 < movie_facebook_likes < 22589.401
probabilities_array:[0.00653676 0.24204509 0.7514182 ]

rule13: 77.538 < num_critic_for_reviews < 160.076
probabilities_array:[0.         0.22516736 0.77483267]

rule46: 109.621 < duration < 124.744
probabilities_array:[0.         0.2168136  0.78318644]

rule30: 1882.902 < actor_2_facebook_likes < 4973.277
probabilities_array:[0.         0.21026714 0.7897329 ]

