R2: -2.9076313081073786


MAE: 41536024.81494322


MSE: 1.9160740052348076e+16


Accuracy: 0.764748725418791


F1: 0.7646363578949268


Most important rules
-----------------------------

---0---
rule9: -2600.998 < num_voted_users < 94049.646
probabilities_array:[0.5125494 0.        0.4874506]

rule49: -31458330.014 < budget < 40271429.148
probabilities_array:[0.4206072 0.        0.5793928]

rule16: num_user_for_reviews < 41.993
probabilities_array:[0.4100276  0.         0.58997244]

rule6: 2003.081 < title_year < 2009.817
probabilities_array:[0.37439257 0.         0.62560743]

rule12: num_critic_for_reviews < 74.663
probabilities_array:[0.30165985 0.         0.6983402 ]

rule3: imdb_score > 7.191
probabilities_array:[0.29714754 0.         0.7028525 ]

rule45: 94.323 < duration < 109.709
probabilities_array:[0.23167387 0.00271146 0.7656147 ]

rule7: title_year > 2009.817
probabilities_array:[0.21328452 0.         0.7867155 ]


---1---
rule4: title_year < 1996.346
probabilities_array:[0.         0.42922774 0.5707723 ]

rule30: 1857.170 < actor_2_facebook_likes < 4936.467
probabilities_array:[0.         0.39029223 0.6097078 ]

rule50: 40271429.148 < budget < 112001188.311
probabilities_array:[0.        0.3868391 0.6131609]

rule11: num_voted_users > 190700.289
probabilities_array:[0.         0.32457042 0.6754296 ]

rule10: 94049.646 < num_voted_users < 190700.289
probabilities_array:[0.         0.32368127 0.6763187 ]

rule0: imdb_score < 5.715
probabilities_array:[0.        0.3232491 0.6767509]

rule15: num_critic_for_reviews > 234.396
probabilities_array:[0.         0.31137487 0.68862516]

rule23: director_facebook_likes > 2696.175
probabilities_array:[0.        0.3011856 0.6988144]

rule18: 304.059 < num_user_for_reviews < 566.124
probabilities_array:[0.         0.29710552 0.70289445]

rule51: budget > 112001188.311
probabilities_array:[0.         0.29552075 0.7044792 ]

rule19: num_user_for_reviews > 566.124
probabilities_array:[0.         0.29476455 0.7052355 ]

rule1: 5.715 < imdb_score < 6.453
probabilities_array:[0.         0.2848973  0.71510273]

rule14: 154.529 < num_critic_for_reviews < 234.396
probabilities_array:[0.         0.26201257 0.7379874 ]

rule31: actor_2_facebook_likes > 4936.467
probabilities_array:[0.         0.25285077 0.7471492 ]

rule35: actor_3_facebook_likes > 1896.254
probabilities_array:[0.        0.2254256 0.7745744]

rule43: movie_facebook_likes > 21839.037
probabilities_array:[0.         0.20443107 0.79556894]

