R2: -7.967325156829707


MAE: 33561242.9056756


MSE: 3.575137613963015e+16


Accuracy: 1.0


F1: 1.0


Most important rules
-----------------------------

---0---
