R2: 0.20544435301024755


MAE: 32306452.275841787


MSE: 3342972436132471.5


Accuracy: 1.0


F1: 1.0


Most important rules
-----------------------------

---0---
