R2: -3.166082083427475


MAE: 35350489.06826875


MSE: 1.9960791190580856e+16


Accuracy: 1.0


F1: 1.0


Most important rules
-----------------------------

---0---
