R2: 0.07010211050063897


MAE: 36940910.75563212


MSE: 4035425830139625.0


Accuracy: 0.7538237436270939


F1: 0.7529639597821318


Most important rules
-----------------------------

---0---
rule51: budget > 229371653.352
probabilities_array:[0.5745578  0.         0.42544222]

rule9: 1299.645 < num_voted_users < 94771.335
probabilities_array:[0.44116688 0.         0.5588331 ]

rule49: -133503034.450 < budget < 47934309.451
probabilities_array:[0.42827237 0.         0.57172763]

rule8: num_voted_users < 1299.645
probabilities_array:[0.406772 0.       0.593228]

rule16: num_user_for_reviews < 47.226
probabilities_array:[0.40106973 0.         0.5989303 ]

rule6: 2003.130 < title_year < 2009.912
probabilities_array:[0.35792547 0.         0.6420745 ]

rule3: imdb_score > 7.200
probabilities_array:[0.3562113 0.        0.6437887]

rule12: num_critic_for_reviews < 76.979
probabilities_array:[0.353886 0.       0.646114]

rule7: title_year > 2009.912
probabilities_array:[0.21718924 0.         0.78281075]


---1---
rule19: num_user_for_reviews > 571.352
probabilities_array:[0.         0.50765896 0.492341  ]

rule50: 47934309.451 < budget < 229371653.352
probabilities_array:[0.        0.4800365 0.5199635]

rule4: title_year < 1996.349
probabilities_array:[0.         0.42095268 0.5790473 ]

rule30: 1884.473 < actor_2_facebook_likes < 4976.199
probabilities_array:[0.         0.41719407 0.58280593]

rule11: num_voted_users > 188243.025
probabilities_array:[0.         0.38959116 0.61040884]

rule10: 94771.335 < num_voted_users < 188243.025
probabilities_array:[0.         0.38618338 0.6138166 ]

rule18: 309.289 < num_user_for_reviews < 571.352
probabilities_array:[0.         0.37915483 0.62084514]

rule23: director_facebook_likes > 2587.037
probabilities_array:[0.         0.2727377  0.72726226]

rule0: imdb_score < 5.703
probabilities_array:[0.        0.2605108 0.7394892]

rule15: num_critic_for_reviews > 240.225
probabilities_array:[0.         0.25401768 0.74598235]

rule1: 5.703 < imdb_score < 6.451
probabilities_array:[0.         0.25042406 0.7495759 ]

rule34: 728.329 < actor_3_facebook_likes < 1941.995
probabilities_array:[0.        0.2371458 0.7628542]

rule26: 7560.571 < actor_1_facebook_likes < 19129.186
probabilities_array:[0.01896953 0.22743972 0.75359076]

rule35: actor_3_facebook_likes > 1941.995
probabilities_array:[0.         0.22705211 0.7729479 ]

rule43: movie_facebook_likes > 21597.864
probabilities_array:[4.5383957e-04 2.1519756e-01 7.8434861e-01]

rule38: 11089.875 < cast_total_facebook_likes < 24910.181
probabilities_array:[0.03250506 0.19238323 0.7751117 ]

rule47: duration > 125.226
probabilities_array:[0.02736569 0.19406572 0.7785686 ]

