R2: -0.3036020911720998


MAE: 31319355.756054394


MSE: 6453371627408853.0


Accuracy: 0.7625637290604516


F1: 0.7621821110841909


Most important rules
-----------------------------

---0---
rule8: num_voted_users < 353.699
probabilities_array:[0.41048098 0.         0.589519  ]

rule6: 2003.375 < title_year < 2009.965
probabilities_array:[0.36886743 0.         0.6311326 ]

rule16: num_user_for_reviews < 51.459
probabilities_array:[0.36462334 0.         0.6353767 ]

rule3: imdb_score > 7.215
probabilities_array:[0.3394643 0.        0.6605357]

rule12: num_critic_for_reviews < 77.168
probabilities_array:[0.30363876 0.         0.69636124]

rule9: 353.699 < num_voted_users < 98173.540
probabilities_array:[0.30128196 0.         0.698718  ]

rule49: -120344501.977 < budget < 43242120.692
probabilities_array:[0.25746787 0.         0.74253213]

rule7: title_year > 2009.965
probabilities_array:[0.2458424 0.        0.7541576]

rule41: -5501.349 < movie_facebook_likes < 8853.543
probabilities_array:[0.20485094 0.00624464 0.7889044 ]


---1---
rule4: title_year < 1996.785
probabilities_array:[0.         0.5245205  0.47547948]

rule50: 43242120.692 < budget < 206828743.362
probabilities_array:[0.         0.47276255 0.5272374 ]

rule10: 98173.540 < num_voted_users < 195993.380
probabilities_array:[0.         0.45945767 0.5405423 ]

rule11: num_voted_users > 195993.380
probabilities_array:[0.        0.4420854 0.5579146]

rule19: num_user_for_reviews > 572.375
probabilities_array:[0.         0.41530967 0.58469033]

rule30: 1943.685 < actor_2_facebook_likes < 5077.653
probabilities_array:[0.         0.38444814 0.6155518 ]

rule14: 159.157 < num_critic_for_reviews < 241.145
probabilities_array:[0.         0.35690832 0.6430917 ]

rule51: budget > 206828743.362
probabilities_array:[0.00113101 0.32832077 0.6705482 ]

rule1: 5.736 < imdb_score < 6.475
probabilities_array:[0.         0.31471553 0.68528444]

rule18: 311.917 < num_user_for_reviews < 572.375
probabilities_array:[0.        0.3045768 0.6954232]

rule31: actor_2_facebook_likes > 5077.653
probabilities_array:[0.         0.28209272 0.7179073 ]

rule47: duration > 124.987
probabilities_array:[4.1974741e-05 2.7548063e-01 7.2447741e-01]

rule0: imdb_score < 5.736
probabilities_array:[0.         0.25998622 0.7400138 ]

rule15: num_critic_for_reviews > 241.145
probabilities_array:[0.         0.23666792 0.76333207]

rule23: director_facebook_likes > 2756.456
probabilities_array:[0.         0.23115242 0.7688476 ]

rule43: movie_facebook_likes > 23208.435
probabilities_array:[0.00233274 0.22874029 0.768927  ]

rule38: 10976.333 < cast_total_facebook_likes < 22018.198
probabilities_array:[0.         0.22499727 0.7750027 ]

rule35: actor_3_facebook_likes > 2127.305
probabilities_array:[0.         0.22265683 0.77734315]

rule27: actor_1_facebook_likes > 15305.538
probabilities_array:[0.         0.22018541 0.7798146 ]

