R2: -0.03422541798477163


MAE: 33919783.790476285


MSE: 4927465884385895.0


Accuracy: 1.0


F1: 1.0


Most important rules
-----------------------------

---0---
