R2: 0.002155023549328283


MAE: 36702916.129825346


MSE: 4081033633700757.5


Accuracy: 1.0


F1: 1.0


Most important rules
-----------------------------

---0---
