R2: 0.24949525529962502


MAE: 32308795.213369004


MSE: 3210493893032385.5


Accuracy: 0.764748725418791


F1: 0.764484366278937


Most important rules
-----------------------------

---0---
rule9: -3740.817 < num_voted_users < 97765.670
probabilities_array:[0.51285595 0.         0.48714405]

rule36: cast_total_facebook_likes < 333.129
probabilities_array:[0.39274237 0.         0.60725766]

rule16: num_user_for_reviews < 40.634
probabilities_array:[0.37502486 0.         0.62497514]

rule12: num_critic_for_reviews < 77.752
probabilities_array:[0.32701573 0.         0.6729843 ]

rule3: imdb_score > 7.204
probabilities_array:[0.3074932 0.        0.6925068]

rule49: -24891471.481 < budget < 41210856.669
probabilities_array:[0.30458805 0.         0.6954119 ]

rule45: 94.070 < duration < 109.430
probabilities_array:[0.25329933 0.01190737 0.7347933 ]

rule6: 2003.374 < title_year < 2010.041
probabilities_array:[0.25459778 0.         0.7454022 ]

rule25: -618.956 < actor_1_facebook_likes < 7216.354
probabilities_array:[0.19186194 0.03804498 0.7700931 ]


---1---
rule4: title_year < 1996.708
probabilities_array:[0.         0.56030405 0.43969592]

rule50: 41210856.669 < budget < 107313184.819
probabilities_array:[0.         0.46393153 0.53606844]

rule1: 5.712 < imdb_score < 6.458
probabilities_array:[0.         0.42863166 0.57136834]

rule10: 97765.670 < num_voted_users < 199272.158
probabilities_array:[0.         0.40847775 0.5915223 ]

rule11: num_voted_users > 199272.158
probabilities_array:[0.         0.40585926 0.59414077]

rule0: imdb_score < 5.712
probabilities_array:[0.         0.40262413 0.59737587]

rule19: num_user_for_reviews > 579.615
probabilities_array:[0.         0.36088735 0.63911265]

rule51: budget > 107313184.819
probabilities_array:[0.         0.35734874 0.64265126]

rule37: 333.129 < cast_total_facebook_likes < 10696.406
probabilities_array:[0.         0.33657613 0.66342384]

rule15: num_critic_for_reviews > 240.603
probabilities_array:[0.        0.3048831 0.6951169]

rule30: 1835.336 < actor_2_facebook_likes < 4434.902
probabilities_array:[0.         0.29422495 0.705775  ]

rule14: 159.177 < num_critic_for_reviews < 240.603
probabilities_array:[0.         0.27276194 0.72723806]

rule47: duration > 124.791
probabilities_array:[0.02485562 0.24244744 0.73269695]

rule18: 310.124 < num_user_for_reviews < 579.615
probabilities_array:[0.         0.24599579 0.7540042 ]

rule26: 7216.354 < actor_1_facebook_likes < 15051.664
probabilities_array:[0.0378374  0.2214689  0.74069375]

rule35: actor_3_facebook_likes > 1974.029
probabilities_array:[0.         0.23637646 0.76362354]

rule38: 10696.406 < cast_total_facebook_likes < 21059.684
probabilities_array:[0.         0.23164919 0.76835084]

rule23: director_facebook_likes > 2683.843
probabilities_array:[0.00496297 0.22556777 0.7694693 ]

rule42: 8571.225 < movie_facebook_likes < 22136.665
probabilities_array:[0.04714841 0.17831433 0.7745372 ]

