R2: 0.022148032325334577


MAE: 33645043.71579045


MSE: 4058621850725743.5


Accuracy: 0.7596504005826656


F1: 0.7594144258952467


Most important rules
-----------------------------

---0---
rule16: num_user_for_reviews < 34.604
probabilities_array:[0.4950921 0.        0.5049079]

rule9: -3643.185 < num_voted_users < 98934.820
probabilities_array:[0.36190137 0.         0.6380986 ]

rule3: imdb_score > 7.226
probabilities_array:[0.35185128 0.         0.6481487 ]

rule6: 2003.266 < title_year < 2009.895
probabilities_array:[0.3319718  0.         0.66802824]

rule49: -20374509.762 < budget < 41192765.959
probabilities_array:[0.31958118 0.         0.6804188 ]

rule12: num_critic_for_reviews < 76.317
probabilities_array:[0.3037286 0.        0.6962714]

rule7: title_year > 2009.895
probabilities_array:[0.2585468 0.        0.7414532]


---1---
rule4: title_year < 1996.637
probabilities_array:[0.         0.52504003 0.47495997]

rule50: 41192765.959 < budget < 102760041.681
probabilities_array:[0.         0.45648006 0.5435199 ]

rule43: movie_facebook_likes > 23406.947
probabilities_array:[0.         0.38960698 0.61039305]

rule30: 1922.751 < actor_2_facebook_likes < 5009.396
probabilities_array:[0.         0.37373045 0.6262696 ]

rule10: 98934.820 < num_voted_users < 201512.825
probabilities_array:[0.        0.3526792 0.6473208]

rule15: num_critic_for_reviews > 243.757
probabilities_array:[0.         0.35265192 0.64734805]

rule1: 5.738 < imdb_score < 6.482
probabilities_array:[0.         0.34971172 0.6502883 ]

rule11: num_voted_users > 201512.825
probabilities_array:[0.         0.32717058 0.67282945]

rule51: budget > 102760041.681
probabilities_array:[0.         0.32500377 0.6749962 ]

rule19: num_user_for_reviews > 607.047
probabilities_array:[0.         0.31979826 0.6802017 ]

rule14: 160.037 < num_critic_for_reviews < 243.757
probabilities_array:[0.         0.30498448 0.6950155 ]

rule18: 320.826 < num_user_for_reviews < 607.047
probabilities_array:[0.03693543 0.26282737 0.70023715]

rule47: duration > 125.542
probabilities_array:[0.00189773 0.2569835  0.7411187 ]

rule42: 8896.276 < movie_facebook_likes < 23406.947
probabilities_array:[0.04332264 0.22856173 0.72811556]

rule46: 109.915 < duration < 125.542
probabilities_array:[0.03254791 0.22227211 0.74518   ]

rule13: 76.317 < num_critic_for_reviews < 160.037
probabilities_array:[0.       0.224231 0.775769]

rule27: actor_1_facebook_likes > 18054.611
probabilities_array:[0.07111236 0.18905649 0.73983115]

rule26: 7294.451 < actor_1_facebook_likes < 18054.611
probabilities_array:[0.         0.20739955 0.79260045]

rule0: imdb_score < 5.738
probabilities_array:[0.         0.20500068 0.7949993 ]

rule35: actor_3_facebook_likes > 1863.249
probabilities_array:[0.06728224 0.17005126 0.76266646]

