R2: -0.36949962000302095


MAE: 48161141.08518218


MSE: 7360054910476181.0


Accuracy: 1.0


F1: 1.0


Most important rules
-----------------------------

---0---
