R2: 0.22421003629570369


MAE: 32668697.08093634


MSE: 3199406724145220.0


Accuracy: 1.0


F1: 1.0


Most important rules
-----------------------------

---0---
