R2: -0.27799400336418034


MAE: 45020347.82542331


MSE: 6820600739106758.0


Accuracy: 1.0


F1: 1.0


Most important rules
-----------------------------

---0---
