R2: 0.03512655724357239


MAE: 37622578.348214604


MSE: 4912704904743193.0


Accuracy: 1.0


F1: 1.0


Most important rules
-----------------------------

---0---
