R2: -4.428342397735755


MAE: 35048202.18510094


MSE: 2.6198330731208336e+16


Accuracy: 0.7654770575382375


F1: 0.7640974033458121


Most important rules
-----------------------------

---0---
rule16: num_user_for_reviews < 41.019
probabilities_array:[0.44138697 0.         0.55861306]

rule3: imdb_score > 7.208
probabilities_array:[0.43893957 0.         0.5610604 ]

rule9: -2800.880 < num_voted_users < 98671.339
probabilities_array:[0.41860265 0.         0.58139735]

rule6: 2003.234 < title_year < 2010.020
probabilities_array:[0.33530423 0.         0.6646958 ]

rule12: num_critic_for_reviews < 77.039
probabilities_array:[0.30636504 0.         0.693635  ]

rule49: -40255886.778 < budget < 43398830.073
probabilities_array:[0.2756989 0.        0.7243011]

rule41: -5169.735 < movie_facebook_likes < 8963.607
probabilities_array:[0.2247489  0.00681652 0.7684346 ]


---1---
rule4: title_year < 1996.447
probabilities_array:[0.         0.5134309  0.48656914]

rule10: 98671.339 < num_voted_users < 200143.559
probabilities_array:[0.         0.45265868 0.54734135]

rule11: num_voted_users > 200143.559
probabilities_array:[0.        0.4448467 0.5551533]

rule50: 43398830.073 < budget < 127053546.924
probabilities_array:[0.        0.4427998 0.5572002]

rule19: num_user_for_reviews > 592.190
probabilities_array:[0.         0.43543935 0.56456065]

rule51: budget > 127053546.924
probabilities_array:[0.        0.4337705 0.5662295]

rule1: 5.742 < imdb_score < 6.475
probabilities_array:[0.         0.3762649  0.62373513]

rule35: actor_3_facebook_likes > 1965.302
probabilities_array:[0.         0.36064476 0.63935524]

rule18: 316.605 < num_user_for_reviews < 592.190
probabilities_array:[0.         0.34162033 0.6583797 ]

rule15: num_critic_for_reviews > 246.074
probabilities_array:[0.         0.30720833 0.69279164]

rule14: 161.556 < num_critic_for_reviews < 246.074
probabilities_array:[0.00084921 0.30184993 0.6973008 ]

rule0: imdb_score < 5.742
probabilities_array:[0.        0.2837332 0.7162668]

rule30: 1873.406 < actor_2_facebook_likes < 4982.432
probabilities_array:[0.         0.28311598 0.716884  ]

rule23: director_facebook_likes > 2885.846
probabilities_array:[0.0105347  0.23622286 0.7532424 ]

rule13: 77.039 < num_critic_for_reviews < 161.556
probabilities_array:[0.        0.2274368 0.7725632]

rule38: 10877.812 < cast_total_facebook_likes < 24528.391
probabilities_array:[0.05289298 0.17984362 0.7672635 ]

