R2: -1.0838715293335102


MAE: 32159953.199951477


MSE: 9931178914406996.0


Accuracy: 0.7611070648215587


F1: 0.7606946245244117


Most important rules
-----------------------------

---0---
rule16: num_user_for_reviews < 42.506
probabilities_array:[0.44960934 0.         0.55039066]

rule49: -21453373.407 < budget < 42345409.124
probabilities_array:[0.37643504 0.         0.62356496]

rule36: cast_total_facebook_likes < 367.196
probabilities_array:[0.36572847 0.         0.6342715 ]

rule6: 2003.134 < title_year < 2010.127
probabilities_array:[0.34856588 0.         0.6514341 ]

rule9: -2385.277 < num_voted_users < 96292.875
probabilities_array:[0.34631935 0.         0.6536807 ]

rule12: num_critic_for_reviews < 74.896
probabilities_array:[0.2888872 0.        0.7111128]

rule3: imdb_score > 7.202
probabilities_array:[0.27960163 0.         0.72039837]

rule45: 93.561 < duration < 109.681
probabilities_array:[0.23998852 0.00254211 0.75746936]

rule41: -5382.654 < movie_facebook_likes < 9081.779
probabilities_array:[0.23882234 0.         0.76117766]


---1---
rule4: title_year < 1996.140
probabilities_array:[0.         0.5232111  0.47678885]

rule51: budget > 106144191.655
probabilities_array:[0.         0.44359058 0.5564094 ]

rule10: 96292.875 < num_voted_users < 194971.027
probabilities_array:[0.         0.41144034 0.5885597 ]

rule50: 42345409.124 < budget < 106144191.655
probabilities_array:[0.         0.36765525 0.6323447 ]

rule37: 367.196 < cast_total_facebook_likes < 10751.762
probabilities_array:[0.         0.35388398 0.646116  ]

rule15: num_critic_for_reviews > 241.263
probabilities_array:[0.         0.33701262 0.66298735]

rule11: num_voted_users > 194971.027
probabilities_array:[0.         0.33351648 0.6664835 ]

rule14: 158.080 < num_critic_for_reviews < 241.263
probabilities_array:[0.         0.33108094 0.668919  ]

rule0: imdb_score < 5.706
probabilities_array:[0.         0.32314995 0.6768501 ]

rule1: 5.706 < imdb_score < 6.454
probabilities_array:[0.         0.30107832 0.6989217 ]

rule18: 311.577 < num_user_for_reviews < 580.648
probabilities_array:[0.00648369 0.29732734 0.696189  ]

rule43: movie_facebook_likes > 23546.211
probabilities_array:[0.       0.291525 0.708475]

rule19: num_user_for_reviews > 580.648
probabilities_array:[0.         0.29028    0.70971996]

rule35: actor_3_facebook_likes > 1962.748
probabilities_array:[0.         0.27995494 0.7200451 ]

rule34: 722.516 < actor_3_facebook_likes < 1962.748
probabilities_array:[0.04190023 0.22532241 0.7327774 ]

rule26: 7215.920 < actor_1_facebook_likes < 14553.787
probabilities_array:[0.01729078 0.23243009 0.7502792 ]

rule13: 74.896 < num_critic_for_reviews < 158.080
probabilities_array:[0.         0.22611807 0.7738819 ]

rule30: 1890.933 < actor_2_facebook_likes < 5003.409
probabilities_array:[0.         0.22220808 0.7777919 ]

rule27: actor_1_facebook_likes > 14553.787
probabilities_array:[0.0158279  0.20302355 0.78114855]

