R2: -0.41560429590264647


MAE: 43795065.75110982


MSE: 5904236700055377.0


Accuracy: 1.0


F1: 1.0


Most important rules
-----------------------------

---0---
