R2: -0.4153793402430215


MAE: 32946398.710423246


MSE: 7165585169853805.0


Accuracy: 1.0


F1: 1.0


Most important rules
-----------------------------

---0---
