R2: 0.364397387020705


MAE: 29685462.336078234


MSE: 3344421211107581.0


Accuracy: 0.7785870356882738


F1: 0.7782566194908411


Most important rules
-----------------------------

---0---
rule51: budget > 226022218.499
probabilities_array:[0.46088865 0.         0.5391114 ]

rule16: num_user_for_reviews < 46.278
probabilities_array:[0.44870734 0.         0.55129266]

rule8: num_voted_users < 304.812
probabilities_array:[0.4304615  0.         0.56953853]

rule9: 304.812 < num_voted_users < 97738.904
probabilities_array:[0.39163482 0.         0.6083652 ]

rule3: imdb_score > 7.216
probabilities_array:[0.38797924 0.         0.6120208 ]

rule49: -131964975.108 < budget < 47028621.695
probabilities_array:[0.37420622 0.         0.62579376]

rule12: num_critic_for_reviews < 77.565
probabilities_array:[0.34079134 0.         0.65920866]

rule6: 2003.204 < title_year < 2010.096
probabilities_array:[0.33633295 0.         0.6636671 ]

rule45: 94.233 < duration < 109.906
probabilities_array:[0.21713644 0.00758121 0.7752823 ]


---1---
rule4: title_year < 1996.313
probabilities_array:[0.         0.5513837  0.44861633]

rule11: num_voted_users > 195172.997
probabilities_array:[0.        0.4807297 0.5192703]

rule19: num_user_for_reviews > 580.180
probabilities_array:[0.        0.4222601 0.5777399]

rule18: 313.229 < num_user_for_reviews < 580.180
probabilities_array:[0.        0.3880874 0.6119126]

rule10: 97738.904 < num_voted_users < 195172.997
probabilities_array:[0.         0.38227928 0.6177207 ]

rule50: 47028621.695 < budget < 226022218.499
probabilities_array:[0.         0.37815464 0.62184536]

rule1: 5.754 < imdb_score < 6.485
probabilities_array:[0.         0.30984583 0.6901542 ]

rule30: 1900.294 < actor_2_facebook_likes < 5024.333
probabilities_array:[0.         0.24505979 0.7549402 ]

rule15: num_critic_for_reviews > 240.717
probabilities_array:[0.         0.24070416 0.7592958 ]

rule0: imdb_score < 5.754
probabilities_array:[0.         0.23155445 0.76844555]

rule14: 159.141 < num_critic_for_reviews < 240.717
probabilities_array:[0.         0.23039642 0.7696036 ]

rule23: director_facebook_likes > 2951.216
probabilities_array:[0.         0.23022844 0.7697716 ]

rule47: duration > 125.578
probabilities_array:[0.00259113 0.20805255 0.7893563 ]

rule34: 729.768 < actor_3_facebook_likes < 1976.057
probabilities_array:[0.         0.20726676 0.79273325]

rule26: 7347.765 < actor_1_facebook_likes < 18325.804
probabilities_array:[0.         0.20623922 0.7937608 ]

rule43: movie_facebook_likes > 23061.408
probabilities_array:[0.         0.20577149 0.7942285 ]

rule35: actor_3_facebook_likes > 1976.057
probabilities_array:[0.         0.20092463 0.79907537]

