R2: -0.29498602986523115


MAE: 34141293.29922823


MSE: 6026204590931550.0


Accuracy: 0.7858703568827385


F1: 0.7858293434523507


Most important rules
-----------------------------

---0---
rule16: num_user_for_reviews < 37.353
probabilities_array:[0.48131478 0.         0.5186852 ]

rule49: -125699752.391 < budget < 44089618.366
probabilities_array:[0.42431864 0.         0.5756813 ]

rule9: -3591.630 < num_voted_users < 94062.366
probabilities_array:[0.42104894 0.         0.57895106]

rule6: 2003.172 < title_year < 2009.890
probabilities_array:[0.32989118 0.         0.6701088 ]

rule3: imdb_score > 7.208
probabilities_array:[0.3191636 0.        0.6808364]

rule12: num_critic_for_reviews < 74.252
probabilities_array:[0.30945426 0.         0.69054574]

rule51: budget > 213878989.122
probabilities_array:[0.20611715 0.         0.79388285]

rule7: title_year > 2009.890
probabilities_array:[0.20346615 0.         0.7965339 ]


---1---
rule4: title_year < 1996.454
probabilities_array:[0.         0.49477798 0.505222  ]

rule11: num_voted_users > 191716.363
probabilities_array:[0.         0.38324574 0.61675423]

rule19: num_user_for_reviews > 574.670
probabilities_array:[0.         0.37570196 0.62429804]

rule10: 94062.366 < num_voted_users < 191716.363
probabilities_array:[0.        0.3635366 0.6364634]

rule50: 44089618.366 < budget < 213878989.122
probabilities_array:[0.         0.34974036 0.6502597 ]

rule30: 1824.305 < actor_2_facebook_likes < 4867.431
probabilities_array:[0.         0.32800373 0.67199624]

rule34: 671.630 < actor_3_facebook_likes < 1786.813
probabilities_array:[0.        0.3186152 0.6813848]

rule35: actor_3_facebook_likes > 1786.813
probabilities_array:[0.         0.31583503 0.684165  ]

rule15: num_critic_for_reviews > 236.448
probabilities_array:[0.         0.29434916 0.7056508 ]

rule0: imdb_score < 5.736
probabilities_array:[0.         0.28359774 0.7164023 ]

rule1: 5.736 < imdb_score < 6.472
probabilities_array:[0.         0.28163326 0.71836674]

rule14: 155.350 < num_critic_for_reviews < 236.448
probabilities_array:[0.         0.2695596  0.73044044]

rule23: director_facebook_likes > 2651.929
probabilities_array:[0.         0.25320542 0.7467946 ]

rule43: movie_facebook_likes > 21335.939
probabilities_array:[0.        0.2469827 0.7530173]

rule22: 719.359 < director_facebook_likes < 2651.929
probabilities_array:[0.03757437 0.2187554  0.7436702 ]

rule13: 74.252 < num_critic_for_reviews < 155.350
probabilities_array:[0.        0.2132772 0.7867228]

rule38: 10816.388 < cast_total_facebook_likes < 24465.695
probabilities_array:[0.04944395 0.18107794 0.7694781 ]

rule21: -1213.212 < director_facebook_likes < 719.359
probabilities_array:[0.         0.20113079 0.7988692 ]

