R2: -1.3318794923487736


MAE: 32098667.36674946


MSE: 1.0858388237539942e+16


Accuracy: 1.0


F1: 1.0


Most important rules
-----------------------------

---0---
