R2: -7.196591196928303


MAE: 41688242.10758013


MSE: 3.969326674658331e+16


Accuracy: 1.0


F1: 1.0


Most important rules
-----------------------------

---0---
