R2: -7.4220844706122815


MAE: 37532825.85100764


MSE: 3.994297456948118e+16


Accuracy: 1.0


F1: 1.0


Most important rules
-----------------------------

---0---
