R2: -0.1677376093950056


MAE: 40478091.41416015


MSE: 6276952941324524.0


Accuracy: 1.0


F1: 1.0


Most important rules
-----------------------------

---0---
