R2: 0.32329306017417303


MAE: 30499580.899450548


MSE: 3454734433763653.0


Accuracy: 0.7727603787327021


F1: 0.7719269102990032


Most important rules
-----------------------------

---0---
rule49: -37591711.516 < budget < 42847344.188
probabilities_array:[4.3675628e-01 5.1052001e-04 5.6273323e-01]

rule16: num_user_for_reviews < 45.973
probabilities_array:[0.42859343 0.         0.57140654]

rule9: -575.382 < num_voted_users < 98456.925
probabilities_array:[0.40635532 0.         0.5936447 ]

rule6: 2003.176 < title_year < 2010.057
probabilities_array:[0.3426402  0.         0.65735984]

rule3: imdb_score > 7.227
probabilities_array:[0.28820026 0.         0.71179974]

rule12: num_critic_for_reviews < 77.818
probabilities_array:[0.25962782 0.         0.7403722 ]

rule7: title_year > 2010.057
probabilities_array:[0.2335662 0.        0.7664338]

rule45: 94.435 < duration < 109.388
probabilities_array:[0.22001994 0.01960863 0.76037145]


---1---
rule4: title_year < 1996.296
probabilities_array:[0.        0.4247735 0.5752265]

rule19: num_user_for_reviews > 587.073
probabilities_array:[0.         0.41848361 0.5815164 ]

rule10: 98456.925 < num_voted_users < 197489.231
probabilities_array:[0.         0.40547553 0.5945245 ]

rule0: imdb_score < 5.750
probabilities_array:[0.         0.40474036 0.59525967]

rule11: num_voted_users > 197489.231
probabilities_array:[0.         0.35128757 0.6487124 ]

rule1: 5.750 < imdb_score < 6.489
probabilities_array:[0.         0.33991274 0.6600872 ]

rule51: budget > 123286399.891
probabilities_array:[0.         0.32335445 0.6766455 ]

rule14: 160.657 < num_critic_for_reviews < 243.495
probabilities_array:[0.         0.31762752 0.6823725 ]

rule50: 42847344.188 < budget < 123286399.891
probabilities_array:[0.         0.31157163 0.68842834]

rule13: 77.818 < num_critic_for_reviews < 160.657
probabilities_array:[0.         0.30005792 0.69994205]

rule15: num_critic_for_reviews > 243.495
probabilities_array:[0.         0.28065455 0.71934545]

rule30: 1854.905 < actor_2_facebook_likes < 4908.295
probabilities_array:[0.        0.2752021 0.7247979]

rule18: 316.523 < num_user_for_reviews < 587.073
probabilities_array:[0.         0.27262542 0.72737455]

rule47: duration > 124.341
probabilities_array:[0.01539002 0.26227307 0.7223368 ]

rule26: 7293.035 < actor_1_facebook_likes < 18201.922
probabilities_array:[0.         0.26807526 0.7319247 ]

rule43: movie_facebook_likes > 22960.284
probabilities_array:[0.         0.26326495 0.73673505]

rule35: actor_3_facebook_likes > 1834.689
probabilities_array:[0.         0.2572882  0.74271184]

rule23: director_facebook_likes > 2768.721
probabilities_array:[0.00091055 0.25032088 0.7487685 ]

rule34: 693.039 < actor_3_facebook_likes < 1834.689
probabilities_array:[0.        0.2311842 0.7688158]

