R2: -0.4113044842808664


MAE: 33114041.355172105


MSE: 6852783117043512.0


Accuracy: 0.7370721048798252


F1: 0.7369107731374069


Most important rules
-----------------------------

---0---
rule9: -2525.808 < num_voted_users < 98238.332
probabilities_array:[0.42367664 0.         0.5763234 ]

rule6: 2003.340 < title_year < 2010.088
probabilities_array:[0.42081708 0.         0.5791829 ]

rule16: num_user_for_reviews < 43.651
probabilities_array:[0.39240712 0.         0.6075929 ]

rule49: -121390442.289 < budget < 43846108.826
probabilities_array:[0.3493795  0.         0.65062046]

rule12: num_critic_for_reviews < 77.609
probabilities_array:[0.3271081 0.        0.6728919]

rule3: imdb_score > 7.228
probabilities_array:[0.30503702 0.         0.694963  ]

rule7: title_year > 2010.088
probabilities_array:[0.2983848 0.        0.7016152]

rule51: budget > 209082659.940
probabilities_array:[0.24648914 0.         0.75351083]

rule45: 94.227 < duration < 109.722
probabilities_array:[0.23408908 0.         0.7659109 ]

rule22: 780.556 < director_facebook_likes < 2818.428
probabilities_array:[0.23123881 0.         0.76876116]

rule41: -5526.254 < movie_facebook_likes < 9033.364
probabilities_array:[0.22094932 0.01408236 0.7649684 ]


---1---
rule10: 98238.332 < num_voted_users < 199002.472
probabilities_array:[0.         0.44383886 0.55616117]

rule50: 43846108.826 < budget < 209082659.940
probabilities_array:[0.         0.41842327 0.5815767 ]

rule19: num_user_for_reviews > 586.408
probabilities_array:[0.         0.40483138 0.5951686 ]

rule4: title_year < 1996.591
probabilities_array:[0.         0.39241382 0.6075862 ]

rule1: 5.744 < imdb_score < 6.486
probabilities_array:[0.         0.38424936 0.6157506 ]

rule30: 1903.450 < actor_2_facebook_likes < 5005.470
probabilities_array:[0.         0.36849555 0.6315045 ]

rule11: num_voted_users > 199002.472
probabilities_array:[0.         0.36761925 0.6323808 ]

rule18: 315.030 < num_user_for_reviews < 586.408
probabilities_array:[0.         0.3573536  0.64264643]

rule35: actor_3_facebook_likes > 1936.901
probabilities_array:[0.         0.32879218 0.6712078 ]

rule43: movie_facebook_likes > 23592.982
probabilities_array:[0.        0.3243127 0.6756873]

rule0: imdb_score < 5.744
probabilities_array:[0.         0.32282868 0.67717135]

rule14: 161.416 < num_critic_for_reviews < 245.222
probabilities_array:[0.         0.31206578 0.6879342 ]

rule23: director_facebook_likes > 2818.428
probabilities_array:[0.         0.29406142 0.7059386 ]

rule47: duration > 125.217
probabilities_array:[0.         0.25680703 0.743193  ]

rule27: actor_1_facebook_likes > 15394.498
probabilities_array:[0.       0.240402 0.759598]

rule15: num_critic_for_reviews > 245.222
probabilities_array:[0.         0.21655482 0.7834452 ]

rule26: 7348.038 < actor_1_facebook_likes < 15394.498
probabilities_array:[0.04375247 0.17966819 0.7765794 ]

