R2: -0.37088352021094173


MAE: 43042734.60500823


MSE: 5394215694808930.0


Accuracy: 1.0


F1: 1.0


Most important rules
-----------------------------

---0---
