R2: 0.18340905040054167


MAE: 29474493.48364535


MSE: 3485589381737985.0


Accuracy: 0.752367079388201


F1: 0.7510728789843697


Most important rules
-----------------------------

---0---
rule16: num_user_for_reviews < 40.328
probabilities_array:[0.5097598  0.         0.49024022]

rule3: imdb_score > 7.190
probabilities_array:[0.39461106 0.         0.60538894]

rule49: -127429382.447 < budget < 45875777.289
probabilities_array:[0.39409703 0.         0.60590297]

rule9: -1560.087 < num_voted_users < 97195.569
probabilities_array:[0.39148462 0.         0.6085154 ]

rule6: 2003.513 < title_year < 2010.078
probabilities_array:[0.3657086 0.        0.6342914]

rule12: num_critic_for_reviews < 77.466
probabilities_array:[0.25306806 0.         0.74693197]


---1---
rule4: title_year < 1996.948
probabilities_array:[0.       0.547057 0.452943]

rule11: num_voted_users > 195951.226
probabilities_array:[0.        0.4852802 0.5147198]

rule10: 97195.569 < num_voted_users < 195951.226
probabilities_array:[0.         0.4265425  0.57345754]

rule14: 160.940 < num_critic_for_reviews < 244.414
probabilities_array:[0.        0.4008916 0.5991084]

rule50: 45875777.289 < budget < 219180937.024
probabilities_array:[0.         0.39483857 0.6051614 ]

rule15: num_critic_for_reviews > 244.414
probabilities_array:[0.         0.36227912 0.6377209 ]

rule1: 5.731 < imdb_score < 6.461
probabilities_array:[0.         0.35237247 0.64762753]

rule19: num_user_for_reviews > 591.025
probabilities_array:[0.        0.3357901 0.6642099]

rule0: imdb_score < 5.731
probabilities_array:[0.         0.31288388 0.68711615]

rule35: actor_3_facebook_likes > 2013.448
probabilities_array:[0.         0.30496144 0.69503856]

rule13: 77.466 < num_critic_for_reviews < 160.940
probabilities_array:[0.         0.29757875 0.70242125]

rule30: 1849.067 < actor_2_facebook_likes < 4429.886
probabilities_array:[0.         0.27583522 0.7241648 ]

rule47: duration > 125.066
probabilities_array:[0.00478139 0.24594472 0.74927384]

rule18: 315.676 < num_user_for_reviews < 591.025
probabilities_array:[0.        0.2365049 0.7634951]

rule42: 8946.370 < movie_facebook_likes < 23577.072
probabilities_array:[0.00221798 0.22766466 0.77011734]

