R2: -4.063065517682728


MAE: 34013907.808878474


MSE: 2.2946615091850028e+16


Accuracy: 1.0


F1: 1.0


Most important rules
-----------------------------

---0---
