R2: -2.980515590674091


MAE: 34812357.7547093


MSE: 1.7296498832320504e+16


Accuracy: 1.0


F1: 1.0


Most important rules
-----------------------------

---0---
