R2: -0.3139760570265857


MAE: 45007718.36308711


MSE: 6379236071430101.0


Accuracy: 1.0


F1: 1.0


Most important rules
-----------------------------

---0---
