R2: 0.18841718945252173


MAE: 32906028.99487118


MSE: 3028065694167014.5


Accuracy: 0.7611070648215587


F1: 0.7599087283816347


Most important rules
-----------------------------

---0---
rule9: -4032.423 < num_voted_users < 100789.146
probabilities_array:[0.45988604 0.         0.540114  ]

rule6: 2003.436 < title_year < 2010.093
probabilities_array:[0.44075346 0.         0.55924654]

rule51: budget > 229612145.195
probabilities_array:[0.405242   0.         0.59475803]

rule16: num_user_for_reviews < 39.379
probabilities_array:[0.38201502 0.         0.617985  ]

rule12: num_critic_for_reviews < 77.957
probabilities_array:[0.37273443 0.         0.6272656 ]

rule3: imdb_score > 7.237
probabilities_array:[0.31674793 0.         0.68325204]

rule49: -132936071.972 < budget < 48338036.611
probabilities_array:[0.27311358 0.         0.7268864 ]

rule7: title_year > 2010.093
probabilities_array:[0.22030604 0.         0.77969396]

rule45: 94.629 < duration < 110.143
probabilities_array:[0.21415968 0.00957057 0.7762697 ]

rule44: duration < 94.629
probabilities_array:[0.20957303 0.01664985 0.7737772 ]


---1---
rule50: 48338036.611 < budget < 229612145.195
probabilities_array:[0.        0.4829083 0.5170917]

rule4: title_year < 1996.780
probabilities_array:[0.         0.43304658 0.5669534 ]

rule10: 100789.146 < num_voted_users < 205610.716
probabilities_array:[0.        0.4127636 0.5872364]

rule0: imdb_score < 5.748
probabilities_array:[0.         0.39496145 0.6050385 ]

rule19: num_user_for_reviews > 596.846
probabilities_array:[0.         0.3931308  0.60686916]

rule35: actor_3_facebook_likes > 1929.912
probabilities_array:[0.         0.38927108 0.6107289 ]

rule1: 5.748 < imdb_score < 6.492
probabilities_array:[0.         0.37765938 0.6223406 ]

rule11: num_voted_users > 205610.716
probabilities_array:[0.        0.3452195 0.6547805]

rule30: 1868.852 < actor_2_facebook_likes < 4468.218
probabilities_array:[0.         0.31115484 0.68884516]

rule18: 318.113 < num_user_for_reviews < 596.846
probabilities_array:[0.         0.29087612 0.7091239 ]

rule15: num_critic_for_reviews > 248.704
probabilities_array:[0.         0.25415218 0.7458478 ]

rule14: 163.331 < num_critic_for_reviews < 248.704
probabilities_array:[0.00100392 0.2507798  0.7482163 ]

rule43: movie_facebook_likes > 25206.248
probabilities_array:[0.         0.22378579 0.77621424]

rule26: 7368.404 < actor_1_facebook_likes < 18505.590
probabilities_array:[0.         0.22144216 0.77855784]

rule21: -1274.239 < director_facebook_likes < 760.442
probabilities_array:[0.         0.20985864 0.79014134]

rule13: 77.957 < num_critic_for_reviews < 163.331
probabilities_array:[0.         0.20604774 0.7939522 ]

