R2: -0.2855271382494793


MAE: 31008645.694939777


MSE: 5881103392642408.0


Accuracy: 0.7618353969410051


F1: 0.7614932865851229


Most important rules
-----------------------------

---0---
rule16: num_user_for_reviews < 46.493
probabilities_array:[0.47492847 0.         0.52507156]

rule9: -2582.298 < num_voted_users < 98532.367
probabilities_array:[0.39968666 0.         0.60031337]

rule6: 2003.249 < title_year < 2009.815
probabilities_array:[0.3650384 0.        0.6349616]

rule49: -123296177.368 < budget < 44965974.486
probabilities_array:[0.32522592 0.         0.6747741 ]

rule12: num_critic_for_reviews < 77.306
probabilities_array:[0.3183954 0.        0.6816046]

rule3: imdb_score > 7.213
probabilities_array:[0.22045287 0.         0.77954715]

rule45: 94.400 < duration < 109.535
probabilities_array:[0.21782994 0.         0.78217006]

rule51: budget > 213228126.340
probabilities_array:[0.21579786 0.         0.78420216]


---1---
rule50: 44965974.486 < budget < 213228126.340
probabilities_array:[0.         0.45955023 0.54044974]

rule4: title_year < 1996.682
probabilities_array:[0.         0.44887537 0.55112463]

rule11: num_voted_users > 199647.033
probabilities_array:[0.         0.39474908 0.6052509 ]

rule1: 5.731 < imdb_score < 6.472
probabilities_array:[0.         0.37909696 0.620903  ]

rule10: 98532.367 < num_voted_users < 199647.033
probabilities_array:[0.         0.3545774  0.64542264]

rule19: num_user_for_reviews > 586.613
probabilities_array:[0.         0.31227234 0.68772763]

rule0: imdb_score < 5.731
probabilities_array:[0.         0.30776054 0.69223946]

rule30: 1850.239 < actor_2_facebook_likes < 4883.550
probabilities_array:[0.         0.29989338 0.7001066 ]

rule18: 316.553 < num_user_for_reviews < 586.613
probabilities_array:[0.         0.28500056 0.71499944]

rule43: movie_facebook_likes > 23145.561
probabilities_array:[0.         0.27797198 0.722028  ]

rule35: actor_3_facebook_likes > 1822.944
probabilities_array:[0.         0.27662376 0.7233763 ]

rule42: 8755.039 < movie_facebook_likes < 23145.561
probabilities_array:[0.02380527 0.22209236 0.75410235]

rule34: 693.207 < actor_3_facebook_likes < 1822.944
probabilities_array:[0.         0.22990368 0.7700963 ]

rule21: -1235.201 < director_facebook_likes < 734.895
probabilities_array:[0.         0.21736042 0.78263956]

rule14: 159.413 < num_critic_for_reviews < 241.521
probabilities_array:[0.        0.2092244 0.7907756]

