R2: -0.45241439429358166


MAE: 45297719.38655441


MSE: 5873621904363443.0


Accuracy: 1.0


F1: 1.0


Most important rules
-----------------------------

---0---
