R2: -0.0481085017849312


MAE: 37703963.8455374


MSE: 4307334233726702.5


Accuracy: 1.0


F1: 1.0


Most important rules
-----------------------------

---0---
