R2: 0.2154134022391867


MAE: 31018748.608698096


MSE: 4573061927902049.0


Accuracy: 0.7574654042243263


F1: 0.7568690325205196


Most important rules
-----------------------------

---0---
rule51: budget > 221491020.655
probabilities_array:[0.5023761  0.         0.49762392]

rule3: imdb_score > 7.221
probabilities_array:[0.40402007 0.         0.5959799 ]

rule16: num_user_for_reviews < 45.339
probabilities_array:[0.39267072 0.         0.60732925]

rule9: -1212.006 < num_voted_users < 97048.888
probabilities_array:[0.34702817 0.         0.6529718 ]

rule6: 2003.207 < title_year < 2009.953
probabilities_array:[0.3421037  0.         0.65789634]

rule12: num_critic_for_reviews < 77.234
probabilities_array:[0.32421976 0.         0.67578024]

rule49: -130142485.095 < budget < 45674267.780
probabilities_array:[0.32001588 0.         0.67998415]


---1---
rule50: 45674267.780 < budget < 221491020.655
probabilities_array:[0.         0.5140209  0.48597905]

rule4: title_year < 1996.462
probabilities_array:[0.         0.48360547 0.5163945 ]

rule19: num_user_for_reviews > 581.672
probabilities_array:[0.         0.45122144 0.5487786 ]

rule11: num_voted_users > 195309.782
probabilities_array:[0.         0.41676065 0.5832394 ]

rule18: 313.506 < num_user_for_reviews < 581.672
probabilities_array:[0.        0.3645484 0.6354516]

rule15: num_critic_for_reviews > 241.888
probabilities_array:[0.         0.32112774 0.6788723 ]

rule30: 1834.664 < actor_2_facebook_likes < 4885.557
probabilities_array:[0.         0.31786665 0.6821334 ]

rule10: 97048.888 < num_voted_users < 195309.782
probabilities_array:[0.         0.31435183 0.68564814]

rule47: duration > 124.773
probabilities_array:[0.01962575 0.25239405 0.72798026]

rule14: 159.561 < num_critic_for_reviews < 241.888
probabilities_array:[0.         0.23149367 0.76850635]

rule1: 5.745 < imdb_score < 6.483
probabilities_array:[0.         0.22429271 0.7757073 ]

rule35: actor_3_facebook_likes > 1810.169
probabilities_array:[0.         0.21492498 0.785075  ]

rule13: 77.234 < num_critic_for_reviews < 159.561
probabilities_array:[0.         0.21345237 0.78654766]

rule43: movie_facebook_likes > 22818.033
probabilities_array:[0.         0.20751974 0.7924803 ]

rule39: cast_total_facebook_likes > 24248.655
probabilities_array:[0.07129982 0.17286293 0.75583726]

