R2: -0.4406833957160847


MAE: 46543553.95148591


MSE: 6403841266213052.0


Accuracy: 1.0


F1: 1.0


Most important rules
-----------------------------

---0---
