R2: -9.137683058416657


MAE: 40575900.18181028


MSE: 5.157356766804735e+16


Accuracy: 0.7436270939548434


F1: 0.740972275818305


Most important rules
-----------------------------

---0---
rule16: num_user_for_reviews < 47.559
probabilities_array:[0.466273 0.       0.533727]

rule9: 113.807 < num_voted_users < 98880.788
probabilities_array:[0.46031523 0.         0.5396848 ]

rule49: -39953045.647 < budget < 43674436.677
probabilities_array:[0.44726515 0.         0.55273485]

rule8: num_voted_users < 113.807
probabilities_array:[0.36022738 0.         0.63977265]

rule3: imdb_score > 7.209
probabilities_array:[0.32516074 0.         0.67483926]

rule12: num_critic_for_reviews < 77.050
probabilities_array:[0.2987075  0.00126571 0.70002675]

rule6: 2003.227 < title_year < 2009.910
probabilities_array:[0.25165546 0.         0.74834454]


---1---
rule4: title_year < 1996.544
probabilities_array:[0.         0.43992946 0.5600705 ]

rule10: 98880.788 < num_voted_users < 197647.769
probabilities_array:[0.         0.39507017 0.6049298 ]

rule50: 43674436.677 < budget < 127301919.001
probabilities_array:[0.        0.3707757 0.6292243]

rule11: num_voted_users > 197647.769
probabilities_array:[0.        0.3668037 0.6331963]

rule51: budget > 127301919.001
probabilities_array:[0.         0.33844608 0.6615539 ]

rule19: num_user_for_reviews > 585.219
probabilities_array:[0.         0.32897967 0.6710203 ]

rule1: 5.736 < imdb_score < 6.472
probabilities_array:[0.         0.28494355 0.7150564 ]

rule0: imdb_score < 5.736
probabilities_array:[0.         0.28010386 0.71989614]

rule43: movie_facebook_likes > 22233.689
probabilities_array:[0.         0.27990276 0.72009724]

rule26: 7606.077 < actor_1_facebook_likes < 18582.952
probabilities_array:[0.0055079  0.26922315 0.7252689 ]

rule18: 316.389 < num_user_for_reviews < 585.219
probabilities_array:[0.         0.26340282 0.7365972 ]

rule47: duration > 125.397
probabilities_array:[0.02220034 0.24882199 0.7289777 ]

rule30: 1951.371 < actor_2_facebook_likes < 5086.737
probabilities_array:[0.         0.24723032 0.75276965]

rule15: num_critic_for_reviews > 239.350
probabilities_array:[0.         0.23461017 0.76538986]

rule42: 8629.698 < movie_facebook_likes < 22233.689
probabilities_array:[0.00106059 0.23244604 0.7664934 ]

rule13: 77.050 < num_critic_for_reviews < 158.200
probabilities_array:[0.        0.2246853 0.7753147]

rule31: actor_2_facebook_likes > 5086.737
probabilities_array:[0.         0.22386938 0.7761306 ]

rule14: 158.200 < num_critic_for_reviews < 239.350
probabilities_array:[0.0035838  0.21612671 0.78028953]

rule35: actor_3_facebook_likes > 1982.652
probabilities_array:[0.         0.21367192 0.7863281 ]

rule23: director_facebook_likes > 2794.638
probabilities_array:[0.         0.21162562 0.78837436]

rule27: actor_1_facebook_likes > 18582.952
probabilities_array:[0.03029577 0.1888147  0.7808895 ]

