R2: -4.272031866079993


MAE: 32076779.102008104


MSE: 2.0848192217395148e+16


Accuracy: 0.7625637290604516


F1: 0.7605792766423608


Most important rules
-----------------------------

---0---
rule3: imdb_score > 7.213
probabilities_array:[0.44153258 0.         0.5584674 ]

rule16: num_user_for_reviews < 45.526
probabilities_array:[0.41295505 0.         0.58704495]

rule22: 754.458 < director_facebook_likes < 2751.728
probabilities_array:[0.3296204 0.        0.6703796]

rule6: 2003.251 < title_year < 2009.975
probabilities_array:[0.27305245 0.         0.72694755]

rule49: -31387134.286 < budget < 42337712.007
probabilities_array:[0.27157405 0.         0.7284259 ]

rule12: num_critic_for_reviews < 76.466
probabilities_array:[0.2692004  0.         0.73079956]

rule9: -1447.193 < num_voted_users < 98162.187
probabilities_array:[0.26378626 0.         0.73621374]

rule41: -5264.155 < movie_facebook_likes < 8771.192
probabilities_array:[0.22116753 0.         0.7788325 ]


---1---
rule50: 42337712.007 < budget < 116062558.300
probabilities_array:[0.         0.49374545 0.50625455]

rule51: budget > 116062558.300
probabilities_array:[0.         0.47626242 0.5237376 ]

rule4: title_year < 1996.527
probabilities_array:[0.         0.46429777 0.5357022 ]

rule11: num_voted_users > 197771.567
probabilities_array:[0.         0.45642745 0.54357255]

rule19: num_user_for_reviews > 584.782
probabilities_array:[0.         0.42914593 0.57085407]

rule10: 98162.187 < num_voted_users < 197771.567
probabilities_array:[0.         0.40733728 0.5926627 ]

rule18: 315.154 < num_user_for_reviews < 584.782
probabilities_array:[0.         0.3604906  0.63950944]

rule15: num_critic_for_reviews > 243.259
probabilities_array:[0.00118515 0.31648856 0.6823263 ]

rule14: 159.862 < num_critic_for_reviews < 243.259
probabilities_array:[0.         0.30862495 0.691375  ]

rule43: movie_facebook_likes > 22806.540
probabilities_array:[0.         0.26995862 0.7300414 ]

rule13: 76.466 < num_critic_for_reviews < 159.862
probabilities_array:[0.         0.25096565 0.74903435]

rule34: 710.624 < actor_3_facebook_likes < 1894.607
probabilities_array:[0.         0.23240185 0.76759815]

rule30: 1894.151 < actor_2_facebook_likes < 5004.579
probabilities_array:[0.         0.22045116 0.7795488 ]

rule1: 5.719 < imdb_score < 6.466
probabilities_array:[0.         0.21649295 0.78350705]

rule35: actor_3_facebook_likes > 1894.607
probabilities_array:[0.02452983 0.19904694 0.77642316]

