R2: -0.2881263799102842


MAE: 44894571.82208788


MSE: 6513159717775248.0


Accuracy: 1.0


F1: 1.0


Most important rules
-----------------------------

---0---
