R2: 0.4622140143067224


MAE: 30578102.268027596


MSE: 2723293090991395.5


Accuracy: 0.7603787327021122


F1: 0.7588307495505942


Most important rules
-----------------------------

---0---
rule51: budget > 226843071.923
probabilities_array:[0.5859441  0.         0.41405588]

rule6: 2003.219 < title_year < 2009.964
probabilities_array:[0.44099918 0.         0.5590008 ]

rule49: -131187006.900 < budget < 47828032.511
probabilities_array:[0.43854758 0.         0.5614524 ]

rule3: imdb_score > 7.212
probabilities_array:[0.41448778 0.         0.5855122 ]

rule9: -2404.375 < num_voted_users < 97899.504
probabilities_array:[0.40756312 0.         0.5924369 ]

rule16: num_user_for_reviews < 40.738
probabilities_array:[0.38718528 0.         0.6128147 ]

rule7: title_year > 2009.964
probabilities_array:[0.3296821 0.        0.6703179]

rule12: num_critic_for_reviews < 77.052
probabilities_array:[0.2552255  0.         0.74477446]

rule5: 1996.473 < title_year < 2003.219
probabilities_array:[0.24358964 0.         0.75641036]


---1---
rule19: num_user_for_reviews > 583.355
probabilities_array:[0.         0.44247845 0.5575216 ]

rule11: num_voted_users > 198203.382
probabilities_array:[0.         0.43142304 0.56857693]

rule10: 97899.504 < num_voted_users < 198203.382
probabilities_array:[0.         0.40997776 0.5900222 ]

rule50: 47828032.511 < budget < 226843071.923
probabilities_array:[0.        0.4080478 0.5919522]

rule4: title_year < 1996.473
probabilities_array:[0.       0.385378 0.614622]

rule18: 312.047 < num_user_for_reviews < 583.355
probabilities_array:[0.         0.37394646 0.6260536 ]

rule14: 159.311 < num_critic_for_reviews < 241.570
probabilities_array:[0.         0.35961473 0.64038527]

rule1: 5.740 < imdb_score < 6.476
probabilities_array:[0.        0.3487904 0.6512096]

rule23: director_facebook_likes > 2843.999
probabilities_array:[0.         0.32524168 0.6747583 ]

rule43: movie_facebook_likes > 22862.337
probabilities_array:[0.        0.3151575 0.6848425]

rule47: duration > 125.670
probabilities_array:[0.00688391 0.30456856 0.68854755]

rule15: num_critic_for_reviews > 241.570
probabilities_array:[0.        0.3044781 0.6955219]

rule13: 77.052 < num_critic_for_reviews < 159.311
probabilities_array:[0.         0.2874306  0.71256936]

rule46: 109.826 < duration < 125.670
probabilities_array:[0.         0.27740848 0.7225915 ]

rule0: imdb_score < 5.740
probabilities_array:[0.         0.27208295 0.727917  ]

rule35: actor_3_facebook_likes > 2038.547
probabilities_array:[0.         0.26443642 0.7355636 ]

rule21: -1264.529 < director_facebook_likes < 789.735
probabilities_array:[0.         0.25900984 0.74099016]

rule30: 1881.070 < actor_2_facebook_likes < 4983.915
probabilities_array:[0.         0.25801182 0.7419882 ]

rule31: actor_2_facebook_likes > 4983.915
probabilities_array:[0.         0.21522228 0.7847777 ]

