R2: -0.27630077564203304


MAE: 43690628.231087685


MSE: 6055759391359040.0


Accuracy: 1.0


F1: 1.0


Most important rules
-----------------------------

---0---
