R2: -3.8817371276402657


MAE: 35229584.252939664


MSE: 1.9118599366021956e+16


Accuracy: 0.7596504005826656


F1: 0.7585425903819918


Most important rules
-----------------------------

---0---
rule9: -3213.316 < num_voted_users < 99209.911
probabilities_array:[0.44485974 0.         0.55514026]

rule49: -34076820.769 < budget < 42581269.192
probabilities_array:[0.37625363 0.         0.6237464 ]

rule36: cast_total_facebook_likes < 582.923
probabilities_array:[0.3247896 0.        0.6752104]

rule3: imdb_score > 7.220
probabilities_array:[0.32383966 0.         0.67616034]

rule16: num_user_for_reviews < 43.206
probabilities_array:[0.31811318 0.         0.68188685]

rule12: num_critic_for_reviews < 77.366
probabilities_array:[0.2586027  0.         0.74139726]

rule25: -520.349 < actor_1_facebook_likes < 7455.033
probabilities_array:[0.23531818 0.         0.7646818 ]

rule6: 2003.291 < title_year < 2010.064
probabilities_array:[0.21553528 0.         0.7844647 ]

rule45: 94.427 < duration < 109.738
probabilities_array:[0.20833138 0.00108611 0.7905825 ]


---1---
rule4: title_year < 1996.517
probabilities_array:[0.         0.55185026 0.44814977]

rule37: 582.923 < cast_total_facebook_likes < 11089.499
probabilities_array:[0.         0.4331906  0.56680936]

rule19: num_user_for_reviews > 583.687
probabilities_array:[0.         0.41934398 0.580656  ]

rule10: 99209.911 < num_voted_users < 201633.138
probabilities_array:[0.        0.4080404 0.5919596]

rule50: 42581269.192 < budget < 119239359.153
probabilities_array:[0.         0.40277433 0.59722567]

rule30: 1936.367 < actor_2_facebook_likes < 4634.169
probabilities_array:[0.         0.35469383 0.64530617]

rule18: 313.447 < num_user_for_reviews < 583.687
probabilities_array:[0.        0.3325921 0.6674079]

rule11: num_voted_users > 201633.138
probabilities_array:[0.         0.32436833 0.67563164]

rule51: budget > 119239359.153
probabilities_array:[0.         0.31773117 0.6822688 ]

rule34: 750.440 < actor_3_facebook_likes < 2025.279
probabilities_array:[0.00212724 0.28848067 0.7093922 ]

rule15: num_critic_for_reviews > 246.678
probabilities_array:[0.         0.28513908 0.7148609 ]

rule13: 77.366 < num_critic_for_reviews < 162.022
probabilities_array:[0.        0.2780754 0.7219246]

rule35: actor_3_facebook_likes > 2025.279
probabilities_array:[0.         0.27364653 0.72635347]

rule38: 11089.499 < cast_total_facebook_likes < 21596.075
probabilities_array:[0.        0.2572379 0.7427621]

rule14: 162.022 < num_critic_for_reviews < 246.678
probabilities_array:[0.         0.22935247 0.7706475 ]

rule1: 5.762 < imdb_score < 6.491
probabilities_array:[0.         0.22841509 0.7715849 ]

rule23: director_facebook_likes > 2892.786
probabilities_array:[0.02926741 0.21102068 0.7597119 ]

rule46: 109.738 < duration < 125.049
probabilities_array:[0.         0.20623575 0.79376423]

rule43: movie_facebook_likes > 23795.669
probabilities_array:[0.         0.20144932 0.79855067]

