R2: -0.2977897618346874


MAE: 45257552.00856645


MSE: 6505515227444335.0


Accuracy: 1.0


F1: 1.0


Most important rules
-----------------------------

---0---
