R2: -0.25992631159400603


MAE: 40879374.00665087


MSE: 5229972960629271.0


Accuracy: 1.0


F1: 1.0


Most important rules
-----------------------------

---0---
