R2: 0.05111641876111306


MAE: 37538598.515280925


MSE: 4937450448906240.0


Accuracy: 1.0


F1: 1.0


Most important rules
-----------------------------

---0---
