R2: 0.054079375718422584


MAE: 29401473.632703226


MSE: 4077929006395557.5


Accuracy: 0.7581937363437727


F1: 0.7579100545960529


Most important rules
-----------------------------

---0---
rule9: -1582.703 < num_voted_users < 98598.690
probabilities_array:[0.43477288 0.         0.56522715]

rule36: cast_total_facebook_likes < 305.247
probabilities_array:[0.38736084 0.         0.6126392 ]

rule16: num_user_for_reviews < 41.689
probabilities_array:[0.36657113 0.         0.6334289 ]

rule12: num_critic_for_reviews < 74.933
probabilities_array:[0.3623818 0.        0.6376182]

rule3: imdb_score > 7.211
probabilities_array:[0.3097802 0.        0.6902198]

rule49: -129538516.918 < budget < 46727213.838
probabilities_array:[0.29862672 0.00642485 0.6949484 ]

rule6: 2003.372 < title_year < 2009.972
probabilities_array:[0.24409379 0.         0.7559062 ]

rule45: 93.931 < duration < 109.522
probabilities_array:[0.22399493 0.         0.7760051 ]


---1---
rule4: title_year < 1996.772
probabilities_array:[0.        0.5339311 0.4660689]

rule50: 46727213.838 < budget < 222992944.594
probabilities_array:[0.         0.49674815 0.50325185]

rule10: 98598.690 < num_voted_users < 198780.083
probabilities_array:[0.         0.45622048 0.5437795 ]

rule11: num_voted_users > 198780.083
probabilities_array:[0.        0.3947892 0.6052108]

rule19: num_user_for_reviews > 587.960
probabilities_array:[0.         0.35369563 0.64630437]

rule30: 1869.716 < actor_2_facebook_likes < 4957.869
probabilities_array:[0.        0.3453111 0.6546889]

rule1: 5.751 < imdb_score < 6.481
probabilities_array:[0.         0.32793128 0.6720687 ]

rule14: 159.547 < num_critic_for_reviews < 244.162
probabilities_array:[0.        0.2896359 0.7103641]

rule18: 314.824 < num_user_for_reviews < 587.960
probabilities_array:[0.         0.27264768 0.7273523 ]

rule43: movie_facebook_likes > 23507.793
probabilities_array:[0.         0.26677102 0.733229  ]

rule37: 305.247 < cast_total_facebook_likes < 10602.090
probabilities_array:[0.         0.25649473 0.7435053 ]

rule23: director_facebook_likes > 2723.910
probabilities_array:[0.0029811  0.22854751 0.7684713 ]

rule31: actor_2_facebook_likes > 4957.869
probabilities_array:[0.00637472 0.21223256 0.7813927 ]

rule0: imdb_score < 5.751
probabilities_array:[0.         0.21121582 0.7887842 ]

rule47: duration > 125.113
probabilities_array:[3.4548117e-05 2.0019116e-01 7.9977429e-01]

