R2: -0.3454879227219725


MAE: 46729954.20077255


MSE: 6821924738195432.0


Accuracy: 1.0


F1: 1.0


Most important rules
-----------------------------

---0---
