R2: 0.1291644610081807


MAE: 32756492.761626225


MSE: 3560684279329622.5


Accuracy: 0.7734887108521485


F1: 0.7727925514791526


Most important rules
-----------------------------

---0---
rule16: num_user_for_reviews < 32.799
probabilities_array:[0.45238727 0.         0.5476127 ]

rule9: -4034.925 < num_voted_users < 99039.268
probabilities_array:[0.44512296 0.         0.55487704]

rule51: budget > 229403652.153
probabilities_array:[0.43205637 0.         0.56794363]

rule49: -132737672.565 < budget < 48332989.794
probabilities_array:[0.3907786 0.        0.6092214]

rule36: cast_total_facebook_likes < 565.329
probabilities_array:[0.30247352 0.         0.6975265 ]

rule45: 94.026 < duration < 109.191
probabilities_array:[0.2555926  0.         0.74440736]

rule6: 2003.286 < title_year < 2010.093
probabilities_array:[0.24497491 0.         0.7550251 ]

rule12: num_critic_for_reviews < 77.173
probabilities_array:[0.23439245 0.         0.76560754]

rule3: imdb_score > 7.203
probabilities_array:[0.22128052 0.         0.7787195 ]

rule25: -435.213 < actor_1_facebook_likes < 7174.278
probabilities_array:[0.21704717 0.         0.78295285]

rule44: duration < 94.026
probabilities_array:[0.20093302 0.         0.79906696]


---1---
rule4: title_year < 1996.479
probabilities_array:[0.         0.5110859  0.48891404]

rule50: 48332989.794 < budget < 229403652.153
probabilities_array:[0.         0.47291297 0.52708703]

rule37: 565.329 < cast_total_facebook_likes < 10768.964
probabilities_array:[0.         0.3696635  0.63033646]

rule10: 99039.268 < num_voted_users < 202113.460
probabilities_array:[0.        0.3648461 0.6351539]

rule11: num_voted_users > 202113.460
probabilities_array:[0.         0.35917678 0.6408232 ]

rule1: 5.714 < imdb_score < 6.459
probabilities_array:[0.         0.34334627 0.65665376]

rule14: 160.471 < num_critic_for_reviews < 243.770
probabilities_array:[0.        0.3133218 0.6866782]

rule0: imdb_score < 5.714
probabilities_array:[0.         0.30389756 0.69610244]

rule18: 317.064 < num_user_for_reviews < 601.329
probabilities_array:[0.         0.28122523 0.71877474]

rule13: 77.173 < num_critic_for_reviews < 160.471
probabilities_array:[0.        0.2667315 0.7332685]

rule15: num_critic_for_reviews > 243.770
probabilities_array:[0.         0.25269455 0.74730545]

rule27: actor_1_facebook_likes > 14783.770
probabilities_array:[0.         0.25051653 0.74948347]

rule38: 10768.964 < cast_total_facebook_likes < 20972.600
probabilities_array:[0.         0.24486293 0.7551371 ]

rule30: 1894.979 < actor_2_facebook_likes < 4527.436
probabilities_array:[0.         0.24367656 0.75632346]

rule19: num_user_for_reviews > 601.329
probabilities_array:[0.         0.24297224 0.75702775]

rule35: actor_3_facebook_likes > 2023.941
probabilities_array:[0.01486435 0.23030743 0.7548283 ]

rule43: movie_facebook_likes > 23543.357
probabilities_array:[0.         0.20199832 0.79800165]

