R2: 0.4137995129858647


MAE: 30384562.299200494


MSE: 2720891068152036.5


Accuracy: 0.7458120903131829


F1: 0.7436532133424422


Most important rules
-----------------------------

---0---
rule51: budget > 226440453.061
probabilities_array:[0.5147952  0.         0.48520485]

rule16: num_user_for_reviews < 46.880
probabilities_array:[0.45305392 0.         0.54694605]

rule6: 2003.369 < title_year < 2009.986
probabilities_array:[0.39674422 0.         0.6032558 ]

rule9: -2320.461 < num_voted_users < 100936.522
probabilities_array:[0.39161032 0.         0.6083897 ]

rule3: imdb_score > 7.224
probabilities_array:[0.3311077  0.         0.66889226]

rule49: -131476128.193 < budget < 47482162.434
probabilities_array:[0.30451357 0.         0.6954864 ]

rule12: num_critic_for_reviews < 77.081
probabilities_array:[0.26740873 0.         0.7325913 ]

rule41: -5304.427 < movie_facebook_likes < 8855.667
probabilities_array:[0.25952917 0.00523389 0.7352369 ]

rule7: title_year > 2009.986
probabilities_array:[0.22442593 0.         0.7755741 ]


---1---
rule11: num_voted_users > 204193.505
probabilities_array:[0.         0.47617212 0.52382785]

rule50: 47482162.434 < budget < 226440453.061
probabilities_array:[0.         0.44503495 0.554965  ]

rule4: title_year < 1996.752
probabilities_array:[0.        0.4346684 0.5653316]

rule10: 100936.522 < num_voted_users < 204193.505
probabilities_array:[0.         0.40595782 0.5940422 ]

rule19: num_user_for_reviews > 590.139
probabilities_array:[0.         0.34583384 0.65416616]

rule13: 77.081 < num_critic_for_reviews < 160.260
probabilities_array:[0.         0.33263093 0.66736907]

rule1: 5.753 < imdb_score < 6.488
probabilities_array:[0.        0.3138684 0.6861316]

rule15: num_critic_for_reviews > 243.438
probabilities_array:[0.        0.3007331 0.6992669]

rule18: 318.509 < num_user_for_reviews < 590.139
probabilities_array:[0.         0.2911891  0.70881087]

rule14: 160.260 < num_critic_for_reviews < 243.438
probabilities_array:[0.         0.29004788 0.7099521 ]

rule30: 1984.367 < actor_2_facebook_likes < 5145.690
probabilities_array:[0.         0.28492996 0.71507   ]

rule43: movie_facebook_likes > 23015.760
probabilities_array:[0.        0.2815553 0.7184447]

rule34: 752.597 < actor_3_facebook_likes < 2025.511
probabilities_array:[0.         0.25011706 0.74988294]

rule47: duration > 124.797
probabilities_array:[0.01680985 0.23075004 0.7524401 ]

rule0: imdb_score < 5.753
probabilities_array:[0.        0.2336788 0.7663212]

rule35: actor_3_facebook_likes > 2025.511
probabilities_array:[0.        0.2253018 0.7746982]

rule21: -1277.994 < director_facebook_likes < 771.408
probabilities_array:[0.         0.20735992 0.7926401 ]

rule46: 109.523 < duration < 124.797
probabilities_array:[0.00150237 0.20591578 0.79258186]

