R2: 0.27214747391118455


MAE: 32360448.724061236


MSE: 3378758379923752.0


Accuracy: 0.764748725418791


F1: 0.7637783406174012


Most important rules
-----------------------------

---0---
rule9: -712.935 < num_voted_users < 96959.604
probabilities_array:[0.4492022 0.        0.5507978]

rule16: num_user_for_reviews < 47.735
probabilities_array:[0.416239   0.         0.58376104]

rule3: imdb_score > 7.206
probabilities_array:[0.37943232 0.         0.6205677 ]

rule51: budget > 213058546.764
probabilities_array:[0.36775005 0.         0.63224995]

rule49: -122733140.526 < budget < 45162703.119
probabilities_array:[0.3672419  0.         0.63275814]

rule12: num_critic_for_reviews < 77.502
probabilities_array:[0.3345805  0.         0.66541946]

rule6: 2003.312 < title_year < 2009.994
probabilities_array:[0.32168487 0.         0.67831516]

rule45: 94.633 < duration < 110.036
probabilities_array:[2.6535973e-01 4.9180294e-06 7.3463541e-01]

rule7: title_year > 2009.994
probabilities_array:[0.20635039 0.         0.7936496 ]


---1---
rule4: title_year < 1996.631
probabilities_array:[0.         0.54800105 0.45199898]

rule50: 45162703.119 < budget < 213058546.764
probabilities_array:[0.       0.435763 0.564237]

rule11: num_voted_users > 194632.142
probabilities_array:[0.        0.3899082 0.6100918]

rule0: imdb_score < 5.747
probabilities_array:[0.         0.37674862 0.6232514 ]

rule1: 5.747 < imdb_score < 6.477
probabilities_array:[0.        0.3689821 0.6310179]

rule10: 96959.604 < num_voted_users < 194632.142
probabilities_array:[0.         0.36022    0.63978004]

rule18: 311.680 < num_user_for_reviews < 575.626
probabilities_array:[0.         0.34427547 0.6557245 ]

rule19: num_user_for_reviews > 575.626
probabilities_array:[0.         0.33985528 0.6601447 ]

rule30: 1923.174 < actor_2_facebook_likes < 4994.320
probabilities_array:[0.         0.32038894 0.6796111 ]

rule15: num_critic_for_reviews > 241.872
probabilities_array:[3.0485578e-04 2.9819748e-01 7.0149761e-01]

rule14: 159.687 < num_critic_for_reviews < 241.872
probabilities_array:[0.         0.29505733 0.7049427 ]

rule43: movie_facebook_likes > 22572.403
probabilities_array:[0.         0.26732752 0.73267245]

rule39: cast_total_facebook_likes > 24943.182
probabilities_array:[0.         0.24381547 0.7561845 ]

rule35: actor_3_facebook_likes > 1994.078
probabilities_array:[0.         0.24029581 0.7597042 ]

rule47: duration > 125.438
probabilities_array:[0.00155595 0.2107717  0.78767234]

