R2: -0.1203262665230338


MAE: 39348622.76500463


MSE: 4796227873579518.0


Accuracy: 1.0


F1: 1.0


Most important rules
-----------------------------

---0---
