R2: -1.490967342982568


MAE: 36881057.564013965


MSE: 9725908269387192.0


Accuracy: 1.0


F1: 1.0


Most important rules
-----------------------------

---0---
