R2: 0.16665460935156762


MAE: 31773437.716525916


MSE: 3517627013609716.5


Accuracy: 0.7443554260742898


F1: 0.7426429240862231


Most important rules
-----------------------------

---0---
rule16: num_user_for_reviews < 49.853
probabilities_array:[0.42227983 0.         0.57772017]

rule9: -63.784 < num_voted_users < 98916.441
probabilities_array:[0.41571277 0.         0.5842872 ]

rule49: -126097044.836 < budget < 46501850.321
probabilities_array:[0.36049643 0.         0.63950354]

rule3: imdb_score > 7.222
probabilities_array:[0.3236326 0.        0.6763674]

rule12: num_critic_for_reviews < 76.479
probabilities_array:[0.3226773 0.        0.6773227]

rule51: budget > 219100745.479
probabilities_array:[0.2808733 0.        0.7191267]

rule6: 2003.209 < title_year < 2009.915
probabilities_array:[0.2552402 0.        0.7447598]

rule7: title_year > 2009.915
probabilities_array:[0.22297603 0.         0.777024  ]


---1---
rule4: title_year < 1996.504
probabilities_array:[0.         0.57008505 0.42991492]

rule50: 46501850.321 < budget < 219100745.479
probabilities_array:[0.         0.41763297 0.58236706]

rule10: 98916.441 < num_voted_users < 197896.665
probabilities_array:[0.         0.39977145 0.60022855]

rule19: num_user_for_reviews > 584.127
probabilities_array:[0.         0.37181038 0.6281896 ]

rule30: 1908.726 < actor_2_facebook_likes < 5032.372
probabilities_array:[0.         0.34298176 0.65701824]

rule11: num_voted_users > 197896.665
probabilities_array:[0.         0.34025517 0.65974486]

rule35: actor_3_facebook_likes > 1964.350
probabilities_array:[0.         0.32352164 0.6764784 ]

rule43: movie_facebook_likes > 23750.254
probabilities_array:[0.         0.32276416 0.67723584]

rule14: 159.864 < num_critic_for_reviews < 243.249
probabilities_array:[0.         0.30556607 0.6944339 ]

rule18: 316.990 < num_user_for_reviews < 584.127
probabilities_array:[0.01171988 0.29933676 0.6889434 ]

rule47: duration > 124.706
probabilities_array:[0.00696529 0.27924567 0.71378905]

rule15: num_critic_for_reviews > 243.249
probabilities_array:[0.        0.2712801 0.7287199]

rule13: 76.479 < num_critic_for_reviews < 159.864
probabilities_array:[0.         0.23468289 0.7653171 ]

rule1: 5.740 < imdb_score < 6.481
probabilities_array:[0.         0.23198481 0.7680152 ]

rule38: 11009.202 < cast_total_facebook_likes < 24270.419
probabilities_array:[0.0071616  0.21493517 0.7779032 ]

rule0: imdb_score < 5.740
probabilities_array:[0.         0.20487536 0.79512465]

rule31: actor_2_facebook_likes > 5032.372
probabilities_array:[0.         0.20355698 0.79644305]

