R2: -7.903370752365458


MAE: 41510134.85359602


MSE: 4.506672465466476e+16


Accuracy: 0.7771303714493809


F1: 0.7771103896103897


Most important rules
-----------------------------

---0---
rule16: num_user_for_reviews < 40.526
probabilities_array:[0.44223472 0.         0.55776525]

rule3: imdb_score > 7.197
probabilities_array:[0.42192104 0.         0.5780789 ]

rule49: -37616885.571 < budget < 41635782.391
probabilities_array:[0.4036673 0.        0.5963327]

rule9: -4384.276 < num_voted_users < 94592.651
probabilities_array:[0.3468754 0.        0.6531246]

rule6: 2003.217 < title_year < 2009.895
probabilities_array:[0.3229904 0.        0.6770096]

rule12: num_critic_for_reviews < 75.239
probabilities_array:[0.26046872 0.         0.7395313 ]

rule22: 732.501 < director_facebook_likes < 2714.927
probabilities_array:[0.22334847 0.         0.77665156]

rule41: -5564.151 < movie_facebook_likes < 8442.216
probabilities_array:[0.22209464 0.         0.77790534]

rule44: duration < 94.214
probabilities_array:[0.19820084 0.03328431 0.7685149 ]

rule45: 94.214 < duration < 109.289
probabilities_array:[0.20033942 0.0218643  0.77779627]


---1---
rule11: num_voted_users > 193569.578
probabilities_array:[0.        0.4785639 0.5214361]

rule4: title_year < 1996.538
probabilities_array:[0.         0.46586743 0.5341326 ]

rule10: 94592.651 < num_voted_users < 193569.578
probabilities_array:[0.         0.44958335 0.55041665]

rule19: num_user_for_reviews > 570.588
probabilities_array:[0.         0.44272545 0.5572745 ]

rule51: budget > 120888450.354
probabilities_array:[0.         0.40531167 0.5946883 ]

rule50: 41635782.391 < budget < 120888450.354
probabilities_array:[0.         0.35909548 0.6409045 ]

rule18: 305.557 < num_user_for_reviews < 570.588
probabilities_array:[0.         0.31708896 0.68291104]

rule15: num_critic_for_reviews > 239.339
probabilities_array:[0.         0.31459618 0.6854038 ]

rule43: movie_facebook_likes > 22448.583
probabilities_array:[0.         0.28645885 0.71354115]

rule14: 157.289 < num_critic_for_reviews < 239.339
probabilities_array:[4.0816307e-05 2.8593937e-01 7.1401978e-01]

rule23: director_facebook_likes > 2714.927
probabilities_array:[0.         0.27473807 0.7252619 ]

rule1: 5.735 < imdb_score < 6.466
probabilities_array:[0.         0.27006978 0.7299302 ]

rule34: 713.833 < actor_3_facebook_likes < 1920.577
probabilities_array:[0.        0.2552839 0.7447161]

rule0: imdb_score < 5.735
probabilities_array:[0.         0.23429354 0.7657065 ]

rule13: 75.239 < num_critic_for_reviews < 157.289
probabilities_array:[0.        0.2131206 0.7868794]

