R2: -0.34325723083371673


MAE: 46460501.33444962


MSE: 6779479683599966.0


Accuracy: 1.0


F1: 1.0


Most important rules
-----------------------------

---0---
