R2: 0.0927662891464559


MAE: 36622449.12134922


MSE: 4471841919008035.0


Accuracy: 1.0


F1: 1.0


Most important rules
-----------------------------

---0---
