R2: -0.1534405831332939


MAE: 39497538.51458968


MSE: 5367031072026550.0


Accuracy: 1.0


F1: 1.0


Most important rules
-----------------------------

---0---
