R2: -0.062274791199816715


MAE: 31281492.538030215


MSE: 5515306884293623.0


Accuracy: 0.7472687545520758


F1: 0.7468476237690576


Most important rules
-----------------------------

---0---
rule16: num_user_for_reviews < 54.169
probabilities_array:[0.48881775 0.         0.51118225]

rule51: budget > 222772494.435
probabilities_array:[0.48332968 0.         0.5166703 ]

rule49: -130432939.587 < budget < 46169777.424
probabilities_array:[0.4255511  0.         0.57444894]

rule9: 877.723 < num_voted_users < 98079.246
probabilities_array:[0.41236445 0.         0.5876355 ]

rule8: num_voted_users < 877.723
probabilities_array:[0.379072 0.       0.620928]

rule6: 2003.139 < title_year < 2010.058
probabilities_array:[0.37474242 0.         0.6252576 ]

rule12: num_critic_for_reviews < 78.161
probabilities_array:[0.2684685 0.        0.7315315]

rule3: imdb_score > 7.214
probabilities_array:[0.25982943 0.         0.74017054]

rule45: 94.376 < duration < 109.625
probabilities_array:[0.21274616 0.         0.78725386]


---1---
rule4: title_year < 1996.219
probabilities_array:[0.         0.5157856  0.48421445]

rule19: num_user_for_reviews > 577.131
probabilities_array:[0.         0.47824964 0.5217504 ]

rule50: 46169777.424 < budget < 222772494.435
probabilities_array:[0.         0.42262533 0.57737464]

rule14: 160.762 < num_critic_for_reviews < 243.362
probabilities_array:[0.         0.37059784 0.62940216]

rule15: num_critic_for_reviews > 243.362
probabilities_array:[0.        0.3478388 0.6521612]

rule1: 5.734 < imdb_score < 6.474
probabilities_array:[0.         0.34344074 0.6565593 ]

rule10: 98079.246 < num_voted_users < 195280.769
probabilities_array:[0.         0.33215627 0.66784376]

rule30: 1984.700 < actor_2_facebook_likes < 5163.274
probabilities_array:[0.        0.3113492 0.6886508]

rule11: num_voted_users > 195280.769
probabilities_array:[0.         0.30691049 0.69308954]

rule18: 315.650 < num_user_for_reviews < 577.131
probabilities_array:[0.        0.3015129 0.6984871]

rule0: imdb_score < 5.734
probabilities_array:[0.        0.2941782 0.7058218]

rule13: 78.161 < num_critic_for_reviews < 160.762
probabilities_array:[0.         0.25236595 0.74763405]

rule21: -1238.858 < director_facebook_likes < 762.526
probabilities_array:[0.         0.24396618 0.75603384]

