R2: 0.4670849740720878

MAE: 9.476

MSE: 140.33424941176472

Accuracy: 0.85

F1: 0.8499883208900347

Confusion Matrix: [[146, 21], [30, 143]]

Uncertainties: {'class0': [0.17976243793964386, 0.32664114236831665, 0.36494189500808716, 0.36528247594833374, 0.4977858066558838], 'class1': [0.2382563203573227, 0.3397754728794098, 0.41241025924682617, 0.4526347517967224, 0.5402435064315796]}

Most important rules
-----------------------------

---0---
rule28: age < 2.084
probabilities_array:[0.8202376  0.         0.17976244]

rule15: water > 196.386
probabilities_array:[0.67335886 0.         0.32664114]

rule0: cement < 212.252
probabilities_array:[0.6350581 0.        0.3649419]

rule29: 2.084 < age < 45.678
probabilities_array:[0.6347175  0.         0.36528248]

rule27: fine_aggregate > 827.346
probabilities_array:[0.5022142 0.        0.4977858]

rule14: 181.880 < water < 196.386
probabilities_array:[0.43922493 0.         0.56077504]

rule16: superplasticizer < 2.110
probabilities_array:[0.40337664 0.         0.59662336]

rule1: 212.252 < cement < 281.541
probabilities_array:[0.2699895 0.        0.7300105]

rule4: blast_furnace_slag < 17.311
probabilities_array:[0.25229445 0.         0.7477055 ]


---1---
rule31: age > 89.273
probabilities_array:[0.         0.76174366 0.23825632]

rule3: cement > 350.829
probabilities_array:[0.         0.66022456 0.33977547]

rule30: 45.678 < age < 89.273
probabilities_array:[0.         0.58758974 0.41241026]

rule24: fine_aggregate < 717.782
probabilities_array:[0.         0.54736525 0.45263475]

rule12: water < 167.375
probabilities_array:[0.         0.45975652 0.5402435 ]

rule19: superplasticizer > 10.206
probabilities_array:[0.         0.44003606 0.55996394]

rule2: 281.541 < cement < 350.829
probabilities_array:[0.         0.4335796  0.56642044]

rule20: coarse_aggregate < 919.524
probabilities_array:[0.         0.41976157 0.5802384 ]

rule6: 75.320 < blast_furnace_slag < 133.329
probabilities_array:[0.         0.41237757 0.58762246]

rule21: 919.524 < coarse_aggregate < 972.205
probabilities_array:[0.         0.36642247 0.6335775 ]

rule9: 10.088 < fly_ash < 53.509
probabilities_array:[0.         0.3431839  0.65681607]

rule22: 972.205 < coarse_aggregate < 1024.885
probabilities_array:[0.         0.34183967 0.6581603 ]

rule13: 167.375 < water < 181.880
probabilities_array:[0.         0.32976165 0.6702383 ]

rule17: 2.110 < superplasticizer < 6.158
probabilities_array:[0.         0.31582367 0.6841763 ]

rule8: fly_ash < 10.088
probabilities_array:[0.         0.31250504 0.68749493]

rule5: 17.311 < blast_furnace_slag < 75.320
probabilities_array:[0.04909242 0.26133323 0.6895743 ]

rule10: 53.509 < fly_ash < 96.931
probabilities_array:[0.        0.2328301 0.7671699]

rule18: 6.158 < superplasticizer < 10.206
probabilities_array:[0.        0.2075049 0.7924951]

