R2: 0.4105970872278203

MAE: 9.952264705882351

MSE: 153.15132205882352

Accuracy: 0.8058823529411765

F1: 0.8058218822470666

Confusion Matrix: [[134, 33], [33, 140]]

Uncertainties: {'class0': [0.26727333664894104, 0.3294050991535187, 0.3446919918060303, 0.4082854688167572, 0.5871293544769287], 'class1': [0.323344349861145, 0.3673977851867676, 0.38511335849761963, 0.4358409643173218, 0.47293150424957275]}

Most important rules
-----------------------------

---0---
rule29: 2.541 < age < 43.575
probabilities_array:[0.7327267  0.         0.26727334]

rule15: water > 195.782
probabilities_array:[0.67059493 0.         0.3294051 ]

rule27: fine_aggregate > 824.687
probabilities_array:[0.655308 0.       0.344692]

rule0: cement < 210.257
probabilities_array:[0.59171456 0.         0.40828547]

rule16: superplasticizer < 2.340
probabilities_array:[0.41287065 0.         0.58712935]

rule26: 771.466 < fine_aggregate < 824.687
probabilities_array:[0.3915137 0.        0.6084863]

rule25: 718.246 < fine_aggregate < 771.466
probabilities_array:[0.37070498 0.         0.629295  ]

rule14: 181.563 < water < 195.782
probabilities_array:[0.33854312 0.         0.6614569 ]

rule7: blast_furnace_slag > 135.927
probabilities_array:[0.24345222 0.03808957 0.7184583 ]

rule4: blast_furnace_slag < 18.196
probabilities_array:[0.2523087  0.00770558 0.7399857 ]


---1---
rule3: cement > 350.258
probabilities_array:[0.         0.67665565 0.32334435]

rule31: age > 84.610
probabilities_array:[0.        0.6326022 0.3673978]

rule8: fly_ash < 11.119
probabilities_array:[0.         0.61488664 0.38511336]

rule24: fine_aggregate < 718.246
probabilities_array:[0.         0.56415904 0.43584096]

rule20: coarse_aggregate < 920.340
probabilities_array:[0.        0.5270685 0.4729315]

rule19: superplasticizer > 10.151
probabilities_array:[0.        0.5189102 0.4810898]

rule12: water < 167.344
probabilities_array:[0.         0.51512724 0.48487276]

rule9: 11.119 < fly_ash < 54.103
probabilities_array:[0.         0.5067936  0.49320635]

rule30: 43.575 < age < 84.610
probabilities_array:[0.        0.5028427 0.4971573]

rule6: 77.061 < blast_furnace_slag < 135.927
probabilities_array:[0.         0.48287493 0.51712507]

rule18: 6.245 < superplasticizer < 10.151
probabilities_array:[0.        0.4664461 0.5335539]

rule2: 280.257 < cement < 350.258
probabilities_array:[0.         0.45032528 0.5496747 ]

rule17: 2.340 < superplasticizer < 6.245
probabilities_array:[0.         0.44311252 0.5568875 ]

rule13: 167.344 < water < 181.563
probabilities_array:[0.         0.37691224 0.62308776]

rule21: 920.340 < coarse_aggregate < 972.795
probabilities_array:[0.         0.36241716 0.63758284]

rule10: 54.103 < fly_ash < 97.088
probabilities_array:[0.         0.34819227 0.6518077 ]

rule5: 18.196 < blast_furnace_slag < 77.061
probabilities_array:[0.02882073 0.2124646  0.7587146 ]

