R2: 0.48867064660540294

MAE: 9.803882352941176

MSE: 146.31804647058826

Accuracy: 0.8529411764705882

F1: 0.85178727114211

Confusion Matrix: [[130, 28], [22, 160]]

Uncertainties: {'class0': [0.05555788800120354, 0.30822181701660156, 0.32611119747161865, 0.46874332427978516, 0.49297353625297546], 'class1': [0.16675563156604767, 0.2142190933227539, 0.2243078052997589, 0.4002094566822052, 0.4284294545650482]}

Most important rules
-----------------------------

---0---
rule28: age < 3.095
probabilities_array:[0.9444421  0.         0.05555789]

rule0: cement < 209.879
probabilities_array:[0.6917782  0.         0.30822182]

rule15: water > 196.548
probabilities_array:[0.6738888 0.        0.3261112]

rule29: 3.095 < age < 44.833
probabilities_array:[0.5312567  0.         0.46874332]

rule27: fine_aggregate > 825.273
probabilities_array:[0.5070265  0.         0.49297354]

rule14: 182.292 < water < 196.548
probabilities_array:[0.45709616 0.         0.54290384]

rule16: superplasticizer < 2.003
probabilities_array:[0.35728756 0.         0.6427124 ]

rule4: blast_furnace_slag < 16.357
probabilities_array:[0.308259 0.       0.691741]

rule26: 771.791 < fine_aggregate < 825.273
probabilities_array:[0.27525932 0.01136927 0.71337146]


---1---
rule31: age > 86.572
probabilities_array:[0.         0.8332444  0.16675563]

rule30: 44.833 < age < 86.572
probabilities_array:[0.        0.7857809 0.2142191]

rule3: cement > 349.435
probabilities_array:[0.         0.77569216 0.2243078 ]

rule24: fine_aggregate < 718.310
probabilities_array:[0.         0.5997906  0.40020946]

rule6: 74.654 < blast_furnace_slag < 132.951
probabilities_array:[0.         0.5715706  0.42842945]

rule12: water < 168.036
probabilities_array:[0.         0.55310535 0.44689468]

rule2: 279.657 < cement < 349.435
probabilities_array:[0.         0.54508185 0.45491815]

rule19: superplasticizer > 10.030
probabilities_array:[0.         0.43451175 0.5654882 ]

rule10: 54.624 < fly_ash < 98.141
probabilities_array:[0.         0.39702806 0.6029719 ]

rule13: 168.036 < water < 182.292
probabilities_array:[0.         0.35036913 0.64963084]

rule18: 6.017 < superplasticizer < 10.030
probabilities_array:[0.01141622 0.33704332 0.6515404 ]

rule17: 2.003 < superplasticizer < 6.017
probabilities_array:[0.         0.31909218 0.68090785]

rule8: fly_ash < 11.108
probabilities_array:[0.01382509 0.29528508 0.69088984]

rule20: coarse_aggregate < 919.335
probabilities_array:[0.         0.30129462 0.6987054 ]

rule21: 919.335 < coarse_aggregate < 972.137
probabilities_array:[0.        0.2058469 0.7941531]

