R2: 0.4056193897714785

MAE: 9.872926470588235

MSE: 143.92424375

Accuracy: 0.8205882352941176

F1: 0.8202383531960997

Confusion Matrix: [[147, 25], [36, 132]]

Uncertainties: {'class0': [0.03727556765079498, 0.192476287484169, 0.22878985106945038, 0.38962844014167786, 0.47607868909835815], 'class1': [0.10922037810087204, 0.151320219039917, 0.21075065433979034, 0.37946760654449463, 0.428474098443985]}

Most important rules
-----------------------------

---0---
rule28: age < 3.381
probabilities_array:[0.96272445 0.         0.03727557]

rule15: water > 195.743
probabilities_array:[0.8075237  0.         0.19247629]

rule27: fine_aggregate > 828.085
probabilities_array:[0.77121013 0.         0.22878985]

rule0: cement < 211.702
probabilities_array:[0.6103716  0.         0.38962844]

rule16: superplasticizer < 2.335
probabilities_array:[0.5239213 0.        0.4760787]

rule14: 181.474 < water < 195.743
probabilities_array:[0.51842153 0.         0.48157844]

rule29: 3.381 < age < 43.954
probabilities_array:[0.47014126 0.         0.52985877]

rule26: 774.606 < fine_aggregate < 828.085
probabilities_array:[0.36757556 0.00121524 0.63120925]

rule23: coarse_aggregate > 1022.633
probabilities_array:[0.3435438  0.         0.65645623]

rule11: fly_ash > 98.193
probabilities_array:[0.2910426  0.00956787 0.6993895 ]


---1---
rule31: age > 84.527
probabilities_array:[0.         0.8907796  0.10922038]

rule30: 43.954 < age < 84.527
probabilities_array:[0.         0.8486798  0.15132022]

rule3: cement > 353.385
probabilities_array:[0.         0.78924936 0.21075065]

rule12: water < 167.205
probabilities_array:[0.        0.6205324 0.3794676]

rule2: 282.544 < cement < 353.385
probabilities_array:[0.         0.57152593 0.4284741 ]

rule9: 11.264 < fly_ash < 54.729
probabilities_array:[6.5714841e-05 5.1807076e-01 4.8186347e-01]

rule24: fine_aggregate < 721.126
probabilities_array:[0.         0.49718025 0.5028198 ]

rule8: fly_ash < 11.264
probabilities_array:[0.00357212 0.4853926  0.51103526]

rule19: superplasticizer > 10.356
probabilities_array:[0.        0.4751104 0.5248896]

rule20: coarse_aggregate < 916.853
probabilities_array:[0.         0.43487635 0.5651236 ]

rule18: 6.346 < superplasticizer < 10.356
probabilities_array:[0.         0.42951217 0.57048786]

rule17: 2.335 < superplasticizer < 6.346
probabilities_array:[1.7211180e-05 3.7170154e-01 6.2828124e-01]

rule6: 74.009 < blast_furnace_slag < 130.994
probabilities_array:[0.         0.35849583 0.64150417]

rule10: 54.729 < fly_ash < 98.193
probabilities_array:[0.         0.32998708 0.67001295]

rule13: 167.205 < water < 181.474
probabilities_array:[0.01069706 0.27455378 0.71474916]

rule5: 17.025 < blast_furnace_slag < 74.009
probabilities_array:[0.04872057 0.20925541 0.742024  ]

rule22: 969.743 < coarse_aggregate < 1022.633
probabilities_array:[0.        0.2252479 0.7747521]

rule21: 916.853 < coarse_aggregate < 969.743
probabilities_array:[0.         0.21879879 0.78120124]

