R2: 0.4171355344677704

MAE: 9.708323529411764

MSE: 140.7628132352941

Accuracy: 0.8235294117647058

F1: 0.8227874491816949

Confusion Matrix: [[151, 27], [33, 129]]

Uncertainties: {'class0': [0.12695708870887756, 0.3129587173461914, 0.33210277557373047, 0.38170793652534485, 0.571738600730896], 'class1': [0.2568022310733795, 0.3270064890384674, 0.4098967909812927, 0.42008569836616516, 0.4507741332054138]}

Most important rules
-----------------------------

---0---
rule28: age < 2.372
probabilities_array:[0.8730429  0.         0.12695709]

rule15: water > 196.092
probabilities_array:[0.6870413  0.         0.31295872]

rule29: 2.372 < age < 47.539
probabilities_array:[0.6678972  0.         0.33210278]

rule27: fine_aggregate > 826.302
probabilities_array:[0.61829203 0.         0.38170794]

rule16: superplasticizer < 2.167
probabilities_array:[0.42826137 0.         0.5717386 ]

rule0: cement < 213.229
probabilities_array:[0.42244974 0.         0.57755023]

rule14: 181.565 < water < 196.092
probabilities_array:[0.37219962 0.         0.62780035]

rule11: fly_ash > 94.666
probabilities_array:[0.24708617 0.00084342 0.7520704 ]

rule7: blast_furnace_slag > 133.857
probabilities_array:[0.2135677  0.03638801 0.75004435]

rule4: blast_furnace_slag < 16.813
probabilities_array:[0.23048171 0.         0.7695183 ]

rule26: 771.907 < fine_aggregate < 826.302
probabilities_array:[0.21632421 0.00710381 0.776572  ]


---1---
rule31: age > 92.706
probabilities_array:[0.         0.7431978  0.25680223]

rule24: fine_aggregate < 717.512
probabilities_array:[0.        0.6729935 0.3270065]

rule3: cement > 355.860
probabilities_array:[0.        0.5901032 0.4098968]

rule30: 47.539 < age < 92.706
probabilities_array:[0.         0.57991433 0.4200857 ]

rule12: water < 167.038
probabilities_array:[0.         0.54922587 0.45077413]

rule2: 284.544 < cement < 355.860
probabilities_array:[0.         0.48404324 0.51595676]

rule8: fly_ash < 9.338
probabilities_array:[0.         0.46520624 0.53479373]

rule19: superplasticizer > 10.302
probabilities_array:[0.        0.4460559 0.5539441]

rule20: coarse_aggregate < 920.008
probabilities_array:[0.         0.44180584 0.55819416]

rule21: 920.008 < coarse_aggregate < 972.597
probabilities_array:[0.         0.39313957 0.60686046]

rule6: 75.335 < blast_furnace_slag < 133.857
probabilities_array:[0.         0.35681933 0.64318067]

rule18: 6.235 < superplasticizer < 10.302
probabilities_array:[0.         0.3386409  0.66135913]

rule13: 167.038 < water < 181.565
probabilities_array:[0.         0.32778373 0.67221624]

rule17: 2.167 < superplasticizer < 6.235
probabilities_array:[0.        0.2977885 0.7022115]

rule1: 213.229 < cement < 284.544
probabilities_array:[0.00279169 0.21824253 0.7789658 ]

