R2: 0.4127566435603828

MAE: 10.66529411764706

MSE: 181.69934205882356

Accuracy: 0.8147058823529412

F1: 0.8142414860681115

Confusion Matrix: [[130, 27], [36, 147]]

Uncertainties: {'class0': [0.08393997699022293, 0.24632522463798523, 0.3152812421321869, 0.43458378314971924, 0.49501141905784607], 'class1': [0.3561234176158905, 0.36628371477127075, 0.3929309546947479, 0.41521739959716797, 0.41690126061439514]}

Most important rules
-----------------------------

---0---
rule28: age < 2.687
probabilities_array:[0.91606003 0.         0.08393998]

rule29: 2.687 < age < 45.942
probabilities_array:[0.75367475 0.         0.24632522]

rule15: water > 196.371
probabilities_array:[0.6847188  0.         0.31528124]

rule27: fine_aggregate > 828.370
probabilities_array:[0.5654162  0.         0.43458378]

rule0: cement < 208.974
probabilities_array:[0.5049886  0.         0.49501142]

rule14: 182.237 < water < 196.371
probabilities_array:[0.47205514 0.         0.52794486]

rule16: superplasticizer < 2.169
probabilities_array:[0.45098838 0.         0.54901165]

rule11: fly_ash > 97.368
probabilities_array:[0.2869946  0.00171305 0.7112923 ]


---1---
rule31: age > 89.197
probabilities_array:[0.         0.64387655 0.35612342]

rule30: 45.942 < age < 89.197
probabilities_array:[0.        0.6337163 0.3662837]

rule24: fine_aggregate < 719.775
probabilities_array:[0.         0.607069   0.39293095]

rule8: fly_ash < 10.795
probabilities_array:[0.        0.5847826 0.4152174]

rule3: cement > 349.472
probabilities_array:[0.         0.5830987  0.41690126]

rule12: water < 168.102
probabilities_array:[0.         0.5790963  0.42090368]

rule20: coarse_aggregate < 919.231
probabilities_array:[0.         0.5233077  0.47669235]

rule18: 5.951 < superplasticizer < 9.734
probabilities_array:[0.         0.49027637 0.5097236 ]

rule19: superplasticizer > 9.734
probabilities_array:[0.        0.3955415 0.6044585]

rule21: 919.231 < coarse_aggregate < 972.036
probabilities_array:[0.         0.37513906 0.62486094]

rule6: 73.917 < blast_furnace_slag < 132.768
probabilities_array:[0.         0.36359972 0.6364003 ]

rule2: 279.223 < cement < 349.472
probabilities_array:[0.        0.3564045 0.6435955]

rule9: 10.795 < fly_ash < 54.081
probabilities_array:[0.         0.34729612 0.6527039 ]

rule17: 2.169 < superplasticizer < 5.951
probabilities_array:[0.         0.32812744 0.67187256]

rule13: 168.102 < water < 182.237
probabilities_array:[0.         0.2891815  0.71081847]

rule5: 15.065 < blast_furnace_slag < 73.917
probabilities_array:[0.01722593 0.27316204 0.709612  ]

rule10: 54.081 < fly_ash < 97.368
probabilities_array:[0.         0.21428081 0.78571916]

