R2: 0.4852440811825752

MAE: 9.505602941176472

MSE: 139.78637610294118

Accuracy: 0.8558823529411764

F1: 0.8556713534492467

Confusion Matrix: [[152, 22], [27, 139]]

Uncertainties: {'class0': [0.062323011457920074, 0.30573952198028564, 0.3101454973220825, 0.38189178705215454, 0.5021870136260986], 'class1': [0.1512788087129593, 0.22922487556934357, 0.28183913230895996, 0.4508502781391144, 0.4873708486557007]}

Most important rules
-----------------------------

---0---
rule28: age < 3.922
probabilities_array:[0.93767697 0.         0.06232301]

rule15: water > 195.923
probabilities_array:[0.6942605  0.         0.30573952]

rule27: fine_aggregate > 827.794
probabilities_array:[0.6898545 0.        0.3101455]

rule0: cement < 210.898
probabilities_array:[0.6181082 0.        0.3818918]

rule29: 3.922 < age < 47.114
probabilities_array:[0.49781296 0.         0.502187  ]

rule16: superplasticizer < 2.016
probabilities_array:[0.44981444 0.         0.55018556]

rule26: 773.418 < fine_aggregate < 827.794
probabilities_array:[0.44370246 0.         0.55629754]

rule14: 181.551 < water < 195.923
probabilities_array:[0.44275102 0.         0.55724895]

rule25: 719.043 < fine_aggregate < 773.418
probabilities_array:[0.44032323 0.         0.55967677]


---1---
rule31: age > 90.307
probabilities_array:[0.         0.8487212  0.15127881]

rule30: 47.114 < age < 90.307
probabilities_array:[0.         0.77077514 0.22922488]

rule3: cement > 354.133
probabilities_array:[0.         0.71816087 0.28183913]

rule12: water < 167.179
probabilities_array:[0.         0.5491497  0.45085028]

rule24: fine_aggregate < 719.043
probabilities_array:[0.         0.51262915 0.48737085]

rule9: 10.106 < fly_ash < 53.218
probabilities_array:[0.        0.5087874 0.4912126]

rule22: 976.615 < coarse_aggregate < 1029.609
probabilities_array:[0.         0.4683217  0.53167826]

rule6: 72.387 < blast_furnace_slag < 129.175
probabilities_array:[0.         0.46688735 0.53311265]

rule2: 282.516 < cement < 354.133
probabilities_array:[0.         0.42960957 0.5703904 ]

rule19: superplasticizer > 10.222
probabilities_array:[0.         0.4238868  0.57611316]

rule20: coarse_aggregate < 923.622
probabilities_array:[0.         0.422834   0.57716596]

rule10: 53.218 < fly_ash < 96.331
probabilities_array:[0.         0.40736377 0.5926362 ]

rule13: 167.179 < water < 181.551
probabilities_array:[0.         0.40716466 0.59283537]

rule8: fly_ash < 10.106
probabilities_array:[0.        0.3506714 0.6493286]

rule7: blast_furnace_slag > 129.175
probabilities_array:[0.         0.35046965 0.64953035]

rule5: 15.599 < blast_furnace_slag < 72.387
probabilities_array:[0.01505749 0.32557622 0.6593663 ]

rule21: 923.622 < coarse_aggregate < 976.615
probabilities_array:[0.         0.30136147 0.69863856]

rule17: 2.016 < superplasticizer < 6.119
probabilities_array:[0.         0.20735078 0.7926492 ]

