R2: 0.46842333581539264

MAE: 9.700735294117647

MSE: 147.74900735294116

Accuracy: 0.8352941176470589

F1: 0.8348311877580763

Confusion Matrix: [[133, 21], [35, 151]]

Uncertainties: {'class0': [0.048858642578125, 0.2222314029932022, 0.2705766558647156, 0.3736572861671448, 0.49912580847740173], 'class1': [0.07783085852861404, 0.16710400581359863, 0.22909694910049438, 0.3469865024089813, 0.38165661692619324]}

Most important rules
-----------------------------

---0---
rule28: age < 4.212
probabilities_array:[0.95114136 0.         0.04885864]

rule15: water > 195.994
probabilities_array:[0.7777686 0.        0.2222314]

rule0: cement < 210.311
probabilities_array:[0.72942334 0.         0.27057666]

rule27: fine_aggregate > 826.271
probabilities_array:[0.6263427 0.        0.3736573]

rule16: superplasticizer < 2.304
probabilities_array:[0.50087416 0.         0.4991258 ]

rule29: 4.212 < age < 44.577
probabilities_array:[0.37305123 0.00959845 0.61735034]

rule14: 181.755 < water < 195.994
probabilities_array:[0.3230759 0.        0.6769241]

rule4: blast_furnace_slag < 15.562
probabilities_array:[0.24160068 0.         0.7583993 ]

rule11: fly_ash > 98.457
probabilities_array:[0.223458   0.01521987 0.7613221 ]

rule5: 15.562 < blast_furnace_slag < 73.364
probabilities_array:[0.22932193 0.         0.7706781 ]

rule9: 12.012 < fly_ash < 55.235
probabilities_array:[0.17906405 0.10878795 0.71214795]

rule23: coarse_aggregate > 1025.469
probabilities_array:[0.22041018 0.         0.77958983]


---1---
rule31: age > 84.942
probabilities_array:[0.         0.92216915 0.07783086]

rule30: 44.577 < age < 84.942
probabilities_array:[0.       0.832896 0.167104]

rule3: cement > 353.007
probabilities_array:[0.         0.77090305 0.22909695]

rule24: fine_aggregate < 718.633
probabilities_array:[0.        0.6530135 0.3469865]

rule12: water < 167.516
probabilities_array:[0.         0.6183434  0.38165662]

rule19: superplasticizer > 10.129
probabilities_array:[0.         0.54536533 0.45463467]

rule13: 167.516 < water < 181.755
probabilities_array:[0.         0.48486432 0.51513565]

rule6: 73.364 < blast_furnace_slag < 131.167
probabilities_array:[0.         0.42864582 0.57135415]

rule17: 2.304 < superplasticizer < 6.216
probabilities_array:[0.         0.38894305 0.6110569 ]

rule10: 55.235 < fly_ash < 98.457
probabilities_array:[0.         0.38736778 0.6126322 ]

rule18: 6.216 < superplasticizer < 10.129
probabilities_array:[0.         0.38175523 0.61824477]

rule2: 281.659 < cement < 353.007
probabilities_array:[0.         0.35896724 0.64103276]

rule21: 920.105 < coarse_aggregate < 972.787
probabilities_array:[0.         0.21185528 0.7881447 ]

