R2: 0.523950789897033

MAE: 9.300970588235295

MSE: 125.68133323529412

Accuracy: 0.8764705882352941

F1: 0.8763165188470067

Confusion Matrix: [[155, 18], [24, 143]]

Uncertainties: {'class0': [0.01830565370619297, 0.30674809217453003, 0.32429805397987366, 0.36240339279174805, 0.38543206453323364], 'class1': [0.1946929693222046, 0.2953738868236542, 0.35651275515556335, 0.3683381974697113, 0.4297528564929962]}

Most important rules
-----------------------------

---0---
rule28: age < 3.159
probabilities_array:[0.98169434 0.         0.01830565]

rule15: water > 196.675
probabilities_array:[0.6932519 0.        0.3067481]

rule0: cement < 211.047
probabilities_array:[0.6757019  0.         0.32429805]

rule29: 3.159 < age < 46.691
probabilities_array:[0.6375966 0.        0.3624034]

rule27: fine_aggregate > 828.488
probabilities_array:[0.6078663  0.00670166 0.38543206]

rule16: superplasticizer < 2.207
probabilities_array:[0.5394584  0.         0.46054164]

rule14: 181.986 < water < 196.675
probabilities_array:[0.5133498  0.         0.48665023]

rule1: 211.047 < cement < 282.368
probabilities_array:[0.41118473 0.         0.5888153 ]


---1---
rule31: age > 90.223
probabilities_array:[0.         0.80530703 0.19469297]

rule30: 46.691 < age < 90.223
probabilities_array:[0.        0.7046261 0.2953739]

rule3: cement > 353.689
probabilities_array:[0.         0.6434873  0.35651276]

rule12: water < 167.297
probabilities_array:[0.        0.6316618 0.3683382]

rule8: fly_ash < 10.813
probabilities_array:[0.         0.5702471  0.42975286]

rule24: fine_aggregate < 718.901
probabilities_array:[0.         0.54701936 0.45298067]

rule20: coarse_aggregate < 915.647
probabilities_array:[0.         0.5041168  0.49588323]

rule6: 75.084 < blast_furnace_slag < 132.345
probabilities_array:[0.         0.47709498 0.52290505]

rule10: 53.938 < fly_ash < 97.062
probabilities_array:[0.        0.4206905 0.5793095]

rule19: superplasticizer > 10.280
probabilities_array:[0.         0.41252264 0.5874773 ]

rule13: 167.297 < water < 181.986
probabilities_array:[0.         0.36262432 0.6373757 ]

rule5: 17.823 < blast_furnace_slag < 75.084
probabilities_array:[0.       0.333526 0.666474]

rule21: 915.647 < coarse_aggregate < 968.089
probabilities_array:[0.        0.3312222 0.6687778]

rule9: 10.813 < fly_ash < 53.938
probabilities_array:[0.        0.3228894 0.6771106]

rule7: blast_furnace_slag > 132.345
probabilities_array:[0.         0.31074607 0.6892539 ]

rule2: 282.368 < cement < 353.689
probabilities_array:[0.04269601 0.22778435 0.7295196 ]

rule22: 968.089 < coarse_aggregate < 1020.531
probabilities_array:[0.003957   0.23619081 0.7598522 ]

