R2: 0.48857923708177964

MAE: 9.931411764705883

MSE: 148.5622519117647

Accuracy: 0.8411764705882353

F1: 0.8405087042635255

Confusion Matrix: [[154, 26], [28, 132]]

Uncertainties: {'class0': [0.0456465519964695, 0.22693763673305511, 0.2841140627861023, 0.30059903860092163, 0.5265801548957825], 'class1': [0.16025330126285553, 0.19300271570682526, 0.29303091764450073, 0.31023475527763367, 0.33002346754074097]}

Most important rules
-----------------------------

---0---
rule28: age < 3.654
probabilities_array:[0.95435345 0.         0.04564655]

rule15: water > 195.459
probabilities_array:[0.77306235 0.         0.22693764]

rule0: cement < 208.986
probabilities_array:[0.71588594 0.         0.28411406]

rule27: fine_aggregate > 827.613
probabilities_array:[0.69940096 0.         0.30059904]

rule16: superplasticizer < 2.375
probabilities_array:[0.47341987 0.         0.52658015]

rule29: 3.654 < age < 46.412
probabilities_array:[0.4421149 0.        0.5578851]

rule10: 55.388 < fly_ash < 98.526
probabilities_array:[0.3213537  0.02535029 0.653296  ]

rule14: 181.151 < water < 195.459
probabilities_array:[0.3288133 0.        0.6711867]

rule26: 773.738 < fine_aggregate < 827.613
probabilities_array:[0.32805714 0.         0.6719429 ]

rule4: blast_furnace_slag < 16.235
probabilities_array:[0.24853368 0.         0.75146633]


---1---
rule31: age > 89.170
probabilities_array:[0.        0.8397467 0.1602533]

rule30: 46.412 < age < 89.170
probabilities_array:[0.         0.8069973  0.19300272]

rule3: cement > 349.668
probabilities_array:[0.         0.7069691  0.29303092]

rule24: fine_aggregate < 719.863
probabilities_array:[0.         0.6897653  0.31023476]

rule12: water < 166.843
probabilities_array:[0.         0.66997653 0.33002347]

rule9: 12.250 < fly_ash < 55.388
probabilities_array:[0.        0.5764515 0.4235485]

rule6: 75.106 < blast_furnace_slag < 133.976
probabilities_array:[0.         0.49284154 0.50715846]

rule13: 166.843 < water < 181.151
probabilities_array:[0.         0.46256277 0.53743726]

rule2: 279.327 < cement < 349.668
probabilities_array:[0.        0.4123273 0.5876727]

rule20: coarse_aggregate < 922.188
probabilities_array:[0.         0.39770555 0.60229445]

rule19: superplasticizer > 10.308
probabilities_array:[0.         0.38932747 0.61067253]

rule17: 2.375 < superplasticizer < 6.341
probabilities_array:[0.         0.37572315 0.6242769 ]

rule8: fly_ash < 12.250
probabilities_array:[0.0112637  0.34360367 0.6451326 ]

rule18: 6.341 < superplasticizer < 10.308
probabilities_array:[0.         0.30035454 0.69964546]

rule5: 16.235 < blast_furnace_slag < 75.106
probabilities_array:[0.03896371 0.2512163  0.70982   ]

rule21: 922.188 < coarse_aggregate < 973.741
probabilities_array:[0.        0.2282248 0.7717752]

