R2: 0.41332666270457685

MAE: 10.694926470588236

MSE: 178.89768227941175

Accuracy: 0.8147058823529412

F1: 0.8147042794487842

Confusion Matrix: [[139, 31], [32, 138]]

Uncertainties: {'class0': [0.0779893770813942, 0.2861088812351227, 0.2929963171482086, 0.40071070194244385, 0.40598827600479126], 'class1': [0.3258309066295624, 0.36862844228744507, 0.37851908802986145, 0.3959903419017792, 0.4447138011455536]}

Most important rules
-----------------------------

---0---
rule28: age < 2.689
probabilities_array:[0.9220106  0.         0.07798938]

rule15: water > 196.945
probabilities_array:[0.71389115 0.         0.28610888]

rule29: 2.689 < age < 45.348
probabilities_array:[0.70700365 0.         0.29299632]

rule27: fine_aggregate > 826.744
probabilities_array:[0.5992893 0.        0.4007107]

rule0: cement < 210.469
probabilities_array:[0.5940117  0.         0.40598828]

rule14: 182.223 < water < 196.945
probabilities_array:[0.46605965 0.         0.5339403 ]

rule16: superplasticizer < 2.159
probabilities_array:[0.46088392 0.         0.5391161 ]

rule4: blast_furnace_slag < 17.461
probabilities_array:[0.2711271  0.01295076 0.7159222 ]

rule26: 771.465 < fine_aggregate < 826.744
probabilities_array:[0.21157072 0.00153397 0.78689533]


---1---
rule31: age > 88.007
probabilities_array:[0.         0.67416906 0.3258309 ]

rule30: 45.348 < age < 88.007
probabilities_array:[0.         0.63137156 0.36862844]

rule24: fine_aggregate < 716.186
probabilities_array:[0.        0.6214809 0.3785191]

rule3: cement > 347.811
probabilities_array:[0.         0.6040097  0.39599034]

rule8: fly_ash < 10.741
probabilities_array:[0.         0.55528617 0.4447138 ]

rule12: water < 167.501
probabilities_array:[0.        0.5426657 0.4573343]

rule2: 279.140 < cement < 347.811
probabilities_array:[0.         0.5040462  0.49595377]

rule19: superplasticizer > 10.120
probabilities_array:[0.        0.4618026 0.5381974]

rule18: 6.140 < superplasticizer < 10.120
probabilities_array:[0.         0.42854956 0.5714505 ]

rule9: 10.741 < fly_ash < 54.207
probabilities_array:[0.         0.41223612 0.5877639 ]

rule10: 54.207 < fly_ash < 97.673
probabilities_array:[0.        0.4026194 0.5973806]

rule13: 167.501 < water < 182.223
probabilities_array:[0.         0.39538345 0.6046166 ]

rule20: coarse_aggregate < 919.529
probabilities_array:[0.         0.37837118 0.6216288 ]

rule21: 919.529 < coarse_aggregate < 971.444
probabilities_array:[0.        0.3483313 0.6516687]

rule6: 76.476 < blast_furnace_slag < 135.491
probabilities_array:[0.         0.33848372 0.66151625]

rule5: 17.461 < blast_furnace_slag < 76.476
probabilities_array:[0.01619052 0.32703838 0.65677106]

rule17: 2.159 < superplasticizer < 6.140
probabilities_array:[0.         0.32713908 0.6728609 ]

