R2: 0.42333045854261575

MAE: 10.287676470588234

MSE: 167.04228323529412

Accuracy: 0.8294117647058824

F1: 0.8293881506090808

Confusion Matrix: [[143, 34], [24, 139]]

Uncertainties: {'class0': [0.12776489555835724, 0.3217393457889557, 0.3453839421272278, 0.40232640504837036, 0.42352283000946045], 'class1': [0.23779736459255219, 0.38164085149765015, 0.4134930372238159, 0.43742653727531433, 0.43813055753707886]}

Most important rules
-----------------------------

---0---
rule28: age < 2.252
probabilities_array:[0.8722351 0.        0.1277649]

rule29: 2.252 < age < 45.104
probabilities_array:[0.6782606  0.         0.32173935]

rule15: water > 196.058
probabilities_array:[0.65461606 0.         0.34538394]

rule0: cement < 213.734
probabilities_array:[0.5976736 0.        0.4023264]

rule27: fine_aggregate > 828.428
probabilities_array:[0.57647717 0.         0.42352283]

rule16: superplasticizer < 2.279
probabilities_array:[0.49961174 0.         0.50038826]

rule14: 181.362 < water < 196.058
probabilities_array:[0.40138024 0.         0.59861976]

rule1: 213.734 < cement < 282.866
probabilities_array:[0.30683252 0.         0.69316745]


---1---
rule31: age > 87.956
probabilities_array:[0.         0.7622026  0.23779736]

rule30: 45.104 < age < 87.956
probabilities_array:[0.         0.61835915 0.38164085]

rule24: fine_aggregate < 720.423
probabilities_array:[0.         0.58650696 0.41349304]

rule12: water < 166.666
probabilities_array:[0.         0.56257343 0.43742654]

rule20: coarse_aggregate < 919.416
probabilities_array:[0.         0.56186944 0.43813056]

rule3: cement > 351.999
probabilities_array:[0.         0.55143595 0.44856402]

rule9: 11.260 < fly_ash < 54.621
probabilities_array:[0.         0.48487523 0.51512474]

rule19: superplasticizer > 10.590
probabilities_array:[0.        0.4684982 0.5315018]

rule8: fly_ash < 11.260
probabilities_array:[0.         0.43411854 0.5658815 ]

rule18: 6.435 < superplasticizer < 10.590
probabilities_array:[0.        0.4243672 0.5756328]

rule22: 971.783 < coarse_aggregate < 1024.150
probabilities_array:[0.         0.36568886 0.63431114]

rule6: 71.939 < blast_furnace_slag < 129.413
probabilities_array:[0.        0.3377358 0.6622642]

rule17: 2.279 < superplasticizer < 6.435
probabilities_array:[0.         0.33238104 0.667619  ]

rule21: 919.416 < coarse_aggregate < 971.783
probabilities_array:[0.        0.2813747 0.7186253]

rule13: 166.666 < water < 181.362
probabilities_array:[0.00111816 0.22327456 0.7756073 ]

rule2: 282.866 < cement < 351.999
probabilities_array:[0.00392685 0.21157779 0.78449535]

