R2: 0.5349151113242677

MAE: 9.025529411764706

MSE: 129.3982282352941

Accuracy: 0.8823529411764706

F1: 0.8820222769700545

Confusion Matrix: [[159, 19], [21, 141]]

Uncertainties: {'class0': [0.02575572207570076, 0.22790193557739258, 0.2940373122692108, 0.38316085934638977, 0.46076667308807373], 'class1': [0.14954663813114166, 0.228260800242424, 0.2970835268497467, 0.29815471172332764, 0.45823410153388977]}

Most important rules
-----------------------------

---0---
rule28: age < 3.231
probabilities_array:[0.9742443  0.         0.02575572]

rule0: cement < 211.216
probabilities_array:[0.77209806 0.         0.22790194]

rule15: water > 196.102
probabilities_array:[0.70596266 0.         0.2940373 ]

rule27: fine_aggregate > 830.285
probabilities_array:[0.61280274 0.0040364  0.38316086]

rule29: 3.231 < age < 46.980
probabilities_array:[0.5392333  0.         0.46076667]

rule16: superplasticizer < 2.054
probabilities_array:[0.48810574 0.         0.5118943 ]

rule14: 181.591 < water < 196.102
probabilities_array:[0.3672994 0.        0.6327006]

rule1: 211.216 < cement < 281.658
probabilities_array:[0.33071867 0.         0.66928136]

rule25: 722.013 < fine_aggregate < 776.149
probabilities_array:[0.30383068 0.02927125 0.6668981 ]

rule26: 776.149 < fine_aggregate < 830.285
probabilities_array:[0.23794873 0.0348924  0.72715884]

rule4: blast_furnace_slag < 14.626
probabilities_array:[0.18801616 0.05073923 0.7612446 ]


---1---
rule31: age > 90.728
probabilities_array:[0.         0.8504534  0.14954664]

rule30: 46.980 < age < 90.728
probabilities_array:[0.        0.7717392 0.2282608]

rule9: 9.949 < fly_ash < 53.230
probabilities_array:[0.         0.7029165  0.29708353]

rule3: cement > 352.101
probabilities_array:[0.        0.7018453 0.2981547]

rule12: water < 167.081
probabilities_array:[0.        0.5417659 0.4582341]

rule8: fly_ash < 9.949
probabilities_array:[0.         0.49208465 0.5079153 ]

rule6: 72.049 < blast_furnace_slag < 129.472
probabilities_array:[0.         0.47766653 0.5223335 ]

rule19: superplasticizer > 10.130
probabilities_array:[0.        0.3987564 0.6012436]

rule7: blast_furnace_slag > 129.472
probabilities_array:[0.         0.38826227 0.6117377 ]

rule24: fine_aggregate < 722.013
probabilities_array:[0.       0.369237 0.630763]

rule13: 167.081 < water < 181.591
probabilities_array:[0.         0.36790854 0.63209146]

rule10: 53.230 < fly_ash < 96.512
probabilities_array:[0.        0.3357982 0.6642018]

rule20: coarse_aggregate < 919.820
probabilities_array:[0.        0.3270933 0.6729067]

rule21: 919.820 < coarse_aggregate < 972.113
probabilities_array:[0.         0.31045425 0.68954575]

rule18: 6.092 < superplasticizer < 10.130
probabilities_array:[0.         0.30144525 0.69855475]

rule17: 2.054 < superplasticizer < 6.092
probabilities_array:[0.02139802 0.26926938 0.7093326 ]

rule22: 972.113 < coarse_aggregate < 1024.407
probabilities_array:[0.         0.2577063  0.74229366]

rule11: fly_ash > 96.512
probabilities_array:[0.         0.25355998 0.74644   ]

rule2: 281.658 < cement < 352.101
probabilities_array:[0.03395805 0.19112727 0.7749147 ]

