R2: 0.46903195620027405

MAE: 9.76785294117647

MSE: 143.12041088235293

Accuracy: 0.8264705882352941

F1: 0.8263970021895094

Confusion Matrix: [[144, 23], [36, 137]]

Uncertainties: {'class0': [0.010556476190686226, 0.1986125260591507, 0.2676653563976288, 0.36223530769348145, 0.39832040667533875], 'class1': [0.19390694797039032, 0.2916819453239441, 0.30561718344688416, 0.39349210262298584, 0.40246090292930603]}

Most important rules
-----------------------------

---0---
rule28: age < 5.349
probabilities_array:[0.98944354 0.         0.01055648]

rule15: water > 196.627
probabilities_array:[0.8013875  0.         0.19861253]

rule0: cement < 210.588
probabilities_array:[0.7323346  0.         0.26766536]

rule29: 5.349 < age < 44.574
probabilities_array:[0.6377647 0.        0.3622353]

rule27: fine_aggregate > 827.318
probabilities_array:[0.5855986  0.01608101 0.3983204 ]

rule14: 182.234 < water < 196.627
probabilities_array:[0.5525291  0.         0.44747087]

rule16: superplasticizer < 2.259
probabilities_array:[0.5359853 0.        0.4640147]

rule1: 210.588 < cement < 281.205
probabilities_array:[0.5238345 0.        0.4761655]

rule11: fly_ash > 99.512
probabilities_array:[0.23183271 0.0349945  0.73317283]


---1---
rule31: age > 83.799
probabilities_array:[0.         0.80609304 0.19390695]

rule30: 44.574 < age < 83.799
probabilities_array:[0.         0.70831805 0.29168195]

rule24: fine_aggregate < 717.364
probabilities_array:[0.         0.6943828  0.30561718]

rule3: cement > 351.822
probabilities_array:[0.        0.6065079 0.3934921]

rule20: coarse_aggregate < 917.056
probabilities_array:[0.         0.59753907 0.4024609 ]

rule12: water < 167.841
probabilities_array:[0.         0.5564991  0.44350085]

rule6: 73.624 < blast_furnace_slag < 131.816
probabilities_array:[0.         0.5139815  0.48601848]

rule10: 56.048 < fly_ash < 99.512
probabilities_array:[0.         0.49652877 0.50347126]

rule21: 917.056 < coarse_aggregate < 969.987
probabilities_array:[0.         0.48800746 0.5119926 ]

rule19: superplasticizer > 10.325
probabilities_array:[0.         0.44311363 0.5568864 ]

rule22: 969.987 < coarse_aggregate < 1022.919
probabilities_array:[0.         0.43670216 0.56329787]

rule17: 2.259 < superplasticizer < 6.292
probabilities_array:[0.        0.4177298 0.5822702]

rule8: fly_ash < 12.584
probabilities_array:[0.        0.4027542 0.5972458]

rule9: 12.584 < fly_ash < 56.048
probabilities_array:[0.         0.38820848 0.6117915 ]

rule18: 6.292 < superplasticizer < 10.325
probabilities_array:[0.         0.34843618 0.6515638 ]

rule23: coarse_aggregate > 1022.919
probabilities_array:[0.         0.33487687 0.6651231 ]

rule13: 167.841 < water < 182.234
probabilities_array:[0.         0.32352063 0.6764794 ]

rule5: 15.432 < blast_furnace_slag < 73.624
probabilities_array:[0.        0.3109939 0.6890061]

rule7: blast_furnace_slag > 131.816
probabilities_array:[0.         0.30897427 0.69102573]

