R2: 0.4564565811830421

MAE: 9.77525

MSE: 143.50851625

Accuracy: 0.8264705882352941

F1: 0.825369327332399

Confusion Matrix: [[127, 27], [32, 154]]

Uncertainties: {'class0': [0.02453686110675335, 0.30786651372909546, 0.34339097142219543, 0.349456787109375, 0.3516858220100403], 'class1': [0.19546030461788177, 0.20974783599376678, 0.3766169548034668, 0.4081123471260071, 0.42865797877311707]}

Most important rules
-----------------------------

---0---
rule28: age < 4.287
probabilities_array:[0.97546315 0.         0.02453686]

rule15: water > 195.834
probabilities_array:[0.6921335 0.        0.3078665]

rule0: cement < 209.612
probabilities_array:[0.65660906 0.         0.34339097]

rule29: 4.287 < age < 43.749
probabilities_array:[0.6505432 0.        0.3494568]

rule27: fine_aggregate > 829.225
probabilities_array:[0.6483142  0.         0.35168582]

rule16: superplasticizer < 1.978
probabilities_array:[0.4232165  0.         0.57678354]

rule14: 181.581 < water < 195.834
probabilities_array:[0.2830099 0.        0.7169901]

rule23: coarse_aggregate > 1025.621
probabilities_array:[0.24762167 0.00122147 0.7511568 ]

rule26: 774.953 < fine_aggregate < 829.225
probabilities_array:[0.21788785 0.05381645 0.7282957 ]

rule1: 209.612 < cement < 279.892
probabilities_array:[0.20553218 0.         0.7944678 ]


---1---
rule31: age > 83.211
probabilities_array:[0.        0.8045397 0.1954603]

rule30: 43.749 < age < 83.211
probabilities_array:[0.         0.79025215 0.20974784]

rule12: water < 167.328
probabilities_array:[0.         0.62338305 0.37661695]

rule24: fine_aggregate < 720.682
probabilities_array:[0.         0.59188765 0.40811235]

rule9: 10.060 < fly_ash < 52.641
probabilities_array:[0.         0.571342   0.42865798]

rule3: cement > 350.171
probabilities_array:[0.        0.5699051 0.4300949]

rule20: coarse_aggregate < 922.924
probabilities_array:[0.         0.5402093  0.45979068]

rule8: fly_ash < 10.060
probabilities_array:[0.         0.5014559  0.49854407]

rule6: 75.342 < blast_furnace_slag < 135.182
probabilities_array:[0.         0.48941338 0.5105866 ]

rule18: 6.105 < superplasticizer < 10.231
probabilities_array:[0.         0.46621415 0.5337858 ]

rule10: 52.641 < fly_ash < 95.223
probabilities_array:[0.         0.43194002 0.56806   ]

rule17: 1.978 < superplasticizer < 6.105
probabilities_array:[0.        0.4296883 0.5703117]

rule19: superplasticizer > 10.231
probabilities_array:[0.         0.40689236 0.59310764]

rule13: 167.328 < water < 181.581
probabilities_array:[0.         0.36720762 0.63279235]

rule2: 279.892 < cement < 350.171
probabilities_array:[0.01406191 0.29914817 0.68678993]

rule5: 15.503 < blast_furnace_slag < 75.342
probabilities_array:[0.0391536  0.21929958 0.7415468 ]

rule22: 974.272 < coarse_aggregate < 1025.621
probabilities_array:[0.         0.22598028 0.7740197 ]

rule21: 922.924 < coarse_aggregate < 974.272
probabilities_array:[0.         0.21910393 0.78089607]

