R2: 0.44552521328924155

MAE: 10.37485294117647

MSE: 164.06143647058823

Accuracy: 0.8235294117647058

F1: 0.8235233053046818

Confusion Matrix: [[139, 19], [41, 141]]

Uncertainties: {'class0': [0.13786636292934418, 0.30632835626602173, 0.33977752923965454, 0.3681396543979645, 0.42253199219703674], 'class1': [0.2384500801563263, 0.3179995119571686, 0.39132174849510193, 0.3971078395843506, 0.4329923391342163]}

Most important rules
-----------------------------

---0---
rule28: age < 2.434
probabilities_array:[0.8621336  0.         0.13786636]

rule29: 2.434 < age < 46.830
probabilities_array:[0.69367164 0.         0.30632836]

rule15: water > 196.782
probabilities_array:[0.6602225  0.         0.33977753]

rule27: fine_aggregate > 828.265
probabilities_array:[0.6318603  0.         0.36813965]

rule0: cement < 213.015
probabilities_array:[0.57746804 0.         0.422532  ]

rule16: superplasticizer < 2.139
probabilities_array:[0.4477207 0.        0.5522793]

rule14: 182.219 < water < 196.782
probabilities_array:[0.32850704 0.         0.67149293]

rule26: 774.350 < fine_aggregate < 828.265
probabilities_array:[0.22978465 0.00767504 0.7625403 ]


---1---
rule31: age > 91.227
probabilities_array:[0.         0.76154995 0.23845008]

rule3: cement > 349.958
probabilities_array:[0.        0.6820005 0.3179995]

rule30: 46.830 < age < 91.227
probabilities_array:[0.         0.6086783  0.39132175]

rule12: water < 167.656
probabilities_array:[0.         0.60289216 0.39710784]

rule24: fine_aggregate < 720.436
probabilities_array:[0.         0.56700766 0.43299234]

rule19: superplasticizer > 10.148
probabilities_array:[0.        0.4809563 0.5190437]

rule2: 281.487 < cement < 349.958
probabilities_array:[0.        0.4755252 0.5244748]

rule6: 74.133 < blast_furnace_slag < 131.731
probabilities_array:[0.         0.45359468 0.5464053 ]

rule13: 167.656 < water < 182.219
probabilities_array:[0.         0.41438076 0.5856193 ]

rule20: coarse_aggregate < 917.162
probabilities_array:[0.         0.39225742 0.60774255]

rule17: 2.139 < superplasticizer < 6.143
probabilities_array:[0.        0.3691905 0.6308095]

rule10: 53.203 < fly_ash < 96.353
probabilities_array:[0.        0.3660886 0.6339114]

rule8: fly_ash < 10.052
probabilities_array:[0.00228068 0.36456314 0.6331562 ]

rule18: 6.143 < superplasticizer < 10.148
probabilities_array:[0.         0.30050984 0.69949013]

rule22: 970.168 < coarse_aggregate < 1023.175
probabilities_array:[0.         0.24220508 0.7577949 ]

rule7: blast_furnace_slag > 131.731
probabilities_array:[0.         0.23579781 0.7642022 ]

rule21: 917.162 < coarse_aggregate < 970.168
probabilities_array:[0.         0.22605208 0.7739479 ]

