R2: 0.5048254593817437

MAE: 9.651529411764706

MSE: 141.82464705882353

Accuracy: 0.8441176470588235

F1: 0.8429752786273843

Confusion Matrix: [[158, 18], [35, 129]]

Uncertainties: {'class0': [0.104839988052845, 0.31643080711364746, 0.36867496371269226, 0.4214682877063751, 0.5141392350196838], 'class1': [0.24183563888072968, 0.35989081859588623, 0.45487314462661743, 0.4655926823616028, 0.47991326451301575]}

Most important rules
-----------------------------

---0---
rule28: age < 2.359
probabilities_array:[0.89516    0.         0.10483999]

rule27: fine_aggregate > 828.759
probabilities_array:[0.6835692 0.        0.3164308]

rule29: 2.359 < age < 45.839
probabilities_array:[0.631325   0.         0.36867496]

rule15: water > 195.848
probabilities_array:[0.5785317 0.        0.4214683]

rule0: cement < 207.549
probabilities_array:[0.48586076 0.         0.51413924]

rule16: superplasticizer < 2.236
probabilities_array:[0.42878774 0.         0.57121223]

rule14: 181.260 < water < 195.848
probabilities_array:[0.3671249  0.         0.63287514]

rule26: 773.895 < fine_aggregate < 828.759
probabilities_array:[0.34859008 0.         0.6514099 ]

rule11: fly_ash > 96.788
probabilities_array:[2.8539100e-01 2.2304044e-04 7.1438593e-01]

rule25: 719.030 < fine_aggregate < 773.895
probabilities_array:[0.26459235 0.         0.73540765]


---1---
rule31: age > 89.320
probabilities_array:[0.         0.75816435 0.24183564]

rule30: 45.839 < age < 89.320
probabilities_array:[0.         0.6401092  0.35989082]

rule3: cement > 352.812
probabilities_array:[0.         0.54512686 0.45487314]

rule12: water < 166.671
probabilities_array:[0.         0.5344073  0.46559268]

rule8: fly_ash < 10.672
probabilities_array:[0.         0.52008677 0.47991326]

rule20: coarse_aggregate < 915.069
probabilities_array:[0.         0.49625793 0.5037421 ]

rule24: fine_aggregate < 719.030
probabilities_array:[0.         0.49132892 0.50867105]

rule18: 6.411 < superplasticizer < 10.586
probabilities_array:[0.         0.48180965 0.5181904 ]

rule19: superplasticizer > 10.586
probabilities_array:[0.         0.45177644 0.54822356]

rule6: 79.634 < blast_furnace_slag < 139.770
probabilities_array:[0.         0.39227927 0.60772073]

rule2: 280.181 < cement < 352.812
probabilities_array:[0.         0.38198265 0.6180174 ]

rule5: 19.498 < blast_furnace_slag < 79.634
probabilities_array:[0.01226909 0.33116293 0.65656793]

rule21: 915.069 < coarse_aggregate < 967.657
probabilities_array:[0.        0.3244984 0.6755016]

rule9: 10.672 < fly_ash < 53.730
probabilities_array:[0.03052196 0.2672936  0.7021844 ]

rule13: 166.671 < water < 181.260
probabilities_array:[0.01195452 0.22025071 0.7677948 ]

