R2: 0.5230513651419252

MAE: 9.426970588235294

MSE: 139.3030773529412

Accuracy: 0.8735294117647059

F1: 0.8723266760398565

Confusion Matrix: [[165, 14], [29, 132]]

Uncertainties: {'class0': [0.030730366706848145, 0.24164052307605743, 0.32009461522102356, 0.3862086236476898, 0.3925490081310272], 'class1': [0.19402892887592316, 0.27555179595947266, 0.2930552363395691, 0.43237918615341187, 0.4529043138027191]}

Most important rules
-----------------------------

---0---
rule28: age < 4.216
probabilities_array:[0.96926963 0.         0.03073037]

rule15: water > 195.794
probabilities_array:[0.7583595  0.         0.24164052]

rule27: fine_aggregate > 829.858
probabilities_array:[0.67990535 0.         0.32009462]

rule16: superplasticizer < 2.126
probabilities_array:[0.6137914  0.         0.38620862]

rule29: 4.216 < age < 46.910
probabilities_array:[0.60745096 0.         0.392549  ]

rule0: cement < 210.575
probabilities_array:[0.59694797 0.         0.40305206]

rule14: 181.132 < water < 195.794
probabilities_array:[0.48073712 0.         0.51926285]

rule11: fly_ash > 96.427
probabilities_array:[0.24427181 0.04828995 0.7074382 ]

rule1: 210.575 < cement < 280.419
probabilities_array:[0.20987985 0.         0.7901201 ]


---1---
rule31: age > 89.605
probabilities_array:[0.         0.8059711  0.19402893]

rule30: 46.910 < age < 89.605
probabilities_array:[0.        0.7244482 0.2755518]

rule3: cement > 350.264
probabilities_array:[0.         0.70694476 0.29305524]

rule20: coarse_aggregate < 920.402
probabilities_array:[0.        0.5676208 0.4323792]

rule12: water < 166.470
probabilities_array:[0.        0.5470957 0.4529043]

rule24: fine_aggregate < 722.778
probabilities_array:[0.         0.5434719  0.45652816]

rule6: 73.622 < blast_furnace_slag < 131.044
probabilities_array:[0.         0.49645904 0.50354093]

rule9: 10.012 < fly_ash < 53.220
probabilities_array:[0.         0.49588865 0.50411135]

rule21: 920.402 < coarse_aggregate < 972.053
probabilities_array:[0.         0.48802185 0.51197815]

rule19: superplasticizer > 10.319
probabilities_array:[0.         0.42851332 0.5714867 ]

rule2: 280.419 < cement < 350.264
probabilities_array:[0.         0.41494727 0.5850527 ]

rule7: blast_furnace_slag > 131.044
probabilities_array:[0.         0.40597093 0.59402907]

rule8: fly_ash < 10.012
probabilities_array:[0.         0.36261377 0.6373862 ]

rule22: 972.053 < coarse_aggregate < 1023.705
probabilities_array:[0.         0.36212158 0.6378784 ]

rule5: 16.200 < blast_furnace_slag < 73.622
probabilities_array:[0.01522153 0.30250293 0.68227553]

rule18: 6.222 < superplasticizer < 10.319
probabilities_array:[0.00529231 0.2230048  0.77170295]

