R2: 0.5044199486530174

MAE: 9.27279411764706

MSE: 126.98312029411763

Accuracy: 0.8411764705882353

F1: 0.8405087042635255

Confusion Matrix: [[154, 26], [28, 132]]

Uncertainties: {'class0': [0.0254447553306818, 0.2550313174724579, 0.279544472694397, 0.2823948860168457, 0.33220893144607544], 'class1': [0.20096945762634277, 0.3359590768814087, 0.34011173248291016, 0.3783990144729614, 0.40655195713043213]}

Most important rules
-----------------------------

---0---
rule28: age < 3.101
probabilities_array:[0.97455525 0.         0.02544476]

rule0: cement < 209.986
probabilities_array:[0.7449687  0.         0.25503132]

rule15: water > 195.849
probabilities_array:[0.7204555  0.         0.27954447]

rule27: fine_aggregate > 826.041
probabilities_array:[0.7176051 0.        0.2823949]

rule29: 3.101 < age < 45.097
probabilities_array:[0.66779107 0.         0.33220893]

rule14: 181.328 < water < 195.849
probabilities_array:[0.48667794 0.         0.51332206]

rule26: 770.729 < fine_aggregate < 826.041
probabilities_array:[0.385766   0.00435258 0.60988134]

rule25: 715.418 < fine_aggregate < 770.729
probabilities_array:[0.3430179  0.00974377 0.6472383 ]

rule16: superplasticizer < 2.501
probabilities_array:[0.34089577 0.         0.6591042 ]

rule1: 209.986 < cement < 281.330
probabilities_array:[0.3338048 0.        0.6661952]


---1---
rule31: age > 87.094
probabilities_array:[0.         0.79903054 0.20096946]

rule30: 45.097 < age < 87.094
probabilities_array:[0.         0.6640409  0.33595908]

rule3: cement > 352.673
probabilities_array:[0.         0.65988827 0.34011173]

rule12: water < 166.807
probabilities_array:[0.       0.621601 0.378399]

rule24: fine_aggregate < 715.418
probabilities_array:[0.         0.59344804 0.40655196]

rule6: 75.957 < blast_furnace_slag < 135.032
probabilities_array:[0.         0.561117   0.43888304]

rule19: superplasticizer > 10.553
probabilities_array:[0.         0.5565492  0.44345084]

rule20: coarse_aggregate < 918.541
probabilities_array:[0.         0.53422505 0.46577495]

rule8: fly_ash < 13.428
probabilities_array:[0.         0.53325206 0.46674794]

rule9: 13.428 < fly_ash < 56.988
probabilities_array:[0.         0.41435787 0.5856421 ]

rule10: 56.988 < fly_ash < 100.548
probabilities_array:[0.         0.40809226 0.59190774]

rule21: 918.541 < coarse_aggregate < 971.488
probabilities_array:[0.         0.40124214 0.59875786]

rule18: 6.527 < superplasticizer < 10.553
probabilities_array:[0.         0.37986514 0.6201349 ]

rule17: 2.501 < superplasticizer < 6.527
probabilities_array:[0.         0.32666177 0.67333823]

rule13: 166.807 < water < 181.328
probabilities_array:[0.        0.3108721 0.6891279]

rule2: 281.330 < cement < 352.673
probabilities_array:[0.00379338 0.2973105  0.6988961 ]

rule5: 16.882 < blast_furnace_slag < 75.957
probabilities_array:[0.09272786 0.22580591 0.6814662 ]

rule7: blast_furnace_slag > 135.032
probabilities_array:[0.         0.22357006 0.77642995]

rule22: 971.488 < coarse_aggregate < 1024.434
probabilities_array:[0.         0.20696236 0.79303765]

