R2: 0.49655220948335765

MAE: 9.859014705882352

MSE: 144.3529052205882

Accuracy: 0.8411764705882353

F1: 0.841038961038961

Confusion Matrix: [[148, 25], [29, 138]]

Uncertainties: {'class0': [0.033996596932411194, 0.23639534413814545, 0.3443557918071747, 0.3479774296283722, 0.37376734614372253], 'class1': [0.21618103981018066, 0.29859206080436707, 0.3323172628879547, 0.4164077043533325, 0.45131874084472656]}

Most important rules
-----------------------------

---0---
rule28: age < 4.060
probabilities_array:[0.9660034 0.        0.0339966]

rule15: water > 195.401
probabilities_array:[0.76360464 0.         0.23639534]

rule27: fine_aggregate > 826.746
probabilities_array:[0.65564424 0.         0.3443558 ]

rule0: cement < 208.800
probabilities_array:[0.6520226  0.         0.34797743]

rule29: 4.060 < age < 45.842
probabilities_array:[0.6262327  0.         0.37376735]

rule14: 181.137 < water < 195.401
probabilities_array:[0.47534752 0.         0.5246525 ]

rule16: superplasticizer < 2.351
probabilities_array:[0.46029338 0.         0.5397066 ]

rule4: blast_furnace_slag < 15.797
probabilities_array:[0.2541713  0.03587523 0.7099534 ]

rule26: 773.164 < fine_aggregate < 826.746
probabilities_array:[0.21094324 0.01330186 0.7757549 ]


---1---
rule31: age > 87.624
probabilities_array:[0.         0.78381896 0.21618104]

rule3: cement > 348.400
probabilities_array:[0.         0.7014079  0.29859206]

rule30: 45.842 < age < 87.624
probabilities_array:[0.         0.66768277 0.33231726]

rule20: coarse_aggregate < 921.869
probabilities_array:[0.        0.5835923 0.4164077]

rule9: 12.936 < fly_ash < 56.706
probabilities_array:[0.         0.54868126 0.45131874]

rule24: fine_aggregate < 719.583
probabilities_array:[0.         0.54756534 0.45243466]

rule19: superplasticizer > 10.337
probabilities_array:[0.         0.5106248  0.48937517]

rule12: water < 166.873
probabilities_array:[0.         0.50686926 0.49313074]

rule2: 278.600 < cement < 348.400
probabilities_array:[0.         0.4930022  0.50699776]

rule8: fly_ash < 12.936
probabilities_array:[0.         0.43707824 0.56292176]

rule18: 6.344 < superplasticizer < 10.337
probabilities_array:[0.         0.43648782 0.56351215]

rule17: 2.351 < superplasticizer < 6.344
probabilities_array:[0.         0.40979686 0.59020317]

rule6: 73.661 < blast_furnace_slag < 131.524
probabilities_array:[0.         0.38526553 0.6147345 ]

rule21: 921.869 < coarse_aggregate < 974.540
probabilities_array:[0.         0.36943153 0.63056844]

rule10: 56.706 < fly_ash < 100.477
probabilities_array:[0.         0.32030874 0.67969126]

rule5: 15.797 < blast_furnace_slag < 73.661
probabilities_array:[0.         0.30139604 0.6986039 ]

rule22: 974.540 < coarse_aggregate < 1027.212
probabilities_array:[0.        0.2613976 0.7386024]

rule13: 166.873 < water < 181.137
probabilities_array:[0.05885367 0.20381819 0.7373281 ]

