R2: 0.45815794375975616

MAE: 9.493088235294119

MSE: 143.26930911764705

Accuracy: 0.8470588235294118

F1: 0.8470588235294119

Confusion Matrix: [[144, 24], [28, 144]]

Uncertainties: {'class0': [0.032529041171073914, 0.26424723863601685, 0.342041015625, 0.3961430490016937, 0.4165947735309601], 'class1': [0.19862407445907593, 0.23911604285240173, 0.2569984197616577, 0.37138795852661133, 0.44879579544067383]}

Most important rules
-----------------------------

---0---
rule28: age < 3.033
probabilities_array:[0.96747094 0.         0.03252904]

rule15: water > 196.795
probabilities_array:[0.73575276 0.         0.26424724]

rule27: fine_aggregate > 826.626
probabilities_array:[0.6548785  0.00308055 0.34204102]

rule29: 3.033 < age < 47.046
probabilities_array:[0.603857   0.         0.39614305]

rule0: cement < 211.158
probabilities_array:[0.5834052  0.         0.41659477]

rule14: 182.284 < water < 196.795
probabilities_array:[0.47471368 0.         0.5252863 ]

rule16: superplasticizer < 2.076
probabilities_array:[0.43937802 0.         0.560622  ]

rule26: 773.670 < fine_aggregate < 826.626
probabilities_array:[0.41435057 0.0022337  0.58341575]

rule25: 720.714 < fine_aggregate < 773.670
probabilities_array:[0.2457092  0.0106496  0.74364114]


---1---
rule31: age > 91.060
probabilities_array:[0.         0.8013759  0.19862407]

rule3: cement > 349.225
probabilities_array:[0.         0.760884   0.23911604]

rule30: 47.046 < age < 91.060
probabilities_array:[0.         0.7430016  0.25699842]

rule12: water < 167.774
probabilities_array:[0.         0.62861204 0.37138796]

rule2: 280.191 < cement < 349.225
probabilities_array:[0.        0.5512042 0.4487958]

rule24: fine_aggregate < 720.714
probabilities_array:[0.         0.48940024 0.5105998 ]

rule8: fly_ash < 10.424
probabilities_array:[0.         0.47927037 0.52072966]

rule6: 75.141 < blast_furnace_slag < 133.011
probabilities_array:[0.        0.4666795 0.5333205]

rule20: coarse_aggregate < 918.754
probabilities_array:[0.         0.4641442  0.53585577]

rule19: superplasticizer > 10.202
probabilities_array:[0.         0.37692994 0.62307006]

rule10: 53.278 < fly_ash < 96.133
probabilities_array:[0.         0.37206957 0.6279304 ]

rule9: 10.424 < fly_ash < 53.278
probabilities_array:[0.         0.30187333 0.6981267 ]

rule5: 17.272 < blast_furnace_slag < 75.141
probabilities_array:[0.02541183 0.27443203 0.70015615]

rule21: 918.754 < coarse_aggregate < 971.680
probabilities_array:[0.         0.28480947 0.71519053]

rule13: 167.774 < water < 182.284
probabilities_array:[0.         0.27720892 0.7227911 ]

rule18: 6.139 < superplasticizer < 10.202
probabilities_array:[0.00602759 0.27284378 0.72112864]

rule17: 2.076 < superplasticizer < 6.139
probabilities_array:[0.00925293 0.24819937 0.7425477 ]

