R2: 0.5085529228886945

MAE: 9.607382352941176

MSE: 139.7401382352941

Accuracy: 0.8529411764705882

F1: 0.851455733808675

Confusion Matrix: [[128, 22], [28, 162]]

Uncertainties: {'class0': [0.05353338643908501, 0.23470531404018402, 0.24180439114570618, 0.29058605432510376, 0.5471446514129639], 'class1': [0.07706475257873535, 0.17585739493370056, 0.23611126840114594, 0.308921217918396, 0.3515176475048065]}

Most important rules
-----------------------------

---0---
rule28: age < 3.334
probabilities_array:[0.9464666  0.         0.05353339]

rule15: water > 195.833
probabilities_array:[0.7652947  0.         0.23470531]

rule27: fine_aggregate > 829.112
probabilities_array:[0.7581956  0.         0.24180439]

rule0: cement < 208.534
probabilities_array:[0.70941395 0.         0.29058605]

rule14: 181.430 < water < 195.833
probabilities_array:[0.45285535 0.         0.54714465]

rule16: superplasticizer < 2.046
probabilities_array:[0.43122974 0.         0.5687703 ]

rule29: 3.334 < age < 44.599
probabilities_array:[0.35172307 0.04468829 0.60358864]

rule4: blast_furnace_slag < 15.757
probabilities_array:[0.3579842 0.        0.6420158]

rule5: 15.757 < blast_furnace_slag < 74.336
probabilities_array:[0.35366276 0.         0.6463372 ]

rule26: 774.137 < fine_aggregate < 829.112
probabilities_array:[0.28758693 0.         0.7124131 ]


---1---
rule31: age > 85.864
probabilities_array:[0.         0.92293525 0.07706475]

rule30: 44.599 < age < 85.864
probabilities_array:[0.         0.82414263 0.1758574 ]

rule3: cement > 349.042
probabilities_array:[0.         0.7638887  0.23611127]

rule12: water < 167.027
probabilities_array:[0.         0.6910788  0.30892122]

rule24: fine_aggregate < 719.161
probabilities_array:[0.         0.6484823  0.35151765]

rule9: 10.388 < fly_ash < 53.644
probabilities_array:[0.         0.6292382  0.37076184]

rule10: 53.644 < fly_ash < 96.900
probabilities_array:[0.         0.54109967 0.45890036]

rule6: 74.336 < blast_furnace_slag < 132.916
probabilities_array:[0.         0.46548083 0.5345192 ]

rule19: superplasticizer > 10.189
probabilities_array:[0.         0.43851233 0.5614877 ]

rule2: 278.788 < cement < 349.042
probabilities_array:[0.        0.4184199 0.5815801]

rule13: 167.027 < water < 181.430
probabilities_array:[0.         0.394416   0.60558397]

rule21: 923.824 < coarse_aggregate < 975.054
probabilities_array:[0.         0.35362768 0.6463723 ]

rule20: coarse_aggregate < 923.824
probabilities_array:[0.         0.28099838 0.7190016 ]

rule22: 975.054 < coarse_aggregate < 1026.284
probabilities_array:[0.         0.26256788 0.7374321 ]

rule8: fly_ash < 10.388
probabilities_array:[0.08370922 0.20590425 0.7103866 ]

rule18: 6.117 < superplasticizer < 10.189
probabilities_array:[0.01007255 0.23517485 0.75475264]

rule17: 2.046 < superplasticizer < 6.117
probabilities_array:[0.         0.20210542 0.7978946 ]

