R2: 0.40452061518173255

MAE: 10.386794117647058

MSE: 173.6778638235294

Accuracy: 0.8323529411764706

F1: 0.8323514909298523

Confusion Matrix: [[142, 28], [29, 141]]

Uncertainties: {'class0': [0.1094823107123375, 0.3333546221256256, 0.35264796018600464, 0.3886364698410034, 0.3994825482368469], 'class1': [0.20000389218330383, 0.34664490818977356, 0.4400954246520996, 0.4425084888935089, 0.4479701519012451]}

Most important rules
-----------------------------

---0---
rule28: age < 1.633
probabilities_array:[0.8905177  0.         0.10948231]

rule0: cement < 209.696
probabilities_array:[0.66664535 0.         0.33335462]

rule29: 1.633 < age < 46.687
probabilities_array:[0.64735204 0.         0.35264796]

rule27: fine_aggregate > 828.724
probabilities_array:[0.61136353 0.         0.38863647]

rule15: water > 195.884
probabilities_array:[0.60051745 0.         0.39948255]

rule16: superplasticizer < 2.243
probabilities_array:[0.51605546 0.         0.48394457]

rule14: 181.410 < water < 195.884
probabilities_array:[0.27860016 0.         0.72139984]

rule26: 774.633 < fine_aggregate < 828.724
probabilities_array:[0.25908813 0.         0.74091184]

rule1: 209.696 < cement < 280.112
probabilities_array:[0.25768766 0.         0.7423124 ]

rule23: coarse_aggregate > 1023.857
probabilities_array:[0.1688593  0.08280148 0.7483391 ]


---1---
rule31: age > 91.741
probabilities_array:[0.         0.79999614 0.20000389]

rule30: 46.687 < age < 91.741
probabilities_array:[0.         0.65335506 0.3466449 ]

rule8: fly_ash < 11.316
probabilities_array:[0.         0.5599046  0.44009542]

rule3: cement > 350.529
probabilities_array:[0.         0.55749154 0.4425085 ]

rule10: 54.578 < fly_ash < 97.840
probabilities_array:[0.         0.55202985 0.44797015]

rule24: fine_aggregate < 720.542
probabilities_array:[0.         0.53167516 0.46832487]

rule12: water < 166.936
probabilities_array:[0.         0.46529445 0.5347055 ]

rule9: 11.316 < fly_ash < 54.578
probabilities_array:[0.         0.44776726 0.55223274]

rule22: 971.981 < coarse_aggregate < 1023.857
probabilities_array:[0.         0.40665075 0.5933493 ]

rule20: coarse_aggregate < 920.105
probabilities_array:[0.         0.40520307 0.5947969 ]

rule19: superplasticizer > 10.439
probabilities_array:[0.        0.3951273 0.6048727]

rule18: 6.341 < superplasticizer < 10.439
probabilities_array:[0.       0.390943 0.609057]

rule13: 166.936 < water < 181.410
probabilities_array:[0.         0.39002192 0.6099781 ]

rule5: 16.493 < blast_furnace_slag < 73.985
probabilities_array:[0.0019766  0.26959145 0.728432  ]

rule6: 73.985 < blast_furnace_slag < 131.476
probabilities_array:[0.        0.2671751 0.7328249]

rule21: 920.105 < coarse_aggregate < 971.981
probabilities_array:[0.         0.26311135 0.73688865]

rule2: 280.112 < cement < 350.529
probabilities_array:[0.02420413 0.22512522 0.7506707 ]

