R2: 0.4645643500029879

MAE: 10.159588235294118

MSE: 160.93964147058824

Accuracy: 0.8558823529411764

F1: 0.8556013001083425

Confusion Matrix: [[153, 22], [27, 138]]

Uncertainties: {'class0': [0.03642565757036209, 0.2293573021888733, 0.3682330250740051, 0.38762784004211426, 0.4422973394393921], 'class1': [0.13752073049545288, 0.223410502076149, 0.2364647537469864, 0.355670690536499, 0.42427533864974976]}

Most important rules
-----------------------------

---0---
rule28: age < 3.035
probabilities_array:[0.96357435 0.         0.03642566]

rule0: cement < 208.901
probabilities_array:[0.7706427 0.        0.2293573]

rule15: water > 196.287
probabilities_array:[0.631767   0.         0.36823303]

rule27: fine_aggregate > 829.991
probabilities_array:[0.60751855 0.00485371 0.38762784]

rule29: 3.035 < age < 47.454
probabilities_array:[0.55770266 0.         0.44229734]

rule16: superplasticizer < 2.231
probabilities_array:[0.48289555 0.         0.51710445]

rule1: 208.901 < cement < 279.536
probabilities_array:[0.41695923 0.         0.5830408 ]

rule14: 181.687 < water < 196.287
probabilities_array:[0.36096576 0.         0.6390342 ]

rule11: fly_ash > 98.545
probabilities_array:[0.21513554 0.01131395 0.77355045]

rule26: 774.610 < fine_aggregate < 829.991
probabilities_array:[0.19911635 0.03821367 0.76267   ]

rule25: 719.230 < fine_aggregate < 774.610
probabilities_array:[0.20192884 0.00759778 0.7904734 ]

rule5: 14.335 < blast_furnace_slag < 71.730
probabilities_array:[0.17968497 0.04705372 0.7732613 ]


---1---
rule31: age > 91.872
probabilities_array:[0.         0.86247927 0.13752073]

rule3: cement > 350.170
probabilities_array:[0.        0.7765895 0.2234105]

rule30: 47.454 < age < 91.872
probabilities_array:[0.         0.76353526 0.23646475]

rule12: water < 167.088
probabilities_array:[0.        0.6443293 0.3556707]

rule19: superplasticizer > 10.063
probabilities_array:[0.         0.57572466 0.42427534]

rule9: 12.630 < fly_ash < 55.587
probabilities_array:[0.         0.5419153  0.45808467]

rule7: blast_furnace_slag > 129.126
probabilities_array:[0.         0.5323557  0.46764424]

rule6: 71.730 < blast_furnace_slag < 129.126
probabilities_array:[0.         0.51730555 0.48269445]

rule24: fine_aggregate < 719.230
probabilities_array:[0.         0.51405156 0.48594847]

rule13: 167.088 < water < 181.687
probabilities_array:[0.         0.5026211  0.49737892]

rule18: 6.147 < superplasticizer < 10.063
probabilities_array:[0.         0.41862178 0.5813782 ]

rule10: 55.587 < fly_ash < 98.545
probabilities_array:[0.         0.40521613 0.5947839 ]

rule22: 974.759 < coarse_aggregate < 1028.576
probabilities_array:[0.        0.3625167 0.6374833]

rule8: fly_ash < 12.630
probabilities_array:[0.04548606 0.29499707 0.6595169 ]

rule2: 279.536 < cement < 350.170
probabilities_array:[0.00398992 0.2833981  0.712612  ]

rule17: 2.231 < superplasticizer < 6.147
probabilities_array:[0.0220511  0.23780777 0.7401411 ]

rule20: coarse_aggregate < 920.942
probabilities_array:[0.         0.21660876 0.78339124]

