R2: 0.5176341710680479

MAE: 8.976441176470587

MSE: 123.25240970588236

Accuracy: 0.861764705882353

F1: 0.8617348042396712

Confusion Matrix: [[144, 14], [33, 149]]

Uncertainties: {'class0': [0.023610185831785202, 0.24230965971946716, 0.25208330154418945, 0.39306309819221497, 0.42076683044433594], 'class1': [0.18769635260105133, 0.2534053325653076, 0.3036217987537384, 0.4352354109287262, 0.45059406757354736]}

Most important rules
-----------------------------

---0---
rule28: age < 3.816
probabilities_array:[0.9763898  0.         0.02361019]

rule0: cement < 209.298
probabilities_array:[0.75769037 0.         0.24230966]

rule15: water > 196.373
probabilities_array:[0.7479167 0.        0.2520833]

rule27: fine_aggregate > 826.989
probabilities_array:[0.6069369 0.        0.3930631]

rule29: 3.816 < age < 46.174
probabilities_array:[0.57923317 0.         0.42076683]

rule16: superplasticizer < 2.274
probabilities_array:[0.46004313 0.         0.53995687]

rule14: 181.838 < water < 196.373
probabilities_array:[0.45481458 0.         0.54518545]

rule1: 209.298 < cement < 279.662
probabilities_array:[0.3239443 0.        0.6760557]

rule4: blast_furnace_slag < 16.036
probabilities_array:[0.32096457 0.         0.6790354 ]


---1---
rule31: age > 88.532
probabilities_array:[0.         0.81230366 0.18769635]

rule3: cement > 350.027
probabilities_array:[0.         0.74659467 0.25340533]

rule30: 46.174 < age < 88.532
probabilities_array:[0.         0.69637823 0.3036218 ]

rule24: fine_aggregate < 718.441
probabilities_array:[0.        0.5647646 0.4352354]

rule12: water < 167.303
probabilities_array:[0.         0.54940593 0.45059407]

rule19: superplasticizer > 10.152
probabilities_array:[0.        0.4924709 0.5075291]

rule10: 56.912 < fly_ash < 100.574
probabilities_array:[0.         0.48011476 0.51988524]

rule6: 74.687 < blast_furnace_slag < 133.337
probabilities_array:[0.         0.47379255 0.52620745]

rule8: fly_ash < 13.251
probabilities_array:[0.        0.4503966 0.5496034]

rule17: 2.274 < superplasticizer < 6.213
probabilities_array:[0.         0.41473484 0.58526516]

rule2: 279.662 < cement < 350.027
probabilities_array:[0.         0.41430303 0.585697  ]

rule18: 6.213 < superplasticizer < 10.152
probabilities_array:[0.         0.33543313 0.6645669 ]

rule21: 917.774 < coarse_aggregate < 970.498
probabilities_array:[0.         0.31901062 0.6809894 ]

rule20: coarse_aggregate < 917.774
probabilities_array:[0.         0.27518216 0.7248179 ]

rule13: 167.303 < water < 181.838
probabilities_array:[0.        0.2723995 0.7276005]

rule9: 13.251 < fly_ash < 56.912
probabilities_array:[0.         0.25479028 0.74520975]

rule7: blast_furnace_slag > 133.337
probabilities_array:[0.         0.24041712 0.7595829 ]

rule25: 718.441 < fine_aggregate < 772.715
probabilities_array:[0.         0.21824981 0.7817502 ]

