R2: 0.48720454612690045

MAE: 10.002117647058823

MSE: 158.81885058823528

Accuracy: 0.861764705882353

F1: 0.8614182515111306

Confusion Matrix: [[138, 20], [27, 155]]

Uncertainties: {'class0': [0.04265269637107849, 0.2277693897485733, 0.2747715413570404, 0.33930346369743347, 0.44041240215301514], 'class1': [0.20147208869457245, 0.2265855222940445, 0.2840937077999115, 0.2873383164405823, 0.4125833511352539]}

Most important rules
-----------------------------

---0---
rule28: age < 3.343
probabilities_array:[0.95734733 0.         0.0426527 ]

rule15: water > 195.452
probabilities_array:[0.7722306  0.         0.22776939]

rule27: fine_aggregate > 829.636
probabilities_array:[0.7252284  0.         0.27477154]

rule0: cement < 207.268
probabilities_array:[0.66069657 0.         0.33930346]

rule29: 3.343 < age < 45.186
probabilities_array:[0.5595876 0.        0.4404124]

rule14: 180.925 < water < 195.452
probabilities_array:[0.51927453 0.         0.48072544]

rule16: superplasticizer < 2.373
probabilities_array:[0.50159407 0.         0.49840593]

rule23: coarse_aggregate > 1026.868
probabilities_array:[0.31695077 0.         0.68304926]

rule26: 775.518 < fine_aggregate < 829.636
probabilities_array:[0.28998417 0.         0.71001583]

rule1: 207.268 < cement < 276.303
probabilities_array:[0.28140873 0.         0.7185913 ]

rule25: 721.401 < fine_aggregate < 775.518
probabilities_array:[0.19664781 0.02064234 0.78270984]


---1---
rule30: 45.186 < age < 87.028
probabilities_array:[0.         0.7985279  0.20147209]

rule31: age > 87.028
probabilities_array:[0.         0.7734145  0.22658552]

rule3: cement > 345.338
probabilities_array:[0.        0.7159063 0.2840937]

rule9: 12.373 < fly_ash < 55.604
probabilities_array:[0.         0.7126617  0.28733832]

rule12: water < 166.398
probabilities_array:[0.         0.58741665 0.41258335]

rule20: coarse_aggregate < 921.963
probabilities_array:[0.         0.532116   0.46788397]

rule8: fly_ash < 12.373
probabilities_array:[0.         0.51725817 0.48274183]

rule24: fine_aggregate < 721.401
probabilities_array:[0.         0.5076529  0.49234712]

rule19: superplasticizer > 10.605
probabilities_array:[0.        0.4707365 0.5292635]

rule10: 55.604 < fly_ash < 98.835
probabilities_array:[0.         0.46468824 0.53531176]

rule21: 921.963 < coarse_aggregate < 974.416
probabilities_array:[0.         0.4459624  0.55403763]

rule6: 73.998 < blast_furnace_slag < 132.065
probabilities_array:[0.         0.41640425 0.58359575]

rule17: 2.373 < superplasticizer < 6.489
probabilities_array:[0.         0.38814408 0.6118559 ]

rule22: 974.416 < coarse_aggregate < 1026.868
probabilities_array:[0.         0.35658222 0.6434178 ]

rule18: 6.489 < superplasticizer < 10.605
probabilities_array:[0.         0.32751572 0.6724843 ]

rule2: 276.303 < cement < 345.338
probabilities_array:[0.        0.2959444 0.7040556]

rule13: 166.398 < water < 180.925
probabilities_array:[0.         0.29363823 0.7063618 ]

rule5: 15.932 < blast_furnace_slag < 73.998
probabilities_array:[0.0352998  0.26524746 0.6994527 ]

