R2: 0.474855640179072

MAE: 9.825470588235294

MSE: 143.71662470588234

Accuracy: 0.85

F1: 0.8498948224967322

Confusion Matrix: [[149, 21], [30, 140]]

Uncertainties: {'class0': [0.1403108388185501, 0.2934284806251526, 0.301564484834671, 0.3288697600364685, 0.41877853870391846], 'class1': [0.3576294481754303, 0.4208983778953552, 0.42938166856765747, 0.4515683948993683, 0.46205049753189087]}

Most important rules
-----------------------------

---0---
rule28: age < 2.658
probabilities_array:[0.8596892  0.         0.14031084]

rule29: 2.658 < age < 47.625
probabilities_array:[0.7065715  0.         0.29342848]

rule27: fine_aggregate > 825.892
probabilities_array:[0.69843554 0.         0.30156448]

rule15: water > 196.345
probabilities_array:[0.67113024 0.         0.32886976]

rule0: cement < 212.193
probabilities_array:[0.58122146 0.         0.41877854]

rule14: 181.947 < water < 196.345
probabilities_array:[0.4878719 0.        0.5121281]

rule26: 772.251 < fine_aggregate < 825.892
probabilities_array:[0.30310285 0.         0.69689715]

rule25: 718.609 < fine_aggregate < 772.251
probabilities_array:[0.25217584 0.         0.74782413]

rule16: superplasticizer < 2.232
probabilities_array:[0.22059336 0.01749486 0.7619118 ]


---1---
rule31: age > 92.592
probabilities_array:[0.         0.6423706  0.35762945]

rule12: water < 167.549
probabilities_array:[0.         0.5791016  0.42089838]

rule3: cement > 354.913
probabilities_array:[0.         0.57061833 0.42938167]

rule30: 47.625 < age < 92.592
probabilities_array:[0.        0.5484316 0.4515684]

rule20: coarse_aggregate < 920.130
probabilities_array:[0.        0.5379495 0.4620505]

rule24: fine_aggregate < 718.609
probabilities_array:[0.         0.5336748  0.46632525]

rule19: superplasticizer > 10.064
probabilities_array:[0.       0.446454 0.553546]

rule7: blast_furnace_slag > 126.240
probabilities_array:[0.         0.43513086 0.56486917]

rule10: 55.694 < fly_ash < 98.970
probabilities_array:[0.        0.4252589 0.5747411]

rule17: 2.232 < superplasticizer < 6.148
probabilities_array:[0.         0.42211583 0.57788414]

rule8: fly_ash < 12.417
probabilities_array:[0.00247056 0.41401404 0.5835154 ]

rule2: 283.553 < cement < 354.913
probabilities_array:[0.         0.40270218 0.5972978 ]

rule9: 12.417 < fly_ash < 55.694
probabilities_array:[0.         0.38423935 0.6157606 ]

rule13: 167.549 < water < 181.947
probabilities_array:[0.        0.3616841 0.6383159]

rule18: 6.148 < superplasticizer < 10.064
probabilities_array:[0.        0.3497107 0.6502893]

rule5: 14.694 < blast_furnace_slag < 70.467
probabilities_array:[0.00880057 0.3343259  0.6568735 ]

rule21: 920.130 < coarse_aggregate < 971.616
probabilities_array:[0.         0.30528876 0.69471127]

rule6: 70.467 < blast_furnace_slag < 126.240
probabilities_array:[0.        0.2687698 0.7312302]

