R2: 0.48141285261275646

MAE: 9.89114705882353

MSE: 150.36695794117648

Accuracy: 0.8441176470588235

F1: 0.8436293268771857

Confusion Matrix: [[153, 22], [31, 134]]

Uncertainties: {'class0': [0.09080369770526886, 0.26917141675949097, 0.3087998032569885, 0.35743510723114014, 0.39952462911605835], 'class1': [0.30563387274742126, 0.3634161651134491, 0.41395464539527893, 0.42060986161231995, 0.4681495726108551]}

Most important rules
-----------------------------

---0---
rule28: age < 2.813
probabilities_array:[0.9091963 0.        0.0908037]

rule29: 2.813 < age < 47.758
probabilities_array:[0.7308286  0.         0.26917142]

rule0: cement < 210.866
probabilities_array:[0.6912002 0.        0.3087998]

rule15: water > 196.288
probabilities_array:[0.6425649 0.        0.3574351]

rule27: fine_aggregate > 827.203
probabilities_array:[0.6004754  0.         0.39952463]

rule9: 11.783 < fly_ash < 54.983
probabilities_array:[0.4862455  0.00277882 0.51097566]

rule16: superplasticizer < 2.286
probabilities_array:[0.3889341 0.        0.6110659]

rule1: 210.866 < cement < 281.901
probabilities_array:[0.36498287 0.         0.63501716]

rule14: 182.083 < water < 196.288
probabilities_array:[0.3326655  0.01663417 0.6507004 ]


---1---
rule31: age > 92.703
probabilities_array:[0.         0.6943661  0.30563387]

rule30: 47.758 < age < 92.703
probabilities_array:[0.         0.6365838  0.36341617]

rule3: cement > 352.937
probabilities_array:[0.         0.5860453  0.41395465]

rule20: coarse_aggregate < 917.497
probabilities_array:[0.         0.5793901  0.42060986]

rule24: fine_aggregate < 718.510
probabilities_array:[0.         0.53185046 0.46814957]

rule12: water < 167.879
probabilities_array:[0.         0.50451285 0.49548715]

rule6: 74.370 < blast_furnace_slag < 132.436
probabilities_array:[0.         0.4995634  0.50043654]

rule8: fly_ash < 11.783
probabilities_array:[0.       0.450481 0.549519]

rule19: superplasticizer > 10.338
probabilities_array:[0.        0.4499705 0.5500295]

rule10: 54.983 < fly_ash < 98.182
probabilities_array:[0.        0.3838461 0.6161539]

rule21: 917.497 < coarse_aggregate < 969.723
probabilities_array:[0.         0.38035616 0.6196438 ]

rule18: 6.312 < superplasticizer < 10.338
probabilities_array:[0.         0.36148986 0.63851017]

rule13: 167.879 < water < 182.083
probabilities_array:[0.         0.35797724 0.6420227 ]

rule5: 16.303 < blast_furnace_slag < 74.370
probabilities_array:[0.00573415 0.2949181  0.69934773]

rule23: coarse_aggregate > 1021.949
probabilities_array:[0.         0.27948922 0.7205108 ]

rule17: 2.286 < superplasticizer < 6.312
probabilities_array:[0.         0.25421992 0.74578005]

rule22: 969.723 < coarse_aggregate < 1021.949
probabilities_array:[0.        0.2541942 0.7458058]

rule7: blast_furnace_slag > 132.436
probabilities_array:[0.         0.25095627 0.74904376]

rule2: 281.901 < cement < 352.937
probabilities_array:[0.02149833 0.2058176  0.7726841 ]

