R2: 0.45242336825858676

MAE: 10.237823529411763

MSE: 164.10228147058822

Accuracy: 0.8147058823529412

F1: 0.8138540553223663

Confusion Matrix: [[150, 26], [37, 127]]

Uncertainties: {'class0': [0.03569715470075607, 0.18516667187213898, 0.21676938235759735, 0.33377745747566223, 0.46822860836982727], 'class1': [0.10592922568321228, 0.19439655542373657, 0.23674750328063965, 0.38785040378570557, 0.4183763265609741]}

Most important rules
-----------------------------

---0---
rule28: age < 3.018
probabilities_array:[0.96430284 0.         0.03569715]

rule15: water > 195.396
probabilities_array:[0.81483334 0.         0.18516667]

rule27: fine_aggregate > 829.500
probabilities_array:[0.7832306  0.         0.21676938]

rule0: cement < 212.730
probabilities_array:[0.6662225  0.         0.33377746]

rule29: 3.018 < age < 44.678
probabilities_array:[0.5317714 0.        0.4682286]

rule16: superplasticizer < 2.252
probabilities_array:[0.53127074 0.         0.46872926]

rule14: 181.308 < water < 195.396
probabilities_array:[0.48640013 0.         0.5135999 ]

rule26: 774.503 < fine_aggregate < 829.500
probabilities_array:[0.28958738 0.00100976 0.70940286]

rule23: coarse_aggregate > 1024.246
probabilities_array:[0.28481004 0.         0.71518993]

rule4: blast_furnace_slag < 15.514
probabilities_array:[0.23938812 0.02517723 0.73543465]

rule25: 719.506 < fine_aggregate < 774.503
probabilities_array:[0.1995543  0.00888405 0.79156166]


---1---
rule31: age > 86.338
probabilities_array:[0.         0.89407074 0.10592923]

rule3: cement > 352.604
probabilities_array:[0.         0.80560344 0.19439656]

rule30: 44.678 < age < 86.338
probabilities_array:[0.        0.7632525 0.2367475]

rule9: 11.074 < fly_ash < 53.755
probabilities_array:[0.        0.6121496 0.3878504]

rule24: fine_aggregate < 719.506
probabilities_array:[0.         0.5816237  0.41837633]

rule12: water < 167.220
probabilities_array:[0.        0.5578379 0.4421621]

rule2: 282.667 < cement < 352.604
probabilities_array:[0.         0.52003264 0.47996736]

rule19: superplasticizer > 10.385
probabilities_array:[0.        0.5168418 0.4831582]

rule8: fly_ash < 11.074
probabilities_array:[0.         0.47246316 0.52753687]

rule17: 2.252 < superplasticizer < 6.319
probabilities_array:[0.         0.44346914 0.5565309 ]

rule21: 920.424 < coarse_aggregate < 972.335
probabilities_array:[0.         0.37322605 0.62677395]

rule20: coarse_aggregate < 920.424
probabilities_array:[0.         0.36770487 0.63229513]

rule18: 6.319 < superplasticizer < 10.385
probabilities_array:[0.        0.3510974 0.6489026]

rule6: 73.978 < blast_furnace_slag < 132.442
probabilities_array:[0.         0.3382167  0.66178334]

rule10: 53.755 < fly_ash < 96.436
probabilities_array:[0.         0.32698625 0.67301375]

rule5: 15.514 < blast_furnace_slag < 73.978
probabilities_array:[0.04403906 0.27647984 0.6794811 ]

rule13: 167.220 < water < 181.308
probabilities_array:[0.02963108 0.27726302 0.69310594]

rule22: 972.335 < coarse_aggregate < 1024.246
probabilities_array:[0.         0.25177658 0.7482234 ]

