R2: 0.4764374323833651

MAE: 9.969323529411765

MSE: 154.70148970588235

Accuracy: 0.8529411764705882

F1: 0.852527846212568

Confusion Matrix: [[154, 26], [24, 136]]

Uncertainties: {'class0': [0.022826895117759705, 0.2623395323753357, 0.26796817779541016, 0.3324366807937622, 0.5382181406021118], 'class1': [0.1148722693324089, 0.23423625528812408, 0.3248632848262787, 0.39746546745300293, 0.3997093737125397]}

Most important rules
-----------------------------

---0---
rule28: age < 3.172
probabilities_array:[0.9771731 0.        0.0228269]

rule0: cement < 212.105
probabilities_array:[0.73766047 0.         0.26233953]

rule15: water > 196.875
probabilities_array:[0.7320318  0.         0.26796818]

rule27: fine_aggregate > 826.697
probabilities_array:[0.6675633  0.         0.33243668]

rule29: 3.172 < age < 47.625
probabilities_array:[0.46178186 0.         0.53821814]

rule16: superplasticizer < 2.004
probabilities_array:[0.44609597 0.         0.553904  ]

rule1: 212.105 < cement < 283.094
probabilities_array:[0.41510603 0.         0.58489394]

rule14: 182.316 < water < 196.875
probabilities_array:[0.40297982 0.         0.59702015]

rule26: 771.197 < fine_aggregate < 826.697
probabilities_array:[0.23174524 0.01020368 0.75805104]


---1---
rule31: age > 92.078
probabilities_array:[0.         0.8851277  0.11487227]

rule30: 47.625 < age < 92.078
probabilities_array:[0.         0.76576376 0.23423626]

rule24: fine_aggregate < 715.697
probabilities_array:[0.         0.6751367  0.32486328]

rule12: water < 167.757
probabilities_array:[0.         0.60253453 0.39746547]

rule3: cement > 354.082
probabilities_array:[0.         0.60029066 0.39970937]

rule19: superplasticizer > 10.115
probabilities_array:[0.        0.5260276 0.4739724]

rule9: 10.351 < fly_ash < 53.364
probabilities_array:[0.         0.46906927 0.5309307 ]

rule6: 73.699 < blast_furnace_slag < 132.241
probabilities_array:[0.        0.4617219 0.5382781]

rule8: fly_ash < 10.351
probabilities_array:[0.        0.4477686 0.5522314]

rule20: coarse_aggregate < 920.723
probabilities_array:[0.         0.40129173 0.5987083 ]

rule7: blast_furnace_slag > 132.241
probabilities_array:[0.         0.32846913 0.67153084]

rule21: 920.723 < coarse_aggregate < 973.111
probabilities_array:[0.         0.31575876 0.68424124]

rule10: 53.364 < fly_ash < 96.377
probabilities_array:[0.         0.28258124 0.71741873]

rule18: 6.060 < superplasticizer < 10.115
probabilities_array:[0.        0.2632152 0.7367848]

rule5: 15.157 < blast_furnace_slag < 73.699
probabilities_array:[0.00484904 0.24749754 0.7476534 ]

rule17: 2.004 < superplasticizer < 6.060
probabilities_array:[0.         0.24377522 0.75622475]

rule13: 167.757 < water < 182.316
probabilities_array:[0.01736221 0.23250405 0.75013375]

rule11: fly_ash > 96.377
probabilities_array:[0.         0.20181434 0.79818565]

