R2: 0.4780174776990824

MAE: 9.782455882352942

MSE: 147.63865330882354

Accuracy: 0.8558823529411764

F1: 0.8557313450930473

Confusion Matrix: [[140, 18], [31, 151]]

Uncertainties: {'class0': [0.048610083758831024, 0.24792583286762238, 0.24983233213424683, 0.4411207139492035, 0.46396785974502563], 'class1': [0.10098996758460999, 0.2066713273525238, 0.29691407084465027, 0.42508238554000854, 0.47549834847450256]}

Most important rules
-----------------------------

---0---
rule28: age < 4.514
probabilities_array:[0.9513899  0.         0.04861008]

rule15: water > 194.873
probabilities_array:[0.7520742  0.         0.24792583]

rule0: cement < 210.487
probabilities_array:[0.75016767 0.         0.24983233]

rule16: superplasticizer < 2.206
probabilities_array:[0.55887926 0.         0.4411207 ]

rule27: fine_aggregate > 827.429
probabilities_array:[0.53067994 0.00535214 0.46396786]

rule14: 180.883 < water < 194.873
probabilities_array:[0.47377026 0.         0.52622974]

rule29: 4.514 < age < 43.451
probabilities_array:[4.0069136e-01 5.7315727e-04 5.9873545e-01]

rule1: 210.487 < cement < 281.511
probabilities_array:[0.3477741 0.        0.6522259]

rule23: coarse_aggregate > 1027.652
probabilities_array:[2.6248422e-01 3.1372643e-04 7.3720205e-01]


---1---
rule31: age > 82.387
probabilities_array:[0.         0.89901006 0.10098997]

rule30: 43.451 < age < 82.387
probabilities_array:[0.         0.7933287  0.20667133]

rule3: cement > 352.535
probabilities_array:[0.         0.70308596 0.29691407]

rule9: 12.280 < fly_ash < 56.038
probabilities_array:[0.        0.5749176 0.4250824]

rule24: fine_aggregate < 720.981
probabilities_array:[0.         0.5245016  0.47549835]

rule12: water < 166.893
probabilities_array:[0.         0.50810784 0.49189213]

rule19: superplasticizer > 10.205
probabilities_array:[0.         0.45143098 0.548569  ]

rule10: 56.038 < fly_ash < 99.795
probabilities_array:[0.        0.4262135 0.5737865]

rule20: coarse_aggregate < 919.956
probabilities_array:[0.         0.41719604 0.58280396]

rule7: blast_furnace_slag > 129.006
probabilities_array:[0.         0.38883278 0.61116725]

rule8: fly_ash < 12.280
probabilities_array:[0.01417448 0.37986228 0.60596323]

rule18: 6.206 < superplasticizer < 10.205
probabilities_array:[0.         0.3510624  0.64893764]

rule6: 71.612 < blast_furnace_slag < 129.006
probabilities_array:[0.         0.34029198 0.659708  ]

rule17: 2.206 < superplasticizer < 6.206
probabilities_array:[0.         0.34008107 0.65991896]

rule2: 281.511 < cement < 352.535
probabilities_array:[0.03851601 0.2757687  0.6857153 ]

rule13: 166.893 < water < 180.883
probabilities_array:[0.0429513  0.23378071 0.723268  ]

