R2: 0.47375370952152285

MAE: 9.77644117647059

MSE: 142.67901617647058

Accuracy: 0.8411764705882353

F1: 0.8405087042635255

Confusion Matrix: [[154, 25], [29, 132]]

Uncertainties: {'class0': [0.10696734488010406, 0.30276766419410706, 0.39696112275123596, 0.4361896514892578, 0.46772876381874084], 'class1': [0.3129871189594269, 0.3142639994621277, 0.383536159992218, 0.41995006799697876, 0.4283061623573303]}

Most important rules
-----------------------------

---0---
rule28: age < 2.957
probabilities_array:[0.89303267 0.         0.10696734]

rule29: 2.957 < age < 46.735
probabilities_array:[0.6972323  0.         0.30276766]

rule15: water > 196.281
probabilities_array:[0.6030389  0.         0.39696112]

rule27: fine_aggregate > 826.808
probabilities_array:[0.56381035 0.         0.43618965]

rule0: cement < 212.641
probabilities_array:[0.53227127 0.         0.46772876]

rule16: superplasticizer < 2.004
probabilities_array:[0.4601154 0.        0.5398846]

rule14: 181.620 < water < 196.281
probabilities_array:[0.3788097 0.        0.6211903]

rule26: 773.202 < fine_aggregate < 826.808
probabilities_array:[0.2683032  0.00317534 0.72852147]

rule10: 51.625 < fly_ash < 94.449
probabilities_array:[0.20708755 0.04351893 0.7493935 ]

rule11: fly_ash > 94.449
probabilities_array:[0.20144592 0.01787987 0.7806743 ]


---1---
rule30: 46.735 < age < 90.513
probabilities_array:[0.         0.6870129  0.31298712]

rule31: age > 90.513
probabilities_array:[0.       0.685736 0.314264]

rule12: water < 166.959
probabilities_array:[0.         0.61646384 0.38353616]

rule24: fine_aggregate < 719.596
probabilities_array:[0.         0.58004993 0.41995007]

rule9: 8.802 < fly_ash < 51.625
probabilities_array:[0.         0.57169384 0.42830616]

rule3: cement > 354.151
probabilities_array:[0.         0.54925525 0.45074478]

rule19: superplasticizer > 10.162
probabilities_array:[0.        0.4633902 0.5366098]

rule6: 75.677 < blast_furnace_slag < 134.265
probabilities_array:[0.         0.4532875  0.54671246]

rule2: 283.396 < cement < 354.151
probabilities_array:[0.         0.44648206 0.55351794]

rule8: fly_ash < 8.802
probabilities_array:[0.        0.4460373 0.5539627]

rule20: coarse_aggregate < 921.314
probabilities_array:[0.         0.41951337 0.58048666]

rule18: 6.083 < superplasticizer < 10.162
probabilities_array:[0.        0.3956439 0.6043561]

rule17: 2.004 < superplasticizer < 6.083
probabilities_array:[0.        0.3641243 0.6358757]

rule13: 166.959 < water < 181.620
probabilities_array:[0.         0.35626328 0.6437367 ]

rule5: 17.088 < blast_furnace_slag < 75.677
probabilities_array:[0.06847921 0.18655184 0.74496895]

