R2: 0.4645888535780499

MAE: 9.873529411764705

MSE: 150.07369176470587

Accuracy: 0.8294117647058824

F1: 0.8293586237928767

Confusion Matrix: [[144, 24], [34, 138]]

Uncertainties: {'class0': [0.0819794163107872, 0.2215828150510788, 0.3067208528518677, 0.3861962854862213, 0.401093989610672], 'class1': [0.23999294638633728, 0.35052764415740967, 0.39046451449394226, 0.4240097403526306, 0.4426214098930359]}

Most important rules
-----------------------------

---0---
rule28: age < 1.868
probabilities_array:[0.9180206  0.         0.08197942]

rule29: 1.868 < age < 47.520
probabilities_array:[0.77841717 0.         0.22158282]

rule15: water > 195.862
probabilities_array:[0.69327915 0.         0.30672085]

rule0: cement < 212.861
probabilities_array:[0.61380374 0.         0.3861963 ]

rule27: fine_aggregate > 824.567
probabilities_array:[0.59890604 0.         0.401094  ]

rule16: superplasticizer < 2.108
probabilities_array:[0.45220572 0.         0.5477943 ]

rule14: 181.450 < water < 195.862
probabilities_array:[0.32488844 0.         0.6751116 ]

rule26: 770.815 < fine_aggregate < 824.567
probabilities_array:[2.5484884e-01 2.7784167e-04 7.4487329e-01]

rule1: 212.861 < cement < 282.780
probabilities_array:[0.23698187 0.         0.76301813]


---1---
rule31: age > 93.173
probabilities_array:[0.         0.760007   0.23999295]

rule9: 10.808 < fly_ash < 54.595
probabilities_array:[0.         0.64947236 0.35052764]

rule20: coarse_aggregate < 921.139
probabilities_array:[0.        0.6095355 0.3904645]

rule3: cement > 352.700
probabilities_array:[0.         0.57599026 0.42400974]

rule30: 47.520 < age < 93.173
probabilities_array:[0.        0.5573786 0.4426214]

rule24: fine_aggregate < 717.063
probabilities_array:[0.         0.55663884 0.44336113]

rule22: 974.066 < coarse_aggregate < 1026.992
probabilities_array:[0.         0.4965211  0.50347894]

rule12: water < 167.038
probabilities_array:[0.         0.4896215  0.51037854]

rule10: 54.595 < fly_ash < 98.382
probabilities_array:[0.         0.48080882 0.51919115]

rule19: superplasticizer > 10.200
probabilities_array:[0.         0.47403023 0.52596974]

rule8: fly_ash < 10.808
probabilities_array:[0.         0.46438944 0.53561056]

rule21: 921.139 < coarse_aggregate < 974.066
probabilities_array:[0.        0.4484236 0.5515764]

rule18: 6.154 < superplasticizer < 10.200
probabilities_array:[0.        0.4373949 0.5626051]

rule2: 282.780 < cement < 352.700
probabilities_array:[0.         0.35036466 0.6496354 ]

rule6: 73.353 < blast_furnace_slag < 132.383
probabilities_array:[0.         0.33313438 0.66686565]

rule7: blast_furnace_slag > 132.383
probabilities_array:[0.        0.3267681 0.6732319]

rule13: 167.038 < water < 181.450
probabilities_array:[0.         0.27332938 0.7266706 ]

rule23: coarse_aggregate > 1026.992
probabilities_array:[0.         0.26584518 0.7341548 ]

rule5: 14.324 < blast_furnace_slag < 73.353
probabilities_array:[0.00330245 0.25296617 0.74373144]

