R2: 0.48623680373340816

MAE: 9.791558823529412

MSE: 146.47215264705883

Accuracy: 0.861764705882353

F1: 0.8617060864899482

Confusion Matrix: [[143, 19], [28, 150]]

Uncertainties: {'class0': [0.0467156358063221, 0.2585957646369934, 0.3111257553100586, 0.39205402135849, 0.42464473843574524], 'class1': [0.17908862233161926, 0.2408124953508377, 0.26305297017097473, 0.41074132919311523, 0.47839486598968506]}

Most important rules
-----------------------------

---0---
rule28: age < 3.532
probabilities_array:[0.9532844  0.         0.04671564]

rule15: water > 196.314
probabilities_array:[0.74140424 0.         0.25859576]

rule0: cement < 206.023
probabilities_array:[0.68887424 0.         0.31112576]

rule27: fine_aggregate > 829.598
probabilities_array:[0.607946   0.         0.39205402]

rule29: 3.532 < age < 47.338
probabilities_array:[0.57535523 0.         0.42464474]

rule16: superplasticizer < 2.123
probabilities_array:[0.48753875 0.         0.51246125]

rule14: 181.901 < water < 196.314
probabilities_array:[0.46916398 0.         0.530836  ]

rule25: 720.403 < fine_aggregate < 775.000
probabilities_array:[0.20399158 0.01353609 0.7824723 ]


---1---
rule31: age > 91.144
probabilities_array:[0.         0.8209114  0.17908862]

rule30: 47.338 < age < 91.144
probabilities_array:[0.        0.7591875 0.2408125]

rule3: cement > 348.861
probabilities_array:[0.         0.73694706 0.26305297]

rule10: 54.913 < fly_ash < 98.087
probabilities_array:[0.         0.5892587  0.41074133]

rule12: water < 167.487
probabilities_array:[0.         0.52160513 0.47839487]

rule24: fine_aggregate < 720.403
probabilities_array:[0.         0.5108076  0.48919243]

rule5: 15.672 < blast_furnace_slag < 72.501
probabilities_array:[0.         0.47012106 0.5298789 ]

rule8: fly_ash < 11.739
probabilities_array:[0.         0.44246134 0.5575387 ]

rule2: 277.442 < cement < 348.861
probabilities_array:[0.        0.3891951 0.6108049]

rule19: superplasticizer > 9.869
probabilities_array:[0.         0.38767248 0.6123275 ]

rule7: blast_furnace_slag > 129.329
probabilities_array:[0.       0.382262 0.617738]

rule22: 974.400 < coarse_aggregate < 1027.408
probabilities_array:[0.         0.38002428 0.6199757 ]

rule13: 167.487 < water < 181.901
probabilities_array:[0.         0.36911926 0.6308807 ]

rule9: 11.739 < fly_ash < 54.913
probabilities_array:[0.        0.3073089 0.6926911]

rule6: 72.501 < blast_furnace_slag < 129.329
probabilities_array:[0.        0.2874364 0.7125636]

rule17: 2.123 < superplasticizer < 5.996
probabilities_array:[0.00175887 0.27918258 0.7190586 ]

rule21: 921.392 < coarse_aggregate < 974.400
probabilities_array:[0.         0.27174264 0.72825736]

rule18: 5.996 < superplasticizer < 9.869
probabilities_array:[0.         0.25203672 0.74796325]

rule20: coarse_aggregate < 921.392
probabilities_array:[0.         0.22662356 0.7733764 ]

