R2: 0.4924290941167745

MAE: 9.712794117647059

MSE: 144.79261735294116

Accuracy: 0.8647058823529412

F1: 0.862401463963964

Confusion Matrix: [[169, 23], [23, 125]]

Uncertainties: {'class0': [0.027971332892775536, 0.29334381222724915, 0.30582165718078613, 0.33969539403915405, 0.5319597125053406], 'class1': [0.13061922788619995, 0.2208789587020874, 0.2758512794971466, 0.4190981984138489, 0.5443776249885559]}

Most important rules
-----------------------------

---0---
rule28: age < 3.278
probabilities_array:[0.9720287  0.         0.02797133]

rule15: water > 196.189
probabilities_array:[0.7066562 0.        0.2933438]

rule0: cement < 212.460
probabilities_array:[0.69417834 0.         0.30582166]

rule27: fine_aggregate > 824.304
probabilities_array:[0.6603046 0.        0.3396954]

rule29: 3.278 < age < 46.930
probabilities_array:[0.4680403 0.        0.5319597]

rule25: 719.793 < fine_aggregate < 772.048
probabilities_array:[0.4537298  0.01019014 0.5360801 ]

rule26: 772.048 < fine_aggregate < 824.304
probabilities_array:[0.3685979  0.01834434 0.6130578 ]

rule16: superplasticizer < 2.094
probabilities_array:[0.34075534 0.         0.65924466]

rule4: blast_furnace_slag < 16.705
probabilities_array:[0.32309562 0.         0.6769044 ]

rule14: 181.491 < water < 196.189
probabilities_array:[0.2938123  0.         0.70618767]


---1---
rule31: age > 90.583
probabilities_array:[0.         0.8693808  0.13061923]

rule30: 46.930 < age < 90.583
probabilities_array:[0.         0.77912104 0.22087896]

rule3: cement > 351.615
probabilities_array:[0.         0.7241487  0.27585128]

rule6: 74.844 < blast_furnace_slag < 132.984
probabilities_array:[0.        0.5809018 0.4190982]

rule19: superplasticizer > 10.314
probabilities_array:[0.        0.4556224 0.5443776]

rule24: fine_aggregate < 719.793
probabilities_array:[0.         0.45305204 0.54694796]

rule12: water < 166.793
probabilities_array:[0.         0.45017764 0.54982233]

rule8: fly_ash < 10.439
probabilities_array:[0.         0.44956335 0.5504367 ]

rule20: coarse_aggregate < 923.082
probabilities_array:[0.         0.44693854 0.5530615 ]

rule22: 974.837 < coarse_aggregate < 1026.591
probabilities_array:[0.         0.41700935 0.58299065]

rule13: 166.793 < water < 181.491
probabilities_array:[0.00392698 0.34962612 0.6464469 ]

rule18: 6.204 < superplasticizer < 10.314
probabilities_array:[0.         0.33819562 0.6618044 ]

rule9: 10.439 < fly_ash < 53.288
probabilities_array:[0.       0.285035 0.714965]

rule21: 923.082 < coarse_aggregate < 974.837
probabilities_array:[0.         0.24138041 0.7586196 ]

rule11: fly_ash > 96.137
probabilities_array:[0.         0.23246206 0.76753795]

rule5: 16.705 < blast_furnace_slag < 74.844
probabilities_array:[0.04486876 0.19053262 0.7645986 ]

