R2: 0.43162095243630816

MAE: 10.262911764705883

MSE: 161.070685

Accuracy: 0.8205882352941176

F1: 0.8199011801075036

Confusion Matrix: [[150, 22], [39, 129]]

Uncertainties: {'class0': [0.030932268127799034, 0.2542025148868561, 0.29970070719718933, 0.42211270332336426, 0.45739421248435974], 'class1': [0.16357818245887756, 0.21841226518154144, 0.24469587206840515, 0.33052730560302734, 0.3423517942428589]}

Most important rules
-----------------------------

---0---
rule28: age < 3.367
probabilities_array:[0.96906775 0.         0.03093227]

rule15: water > 196.010
probabilities_array:[0.7457975 0.        0.2542025]

rule0: cement < 213.586
probabilities_array:[0.70029926 0.         0.2997007 ]

rule27: fine_aggregate > 829.013
probabilities_array:[0.5778873 0.        0.4221127]

rule29: 3.367 < age < 47.528
probabilities_array:[0.54260576 0.         0.4573942 ]

rule14: 181.200 < water < 196.010
probabilities_array:[0.4588822 0.        0.5411178]

rule16: superplasticizer < 1.992
probabilities_array:[0.45779225 0.         0.5422077 ]

rule1: 213.586 < cement < 284.975
probabilities_array:[0.3679347 0.        0.6320653]

rule23: coarse_aggregate > 1029.946
probabilities_array:[0.21072423 0.         0.78927577]


---1---
rule31: age > 91.688
probabilities_array:[0.         0.8364218  0.16357818]

rule9: 10.125 < fly_ash < 53.080
probabilities_array:[0.         0.7815877  0.21841227]

rule30: 47.528 < age < 91.688
probabilities_array:[0.         0.75530416 0.24469587]

rule24: fine_aggregate < 719.823
probabilities_array:[0.        0.6694727 0.3305273]

rule12: water < 166.389
probabilities_array:[0.        0.6576482 0.3423518]

rule3: cement > 356.363
probabilities_array:[0.         0.62204695 0.37795305]

rule19: superplasticizer > 10.321
probabilities_array:[0.        0.5678123 0.4321877]

rule20: coarse_aggregate < 921.656
probabilities_array:[0.         0.49228898 0.50771105]

rule18: 6.156 < superplasticizer < 10.321
probabilities_array:[0.         0.41579038 0.5842096 ]

rule7: blast_furnace_slag > 126.315
probabilities_array:[0.        0.3956915 0.6043085]

rule17: 1.992 < superplasticizer < 6.156
probabilities_array:[0.         0.37256995 0.6274301 ]

rule6: 69.854 < blast_furnace_slag < 126.315
probabilities_array:[0.         0.36694252 0.6330575 ]

rule2: 284.975 < cement < 356.363
probabilities_array:[3.8810118e-04 3.6327487e-01 6.3633704e-01]

rule5: 13.394 < blast_furnace_slag < 69.854
probabilities_array:[0.0316508  0.26764768 0.70070153]

rule8: fly_ash < 10.125
probabilities_array:[0.         0.25257948 0.74742055]

rule13: 166.389 < water < 181.200
probabilities_array:[0.01951853 0.19452031 0.78596115]

