R2: 0.43634189520394795

MAE: 10.276235294117647

MSE: 166.72425117647057

Accuracy: 0.8294117647058824

F1: 0.8292640692640694

Confusion Matrix: [[146, 22], [36, 136]]

Uncertainties: {'class0': [0.07878129929304123, 0.30547791719436646, 0.34978702664375305, 0.43493977189064026, 0.47523054480552673], 'class1': [0.12775388360023499, 0.14916345477104187, 0.32004672288894653, 0.3527921140193939, 0.4586435854434967]}

Most important rules
-----------------------------

---0---
rule28: age < 3.330
probabilities_array:[0.9212187 0.        0.0787813]

rule15: water > 196.591
probabilities_array:[0.6945221  0.         0.30547792]

rule0: cement < 215.782
probabilities_array:[0.65021294 0.         0.34978703]

rule27: fine_aggregate > 825.077
probabilities_array:[0.56506026 0.         0.43493977]

rule14: 182.395 < water < 196.591
probabilities_array:[0.5247695  0.         0.47523054]

rule16: superplasticizer < 1.963
probabilities_array:[0.4787286 0.        0.5212714]

rule29: 3.330 < age < 45.077
probabilities_array:[0.45476046 0.         0.54523957]

rule1: 215.782 < cement < 285.599
probabilities_array:[0.4179011 0.        0.5820989]

rule26: 770.611 < fine_aggregate < 825.077
probabilities_array:[0.33572185 0.         0.66427815]

rule11: fly_ash > 94.790
probabilities_array:[0.17254841 0.06036644 0.7670851 ]


---1---
rule31: age > 86.824
probabilities_array:[0.         0.8722461  0.12775388]

rule30: 45.077 < age < 86.824
probabilities_array:[0.         0.8508366  0.14916345]

rule3: cement > 355.416
probabilities_array:[0.         0.6799533  0.32004672]

rule24: fine_aggregate < 716.144
probabilities_array:[0.        0.6472079 0.3527921]

rule12: water < 168.198
probabilities_array:[0.         0.54135644 0.4586436 ]

rule6: 72.508 < blast_furnace_slag < 130.109
probabilities_array:[0.         0.51737523 0.4826248 ]

rule9: 8.734 < fly_ash < 51.762
probabilities_array:[0.         0.46340925 0.53659075]

rule19: superplasticizer > 10.050
probabilities_array:[0.        0.4564751 0.5435249]

rule18: 6.007 < superplasticizer < 10.050
probabilities_array:[0.        0.3862198 0.6137802]

rule2: 285.599 < cement < 355.416
probabilities_array:[0.         0.38321835 0.61678165]

rule8: fly_ash < 8.734
probabilities_array:[0.         0.37162632 0.6283737 ]

rule17: 1.963 < superplasticizer < 6.007
probabilities_array:[0.         0.36242947 0.6375705 ]

rule21: 921.570 < coarse_aggregate < 974.050
probabilities_array:[0.         0.29861975 0.70138025]

rule13: 168.198 < water < 182.395
probabilities_array:[0.         0.27080756 0.72919244]

rule20: coarse_aggregate < 921.570
probabilities_array:[0.         0.25486115 0.7451389 ]

