R2: 0.5055493764595946

MAE: 9.399558823529413

MSE: 135.38758264705882

Accuracy: 0.85

F1: 0.8489007398112567

Confusion Matrix: [[159, 22], [29, 130]]

Uncertainties: {'class0': [0.020364366471767426, 0.29035431146621704, 0.31353357434272766, 0.35557711124420166, 0.37951362133026123], 'class1': [0.13858754932880402, 0.19376887381076813, 0.2638195753097534, 0.4719442129135132, 0.48063158988952637]}

Most important rules
-----------------------------

---0---
rule28: age < 3.852
probabilities_array:[0.97963566 0.         0.02036437]

rule15: water > 196.082
probabilities_array:[0.7096457 0.        0.2903543]

rule0: cement < 212.880
probabilities_array:[0.68646646 0.         0.31353357]

rule27: fine_aggregate > 828.644
probabilities_array:[0.6444229 0.        0.3555771]

rule29: 3.852 < age < 47.454
probabilities_array:[0.6204864  0.         0.37951362]

rule16: superplasticizer < 2.073
probabilities_array:[0.43677032 0.         0.5632297 ]

rule14: 181.605 < water < 196.082
probabilities_array:[0.39361164 0.         0.6063884 ]

rule25: 720.001 < fine_aggregate < 774.322
probabilities_array:[0.37093475 0.00215448 0.6269108 ]

rule26: 774.322 < fine_aggregate < 828.644
probabilities_array:[0.28375092 0.02028874 0.69596034]

rule4: blast_furnace_slag < 15.231
probabilities_array:[0.20882128 0.03204093 0.7591378 ]


---1---
rule31: age > 91.056
probabilities_array:[0.         0.86141247 0.13858755]

rule3: cement > 351.675
probabilities_array:[0.         0.80623114 0.19376887]

rule30: 47.454 < age < 91.056
probabilities_array:[0.         0.7361804  0.26381958]

rule12: water < 167.128
probabilities_array:[0.        0.5280558 0.4719442]

rule9: 8.895 < fly_ash < 51.795
probabilities_array:[0.        0.5193684 0.4806316]

rule7: blast_furnace_slag > 132.263
probabilities_array:[0.         0.5110953  0.48890468]

rule24: fine_aggregate < 720.001
probabilities_array:[0.         0.50893855 0.49106142]

rule20: coarse_aggregate < 921.474
probabilities_array:[0.        0.4759466 0.5240534]

rule6: 73.747 < blast_furnace_slag < 132.263
probabilities_array:[0.         0.44163093 0.55836904]

rule10: 51.795 < fly_ash < 94.694
probabilities_array:[0.         0.41415218 0.5858478 ]

rule19: superplasticizer > 10.273
probabilities_array:[0.        0.4082924 0.5917076]

rule2: 282.277 < cement < 351.675
probabilities_array:[0.        0.3940819 0.6059181]

rule13: 167.128 < water < 181.605
probabilities_array:[0.         0.36463654 0.63536346]

rule21: 921.474 < coarse_aggregate < 974.237
probabilities_array:[0.         0.35408473 0.64591527]

rule23: coarse_aggregate > 1027.000
probabilities_array:[0.         0.32110173 0.6788983 ]

rule22: 974.237 < coarse_aggregate < 1027.000
probabilities_array:[0.         0.29167983 0.7083202 ]

rule11: fly_ash > 94.694
probabilities_array:[0.         0.22732289 0.7726771 ]

rule17: 2.073 < superplasticizer < 6.173
probabilities_array:[0.        0.2019859 0.7980141]

rule18: 6.173 < superplasticizer < 10.273
probabilities_array:[0.02228256 0.19008665 0.7876308 ]

