R2: 0.48675804939201095

MAE: 9.341852941176471

MSE: 132.89974029411763

Accuracy: 0.85

F1: 0.8499987024109206

Confusion Matrix: [[144, 19], [32, 145]]

Uncertainties: {'class0': [0.030893510207533836, 0.3268447816371918, 0.35608750581741333, 0.4179701805114746, 0.4839123785495758], 'class1': [0.10926546156406403, 0.1470843106508255, 0.1808910071849823, 0.2612394690513611, 0.39898672699928284]}

Most important rules
-----------------------------

---0---
rule28: age < 3.540
probabilities_array:[0.9691065  0.         0.03089351]

rule15: water > 196.162
probabilities_array:[0.6731552  0.         0.32684478]

rule0: cement < 210.784
probabilities_array:[0.6439125 0.        0.3560875]

rule27: fine_aggregate > 827.546
probabilities_array:[0.5820298  0.         0.41797018]

rule29: 3.540 < age < 45.116
probabilities_array:[0.51608765 0.         0.48391238]

rule16: superplasticizer < 2.118
probabilities_array:[0.45259395 0.         0.5474061 ]

rule14: 181.526 < water < 196.162
probabilities_array:[0.4439354 0.        0.5560646]

rule4: blast_furnace_slag < 15.177
probabilities_array:[0.2641279 0.        0.7358721]

rule11: fly_ash > 97.677
probabilities_array:[0.2583209  0.00147685 0.7402023 ]

rule5: 15.177 < blast_furnace_slag < 72.808
probabilities_array:[0.16951478 0.06840196 0.76208323]


---1---
rule31: age > 86.691
probabilities_array:[0.         0.89073455 0.10926546]

rule3: cement > 352.209
probabilities_array:[0.         0.8529157  0.14708431]

rule30: 45.116 < age < 86.691
probabilities_array:[0.         0.81910896 0.180891  ]

rule9: 11.584 < fly_ash < 54.631
probabilities_array:[0.         0.73876053 0.26123947]

rule12: water < 166.890
probabilities_array:[0.         0.60101324 0.39898673]

rule2: 281.497 < cement < 352.209
probabilities_array:[0.        0.5776024 0.4223976]

rule24: fine_aggregate < 719.894
probabilities_array:[0.         0.57682806 0.42317194]

rule19: superplasticizer > 10.310
probabilities_array:[0.         0.5560793  0.44392067]

rule17: 2.118 < superplasticizer < 6.214
probabilities_array:[0.         0.44138804 0.558612  ]

rule18: 6.214 < superplasticizer < 10.310
probabilities_array:[0.         0.40683752 0.5931625 ]

rule7: blast_furnace_slag > 130.438
probabilities_array:[0.         0.34228298 0.65771705]

rule13: 166.890 < water < 181.526
probabilities_array:[0.        0.3278773 0.6721227]

rule10: 54.631 < fly_ash < 97.677
probabilities_array:[0.        0.3099788 0.6900212]

rule6: 72.808 < blast_furnace_slag < 130.438
probabilities_array:[0.         0.29117784 0.7088222 ]

rule21: 920.563 < coarse_aggregate < 973.112
probabilities_array:[0.        0.2099964 0.7900036]

