R2: 0.45924547184056175

MAE: 10.230794117647058

MSE: 162.9784861764706

Accuracy: 0.8588235294117647

F1: 0.8588039867109634

Confusion Matrix: [[144, 26], [22, 148]]

Uncertainties: {'class0': [0.3286646902561188, 0.39747005701065063, 0.4331234395503998, 0.5117356777191162, 0.5944472551345825], 'class1': [0.24238841235637665, 0.4176306426525116, 0.44648492336273193, 0.4584466814994812, 0.46062982082366943]}

Most important rules
-----------------------------

---0---
rule29: 2.687 < age < 47.674
probabilities_array:[0.6713353 0.        0.3286647]

rule0: cement < 208.048
probabilities_array:[0.60252994 0.         0.39747006]

rule15: water > 196.785
probabilities_array:[0.5668766  0.         0.43312344]

rule27: fine_aggregate > 825.239
probabilities_array:[0.48826432 0.         0.5117357 ]

rule16: superplasticizer < 2.118
probabilities_array:[0.40555272 0.         0.59444726]

rule1: 208.048 < cement < 277.900
probabilities_array:[0.3381803 0.        0.6618197]

rule26: 771.939 < fine_aggregate < 825.239
probabilities_array:[0.32727906 0.         0.67272097]

rule4: blast_furnace_slag < 17.333
probabilities_array:[0.24661411 0.         0.7533859 ]

rule14: 182.691 < water < 196.785
probabilities_array:[0.24657823 0.         0.7534218 ]

rule9: 9.932 < fly_ash < 52.667
probabilities_array:[0.22368449 0.         0.7763155 ]


---1---
rule31: age > 92.660
probabilities_array:[0.         0.7576116  0.24238841]

rule3: cement > 347.753
probabilities_array:[0.         0.5823693  0.41763064]

rule12: water < 168.598
probabilities_array:[0.         0.5535151  0.44648492]

rule24: fine_aggregate < 718.638
probabilities_array:[0.         0.5415533  0.45844668]

rule30: 47.674 < age < 92.660
probabilities_array:[0.         0.5393702  0.46062982]

rule19: superplasticizer > 10.033
probabilities_array:[0.        0.4609864 0.5390136]

rule8: fly_ash < 9.932
probabilities_array:[0.         0.44518006 0.55481994]

rule13: 168.598 < water < 182.691
probabilities_array:[0.        0.4249745 0.5750255]

rule20: coarse_aggregate < 920.500
probabilities_array:[0.         0.41879448 0.5812055 ]

rule18: 6.075 < superplasticizer < 10.033
probabilities_array:[0.        0.4093506 0.5906494]

rule5: 17.333 < blast_furnace_slag < 77.643
probabilities_array:[0.00375119 0.40109655 0.59515226]

rule2: 277.900 < cement < 347.753
probabilities_array:[0.         0.37704438 0.6229556 ]

rule21: 920.500 < coarse_aggregate < 971.900
probabilities_array:[0.         0.35555837 0.64444166]

rule6: 77.643 < blast_furnace_slag < 137.953
probabilities_array:[0.         0.35129815 0.64870185]

rule10: 52.667 < fly_ash < 95.402
probabilities_array:[0.         0.30786276 0.69213724]

rule17: 2.118 < superplasticizer < 6.075
probabilities_array:[0.         0.29282162 0.70717835]

