R2: 0.5288819489252138

MAE: 9.597323529411765

MSE: 135.44343441176468

Accuracy: 0.8558823529411764

F1: 0.8549677464286025

Confusion Matrix: [[159, 22], [27, 132]]

Uncertainties: {'class0': [0.022864455357193947, 0.21633978188037872, 0.22573670744895935, 0.38411226868629456, 0.39572960138320923], 'class1': [0.1845330446958542, 0.24304445087909698, 0.32484692335128784, 0.38011854887008667, 0.4341053366661072]}

Most important rules
-----------------------------

---0---
rule28: age < 3.627
probabilities_array:[0.97713554 0.         0.02286446]

rule0: cement < 213.447
probabilities_array:[0.78366023 0.         0.21633978]

rule15: water > 195.980
probabilities_array:[0.7742633 0.        0.2257367]

rule27: fine_aggregate > 825.826
probabilities_array:[0.61588776 0.         0.38411227]

rule29: 3.627 < age < 46.236
probabilities_array:[0.6042704 0.        0.3957296]

rule16: superplasticizer < 2.158
probabilities_array:[0.45551136 0.         0.5444886 ]

rule14: 181.331 < water < 195.980
probabilities_array:[0.4495545 0.        0.5504455]

rule1: 213.447 < cement < 283.710
probabilities_array:[0.36065945 0.         0.6393405 ]

rule9: 11.387 < fly_ash < 55.819
probabilities_array:[0.1954662  0.15929765 0.6452362 ]


---1---
rule31: age > 88.846
probabilities_array:[0.         0.81546694 0.18453304]

rule30: 46.236 < age < 88.846
probabilities_array:[0.         0.75695556 0.24304445]

rule3: cement > 353.974
probabilities_array:[0.         0.6751531  0.32484692]

rule24: fine_aggregate < 715.844
probabilities_array:[0.         0.61988145 0.38011855]

rule12: water < 166.683
probabilities_array:[0.         0.56589466 0.43410534]

rule19: superplasticizer > 10.441
probabilities_array:[0.         0.54911345 0.45088655]

rule6: 73.130 < blast_furnace_slag < 132.139
probabilities_array:[0.         0.49906492 0.5009351 ]

rule20: coarse_aggregate < 920.951
probabilities_array:[0.         0.45178494 0.5482151 ]

rule17: 2.158 < superplasticizer < 6.300
probabilities_array:[0.         0.44007543 0.5599246 ]

rule7: blast_furnace_slag > 132.139
probabilities_array:[0.         0.39775825 0.60224175]

rule18: 6.300 < superplasticizer < 10.441
probabilities_array:[0.        0.3871558 0.6128442]

rule8: fly_ash < 11.387
probabilities_array:[0.       0.370657 0.629343]

rule10: 55.819 < fly_ash < 100.251
probabilities_array:[0.         0.32596946 0.67403054]

rule22: 972.911 < coarse_aggregate < 1024.871
probabilities_array:[0.         0.31817916 0.68182087]

rule21: 920.951 < coarse_aggregate < 972.911
probabilities_array:[0.        0.3010133 0.6989867]

rule2: 283.710 < cement < 353.974
probabilities_array:[0.         0.26024488 0.7397551 ]

rule9: 11.387 < fly_ash < 55.819
probabilities_array:[0.1954662  0.15929765 0.6452362 ]

rule11: fly_ash > 100.251
probabilities_array:[0.        0.2285688 0.7714312]

rule13: 166.683 < water < 181.331
probabilities_array:[0.0035807  0.20942405 0.78699523]

