R2: 0.3610596578623295

MAE: 68166.77040516735

MSE: 8715652531.171463

Accuracy: 0.8207574867880212

F1: 0.8207474393244091

Confusion Matrix: [[2821, 640], [581, 2770]]

Uncertainties: {'class0': [0.09608426690101624, 0.3043349087238312, 0.3204151690006256, 0.35003578662872314, 0.36881670355796814], 'class1': [0.24032455682754517, 0.3062657117843628, 0.33310210704803467, 0.34977659583091736, 0.3636179268360138]}

Most important rules
-----------------------------

---0---
rule28: median_income < 2.585
probabilities_array:[0.90391576 0.         0.09608427]

rule23: population > 2164.461
probabilities_array:[0.6956651 0.        0.3043349]

rule29: 2.585 < median_income < 3.864
probabilities_array:[0.67958486 0.         0.32041517]

rule33: ocean_proximity_INLAND = 1.0
probabilities_array:[0.6499642 0.        0.3500358]

rule3: longitude > -118.232
probabilities_array:[0.63118327 0.         0.3688167 ]

rule7: latitude > 37.094
probabilities_array:[0.51374316 0.         0.48625687]

rule12: total_rooms < 1180.350
probabilities_array:[0.4836259  0.06037954 0.45599455]

rule22: 1428.638 < population < 2164.461
probabilities_array:[4.5927131e-01 1.5673389e-04 5.4057199e-01]

rule16: total_bedrooms < 258.262
probabilities_array:[0.39985532 0.         0.6001447 ]

rule6: 35.648 < latitude < 37.094
probabilities_array:[0.27842534 0.         0.72157466]

rule24: households < 244.595
probabilities_array:[2.53656000e-01 1.01348756e-04 7.46242642e-01]

rule30: 3.864 < median_income < 5.143
probabilities_array:[0.16688123 0.14453502 0.68858373]

rule1: -120.937 < longitude < -119.585
probabilities_array:[0.18835393 0.07493977 0.7367063 ]


---1---
rule31: median_income > 5.143
probabilities_array:[0.         0.75967544 0.24032456]

rule20: population < 692.815
probabilities_array:[0.        0.6937343 0.3062657]

rule35: ocean_proximity_ISLAND = 1.0
probabilities_array:[0.        0.6668979 0.3331021]

rule0: longitude < -120.937
probabilities_array:[0.        0.6502234 0.3497766]

rule4: latitude < 34.201
probabilities_array:[0.         0.63638204 0.36361793]

rule27: households > 760.029
probabilities_array:[0.        0.5763902 0.4236098]

rule32: ocean_proximity_INLAND = 0.0
probabilities_array:[0.         0.55888134 0.44111866]

rule15: total_rooms > 4105.349
probabilities_array:[0.06271052 0.40500355 0.5322859 ]

rule5: 34.201 < latitude < 35.648
probabilities_array:[0.         0.40178207 0.59821796]

rule14: 2642.849 < total_rooms < 4105.349
probabilities_array:[0.01850889 0.30960488 0.6718862 ]

rule39: ocean_proximity_NEAR OCEAN = 1.0
probabilities_array:[0.04760294 0.25531515 0.6970819 ]

rule26: 502.312 < households < 760.029
probabilities_array:[0.        0.2606809 0.7393191]

rule11: housing_median_age > 37.073
probabilities_array:[0.         0.24996331 0.7500367 ]

rule9: 20.142 < housing_median_age < 28.607
probabilities_array:[0.         0.24931009 0.7506899 ]

rule19: total_bedrooms > 819.654
probabilities_array:[0.         0.22287442 0.7771256 ]

rule30: 3.864 < median_income < 5.143
probabilities_array:[0.16688123 0.14453502 0.68858373]

