R2: 0.3601375803363356

MAE: 67935.69289489137

MSE: 8727750529.468584

Accuracy: 0.8197298884321785

F1: 0.8197298262745293

Confusion Matrix: [[2794, 621], [607, 2790]]

Uncertainties: {'class0': [0.1788829267024994, 0.24523526430130005, 0.32387176156044006, 0.36410364508628845, 0.4568956196308136], 'class1': [0.12906008958816528, 0.1843445897102356, 0.2260296493768692, 0.36433422565460205, 0.39617982506752014]}

Most important rules
-----------------------------

---0---
rule28: median_income < 2.595
probabilities_array:[0.82111704 0.         0.17888293]

rule3: longitude > -118.224
probabilities_array:[0.75476474 0.         0.24523526]

rule33: ocean_proximity_INLAND = 1.0
probabilities_array:[0.67612827 0.         0.32387176]

rule23: population > 2204.917
probabilities_array:[0.6358964  0.         0.36410365]

rule7: latitude > 37.085
probabilities_array:[0.52820534 0.         0.47179464]

rule12: total_rooms < 1167.943
probabilities_array:[0.50050914 0.04259516 0.45689562]

rule29: 2.595 < median_income < 3.864
probabilities_array:[0.43279082 0.         0.5672092 ]

rule24: households < 240.889
probabilities_array:[0.37213346 0.         0.6278665 ]

rule1: -120.936 < longitude < -119.580
probabilities_array:[0.3709349 0.        0.6290651]

rule6: 35.643 < latitude < 37.085
probabilities_array:[0.3466722  0.         0.65332776]

rule2: -119.580 < longitude < -118.224
probabilities_array:[0.33241257 0.         0.6675874 ]

rule16: total_bedrooms < 253.757
probabilities_array:[0.30192772 0.         0.6980723 ]

rule22: 1429.441 < population < 2204.917
probabilities_array:[0.26374558 0.         0.73625445]

rule8: housing_median_age < 20.100
probabilities_array:[0.25422037 0.         0.74577963]


---1---
rule31: median_income > 5.132
probabilities_array:[0.         0.8709399  0.12906009]

rule35: ocean_proximity_ISLAND = 1.0
probabilities_array:[0.         0.8156554  0.18434459]

rule20: population < 653.965
probabilities_array:[0.         0.77397037 0.22602965]

rule4: latitude < 34.202
probabilities_array:[0.         0.6356658  0.36433423]

rule27: households > 760.094
probabilities_array:[0.         0.6038202  0.39617983]

rule32: ocean_proximity_INLAND = 0.0
probabilities_array:[0.         0.57555157 0.42444843]

rule0: longitude < -120.936
probabilities_array:[0.         0.5237746  0.47622535]

rule5: 34.202 < latitude < 35.643
probabilities_array:[0.         0.41963878 0.58036125]

rule30: 3.864 < median_income < 5.132
probabilities_array:[0.         0.39487803 0.60512197]

rule21: 653.965 < population < 1429.441
probabilities_array:[3.0398133e-04 3.3294785e-01 6.6674817e-01]

rule15: total_rooms > 4116.569
probabilities_array:[0.07773843 0.28633994 0.6359216 ]

rule26: 500.492 < households < 760.094
probabilities_array:[0.         0.22074284 0.7792572 ]

rule19: total_bedrooms > 822.261
probabilities_array:[0.         0.21960552 0.7803945 ]

rule14: 2642.256 < total_rooms < 4116.569
probabilities_array:[0.04298779 0.19079989 0.7662124 ]

