R2: 0.37267342883984955

MAE: 66698.98943041691

MSE: 8289857330.05226

Accuracy: 0.8198766881972989

F1: 0.819869510669861

Confusion Matrix: [[2814, 621], [606, 2771]]

Uncertainties: {'class0': [0.23805402219295502, 0.3645862340927124, 0.38559138774871826, 0.4182266592979431, 0.4795043170452118], 'class1': [0.10612303763628006, 0.21124112606048584, 0.2626483738422394, 0.3534330129623413, 0.5028166770935059]}

Most important rules
-----------------------------

---0---
rule28: median_income < 2.599
probabilities_array:[0.76194596 0.         0.23805402]

rule33: ocean_proximity_INLAND = 1.0
probabilities_array:[0.63541377 0.         0.36458623]

rule12: total_rooms < 1167.763
probabilities_array:[0.6072779  0.00713076 0.3855914 ]

rule23: population > 2148.581
probabilities_array:[0.58177334 0.         0.41822666]

rule3: longitude > -118.227
probabilities_array:[0.52049565 0.         0.47950432]

rule24: households < 243.556
probabilities_array:[0.4575192 0.        0.5424808]

rule7: latitude > 37.082
probabilities_array:[0.4215088 0.        0.5784912]

rule8: housing_median_age < 20.230
probabilities_array:[0.32614774 0.         0.67385226]

rule29: 2.599 < median_income < 3.878
probabilities_array:[3.1439844e-01 1.7577343e-04 6.8542588e-01]

rule6: 35.639 < latitude < 37.082
probabilities_array:[0.28627223 0.00862601 0.7051017 ]

rule1: -120.928 < longitude < -119.577
probabilities_array:[2.7696726e-01 1.7674515e-04 7.2285599e-01]

rule22: 1415.517 < population < 2148.581
probabilities_array:[2.71981299e-01 1.17194606e-04 7.27901518e-01]

rule25: 243.556 < households < 497.001
probabilities_array:[0.26976675 0.         0.73023325]

rule13: 1167.763 < total_rooms < 2625.092
probabilities_array:[0.24390626 0.00585541 0.75023836]

rule16: total_bedrooms < 255.885
probabilities_array:[0.24675903 0.         0.75324094]

rule37: ocean_proximity_NEAR BAY = 1.0
probabilities_array:[0.17093132 0.07092603 0.75814265]


---1---
rule31: median_income > 5.156
probabilities_array:[0.         0.89387697 0.10612304]

rule35: ocean_proximity_ISLAND = 1.0
probabilities_array:[0.         0.7887589  0.21124113]

rule20: population < 682.453
probabilities_array:[0.         0.7373516  0.26264837]

rule32: ocean_proximity_INLAND = 0.0
probabilities_array:[0.       0.646567 0.353433]

rule30: 3.878 < median_income < 5.156
probabilities_array:[0.         0.49718332 0.5028167 ]

rule0: longitude < -120.928
probabilities_array:[0.        0.4874222 0.5125778]

rule4: latitude < 34.196
probabilities_array:[0.         0.36235428 0.6376457 ]

rule15: total_rooms > 4082.420
probabilities_array:[0.00936326 0.34381953 0.64681727]

rule27: households > 750.447
probabilities_array:[0.         0.33513674 0.6648632 ]

rule21: 682.453 < population < 1415.517
probabilities_array:[0.         0.27592972 0.72407025]

rule5: 34.196 < latitude < 35.639
probabilities_array:[0.         0.23146744 0.7685326 ]

rule19: total_bedrooms > 812.728
probabilities_array:[0.         0.22293025 0.77706975]

rule2: -119.577 < longitude < -118.227
probabilities_array:[0.05187697 0.18931636 0.7588067 ]

