R2: 0.35807064381305864

MAE: 67127.53919553729

MSE: 8346724243.40825

Accuracy: 0.8142982971227246

F1: 0.8142908973083733

Confusion Matrix: [[2752, 636], [629, 2795]]

Uncertainties: {'class0': [0.14844709634780884, 0.3335522413253784, 0.33754903078079224, 0.4206995368003845, 0.47727352380752563], 'class1': [0.19468842446804047, 0.2383117973804474, 0.3556985557079315, 0.3684459924697876, 0.4346907138824463]}

Most important rules
-----------------------------

---0---
rule28: median_income < 2.590
probabilities_array:[0.8515529 0.        0.1484471]

rule33: ocean_proximity_INLAND = 1.0
probabilities_array:[0.66644776 0.         0.33355224]

rule23: population > 2189.841
probabilities_array:[0.66245097 0.         0.33754903]

rule29: 2.590 < median_income < 3.875
probabilities_array:[0.57930046 0.         0.42069954]

rule12: total_rooms < 1166.244
probabilities_array:[0.4997436  0.02298285 0.47727352]

rule3: longitude > -118.197
probabilities_array:[0.48495147 0.         0.51504856]

rule24: households < 240.953
probabilities_array:[0.46836436 0.         0.53163564]

rule7: latitude > 37.045
probabilities_array:[0.37698528 0.         0.6230147 ]

rule6: 35.610 < latitude < 37.045
probabilities_array:[0.36247754 0.         0.63752246]

rule1: -120.897 < longitude < -119.547
probabilities_array:[3.6004496e-01 1.0312090e-04 6.3985193e-01]

rule22: 1429.901 < population < 2189.841
probabilities_array:[3.086896e-01 5.815329e-05 6.912523e-01]

rule8: housing_median_age < 20.108
probabilities_array:[0.2762315 0.        0.7237685]

rule25: 240.953 < households < 502.110
probabilities_array:[0.20170695 0.         0.79829305]


---1---
rule31: median_income > 5.159
probabilities_array:[0.         0.80531156 0.19468842]

rule20: population < 669.961
probabilities_array:[0.        0.7616882 0.2383118]

rule35: ocean_proximity_ISLAND = 1.0
probabilities_array:[0.         0.6443014  0.35569856]

rule32: ocean_proximity_INLAND = 0.0
probabilities_array:[0.       0.631554 0.368446]

rule27: households > 763.267
probabilities_array:[0.        0.5653093 0.4346907]

rule15: total_rooms > 4125.498
probabilities_array:[0.04478927 0.44058093 0.5146298 ]

rule0: longitude < -120.897
probabilities_array:[0.         0.42562464 0.5743754 ]

rule14: 2645.871 < total_rooms < 4125.498
probabilities_array:[0.02192722 0.38015908 0.5979137 ]

rule5: 34.175 < latitude < 35.610
probabilities_array:[0.        0.3383137 0.6616863]

rule21: 669.961 < population < 1429.901
probabilities_array:[0.         0.33143136 0.6685687 ]

rule4: latitude < 34.175
probabilities_array:[0.        0.3227718 0.6772282]

rule30: 3.875 < median_income < 5.159
probabilities_array:[0.05824734 0.27694687 0.6648058 ]

rule26: 502.110 < households < 763.267
probabilities_array:[0.        0.2892971 0.7107029]

rule19: total_bedrooms > 826.285
probabilities_array:[0.         0.24690102 0.75309896]

rule39: ocean_proximity_NEAR OCEAN = 1.0
probabilities_array:[0.11018084 0.15990858 0.72991055]

