R2: 0.3705968836028609

MAE: 66337.71491485613

MSE: 8257187232.224604

Accuracy: 0.8185554903112156

F1: 0.8184831391492324

Confusion Matrix: [[2856, 628], [608, 2720]]

Uncertainties: {'class0': [0.19599738717079163, 0.2806265354156494, 0.4015301764011383, 0.4226720631122589, 0.45201200246810913], 'class1': [0.11229521036148071, 0.18926310539245605, 0.2725856900215149, 0.33527448773384094, 0.38697126507759094]}

Most important rules
-----------------------------

---0---
rule28: median_income < 2.587
probabilities_array:[0.80400264 0.         0.19599739]

rule23: population > 2242.259
probabilities_array:[0.71937346 0.         0.28062654]

rule33: ocean_proximity_INLAND = 1.0
probabilities_array:[0.5984698  0.         0.40153018]

rule3: longitude > -118.218
probabilities_array:[0.57732797 0.         0.42267206]

rule12: total_rooms < 1136.001
probabilities_array:[0.52133834 0.02664967 0.452012  ]

rule7: latitude > 37.071
probabilities_array:[0.5048819  0.         0.49511808]

rule22: 1442.238 < population < 2242.259
probabilities_array:[0.4464777 0.        0.5535223]

rule24: households < 238.507
probabilities_array:[0.4401309 0.        0.5598691]

rule29: 2.587 < median_income < 3.884
probabilities_array:[0.43268573 0.         0.56731427]

rule16: total_bedrooms < 249.339
probabilities_array:[0.39436376 0.         0.60563624]

rule6: 35.628 < latitude < 37.071
probabilities_array:[0.36752707 0.         0.63247293]

rule25: 238.507 < households < 504.422
probabilities_array:[0.29829985 0.         0.70170015]

rule1: -120.925 < longitude < -119.571
probabilities_array:[0.26302758 0.00914833 0.7278241 ]

rule8: housing_median_age < 20.081
probabilities_array:[0.25863835 0.         0.7413617 ]


---1---
rule31: median_income > 5.182
probabilities_array:[0.         0.8877048  0.11229521]

rule35: ocean_proximity_ISLAND = 1.0
probabilities_array:[0.        0.8107369 0.1892631]

rule20: population < 642.217
probabilities_array:[0.        0.7274143 0.2725857]

rule32: ocean_proximity_INLAND = 0.0
probabilities_array:[0.        0.6647255 0.3352745]

rule0: longitude < -120.925
probabilities_array:[0.         0.6130287  0.38697127]

rule4: latitude < 34.185
probabilities_array:[5.5538661e-05 4.7541744e-01 5.2452707e-01]

rule27: households > 770.336
probabilities_array:[0.         0.45083192 0.5491681 ]

rule30: 3.884 < median_income < 5.182
probabilities_array:[0.         0.42914614 0.5708539 ]

rule5: 34.185 < latitude < 35.628
probabilities_array:[0.        0.4254308 0.5745692]

rule19: total_bedrooms > 835.064
probabilities_array:[0.         0.36326644 0.63673353]

rule15: total_rooms > 4181.187
probabilities_array:[0.05466837 0.3013477  0.64398396]

rule14: 2658.594 < total_rooms < 4181.187
probabilities_array:[0.04152441 0.19426195 0.7642137 ]

