R2: 0.3689272044919738

MAE: 66457.89797416324

MSE: 8325572839.533323

Accuracy: 0.8185554903112156

F1: 0.8185492338391419

Confusion Matrix: [[2808, 615], [621, 2768]]

Uncertainties: {'class0': [0.22826986014842987, 0.3084101974964142, 0.32119035720825195, 0.3735660910606384, 0.41729938983917236], 'class1': [0.1226077452301979, 0.2462984025478363, 0.33708104491233826, 0.3901365399360657, 0.39870163798332214]}

Most important rules
-----------------------------

---0---
rule28: median_income < 2.584
probabilities_array:[0.7717301  0.         0.22826986]

rule23: population > 2203.298
probabilities_array:[0.6915898 0.        0.3084102]

rule33: ocean_proximity_INLAND = 1.0
probabilities_array:[0.67880964 0.         0.32119036]

rule12: total_rooms < 1160.323
probabilities_array:[0.60864735 0.01778664 0.3735661 ]

rule3: longitude > -118.214
probabilities_array:[0.5827006 0.        0.4172994]

rule7: latitude > 37.064
probabilities_array:[0.57799083 0.         0.42200917]

rule24: households < 238.788
probabilities_array:[0.43342525 0.         0.56657475]

rule22: 1426.858 < population < 2203.298
probabilities_array:[0.40465218 0.         0.5953478 ]

rule29: 2.584 < median_income < 3.884
probabilities_array:[0.3554592 0.        0.6445408]

rule6: 35.627 < latitude < 37.064
probabilities_array:[0.32340446 0.01404377 0.66255176]

rule1: -120.914 < longitude < -119.564
probabilities_array:[0.2532983  0.00987178 0.7368299 ]

rule8: housing_median_age < 20.145
probabilities_array:[0.25158826 0.         0.7484117 ]

rule16: total_bedrooms < 251.659
probabilities_array:[0.24173005 0.         0.75826997]

rule25: 238.788 < households < 499.825
probabilities_array:[0.20987001 0.         0.79013   ]

rule13: 1160.323 < total_rooms < 2642.035
probabilities_array:[0.19633827 0.0166129  0.7870488 ]


---1---
rule31: median_income > 5.184
probabilities_array:[0.         0.87739223 0.12260775]

rule20: population < 650.418
probabilities_array:[0.         0.75370157 0.2462984 ]

rule35: ocean_proximity_ISLAND = 1.0
probabilities_array:[0.         0.6629189  0.33708104]

rule0: longitude < -120.914
probabilities_array:[0.         0.60986346 0.39013654]

rule32: ocean_proximity_INLAND = 0.0
probabilities_array:[0.         0.6012984  0.39870164]

rule30: 3.884 < median_income < 5.184
probabilities_array:[0.         0.47087356 0.52912647]

rule15: total_rooms > 4123.747
probabilities_array:[0.02662696 0.42677167 0.5466013 ]

rule4: latitude < 34.190
probabilities_array:[0.         0.43713325 0.56286675]

rule27: households > 760.863
probabilities_array:[0.         0.42713147 0.5728685 ]

rule5: 34.190 < latitude < 35.627
probabilities_array:[0.        0.3425277 0.6574723]

rule19: total_bedrooms > 822.503
probabilities_array:[0.         0.30389592 0.6961041 ]

rule21: 650.418 < population < 1426.858
probabilities_array:[3.5782639e-04 2.3917800e-01 7.6046413e-01]

rule14: 2642.035 < total_rooms < 4123.747
probabilities_array:[0.03285206 0.20989431 0.75725365]

