R2: 0.376992070868174

MAE: 66783.04829712272

MSE: 8430840584.340135

Accuracy: 0.8225190839694656

F1: 0.8224174061262344

Confusion Matrix: [[2883, 611], [598, 2720]]

Uncertainties: {'class0': [0.18946081399917603, 0.2905001640319824, 0.3648402988910675, 0.37674278020858765, 0.3836417496204376], 'class1': [0.124142125248909, 0.1265363246202469, 0.2834123373031616, 0.33858761191368103, 0.35277506709098816]}

Most important rules
-----------------------------

---0---
rule28: median_income < 2.604
probabilities_array:[0.8105392  0.         0.18946081]

rule23: population > 2176.128
probabilities_array:[0.70949984 0.         0.29050016]

rule3: longitude > -118.221
probabilities_array:[0.63515973 0.         0.3648403 ]

rule7: latitude > 37.064
probabilities_array:[0.6232572  0.         0.37674278]

rule33: ocean_proximity_INLAND = 1.0
probabilities_array:[0.6163583  0.         0.38364175]

rule12: total_rooms < 1163.841
probabilities_array:[0.43133378 0.02129491 0.5473714 ]

rule29: 2.604 < median_income < 3.887
probabilities_array:[0.43775192 0.         0.56224805]

rule22: 1424.818 < population < 2176.128
probabilities_array:[0.41339988 0.         0.5866001 ]

rule24: households < 242.372
probabilities_array:[0.40250018 0.         0.59749985]

rule6: 35.626 < latitude < 37.064
probabilities_array:[0.38701367 0.         0.6129863 ]

rule16: total_bedrooms < 254.807
probabilities_array:[0.337135   0.         0.66286504]

rule1: -120.920 < longitude < -119.570
probabilities_array:[0.30801412 0.04653516 0.6454507 ]

rule8: housing_median_age < 20.157
probabilities_array:[0.2795589 0.        0.7204411]

rule17: 254.807 < total_bedrooms < 535.268
probabilities_array:[0.25462234 0.         0.74537766]

rule25: 242.372 < households < 499.019
probabilities_array:[0.24248211 0.         0.7575179 ]


---1---
rule35: ocean_proximity_ISLAND = 1.0
probabilities_array:[0.         0.8758579  0.12414213]

rule31: median_income > 5.171
probabilities_array:[0.         0.8734637  0.12653632]

rule20: population < 673.509
probabilities_array:[0.         0.71658766 0.28341234]

rule0: longitude < -120.920
probabilities_array:[0.        0.6614124 0.3385876]

rule32: ocean_proximity_INLAND = 0.0
probabilities_array:[0.         0.6472249  0.35277507]

rule4: latitude < 34.188
probabilities_array:[0.         0.50809485 0.49190512]

rule15: total_rooms > 4097.726
probabilities_array:[0.04224358 0.4163799  0.5413765 ]

rule30: 3.887 < median_income < 5.171
probabilities_array:[0.         0.41525286 0.58474714]

rule27: households > 755.666
probabilities_array:[0.         0.41095513 0.58904487]

rule19: total_bedrooms > 815.730
probabilities_array:[0.         0.38899788 0.61100215]

rule5: 34.188 < latitude < 35.626
probabilities_array:[0.        0.3628745 0.6371255]

rule14: 2630.783 < total_rooms < 4097.726
probabilities_array:[0.02485299 0.3278155  0.64733154]

rule21: 673.509 < population < 1424.818
probabilities_array:[2.5915337e-04 2.1027914e-01 7.8946173e-01]

