R2: -0.7331858029537959


MAE: 32454874.98353033


MSE: 7360417775322632.0


Accuracy: 0.7676620538965768


F1: 0.766321313462586


Most important rules
-----------------------------

---0---
rule16: num_user_for_reviews < 48.511
probabilities_array:[0.54766864 0.         0.45233136]

rule51: budget > 227511614.578
probabilities_array:[0.44712663 0.         0.5528734 ]

rule9: -812.066 < num_voted_users < 99132.912
probabilities_array:[0.38775423 0.         0.61224574]

rule6: 2003.332 < title_year < 2009.968
probabilities_array:[0.37169534 0.         0.62830466]

rule3: imdb_score > 7.222
probabilities_array:[0.27350953 0.         0.7264905 ]

rule45: 94.284 < duration < 109.729
probabilities_array:[0.25749585 0.         0.7425041 ]

rule49: -130934351.588 < budget < 48288631.495
probabilities_array:[0.23535621 0.         0.7646438 ]

rule7: title_year > 2009.968
probabilities_array:[0.23356266 0.         0.76643735]

rule12: num_critic_for_reviews < 78.413
probabilities_array:[0.2069422 0.        0.7930578]


---1---
rule50: 48288631.495 < budget < 227511614.578
probabilities_array:[0.        0.5163398 0.4836602]

rule4: title_year < 1996.695
probabilities_array:[0.         0.40155375 0.59844625]

rule11: num_voted_users > 199077.891
probabilities_array:[0.         0.37259075 0.6274092 ]

rule18: 316.015 < num_user_for_reviews < 583.520
probabilities_array:[5.4786749e-05 3.5757378e-01 6.4237142e-01]

rule1: 5.758 < imdb_score < 6.490
probabilities_array:[0.        0.3304616 0.6695384]

rule19: num_user_for_reviews > 583.520
probabilities_array:[0.         0.31594008 0.6840599 ]

rule15: num_critic_for_reviews > 243.619
probabilities_array:[0.         0.31429186 0.6857081 ]

rule10: 99132.912 < num_voted_users < 199077.891
probabilities_array:[0.         0.31097418 0.6890258 ]

rule30: 1952.146 < actor_2_facebook_likes < 5109.840
probabilities_array:[0.         0.30667034 0.69332963]

rule14: 161.016 < num_critic_for_reviews < 243.619
probabilities_array:[0.00421332 0.29146317 0.7043235 ]

rule0: imdb_score < 5.758
probabilities_array:[0.         0.28088218 0.7191178 ]

rule13: 78.413 < num_critic_for_reviews < 161.016
probabilities_array:[0.         0.22703573 0.7729643 ]

rule47: duration > 125.175
probabilities_array:[0.         0.22039154 0.7796084 ]

rule43: movie_facebook_likes > 22562.680
probabilities_array:[0.         0.20606199 0.793938  ]

