R2: 0.0018579205935860266


MAE: 46350851.52805831


MSE: 5022159267834817.0


Accuracy: 1.0


F1: 1.0


Most important rules
-----------------------------

---0---
