R2: -0.0010606756786242233


MAE: 46755482.50434361


MSE: 5367800216018168.0


Accuracy: 1.0


F1: 1.0


Most important rules
-----------------------------

---0---
