R2: 0.22687908347344832


MAE: 37588916.118013255


MSE: 3684834287895079.0


Accuracy: 0.7530954115076475


F1: 0.7528179571782032


Most important rules
-----------------------------

---0---
rule51: budget > 225078331.308
probabilities_array:[0.55980015 0.         0.44019985]

rule8: num_voted_users < 1102.700
probabilities_array:[0.535289 0.       0.464711]

rule3: imdb_score > 7.205
probabilities_array:[0.44159636 0.         0.5584037 ]

rule49: -131667891.500 < budget < 46705219.904
probabilities_array:[0.3885718 0.        0.6114282]

rule16: num_user_for_reviews < 46.032
probabilities_array:[0.37979752 0.         0.6202025 ]

rule6: 2003.411 < title_year < 2010.097
probabilities_array:[0.30382568 0.         0.6961743 ]

rule12: num_critic_for_reviews < 76.029
probabilities_array:[0.30168363 0.         0.69831634]

rule9: 1102.700 < num_voted_users < 93385.754
probabilities_array:[0.29852745 0.         0.7014725 ]

rule7: title_year > 2010.097
probabilities_array:[0.21065356 0.         0.78934646]


---1---
rule4: title_year < 1996.724
probabilities_array:[0.         0.5263932  0.47360685]

rule10: 93385.754 < num_voted_users < 185668.808
probabilities_array:[0.         0.48110533 0.5188947 ]

rule19: num_user_for_reviews > 569.976
probabilities_array:[0.         0.46240503 0.537595  ]

rule11: num_voted_users > 185668.808
probabilities_array:[0.         0.40570793 0.59429204]

rule50: 46705219.904 < budget < 225078331.308
probabilities_array:[0.       0.379875 0.620125]

rule35: actor_3_facebook_likes > 1966.444
probabilities_array:[0.         0.3355244  0.66447556]

rule47: duration > 125.358
probabilities_array:[0.        0.3148477 0.6851523]

rule43: movie_facebook_likes > 22584.295
probabilities_array:[0.        0.3097389 0.6902611]

rule34: 737.491 < actor_3_facebook_likes < 1966.444
probabilities_array:[6.829719e-05 3.078919e-01 6.920398e-01]

rule15: num_critic_for_reviews > 242.220
probabilities_array:[0.         0.30712435 0.6928756 ]

rule14: 159.124 < num_critic_for_reviews < 242.220
probabilities_array:[4.4494768e-04 3.0263641e-01 6.9691867e-01]

rule18: 308.004 < num_user_for_reviews < 569.976
probabilities_array:[0.         0.28573358 0.7142664 ]

rule0: imdb_score < 5.722
probabilities_array:[0.         0.28256956 0.7174305 ]

rule1: 5.722 < imdb_score < 6.463
probabilities_array:[0.        0.2730949 0.7269051]

rule13: 76.029 < num_critic_for_reviews < 159.124
probabilities_array:[0.         0.2587264  0.74127364]

rule46: 109.776 < duration < 125.358
probabilities_array:[0.         0.25248492 0.7475151 ]

rule30: 1922.220 < actor_2_facebook_likes < 5027.725
probabilities_array:[0.         0.23543507 0.76456493]

