R2: 0.0035477045473801816


MAE: 46225610.45069279


MSE: 5198907309300351.0


Accuracy: 1.0


F1: 1.0


Most important rules
-----------------------------

---0---
