R2: 0.006439475279971574


MAE: 44204937.975271404


MSE: 4054583161096317.5


Accuracy: 1.0


F1: 1.0


Most important rules
-----------------------------

---0---
