R2: 0.21653398981585315


MAE: 36784456.51175636


MSE: 3542799339763952.0


Accuracy: 0.7479970866715222


F1: 0.7472826896478348


Most important rules
-----------------------------

---0---
rule16: num_user_for_reviews < 44.309
probabilities_array:[0.45505106 0.         0.54494894]

rule9: -3094.887 < num_voted_users < 98543.954
probabilities_array:[0.43419755 0.         0.56580245]

rule51: budget > 217416827.509
probabilities_array:[0.33864814 0.         0.66135186]

rule49: -124943352.017 < budget < 46236737.746
probabilities_array:[0.32019907 0.         0.6798009 ]

rule6: 2003.415 < title_year < 2010.057
probabilities_array:[0.31380534 0.         0.68619466]

rule12: num_critic_for_reviews < 77.971
probabilities_array:[0.31253856 0.         0.68746144]

rule3: imdb_score > 7.205
probabilities_array:[0.26021844 0.         0.73978156]


---1---
rule19: num_user_for_reviews > 585.982
probabilities_array:[0.         0.49092683 0.50907314]

rule4: title_year < 1996.772
probabilities_array:[0.         0.49075547 0.50924456]

rule11: num_voted_users > 200182.795
probabilities_array:[0.         0.44300604 0.55699396]

rule10: 98543.954 < num_voted_users < 200182.795
probabilities_array:[0.         0.37291333 0.62708664]

rule50: 46236737.746 < budget < 217416827.509
probabilities_array:[0.         0.36757466 0.6324253 ]

rule1: 5.701 < imdb_score < 6.453
probabilities_array:[0.        0.3656601 0.6343399]

rule14: 160.823 < num_critic_for_reviews < 243.674
probabilities_array:[0.         0.33695075 0.6630493 ]

rule18: 315.146 < num_user_for_reviews < 585.982
probabilities_array:[0.         0.33120507 0.66879493]

rule30: 1861.015 < actor_2_facebook_likes < 4941.209
probabilities_array:[0.         0.32836372 0.6716363 ]

rule0: imdb_score < 5.701
probabilities_array:[0.         0.31513202 0.684868  ]

rule43: movie_facebook_likes > 23209.829
probabilities_array:[0.         0.28839406 0.7116059 ]

rule13: 77.971 < num_critic_for_reviews < 160.823
probabilities_array:[0.       0.266509 0.733491]

rule47: duration > 124.301
probabilities_array:[0.00227752 0.245497   0.75222546]

rule46: 109.332 < duration < 124.301
probabilities_array:[0.         0.22085854 0.7791414 ]

rule34: 756.163 < actor_3_facebook_likes < 2038.484
probabilities_array:[0.02615379 0.20394646 0.7698998 ]

rule15: num_critic_for_reviews > 243.674
probabilities_array:[0.         0.20669162 0.7933084 ]

rule23: director_facebook_likes > 2705.622
probabilities_array:[0.00406621 0.19940437 0.7965294 ]

