R2: 0.23347896320641592


MAE: 36590099.368267156


MSE: 3337310144329478.0


Accuracy: 0.7465404224326293


F1: 0.7456985195498613


Most important rules
-----------------------------

---0---
rule51: budget > 226271963.247
probabilities_array:[0.4887786 0.        0.5112214]

rule6: 2003.122 < title_year < 2010.080
probabilities_array:[0.45583248 0.         0.5441675 ]

rule9: -2456.586 < num_voted_users < 98005.728
probabilities_array:[0.4239136 0.        0.5760864]

rule49: -131300831.799 < budget < 47485565.724
probabilities_array:[0.40805513 0.00562128 0.5863235 ]

rule16: num_user_for_reviews < 40.570
probabilities_array:[0.3537244 0.        0.6462756]

rule12: num_critic_for_reviews < 76.390
probabilities_array:[0.32171577 0.         0.6782842 ]

rule3: imdb_score > 7.214
probabilities_array:[0.3142096  0.         0.68579036]

rule7: title_year > 2010.080
probabilities_array:[0.24945825 0.         0.75054175]

rule41: -5786.886 < movie_facebook_likes < 9068.204
probabilities_array:[0.1862729  0.04874302 0.7649841 ]


---1---
rule10: 98005.728 < num_voted_users < 198468.042
probabilities_array:[0.         0.45783296 0.542167  ]

rule50: 47485565.724 < budget < 226271963.247
probabilities_array:[0.         0.43877456 0.5612254 ]

rule15: num_critic_for_reviews > 244.130
probabilities_array:[0.         0.39087814 0.60912186]

rule4: title_year < 1996.165
probabilities_array:[0.         0.384504   0.61549604]

rule14: 160.260 < num_critic_for_reviews < 244.130
probabilities_array:[0.         0.37478566 0.62521434]

rule19: num_user_for_reviews > 593.657
probabilities_array:[0.         0.36805925 0.6319407 ]

rule47: duration > 125.421
probabilities_array:[7.644410e-06 3.306835e-01 6.693089e-01]

rule30: 1875.209 < actor_2_facebook_likes < 4956.686
probabilities_array:[0.         0.31696042 0.6830396 ]

rule18: 317.113 < num_user_for_reviews < 593.657
probabilities_array:[0.         0.31182402 0.688176  ]

rule0: imdb_score < 5.713
probabilities_array:[0.         0.31052434 0.68947566]

rule11: num_voted_users > 198468.042
probabilities_array:[0.         0.29923508 0.70076495]

rule34: 713.689 < actor_3_facebook_likes < 1917.388
probabilities_array:[4.6554042e-04 2.8349930e-01 7.1603507e-01]

rule1: 5.713 < imdb_score < 6.463
probabilities_array:[0.        0.2799964 0.7200036]

rule35: actor_3_facebook_likes > 1917.388
probabilities_array:[0.        0.2684118 0.7315882]

rule23: director_facebook_likes > 2752.652
probabilities_array:[0.        0.2588856 0.7411144]

rule27: actor_1_facebook_likes > 15401.311
probabilities_array:[0.         0.253158   0.74684197]

rule13: 76.390 < num_critic_for_reviews < 160.260
probabilities_array:[0.         0.22081195 0.77918804]

rule46: 109.688 < duration < 125.421
probabilities_array:[0.0128315  0.19835715 0.7888114 ]

