R2: 0.0007899438683438564


MAE: 44881736.472962774


MSE: 4497576532681484.0


Accuracy: 1.0


F1: 1.0


Most important rules
-----------------------------

---0---
