R2: 0.2455947991218087


MAE: 37268386.91203762


MSE: 3597360372048694.0


Accuracy: 0.7625637290604516


F1: 0.7617750499231459


Most important rules
-----------------------------

---0---
rule51: budget > 226103176.979
probabilities_array:[0.5776454 0.        0.4223546]

rule16: num_user_for_reviews < 42.597
probabilities_array:[0.5271868  0.         0.47281322]

rule49: -131155308.922 < budget < 47473934.028
probabilities_array:[0.41414082 0.         0.5858592 ]

rule9: -2415.199 < num_voted_users < 97389.635
probabilities_array:[0.3624911 0.        0.6375089]

rule3: imdb_score > 7.187
probabilities_array:[0.34715617 0.         0.65284383]

rule6: 2003.317 < title_year < 2009.932
probabilities_array:[0.3467835  0.         0.65321654]

rule12: num_critic_for_reviews < 77.634
probabilities_array:[0.29522437 0.         0.70477563]


---1---
rule10: 97389.635 < num_voted_users < 197194.468
probabilities_array:[0.         0.49941102 0.500589  ]

rule4: title_year < 1996.702
probabilities_array:[0.        0.4707039 0.5292961]

rule30: 1900.794 < actor_2_facebook_likes < 5004.826
probabilities_array:[0.         0.41558564 0.58441436]

rule19: num_user_for_reviews > 590.232
probabilities_array:[0.        0.4143029 0.5856971]

rule50: 47473934.028 < budget < 226103176.979
probabilities_array:[0.         0.38528422 0.61471575]

rule11: num_voted_users > 197194.468
probabilities_array:[0.        0.3498947 0.6501053]

rule1: 5.706 < imdb_score < 6.447
probabilities_array:[0.         0.32551876 0.6744813 ]

rule18: 316.415 < num_user_for_reviews < 590.232
probabilities_array:[0.         0.31647977 0.68352026]

rule0: imdb_score < 5.706
probabilities_array:[0.         0.29112303 0.70887697]

rule14: 161.458 < num_critic_for_reviews < 245.283
probabilities_array:[0.        0.2752056 0.7247944]

rule23: director_facebook_likes > 2718.801
probabilities_array:[0.         0.2641391  0.73586094]

rule43: movie_facebook_likes > 23184.778
probabilities_array:[0.         0.24748854 0.75251144]

rule34: 743.493 < actor_3_facebook_likes < 2014.219
probabilities_array:[0.         0.21662222 0.78337777]

rule35: actor_3_facebook_likes > 2014.219
probabilities_array:[0.         0.21062475 0.78937525]

rule38: 10922.852 < cast_total_facebook_likes < 21877.589
probabilities_array:[5.3830509e-04 2.0644586e-01 7.9301578e-01]

rule15: num_critic_for_reviews > 245.283
probabilities_array:[0.        0.2063319 0.7936681]

