R2: 0.004063613966972968


MAE: 45407383.35828507


MSE: 4556417166216839.0


Accuracy: 1.0


F1: 1.0


Most important rules
-----------------------------

---0---
