R2: 0.00536218492783791


MAE: 45370676.531750225


MSE: 4788460535022666.0


Accuracy: 1.0


F1: 1.0


Most important rules
-----------------------------

---0---
