R2: 0.24450101702906923


MAE: 36507510.39933257


MSE: 3667207458249654.0


Accuracy: 0.764748725418791


F1: 0.7622770806564787


Most important rules
-----------------------------

---0---
rule16: num_user_for_reviews < 39.890
probabilities_array:[0.4439348 0.        0.5560652]

rule9: -1293.000 < num_voted_users < 98654.977
probabilities_array:[0.42658815 0.         0.5734119 ]

rule6: 2003.111 < title_year < 2010.069
probabilities_array:[0.3693839  0.         0.63061607]

rule49: -14864781.968 < budget < 41082991.005
probabilities_array:[0.35497424 0.         0.6450258 ]

rule12: num_critic_for_reviews < 76.816
probabilities_array:[0.2883646 0.        0.7116354]

rule45: 94.420 < duration < 109.586
probabilities_array:[2.7347386e-01 2.4921616e-04 7.2627693e-01]

rule3: imdb_score > 7.218
probabilities_array:[0.22996981 0.         0.7700302 ]

rule7: title_year > 2010.069
probabilities_array:[0.20762964 0.         0.7923704 ]


---1---
rule11: num_voted_users > 198602.955
probabilities_array:[0.        0.4486157 0.5513843]

rule4: title_year < 1996.152
probabilities_array:[0.         0.42946202 0.570538  ]

rule50: 41082991.005 < budget < 97030763.978
probabilities_array:[0.        0.4164657 0.5835343]

rule1: 5.757 < imdb_score < 6.487
probabilities_array:[0.        0.4031333 0.5968667]

rule51: budget > 97030763.978
probabilities_array:[0.        0.4009177 0.5990823]

rule10: 98654.977 < num_voted_users < 198602.955
probabilities_array:[0.         0.35516012 0.6448399 ]

rule14: 159.541 < num_critic_for_reviews < 242.266
probabilities_array:[0.0016366  0.34829962 0.6500637 ]

rule0: imdb_score < 5.757
probabilities_array:[0.         0.3206235  0.67937654]

rule19: num_user_for_reviews > 591.874
probabilities_array:[0.         0.30888492 0.6911151 ]

rule43: movie_facebook_likes > 23777.444
probabilities_array:[0.00100482 0.2754057  0.7235894 ]

rule18: 315.882 < num_user_for_reviews < 591.874
probabilities_array:[0.        0.2624926 0.7375074]

rule13: 76.816 < num_critic_for_reviews < 159.541
probabilities_array:[0.00136558 0.24617489 0.7524595 ]

rule15: num_critic_for_reviews > 242.266
probabilities_array:[0.         0.24603209 0.7539679 ]

rule34: 729.961 < actor_3_facebook_likes < 1965.546
probabilities_array:[0.         0.24081059 0.7591894 ]

rule35: actor_3_facebook_likes > 1965.546
probabilities_array:[0.         0.23958895 0.760411  ]

rule30: 1948.465 < actor_2_facebook_likes < 5104.580
probabilities_array:[0.         0.21219696 0.78780305]

rule23: director_facebook_likes > 2755.144
probabilities_array:[0.00980512 0.20150004 0.78869486]

