R2: -0.0006764522708260223


MAE: 44989964.06949338


MSE: 4514227339251719.0


Accuracy: 1.0


F1: 1.0


Most important rules
-----------------------------

---0---
