R2: -0.5574702954815383


MAE: 32625883.40026886


MSE: 7135288091045254.0


Accuracy: 0.7596504005826656


F1: 0.7593438882302701


Most important rules
-----------------------------

---0---
rule9: -2971.227 < num_voted_users < 95722.014
probabilities_array:[0.5284399  0.         0.47156015]

rule51: budget > 226365923.443
probabilities_array:[0.5168286 0.        0.4831714]

rule49: -132009238.002 < budget < 47178342.720
probabilities_array:[0.43940818 0.         0.5605918 ]

rule16: num_user_for_reviews < 40.814
probabilities_array:[0.38697186 0.         0.6130281 ]

rule6: 2003.356 < title_year < 2010.107
probabilities_array:[0.367129   0.         0.63287103]

rule12: num_critic_for_reviews < 76.761
probabilities_array:[0.29031125 0.         0.7096887 ]

rule3: imdb_score > 7.201
probabilities_array:[0.2606621 0.        0.7393379]

rule45: 94.307 < duration < 109.282
probabilities_array:[0.20917845 0.00755415 0.7832674 ]

rule7: title_year > 2010.107
probabilities_array:[0.20862183 0.         0.79137814]


---1---
rule4: title_year < 1996.605
probabilities_array:[0.         0.47322202 0.526778  ]

rule0: imdb_score < 5.742
probabilities_array:[0.         0.45085195 0.5491481 ]

rule1: 5.742 < imdb_score < 6.472
probabilities_array:[0.         0.4183289  0.58167106]

rule11: num_voted_users > 194415.255
probabilities_array:[0.        0.3811399 0.6188601]

rule15: num_critic_for_reviews > 242.635
probabilities_array:[0.         0.38056526 0.6194347 ]

rule10: 95722.014 < num_voted_users < 194415.255
probabilities_array:[0.        0.3519553 0.6480447]

rule14: 159.698 < num_critic_for_reviews < 242.635
probabilities_array:[0.         0.34603843 0.65396154]

rule50: 47178342.720 < budget < 226365923.443
probabilities_array:[0.         0.34083366 0.65916634]

rule13: 76.761 < num_critic_for_reviews < 159.698
probabilities_array:[0.         0.3322908  0.66770923]

rule19: num_user_for_reviews > 575.136
probabilities_array:[0.         0.33046964 0.66953033]

rule43: movie_facebook_likes > 23222.707
probabilities_array:[0.         0.29226008 0.70773995]

rule30: 1921.206 < actor_2_facebook_likes < 5044.177
probabilities_array:[0.         0.27435228 0.72564775]

rule18: 307.975 < num_user_for_reviews < 575.136
probabilities_array:[0.        0.2576452 0.7423548]

rule23: director_facebook_likes > 2778.004
probabilities_array:[0.         0.25221398 0.74778605]

rule35: actor_3_facebook_likes > 2056.749
probabilities_array:[0.         0.23917115 0.76082885]

rule34: 754.014 < actor_3_facebook_likes < 2056.749
probabilities_array:[0.         0.21743886 0.7825611 ]

