R2: 0.0038970861653485622


MAE: 45433423.828455105


MSE: 4593362107224319.0


Accuracy: 1.0


F1: 1.0


Most important rules
-----------------------------

---0---
