R2: 0.0014107383036864318


MAE: 45050117.91992515


MSE: 5054343471013293.0


Accuracy: 1.0


F1: 1.0


Most important rules
-----------------------------

---0---
