R2: 0.8263529760322295


MAE: 31750.59331246789


Accuracy: 0.8195793522069761


F1: 0.8195830886670581


Most important rules
-----------------------------

---0---
rule28: median_income < 2.594
probabilities_array:[0.8425494  0.         0.15745062]

rule23: population > 2178.389
probabilities_array:[0.678605   0.         0.32139495]

rule33: ocean_proximity_INLAND = 1.0
probabilities_array:[0.5996807  0.         0.40031928]

rule3: longitude > -118.218
probabilities_array:[0.5479966 0.        0.4520034]

rule12: total_rooms < 1160.255
probabilities_array:[0.5210754  0.0465285  0.43239605]

rule24: households < 242.969
probabilities_array:[0.5308136  0.         0.46918643]

rule29: 2.594 < median_income < 3.883
probabilities_array:[0.51855856 0.         0.48144144]

rule7: latitude > 37.075
probabilities_array:[0.51759857 0.         0.48240146]

rule22: 1429.619 < population < 2178.389
probabilities_array:[3.5764226e-01 7.4503158e-05 6.4228320e-01]

rule6: 35.631 < latitude < 37.075
probabilities_array:[0.31833288 0.         0.68166715]

rule1: -120.920 < longitude < -119.569
probabilities_array:[0.31036788 0.01364266 0.67598945]

rule25: 242.969 < households < 500.903
probabilities_array:[0.26955956 0.         0.73044044]

rule8: housing_median_age < 20.097
probabilities_array:[0.26777583 0.         0.73222417]

rule16: total_bedrooms < 255.113
probabilities_array:[0.21456948 0.         0.7854305 ]

rule38: ocean_proximity_NEAR OCEAN = 0.0
probabilities_array:[0.1757997  0.064591   0.75960934]


---1---
rule35: ocean_proximity_ISLAND = 1.0
probabilities_array:[0.         0.866463   0.13353696]

rule31: median_income > 5.171
probabilities_array:[0.         0.83878416 0.16121586]

rule20: population < 680.849
probabilities_array:[0.         0.74094707 0.2590529 ]

rule32: ocean_proximity_INLAND = 0.0
probabilities_array:[0.         0.64373237 0.35626766]

rule0: longitude < -120.920
probabilities_array:[0.         0.57337415 0.42662588]

rule27: households > 758.837
probabilities_array:[0.        0.4545633 0.5454367]

rule4: latitude < 34.186
probabilities_array:[0.        0.4427468 0.5572532]

rule15: total_rooms > 4138.063
probabilities_array:[0.06733735 0.39089084 0.5417718 ]

rule5: 34.186 < latitude < 35.631
probabilities_array:[0.         0.37304908 0.6269509 ]

rule30: 3.883 < median_income < 5.171
probabilities_array:[0.03291619 0.3525499  0.61453396]

rule14: 2649.159 < total_rooms < 4138.063
probabilities_array:[0.0272708 0.3003185 0.6724107]

rule19: total_bedrooms > 821.882
probabilities_array:[0.         0.24249339 0.7575066 ]

rule21: 680.849 < population < 1429.619
probabilities_array:[2.0030831e-04 2.3864181e-01 7.6115793e-01]

rule11: housing_median_age > 37.146
probabilities_array:[0.         0.20255256 0.79744744]

