R2: 0.8348185282246339


MAE: 30946.747179838887


Accuracy: 0.8244267393238063


F1: 0.8244274809160306


Most important rules
-----------------------------

---0---
rule28: median_income < 2.593
probabilities_array:[0.7810339  0.         0.21896613]

rule23: population > 2183.394
probabilities_array:[0.6895093  0.         0.31049073]

rule33: ocean_proximity_INLAND = 1.0
probabilities_array:[0.6430994  0.         0.35690057]

rule7: latitude > 37.066
probabilities_array:[0.628549 0.       0.371451]

rule3: longitude > -118.217
probabilities_array:[0.4858948 0.        0.5141052]

rule6: 35.626 < latitude < 37.066
probabilities_array:[0.4581106 0.        0.5418894]

rule12: total_rooms < 1177.751
probabilities_array:[0.44625464 0.01921268 0.53453267]

rule22: 1423.438 < population < 2183.394
probabilities_array:[0.40104976 0.         0.59895027]

rule24: households < 242.901
probabilities_array:[0.39704293 0.         0.60295707]

rule16: total_bedrooms < 256.366
probabilities_array:[0.36187977 0.         0.63812023]

rule29: 2.593 < median_income < 3.870
probabilities_array:[0.35616848 0.         0.6438315 ]

rule1: -120.920 < longitude < -119.569
probabilities_array:[0.23333825 0.06027319 0.70638853]

rule17: 256.366 < total_bedrooms < 535.402
probabilities_array:[0.25943875 0.         0.74056125]

rule25: 242.901 < households < 498.255
probabilities_array:[0.22734791 0.         0.7726521 ]

rule8: housing_median_age < 20.267
probabilities_array:[0.22407788 0.         0.7759221 ]


---1---
rule31: median_income > 5.147
probabilities_array:[0.         0.88977194 0.11022807]

rule35: ocean_proximity_ISLAND = 1.0
probabilities_array:[0.         0.76384634 0.23615368]

rule20: population < 663.482
probabilities_array:[0.         0.70731616 0.29268387]

rule0: longitude < -120.920
probabilities_array:[0.        0.6765558 0.3234442]

rule32: ocean_proximity_INLAND = 0.0
probabilities_array:[0.         0.6054207  0.39457926]

rule30: 3.870 < median_income < 5.147
probabilities_array:[0.         0.47628424 0.5237158 ]

rule15: total_rooms > 4076.338
probabilities_array:[0.06033085 0.44021413 0.49945503]

rule27: households > 753.609
probabilities_array:[0.        0.4158936 0.5841064]

rule14: 2627.044 < total_rooms < 4076.338
probabilities_array:[0.03805981 0.33350804 0.6284322 ]

rule19: total_bedrooms > 814.437
probabilities_array:[0.         0.3460568  0.65394324]

rule4: latitude < 34.185
probabilities_array:[0.         0.3452671  0.65473294]

rule5: 34.185 < latitude < 35.626
probabilities_array:[2.9471503e-05 2.7898425e-01 7.2098637e-01]

rule21: 663.482 < population < 1423.438
probabilities_array:[0.         0.22026773 0.7797323 ]

rule2: -119.569 < longitude < -118.217
probabilities_array:[0.04103382 0.18434227 0.77462393]

