R2: 0.8126091343361418


MAE: 31794.148227048776


Accuracy: 0.8147379139018758


F1: 0.8147386964180857


Most important rules
-----------------------------

---0---
rule28: median_income < 2.586
probabilities_array:[0.86519825 0.         0.13480176]

rule23: population > 2143.854
probabilities_array:[0.6896302 0.        0.3103698]

rule29: 2.586 < median_income < 3.873
probabilities_array:[0.56678784 0.         0.43321216]

rule33: ocean_proximity_INLAND = 1.0
probabilities_array:[0.5559235 0.        0.4440765]

rule3: longitude > -118.210
probabilities_array:[0.5421072  0.         0.45789278]

rule12: total_rooms < 1198.306
probabilities_array:[0.4453744  0.02411465 0.53051096]

rule24: households < 246.555
probabilities_array:[0.4446124  0.         0.55538756]

rule22: 1419.623 < population < 2143.854
probabilities_array:[0.43859074 0.         0.56140924]

rule7: latitude > 37.063
probabilities_array:[0.4087528 0.        0.5912472]

rule16: total_bedrooms < 259.353
probabilities_array:[0.3405322  0.         0.65946776]

rule1: -120.909 < longitude < -119.560
probabilities_array:[0.28370434 0.03911282 0.6771828 ]

rule6: 35.623 < latitude < 37.063
probabilities_array:[0.25676644 0.03905441 0.70417917]

rule25: 246.555 < households < 497.845
probabilities_array:[0.2517104 0.        0.7482896]

rule37: ocean_proximity_NEAR BAY = 1.0
probabilities_array:[0.15463649 0.11108991 0.7342736 ]


---1---
rule31: median_income > 5.160
probabilities_array:[0.         0.8479777  0.15202227]

rule20: population < 695.393
probabilities_array:[0.         0.7069661  0.29303387]

rule32: ocean_proximity_INLAND = 0.0
probabilities_array:[0.         0.6665573  0.33344272]

rule35: ocean_proximity_ISLAND = 1.0
probabilities_array:[0.         0.5627395  0.43726048]

rule0: longitude < -120.909
probabilities_array:[0.         0.5295351  0.47046492]

rule4: latitude < 34.183
probabilities_array:[0.         0.45576304 0.54423696]

rule27: households > 749.136
probabilities_array:[0.         0.44928586 0.55071414]

rule5: 34.183 < latitude < 35.623
probabilities_array:[0.         0.37839842 0.6216016 ]

rule15: total_rooms > 4052.281
probabilities_array:[0.05484553 0.34358707 0.60156745]

rule19: total_bedrooms > 811.135
probabilities_array:[0.         0.34060234 0.65939766]

rule30: 3.873 < median_income < 5.160
probabilities_array:[0.05622825 0.27872723 0.66504455]

rule14: 2625.293 < total_rooms < 4052.281
probabilities_array:[0.02083095 0.29434744 0.6848216 ]

rule11: housing_median_age > 37.200
probabilities_array:[0.         0.28446656 0.71553344]

rule9: 20.213 < housing_median_age < 28.707
probabilities_array:[0.00260893 0.22961561 0.7677755 ]

rule2: -119.560 < longitude < -118.210
probabilities_array:[0.09820896 0.1770313  0.7247598 ]

rule18: 535.244 < total_bedrooms < 811.135
probabilities_array:[0.         0.20201382 0.7979862 ]

