R2: 0.5186817594237274

MAE: 0.05625718014154982

MSE: 0.0073638361295476715

Accuracy: 0.7814192849404117

F1: 0.781383856293963

Confusion Matrix: [[1419, 356], [451, 1466]]

Uncertainties: {'class0': [0.2436489462852478, 0.3562680184841156, 0.3621162474155426, 0.3856539726257324, 0.4176948070526123], 'class1': [0.24744701385498047, 0.4126024544239044, 0.42604631185531616, 0.4682963788509369, 0.6742522120475769]}

Most important rules
-----------------------------

---0---
rule44: a2pop < 1.018
probabilities_array:[0.75635105 0.         0.24364895]

rule20: a1pop < 0.982
probabilities_array:[0.643732   0.         0.35626802]

rule68: a3pop < 0.948
probabilities_array:[0.6378838  0.         0.36211625]

rule128: mxql = 9.0
probabilities_array:[0.614346   0.         0.38565397]

rule45: 1.018 < a2pop < 3.101
probabilities_array:[0.5823052 0.        0.4176948]

rule69: 0.948 < a3pop < 3.063
probabilities_array:[0.51079607 0.         0.48920393]

rule21: 0.982 < a1pop < 3.043
probabilities_array:[0.49988726 0.         0.5001127 ]

rule127: mxql = 8.0
probabilities_array:[0.46806315 0.         0.5319368 ]

rule100: b2call < 2.874
probabilities_array:[0.22469074 0.         0.77530926]

rule84: b1call < 2.848
probabilities_array:[0.2215616 0.        0.7784384]

rule126: mxql = 7.0
probabilities_array:[0.215626 0.       0.784374]


---1---
rule47: a2pop > 5.184
probabilities_array:[0.         0.752553   0.24744701]

rule71: a3pop > 5.179
probabilities_array:[0.         0.5873975  0.41260245]

rule23: a1pop > 5.103
probabilities_array:[0.        0.5739537 0.4260463]

rule124: mxql = 5.0
probabilities_array:[0.         0.53170365 0.46829638]

rule118: 4.010 < b3call < 5.113
probabilities_array:[0.        0.3257478 0.6742522]

rule103: b2call > 5.060
probabilities_array:[0.         0.31077632 0.6892237 ]

rule46: 3.101 < a2pop < 5.184
probabilities_array:[0.04549956 0.24094105 0.7135594 ]

rule29: -0.372 < a2cy < 0.017
probabilities_array:[0.         0.26270556 0.73729444]

rule88: b1eff < 0.961
probabilities_array:[0.         0.24532606 0.75467396]

rule96: b2y < -0.376
probabilities_array:[0.         0.23405425 0.76594573]

rule73: 0.353 < temp < 0.495
probabilities_array:[0.         0.21394835 0.78605163]

rule87: b1call > 5.023
probabilities_array:[0.         0.21348344 0.78651655]

rule106: 1.248 < b2eff < 1.537
probabilities_array:[0.         0.21250273 0.7874973 ]

rule43: a2rho > 0.192
probabilities_array:[0.         0.20654574 0.7934543 ]

rule114: -0.002 < b3y < 0.392
probabilities_array:[0.         0.20580605 0.794194  ]

rule92: b2x < -0.396
probabilities_array:[0.         0.20526306 0.7947369 ]

rule125: mxql = 6.0
probabilities_array:[0.         0.20310728 0.7968927 ]

