R2: 0.5193749645157397

MAE: 0.05617518202907266

MSE: 0.0073532305711636065

Accuracy: 0.7830444203683641

F1: 0.7829851789182809

Confusion Matrix: [[1415, 360], [441, 1476]]

Uncertainties: {'class0': [0.295212984085083, 0.319424033164978, 0.37171679735183716, 0.4576953649520874, 0.4770623743534088], 'class1': [0.21406610310077667, 0.3121213912963867, 0.4086150527000427, 0.4392661452293396, 0.6287673115730286]}

Most important rules
-----------------------------

---0---
rule44: a2pop < 1.018
probabilities_array:[0.704787   0.         0.29521298]

rule20: a1pop < 0.982
probabilities_array:[0.68057597 0.         0.31942403]

rule128: mxql = 9.0
probabilities_array:[0.6282832 0.        0.3717168]

rule21: 0.982 < a1pop < 3.043
probabilities_array:[0.54230464 0.         0.45769536]

rule68: a3pop < 0.948
probabilities_array:[0.52293766 0.         0.47706237]

rule45: 1.018 < a2pop < 3.101
probabilities_array:[0.5065036  0.         0.49349642]

rule127: mxql = 8.0
probabilities_array:[0.4745016 0.        0.5254984]

rule69: 0.948 < a3pop < 3.063
probabilities_array:[0.3939438 0.        0.6060562]

rule39: a2sy > 1.688
probabilities_array:[0.19592531 0.03367834 0.77039635]

rule126: mxql = 7.0
probabilities_array:[0.21163328 0.         0.78836673]

rule100: b2call < 2.874
probabilities_array:[0.20998965 0.         0.79001033]

rule117: 2.907 < b3call < 4.010
probabilities_array:[0.20220356 0.         0.7977964 ]


---1---
rule47: a2pop > 5.184
probabilities_array:[0.        0.7859339 0.2140661]

rule71: a3pop > 5.179
probabilities_array:[0.        0.6878786 0.3121214]

rule124: mxql = 5.0
probabilities_array:[0.         0.59138495 0.40861505]

rule23: a1pop > 5.103
probabilities_array:[0.         0.56073385 0.43926615]

rule103: b2call > 5.060
probabilities_array:[5.2671345e-05 3.7118006e-01 6.2876731e-01]

rule46: 3.101 < a2pop < 5.184
probabilities_array:[0.01488743 0.34658694 0.63852555]

rule87: b1call > 5.023
probabilities_array:[0.        0.3521523 0.6478477]

rule70: 3.063 < a3pop < 5.179
probabilities_array:[0.         0.2756141  0.72438586]

rule96: b2y < -0.376
probabilities_array:[0.         0.2626957  0.73730433]

rule118: 4.010 < b3call < 5.113
probabilities_array:[0.         0.25501904 0.74498093]

rule88: b1eff < 0.961
probabilities_array:[0.         0.25103456 0.74896544]

rule125: mxql = 6.0
probabilities_array:[0.         0.24984503 0.750155  ]

rule29: -0.372 < a2cy < 0.017
probabilities_array:[0.         0.23921205 0.76078796]

rule122: 1.241 < b3eff < 1.533
probabilities_array:[0.         0.23401439 0.7659856 ]

rule92: b2x < -0.396
probabilities_array:[0.         0.22271019 0.7772898 ]

rule114: -0.002 < b3y < 0.392
probabilities_array:[0.         0.22067946 0.77932054]

