R2: 0.51981006885936

MAE: 0.05606769265952778

MSE: 0.007346573775689083

Accuracy: 0.7803358613217768

F1: 0.7802905843863999

Confusion Matrix: [[1414, 361], [450, 1467]]

Uncertainties: {'class0': [0.3253307044506073, 0.3468378484249115, 0.4061795771121979, 0.42568233609199524, 0.48939183354377747], 'class1': [0.19967691600322723, 0.3287728428840637, 0.35372260212898254, 0.38053491711616516, 0.602984607219696]}

Most important rules
-----------------------------

---0---
rule20: a1pop < 0.982
probabilities_array:[0.6746693 0.        0.3253307]

rule44: a2pop < 1.018
probabilities_array:[0.6531622  0.         0.34683785]

rule68: a3pop < 0.948
probabilities_array:[0.5938204  0.         0.40617958]

rule128: mxql = 9.0
probabilities_array:[0.5743177  0.         0.42568234]

rule21: 0.982 < a1pop < 3.043
probabilities_array:[0.5106082  0.         0.48939183]

rule45: 1.018 < a2pop < 3.101
probabilities_array:[0.49049255 0.         0.5095075 ]

rule69: 0.948 < a3pop < 3.063
probabilities_array:[0.44509378 0.         0.5549062 ]

rule127: mxql = 8.0
probabilities_array:[0.4052138  0.         0.59478617]

rule90: 1.254 < b1eff < 1.546
probabilities_array:[0.24564943 0.         0.7543506 ]

rule75: temp > 0.637
probabilities_array:[0.22890474 0.         0.7710953 ]

rule98: 0.007 < b2y < 0.390
probabilities_array:[0.20927669 0.         0.7907233 ]


---1---
rule47: a2pop > 5.184
probabilities_array:[0.         0.80032307 0.19967692]

rule71: a3pop > 5.179
probabilities_array:[0.         0.67122716 0.32877284]

rule124: mxql = 5.0
probabilities_array:[0.         0.64627737 0.3537226 ]

rule23: a1pop > 5.103
probabilities_array:[0.         0.61946505 0.38053492]

rule46: 3.101 < a2pop < 5.184
probabilities_array:[0.         0.39701536 0.6029846 ]

rule103: b2call > 5.060
probabilities_array:[1.0908950e-04 3.8984314e-01 6.1004776e-01]

rule125: mxql = 6.0
probabilities_array:[0.         0.34063616 0.6593638 ]

rule118: 4.010 < b3call < 5.113
probabilities_array:[0.         0.30100673 0.69899327]

rule87: b1call > 5.023
probabilities_array:[0.         0.29770452 0.7022955 ]

rule29: -0.372 < a2cy < 0.017
probabilities_array:[0.        0.2308382 0.7691618]

rule70: 3.063 < a3pop < 5.179
probabilities_array:[0.00496479 0.22333354 0.77170163]

rule56: a3sx < 0.321
probabilities_array:[0.         0.22351365 0.77648634]

rule88: b1eff < 0.961
probabilities_array:[0.         0.22136723 0.77863276]

rule37: 0.318 < a2sy < 1.003
probabilities_array:[5.8033835e-04 2.1775493e-01 7.8166473e-01]

rule92: b2x < -0.396
probabilities_array:[0.         0.21165583 0.78834414]

rule66: -0.002 < a3rho < 0.193
probabilities_array:[0.        0.2115898 0.7884102]

