R2: 0.5192437462975892

MAE: 0.056352573673570126

MSE: 0.007355238119131279

Accuracy: 0.7778981581798483

F1: 0.7778540903540904

Confusion Matrix: [[1410, 365], [455, 1462]]

Uncertainties: {'class0': [0.3317476212978363, 0.3734314441680908, 0.38824671506881714, 0.39672234654426575, 0.511505126953125], 'class1': [0.2002287060022354, 0.32400673627853394, 0.38935545086860657, 0.4203607141971588, 0.6204023361206055]}

Most important rules
-----------------------------

---0---
rule44: a2pop < 1.018
probabilities_array:[0.66825235 0.         0.33174762]

rule68: a3pop < 0.948
probabilities_array:[0.62656856 0.         0.37343144]

rule20: a1pop < 0.982
probabilities_array:[0.6117533  0.         0.38824672]

rule128: mxql = 9.0
probabilities_array:[0.6032776  0.         0.39672235]

rule69: 0.948 < a3pop < 3.063
probabilities_array:[0.48849487 0.         0.5115051 ]

rule45: 1.018 < a2pop < 3.101
probabilities_array:[0.4833498 0.        0.5166502]

rule127: mxql = 8.0
probabilities_array:[0.4469991 0.        0.5530009]

rule21: 0.982 < a1pop < 3.043
probabilities_array:[0.42043933 0.         0.57956064]


---1---
rule47: a2pop > 5.184
probabilities_array:[0.        0.7997713 0.2002287]

rule23: a1pop > 5.103
probabilities_array:[0.         0.67599326 0.32400674]

rule71: a3pop > 5.179
probabilities_array:[0.         0.6106446  0.38935545]

rule124: mxql = 5.0
probabilities_array:[0.        0.5796393 0.4203607]

rule46: 3.101 < a2pop < 5.184
probabilities_array:[0.         0.3795977  0.62040234]

rule103: b2call > 5.060
probabilities_array:[0.         0.37488604 0.62511396]

rule118: 4.010 < b3call < 5.113
probabilities_array:[0.         0.3162696  0.68373036]

rule88: b1eff < 0.961
probabilities_array:[0.         0.29954797 0.700452  ]

rule87: b1call > 5.023
probabilities_array:[0.         0.28127444 0.71872556]

rule73: 0.353 < temp < 0.495
probabilities_array:[0.         0.25847727 0.7415227 ]

rule56: a3sx < 0.321
probabilities_array:[0.       0.256464 0.743536]

rule29: -0.372 < a2cy < 0.017
probabilities_array:[0.        0.2563273 0.7436727]

rule125: mxql = 6.0
probabilities_array:[0.         0.25416476 0.74583524]

rule92: b2x < -0.396
probabilities_array:[0.         0.24449284 0.7555072 ]

rule96: b2y < -0.376
probabilities_array:[0.       0.242728 0.757272]

rule22: 3.043 < a1pop < 5.103
probabilities_array:[0.01202029 0.20461906 0.78336066]

