R2: 0.5155450830238103

MAE: 0.05637153340699359

MSE: 0.007411825108674567

Accuracy: 0.7816901408450704

F1: 0.7816434286365049

Confusion Matrix: [[1416, 359], [447, 1470]]

Uncertainties: {'class0': [0.2801012694835663, 0.3914508819580078, 0.4301566481590271, 0.4505578875541687, 0.4823508858680725], 'class1': [0.23620298504829407, 0.2896789610385895, 0.3288736641407013, 0.42894577980041504, 0.6542597413063049]}

Most important rules
-----------------------------

---0---
rule44: a2pop < 1.018
probabilities_array:[0.71989876 0.         0.28010127]

rule128: mxql = 9.0
probabilities_array:[0.6085491  0.         0.39145088]

rule20: a1pop < 0.982
probabilities_array:[0.56984335 0.         0.43015665]

rule68: a3pop < 0.948
probabilities_array:[0.5494421 0.        0.4505579]

rule45: 1.018 < a2pop < 3.101
probabilities_array:[0.5176491 0.        0.4823509]

rule127: mxql = 8.0
probabilities_array:[0.45604503 0.         0.54395497]

rule69: 0.948 < a3pop < 3.063
probabilities_array:[0.4047959 0.        0.5952041]

rule21: 0.982 < a1pop < 3.043
probabilities_array:[0.37553793 0.         0.62446207]

rule100: b2call < 2.874
probabilities_array:[0.2209472 0.        0.7790528]

rule126: mxql = 7.0
probabilities_array:[0.20814307 0.         0.79185694]

rule90: 1.254 < b1eff < 1.546
probabilities_array:[0.20807034 0.         0.79192966]

rule84: b1call < 2.848
probabilities_array:[0.20485578 0.         0.7951442 ]


---1---
rule47: a2pop > 5.184
probabilities_array:[0.         0.76379704 0.23620299]

rule23: a1pop > 5.103
probabilities_array:[0.         0.71032107 0.28967896]

rule71: a3pop > 5.179
probabilities_array:[0.         0.67112637 0.32887366]

rule124: mxql = 5.0
probabilities_array:[0.         0.5710542  0.42894578]

rule103: b2call > 5.060
probabilities_array:[0.         0.3457403  0.65425974]

rule46: 3.101 < a2pop < 5.184
probabilities_array:[4.4180325e-04 3.0611235e-01 6.9344586e-01]

rule118: 4.010 < b3call < 5.113
probabilities_array:[0.         0.29831865 0.7016814 ]

rule29: -0.372 < a2cy < 0.017
probabilities_array:[0.         0.26389393 0.73610604]

rule22: 3.043 < a1pop < 5.103
probabilities_array:[0.        0.2507158 0.7492842]

rule70: 3.063 < a3pop < 5.179
probabilities_array:[0.         0.25025588 0.7497441 ]

rule88: b1eff < 0.961
probabilities_array:[0.         0.24764872 0.7523513 ]

rule125: mxql = 6.0
probabilities_array:[0.         0.24572152 0.7542785 ]

rule87: b1call > 5.023
probabilities_array:[0.        0.2407671 0.7592329]

rule92: b2x < -0.396
probabilities_array:[0.         0.23181406 0.7681859 ]

rule122: 1.241 < b3eff < 1.533
probabilities_array:[0.        0.2271113 0.7728887]

rule96: b2y < -0.376
probabilities_array:[0.         0.21624301 0.783757  ]

rule108: b3x < -0.393
probabilities_array:[1.0369760e-05 2.0219803e-01 7.9779166e-01]

