R2: 0.5222070203821738

MAE: 0.05636885445533982

MSE: 0.007309902075478143

Accuracy: 0.7787107258938245

F1: 0.7786684920888304

Confusion Matrix: [[1412, 363], [454, 1463]]

Uncertainties: {'class0': [0.29885292053222656, 0.357269287109375, 0.39348748326301575, 0.4634965658187866, 0.46822497248649597], 'class1': [0.21942970156669617, 0.3083845376968384, 0.3811209201812744, 0.453795850276947, 0.6546300649642944]}

Most important rules
-----------------------------

---0---
rule44: a2pop < 1.018
probabilities_array:[0.7011471  0.         0.29885292]

rule20: a1pop < 0.982
probabilities_array:[0.6427307 0.        0.3572693]

rule128: mxql = 9.0
probabilities_array:[0.6065125  0.         0.39348748]

rule68: a3pop < 0.948
probabilities_array:[0.53650343 0.         0.46349657]

rule45: 1.018 < a2pop < 3.101
probabilities_array:[0.531775   0.         0.46822497]

rule21: 0.982 < a1pop < 3.043
probabilities_array:[0.48347694 0.         0.51652306]

rule127: mxql = 8.0
probabilities_array:[0.47208768 0.         0.5279123 ]

rule69: 0.948 < a3pop < 3.063
probabilities_array:[0.38193372 0.         0.61806625]

rule100: b2call < 2.874
probabilities_array:[0.24123432 0.         0.7587657 ]

rule126: mxql = 7.0
probabilities_array:[0.21775673 0.         0.78224325]

rule90: 1.254 < b1eff < 1.546
probabilities_array:[0.2055165 0.        0.7944835]

rule98: 0.007 < b2y < 0.390
probabilities_array:[0.20409197 0.         0.79590803]


---1---
rule47: a2pop > 5.184
probabilities_array:[0.         0.78057027 0.2194297 ]

rule71: a3pop > 5.179
probabilities_array:[0.         0.69161546 0.30838454]

rule23: a1pop > 5.103
probabilities_array:[0.         0.6188791  0.38112092]

rule124: mxql = 5.0
probabilities_array:[0.         0.54620415 0.45379585]

rule118: 4.010 < b3call < 5.113
probabilities_array:[0.         0.34536994 0.65463006]

rule46: 3.101 < a2pop < 5.184
probabilities_array:[0.01410072 0.3259304  0.65996885]

rule103: b2call > 5.060
probabilities_array:[0.        0.3080943 0.6919057]

rule70: 3.063 < a3pop < 5.179
probabilities_array:[0.        0.2811916 0.7188084]

rule87: b1call > 5.023
probabilities_array:[0.         0.24467342 0.75532657]

rule88: b1eff < 0.961
probabilities_array:[0.         0.24395394 0.75604606]

rule92: b2x < -0.396
probabilities_array:[0.         0.24332993 0.75667006]

rule106: 1.248 < b2eff < 1.537
probabilities_array:[0.         0.21135584 0.78864413]

rule125: mxql = 6.0
probabilities_array:[0.         0.21005976 0.78994024]

rule73: 0.353 < temp < 0.495
probabilities_array:[0.         0.20995134 0.79004866]

rule14: 1.016 < a1sy < 1.700
probabilities_array:[0.00518791 0.20548293 0.7893292 ]

rule29: -0.372 < a2cy < 0.017
probabilities_array:[0.         0.20271772 0.7972823 ]

rule122: 1.241 < b3eff < 1.533
probabilities_array:[0.         0.20126596 0.798734  ]

