R2: 0.5165813660600458

MAE: 0.05662082783176707

MSE: 0.007395970695067614

Accuracy: 0.7806067172264355

F1: 0.780559773195495

Confusion Matrix: [[1414, 361], [449, 1468]]

Uncertainties: {'class0': [0.31781935691833496, 0.3358936011791229, 0.44781914353370667, 0.4847724139690399, 0.4942398965358734], 'class1': [0.19739234447479248, 0.31682389974594116, 0.3397384583950043, 0.3902566730976105, 0.6130903363227844]}

Most important rules
-----------------------------

---0---
rule44: a2pop < 1.018
probabilities_array:[0.68218064 0.         0.31781936]

rule20: a1pop < 0.982
probabilities_array:[0.66410637 0.         0.3358936 ]

rule68: a3pop < 0.948
probabilities_array:[0.5521809  0.         0.44781914]

rule128: mxql = 9.0
probabilities_array:[0.5152276 0.        0.4847724]

rule21: 0.982 < a1pop < 3.043
probabilities_array:[0.5057601 0.        0.4942399]

rule45: 1.018 < a2pop < 3.101
probabilities_array:[0.47469914 0.         0.52530086]

rule69: 0.948 < a3pop < 3.063
probabilities_array:[0.40395862 0.         0.5960414 ]

rule127: mxql = 8.0
probabilities_array:[0.3344214 0.        0.6655786]

rule100: b2call < 2.874
probabilities_array:[0.2399269  0.         0.76007307]


---1---
rule47: a2pop > 5.184
probabilities_array:[0.         0.80260766 0.19739234]

rule71: a3pop > 5.179
probabilities_array:[0.        0.6831761 0.3168239]

rule124: mxql = 5.0
probabilities_array:[0.         0.6602615  0.33973846]

rule23: a1pop > 5.103
probabilities_array:[0.         0.60974336 0.39025667]

rule125: mxql = 6.0
probabilities_array:[0.         0.3869097  0.61309034]

rule46: 3.101 < a2pop < 5.184
probabilities_array:[0.         0.37217355 0.62782645]

rule103: b2call > 5.060
probabilities_array:[0.         0.32873717 0.67126286]

rule118: 4.010 < b3call < 5.113
probabilities_array:[0.         0.29579335 0.70420665]

rule88: b1eff < 0.961
probabilities_array:[0.        0.2820899 0.7179101]

rule87: b1call > 5.023
probabilities_array:[0.         0.26052493 0.7394751 ]

rule96: b2y < -0.376
probabilities_array:[0.         0.25697103 0.743029  ]

rule70: 3.063 < a3pop < 5.179
probabilities_array:[0.         0.25282225 0.7471778 ]

rule56: a3sx < 0.321
probabilities_array:[0.         0.24599041 0.7540096 ]

rule29: -0.372 < a2cy < 0.017
probabilities_array:[0.         0.23560075 0.76439923]

rule122: 1.241 < b3eff < 1.533
probabilities_array:[0.         0.21887927 0.7811207 ]

