R2: 0.5207519466245771

MAE: 0.05630911959860554

MSE: 0.007332163697423984

Accuracy: 0.7803358613217768

F1: 0.7802905843863999

Confusion Matrix: [[1414, 361], [450, 1467]]

Uncertainties: {'class0': [0.21889932453632355, 0.37341663241386414, 0.3837902545928955, 0.42239874601364136, 0.42344576120376587], 'class1': [0.31755051016807556, 0.3210473656654358, 0.328703373670578, 0.37715664505958557, 0.6721160411834717]}

Most important rules
-----------------------------

---0---
rule44: a2pop < 1.018
probabilities_array:[0.7811007  0.         0.21889932]

rule45: 1.018 < a2pop < 3.101
probabilities_array:[0.62658334 0.         0.37341663]

rule20: a1pop < 0.982
probabilities_array:[0.61620975 0.         0.38379025]

rule68: a3pop < 0.948
probabilities_array:[0.57760125 0.         0.42239875]

rule128: mxql = 9.0
probabilities_array:[0.57655424 0.         0.42344576]

rule21: 0.982 < a1pop < 3.043
probabilities_array:[0.43448952 0.         0.56551045]

rule69: 0.948 < a3pop < 3.063
probabilities_array:[0.41600525 0.         0.58399475]

rule127: mxql = 8.0
probabilities_array:[0.4112732  0.         0.58872676]

rule100: b2call < 2.874
probabilities_array:[0.282199 0.       0.717801]

rule84: b1call < 2.848
probabilities_array:[0.22210442 0.         0.77789557]


---1---
rule47: a2pop > 5.184
probabilities_array:[0.        0.6824495 0.3175505]

rule23: a1pop > 5.103
probabilities_array:[0.         0.67895263 0.32104737]

rule71: a3pop > 5.179
probabilities_array:[0.         0.6712966  0.32870337]

rule124: mxql = 5.0
probabilities_array:[0.         0.6228434  0.37715665]

rule118: 4.010 < b3call < 5.113
probabilities_array:[0.         0.327884   0.67211604]

rule125: mxql = 6.0
probabilities_array:[0.         0.31162623 0.6883738 ]

rule103: b2call > 5.060
probabilities_array:[0.        0.3069324 0.6930676]

rule88: b1eff < 0.961
probabilities_array:[0.        0.2847302 0.7152698]

rule73: 0.353 < temp < 0.495
probabilities_array:[0.         0.26090163 0.73909837]

rule96: b2y < -0.376
probabilities_array:[0.         0.25841653 0.74158347]

rule56: a3sx < 0.321
probabilities_array:[0.        0.2524206 0.7475794]

rule29: -0.372 < a2cy < 0.017
probabilities_array:[0.         0.24343197 0.756568  ]

rule70: 3.063 < a3pop < 5.179
probabilities_array:[0.00159246 0.23952815 0.75887936]

rule87: b1call > 5.023
probabilities_array:[0.         0.23417008 0.7658299 ]

rule46: 3.101 < a2pop < 5.184
probabilities_array:[0.06661086 0.19604856 0.73734057]

rule92: b2x < -0.396
probabilities_array:[0.         0.21800706 0.781993  ]

rule22: 3.043 < a1pop < 5.103
probabilities_array:[0.01509788 0.20123178 0.78367037]

