R2: 0.52025071753803

MAE: 0.05624603175408432

MSE: 0.007339832155723585

Accuracy: 0.7797941495124594

F1: 0.7797487609200285

Confusion Matrix: [[1413, 362], [451, 1466]]

Uncertainties: {'class0': [0.33104392886161804, 0.3603532910346985, 0.3631384074687958, 0.37607061862945557, 0.4916609227657318], 'class1': [0.2147412896156311, 0.34410154819488525, 0.36189281940460205, 0.41578611731529236, 0.6172087788581848]}

Most important rules
-----------------------------

---0---
rule44: a2pop < 1.018
probabilities_array:[0.6689561  0.         0.33104393]

rule20: a1pop < 0.982
probabilities_array:[0.6396467 0.        0.3603533]

rule128: mxql = 9.0
probabilities_array:[0.63686156 0.         0.3631384 ]

rule68: a3pop < 0.948
probabilities_array:[0.6239294  0.         0.37607062]

rule45: 1.018 < a2pop < 3.101
probabilities_array:[0.5083391  0.         0.49166092]

rule69: 0.948 < a3pop < 3.063
probabilities_array:[0.49348095 0.         0.506519  ]

rule127: mxql = 8.0
probabilities_array:[0.4754899 0.        0.5245101]

rule21: 0.982 < a1pop < 3.043
probabilities_array:[0.46585792 0.         0.5341421 ]

rule90: 1.254 < b1eff < 1.546
probabilities_array:[0.269317 0.       0.730683]

rule126: mxql = 7.0
probabilities_array:[0.2338776 0.        0.7661224]

rule91: b1eff > 1.546
probabilities_array:[0.21182884 0.01574053 0.77243066]

rule100: b2call < 2.874
probabilities_array:[0.20830128 0.         0.7916987 ]

rule84: b1call < 2.848
probabilities_array:[0.20503272 0.         0.7949673 ]


---1---
rule47: a2pop > 5.184
probabilities_array:[0.         0.7852587  0.21474129]

rule23: a1pop > 5.103
probabilities_array:[0.         0.65589845 0.34410155]

rule71: a3pop > 5.179
probabilities_array:[0.         0.6381072  0.36189282]

rule124: mxql = 5.0
probabilities_array:[0.         0.5842139  0.41578612]

rule103: b2call > 5.060
probabilities_array:[1.5462059e-04 3.8263658e-01 6.1720878e-01]

rule46: 3.101 < a2pop < 5.184
probabilities_array:[0.         0.36960986 0.63039017]

rule96: b2y < -0.376
probabilities_array:[0.         0.2981294  0.70187056]

rule73: 0.353 < temp < 0.495
probabilities_array:[0.         0.28277844 0.71722156]

rule118: 4.010 < b3call < 5.113
probabilities_array:[0.         0.27633983 0.7236602 ]

rule87: b1call > 5.023
probabilities_array:[0.         0.27059177 0.72940826]

rule56: a3sx < 0.321
probabilities_array:[0.         0.25538674 0.74461323]

rule125: mxql = 6.0
probabilities_array:[0.         0.23866917 0.76133084]

rule106: 1.248 < b2eff < 1.537
probabilities_array:[0.        0.2246713 0.7753287]

rule70: 3.063 < a3pop < 5.179
probabilities_array:[0.04700647 0.18965276 0.76334083]

rule14: 1.016 < a1sy < 1.700
probabilities_array:[0.00527939 0.2040092  0.7907114 ]

rule72: temp < 0.353
probabilities_array:[2.0452465e-04 2.0181027e-01 7.9798520e-01]

