R2: 0.519271274273847

MAE: 0.056622471220185364

MSE: 0.007354816960136974

Accuracy: 0.7814192849404117

F1: 0.7813634503411258

Confusion Matrix: [[1413, 362], [445, 1472]]

Uncertainties: {'class0': [0.2713416814804077, 0.3448998034000397, 0.41877320408821106, 0.43995216488838196, 0.5195412635803223], 'class1': [0.2572937607765198, 0.2840084433555603, 0.3193472921848297, 0.39554160833358765, 0.5300866365432739]}

Most important rules
-----------------------------

---0---
rule44: a2pop < 1.018
probabilities_array:[0.7286583  0.         0.27134168]

rule20: a1pop < 0.982
probabilities_array:[0.65510017 0.         0.3448998 ]

rule45: 1.018 < a2pop < 3.101
probabilities_array:[0.5812268 0.        0.4187732]

rule68: a3pop < 0.948
probabilities_array:[0.5600478  0.         0.43995216]

rule21: 0.982 < a1pop < 3.043
probabilities_array:[0.4804587  0.         0.51954126]

rule128: mxql = 9.0
probabilities_array:[0.45014152 0.         0.54985845]

rule69: 0.948 < a3pop < 3.063
probabilities_array:[0.4087449  0.         0.59125507]

rule98: 0.007 < b2y < 0.390
probabilities_array:[0.25883108 0.         0.7411689 ]

rule127: mxql = 8.0
probabilities_array:[0.24219184 0.         0.75780815]

rule39: a2sy > 1.688
probabilities_array:[0.22331537 0.03506065 0.741624  ]

rule99: b2y > 0.390
probabilities_array:[0.22708581 0.         0.7729142 ]

rule13: 0.331 < a1sy < 1.016
probabilities_array:[0.19966175 0.00969783 0.7906404 ]


---1---
rule47: a2pop > 5.184
probabilities_array:[0.         0.74270624 0.25729376]

rule124: mxql = 5.0
probabilities_array:[0.         0.71599156 0.28400844]

rule71: a3pop > 5.179
probabilities_array:[0.         0.68065274 0.3193473 ]

rule23: a1pop > 5.103
probabilities_array:[0.        0.6044584 0.3955416]

rule125: mxql = 6.0
probabilities_array:[0.         0.46991336 0.53008664]

rule103: b2call > 5.060
probabilities_array:[8.536309e-05 4.160683e-01 5.838463e-01]

rule87: b1call > 5.023
probabilities_array:[0.         0.33578208 0.66421795]

rule118: 4.010 < b3call < 5.113
probabilities_array:[0.         0.31830928 0.6816907 ]

rule88: b1eff < 0.961
probabilities_array:[0.         0.29449725 0.70550275]

rule46: 3.101 < a2pop < 5.184
probabilities_array:[0.03152288 0.27563098 0.6928462 ]

rule70: 3.063 < a3pop < 5.179
probabilities_array:[0.         0.25805846 0.7419416 ]

rule92: b2x < -0.396
probabilities_array:[0.         0.24432194 0.75567806]

rule29: -0.372 < a2cy < 0.017
probabilities_array:[0.         0.23935232 0.76064765]

rule73: 0.353 < temp < 0.495
probabilities_array:[0.        0.2150212 0.7849788]

