R2: 0.5161018404405624

MAE: 0.05630327089516709

MSE: 0.007403307105334482

Accuracy: 0.781148429035753

F1: 0.7811050061050061

Confusion Matrix: [[1416, 359], [449, 1468]]

Uncertainties: {'class0': [0.2432367354631424, 0.398844450712204, 0.4058208763599396, 0.4110381305217743, 0.4282284677028656], 'class1': [0.2709909975528717, 0.32652124762535095, 0.359947144985199, 0.4031084179878235, 0.607266902923584]}

Most important rules
-----------------------------

---0---
rule44: a2pop < 1.018
probabilities_array:[0.7567633  0.         0.24323674]

rule20: a1pop < 0.982
probabilities_array:[0.6011556  0.         0.39884445]

rule68: a3pop < 0.948
probabilities_array:[0.5941791  0.         0.40582088]

rule45: 1.018 < a2pop < 3.101
probabilities_array:[0.58896184 0.         0.41103813]

rule128: mxql = 9.0
probabilities_array:[0.5717715  0.         0.42822847]

rule69: 0.948 < a3pop < 3.063
probabilities_array:[0.48255005 0.         0.51745   ]

rule21: 0.982 < a1pop < 3.043
probabilities_array:[0.42879942 0.         0.57120055]

rule127: mxql = 8.0
probabilities_array:[0.37855598 0.         0.62144405]

rule90: 1.254 < b1eff < 1.546
probabilities_array:[0.20701562 0.         0.79298437]

rule13: 0.331 < a1sy < 1.016
probabilities_array:[0.192954   0.01593545 0.7911106 ]


---1---
rule47: a2pop > 5.184
probabilities_array:[0.         0.72900903 0.270991  ]

rule23: a1pop > 5.103
probabilities_array:[0.         0.6734788  0.32652125]

rule124: mxql = 5.0
probabilities_array:[0.         0.64005286 0.35994714]

rule71: a3pop > 5.179
probabilities_array:[0.         0.5968916  0.40310842]

rule103: b2call > 5.060
probabilities_array:[5.7119207e-05 3.9267597e-01 6.0726690e-01]

rule125: mxql = 6.0
probabilities_array:[0.         0.3486254  0.65137464]

rule87: b1call > 5.023
probabilities_array:[0.         0.30712393 0.69287604]

rule118: 4.010 < b3call < 5.113
probabilities_array:[0.        0.2881696 0.7118304]

rule96: b2y < -0.376
probabilities_array:[0.         0.27689594 0.72310406]

rule88: b1eff < 0.961
probabilities_array:[0.         0.25032014 0.74967986]

rule46: 3.101 < a2pop < 5.184
probabilities_array:[0.03714928 0.23142469 0.731426  ]

rule77: -0.385 < b1x < 0.008
probabilities_array:[0.         0.23946577 0.7605342 ]

rule92: b2x < -0.396
probabilities_array:[0.         0.22572573 0.7742743 ]

rule56: a3sx < 0.321
probabilities_array:[0.        0.2245836 0.7754164]

rule22: 3.043 < a1pop < 5.103
probabilities_array:[0.0111457  0.20948605 0.7793683 ]

rule73: 0.353 < temp < 0.495
probabilities_array:[0.         0.20251064 0.79748935]

rule29: -0.372 < a2cy < 0.017
probabilities_array:[0.         0.20128588 0.7987141 ]

