R2: 0.5187373661665895

MAE: 0.05591934635816035

MSE: 0.007362985384847773

Accuracy: 0.7808775731310943

F1: 0.7808324078527713

Confusion Matrix: [[1415, 360], [449, 1468]]

Uncertainties: {'class0': [0.34488973021507263, 0.3450649082660675, 0.3652159869670868, 0.47371169924736023, 0.494922935962677], 'class1': [0.1997016966342926, 0.31445786356925964, 0.3831813931465149, 0.38780826330184937, 0.5892657041549683]}

Most important rules
-----------------------------

---0---
rule44: a2pop < 1.018
probabilities_array:[0.65511024 0.         0.34488973]

rule20: a1pop < 0.982
probabilities_array:[0.65493506 0.         0.3450649 ]

rule68: a3pop < 0.948
probabilities_array:[0.634784 0.       0.365216]

rule128: mxql = 9.0
probabilities_array:[0.5262883 0.        0.4737117]

rule69: 0.948 < a3pop < 3.063
probabilities_array:[0.50507706 0.         0.49492294]

rule21: 0.982 < a1pop < 3.043
probabilities_array:[0.49703756 0.         0.5029624 ]

rule45: 1.018 < a2pop < 3.101
probabilities_array:[0.4800968  0.         0.51990324]

rule127: mxql = 8.0
probabilities_array:[0.3229741 0.        0.6770259]

rule117: 2.907 < b3call < 4.010
probabilities_array:[0.24007106 0.         0.75992894]

rule90: 1.254 < b1eff < 1.546
probabilities_array:[0.21143255 0.         0.7885674 ]


---1---
rule47: a2pop > 5.184
probabilities_array:[0.        0.8002983 0.1997017]

rule124: mxql = 5.0
probabilities_array:[0.         0.6855421  0.31445786]

rule71: a3pop > 5.179
probabilities_array:[0.        0.6168186 0.3831814]

rule23: a1pop > 5.103
probabilities_array:[0.         0.61219174 0.38780826]

rule125: mxql = 6.0
probabilities_array:[0.        0.4107343 0.5892657]

rule103: b2call > 5.060
probabilities_array:[9.4407114e-05 3.9423063e-01 6.0567498e-01]

rule46: 3.101 < a2pop < 5.184
probabilities_array:[0.         0.39184687 0.60815316]

rule87: b1call > 5.023
probabilities_array:[0.         0.29812694 0.70187306]

rule88: b1eff < 0.961
probabilities_array:[0.         0.24897064 0.7510294 ]

rule29: -0.372 < a2cy < 0.017
probabilities_array:[0.        0.2403188 0.7596812]

rule73: 0.353 < temp < 0.495
probabilities_array:[0.        0.2335137 0.7664863]

rule56: a3sx < 0.321
probabilities_array:[0.         0.22512041 0.7748796 ]

rule96: b2y < -0.376
probabilities_array:[0.         0.22140835 0.77859163]

rule118: 4.010 < b3call < 5.113
probabilities_array:[0.         0.21872884 0.78127116]

rule92: b2x < -0.396
probabilities_array:[0.         0.21509004 0.78490996]

