R2: 0.5197653706047801

MAE: 0.056220215915854195

MSE: 0.0073472576280641955

Accuracy: 0.7800650054171181

F1: 0.7800278239227034

Confusion Matrix: [[1416, 359], [453, 1464]]

Uncertainties: {'class0': [0.2588435411453247, 0.2897838056087494, 0.38537052273750305, 0.4204762876033783, 0.42373260855674744], 'class1': [0.25184139609336853, 0.4095708727836609, 0.41877099871635437, 0.4619571268558502, 0.6642624735832214]}

Most important rules
-----------------------------

---0---
rule44: a2pop < 1.018
probabilities_array:[0.74115646 0.         0.25884354]

rule20: a1pop < 0.982
probabilities_array:[0.71021616 0.         0.2897838 ]

rule68: a3pop < 0.948
probabilities_array:[0.6146295  0.         0.38537052]

rule45: 1.018 < a2pop < 3.101
probabilities_array:[0.57952374 0.         0.4204763 ]

rule128: mxql = 9.0
probabilities_array:[0.57626736 0.         0.4237326 ]

rule21: 0.982 < a1pop < 3.043
probabilities_array:[0.5742552  0.         0.42574477]

rule69: 0.948 < a3pop < 3.063
probabilities_array:[0.501403 0.       0.498597]

rule127: mxql = 8.0
probabilities_array:[0.4304139 0.        0.5695861]

rule100: b2call < 2.874
probabilities_array:[0.24738699 0.         0.752613  ]


---1---
rule47: a2pop > 5.184
probabilities_array:[0.        0.7481586 0.2518414]

rule124: mxql = 5.0
probabilities_array:[0.         0.5904291  0.40957087]

rule71: a3pop > 5.179
probabilities_array:[0.       0.581229 0.418771]

rule23: a1pop > 5.103
probabilities_array:[0.         0.53804284 0.46195713]

rule87: b1call > 5.023
probabilities_array:[0.         0.33573756 0.6642625 ]

rule103: b2call > 5.060
probabilities_array:[0.         0.30871853 0.6912815 ]

rule88: b1eff < 0.961
probabilities_array:[0.      0.29906 0.70094]

rule125: mxql = 6.0
probabilities_array:[0.         0.28499636 0.7150036 ]

rule118: 4.010 < b3call < 5.113
probabilities_array:[0.        0.2659066 0.7340934]

rule46: 3.101 < a2pop < 5.184
probabilities_array:[0.01826356 0.2413361  0.74040043]

rule96: b2y < -0.376
probabilities_array:[0.         0.23726769 0.7627323 ]

rule73: 0.353 < temp < 0.495
probabilities_array:[0.         0.23309545 0.76690453]

rule114: -0.002 < b3y < 0.392
probabilities_array:[0.        0.2278426 0.7721574]

rule92: b2x < -0.396
probabilities_array:[0.         0.22074029 0.77925974]

rule14: 1.016 < a1sy < 1.700
probabilities_array:[0.00439579 0.2112893  0.78431493]

rule66: -0.002 < a3rho < 0.193
probabilities_array:[0.         0.21070427 0.78929573]

rule29: -0.372 < a2cy < 0.017
probabilities_array:[0.        0.2098701 0.7901299]

