R2: 0.5193055592278107

MAE: 0.05615113873633362

MSE: 0.007354292424057903

Accuracy: 0.7773564463705309

F1: 0.7773328578912382

Confusion Matrix: [[1416, 359], [463, 1454]]

Uncertainties: {'class0': [0.2772842347621918, 0.3762475252151489, 0.41431131958961487, 0.4539473354816437, 0.48497313261032104], 'class1': [0.2095613181591034, 0.3507706820964813, 0.37691730260849, 0.39345207810401917, 0.6634198427200317]}

Most important rules
-----------------------------

---0---
rule44: a2pop < 1.018
probabilities_array:[0.72271574 0.         0.27728423]

rule20: a1pop < 0.982
probabilities_array:[0.6237525  0.         0.37624753]

rule68: a3pop < 0.948
probabilities_array:[0.5856887  0.         0.41431132]

rule45: 1.018 < a2pop < 3.101
probabilities_array:[0.54605263 0.         0.45394734]

rule128: mxql = 9.0
probabilities_array:[0.51502687 0.         0.48497313]

rule21: 0.982 < a1pop < 3.043
probabilities_array:[0.44565985 0.         0.5543401 ]

rule69: 0.948 < a3pop < 3.063
probabilities_array:[0.4366139  0.         0.56338614]

rule127: mxql = 8.0
probabilities_array:[0.3665266 0.        0.6334734]

rule100: b2call < 2.874
probabilities_array:[0.22421035 0.         0.7757896 ]


---1---
rule47: a2pop > 5.184
probabilities_array:[0.         0.7904387  0.20956132]

rule71: a3pop > 5.179
probabilities_array:[0.         0.64922935 0.35077068]

rule124: mxql = 5.0
probabilities_array:[0.        0.6230827 0.3769173]

rule23: a1pop > 5.103
probabilities_array:[0.         0.6065479  0.39345208]

rule125: mxql = 6.0
probabilities_array:[0.         0.33658016 0.66341984]

rule118: 4.010 < b3call < 5.113
probabilities_array:[0.        0.3259589 0.6740411]

rule103: b2call > 5.060
probabilities_array:[0.         0.30795828 0.6920417 ]

rule46: 3.101 < a2pop < 5.184
probabilities_array:[0.         0.28754547 0.7124545 ]

rule88: b1eff < 0.961
probabilities_array:[0.        0.2862207 0.7137793]

rule87: b1call > 5.023
probabilities_array:[0.         0.26391822 0.7360818 ]

rule29: -0.372 < a2cy < 0.017
probabilities_array:[0.         0.24523695 0.75476307]

rule70: 3.063 < a3pop < 5.179
probabilities_array:[0.02596214 0.23241717 0.74162066]

rule96: b2y < -0.376
probabilities_array:[0.         0.23591468 0.76408535]

rule14: 1.016 < a1sy < 1.700
probabilities_array:[6.1367359e-04 2.2829938e-01 7.7108693e-01]

rule49: -0.394 < a3cx < -0.007
probabilities_array:[2.9996500e-06 2.0620121e-01 7.9379582e-01]

