R2: 0.8311557963984828


MAE: 31618.333307719833


Accuracy: 0.8195479925031339


F1: 0.8195830886670581


Most important rules
-----------------------------

---0---
rule28: median_income < 2.595
probabilities_array:[0.8759739  0.         0.12402615]

rule23: population > 2171.258
probabilities_array:[0.6558668  0.         0.34413317]

rule29: 2.595 < median_income < 3.869
probabilities_array:[0.6293414 0.        0.3706586]

rule33: ocean_proximity_INLAND = 1.0
probabilities_array:[0.6177691 0.        0.3822309]

rule3: longitude > -118.227
probabilities_array:[0.6149121  0.         0.38508788]

rule7: latitude > 37.082
probabilities_array:[0.5306138  0.         0.46938622]

rule12: total_rooms < 1171.539
probabilities_array:[0.49837077 0.04605321 0.455576  ]

rule22: 1422.394 < population < 2171.258
probabilities_array:[0.3948109 0.        0.6051891]

rule24: households < 242.071
probabilities_array:[0.386852   0.         0.61314803]

rule6: 35.642 < latitude < 37.082
probabilities_array:[0.3490902 0.        0.6509098]

rule1: -120.930 < longitude < -119.578
probabilities_array:[0.22722208 0.05936493 0.713413  ]

rule16: total_bedrooms < 254.670
probabilities_array:[0.220125 0.       0.779875]

rule8: housing_median_age < 20.151
probabilities_array:[2.0581017e-01 1.1097637e-04 7.9407883e-01]


---1---
rule31: median_income > 5.143
probabilities_array:[0.         0.78861845 0.21138157]

rule35: ocean_proximity_ISLAND = 1.0
probabilities_array:[0.         0.73459375 0.26540622]

rule20: population < 673.530
probabilities_array:[0.         0.7272682  0.27273178]

rule32: ocean_proximity_INLAND = 0.0
probabilities_array:[0.         0.61118996 0.38881004]

rule0: longitude < -120.930
probabilities_array:[0.         0.59671825 0.40328178]

rule4: latitude < 34.201
probabilities_array:[0.         0.50665694 0.49334303]

rule19: total_bedrooms > 819.167
probabilities_array:[0.        0.4635391 0.5364609]

rule27: households > 755.663
probabilities_array:[0.         0.41650414 0.58349586]

rule15: total_rooms > 4098.888
probabilities_array:[0.04893332 0.32686764 0.62419903]

rule18: 536.918 < total_bedrooms < 819.167
probabilities_array:[0.         0.25002483 0.74997514]

rule14: 2635.213 < total_rooms < 4098.888
probabilities_array:[0.02943068 0.22918649 0.74138284]

rule30: 3.869 < median_income < 5.143
probabilities_array:[0.09865414 0.19331084 0.70803505]

rule39: ocean_proximity_NEAR OCEAN = 1.0
probabilities_array:[0.0669675  0.17504506 0.75798744]

rule26: 498.867 < households < 755.663
probabilities_array:[0.         0.20496565 0.79503435]

rule2: -119.578 < longitude < -118.227
probabilities_array:[0.109631   0.15725994 0.733109  ]

