R2: 0.8387695705884035


MAE: 30559.510774873386


Accuracy: 0.8204244105642939


F1: 0.8204638872577804


Most important rules
-----------------------------

---0---
rule28: median_income < 2.603
probabilities_array:[0.85342973 0.         0.14657025]

rule23: population > 2183.176
probabilities_array:[0.7216973 0.        0.2783027]

rule33: ocean_proximity_INLAND = 1.0
probabilities_array:[0.606893   0.         0.39310703]

rule3: longitude > -118.222
probabilities_array:[0.56112665 0.         0.43887338]

rule29: 2.603 < median_income < 3.874
probabilities_array:[0.55504686 0.         0.44495314]

rule7: latitude > 37.067
probabilities_array:[0.5313018  0.         0.46869817]

rule12: total_rooms < 1147.055
probabilities_array:[0.46861553 0.04255727 0.48882717]

rule24: households < 240.904
probabilities_array:[0.4699011 0.        0.5300989]

rule22: 1424.632 < population < 2183.176
probabilities_array:[0.3682057 0.        0.6317943]

rule6: 35.630 < latitude < 37.067
probabilities_array:[0.32290688 0.         0.67709315]

rule16: total_bedrooms < 252.570
probabilities_array:[0.26352707 0.         0.7364729 ]

rule1: -120.919 < longitude < -119.571
probabilities_array:[0.2126222  0.05911243 0.72826535]

rule8: housing_median_age < 20.180
probabilities_array:[0.22692744 0.         0.77307254]

rule17: 252.570 < total_bedrooms < 536.631
probabilities_array:[0.21957406 0.         0.7804259 ]


---1---
rule31: median_income > 5.145
probabilities_array:[0.         0.8364133  0.16358666]

rule20: population < 666.088
probabilities_array:[0.         0.720824   0.27917603]

rule32: ocean_proximity_INLAND = 0.0
probabilities_array:[0.         0.6555873  0.34441268]

rule35: ocean_proximity_ISLAND = 1.0
probabilities_array:[0.         0.6474223  0.35257772]

rule0: longitude < -120.919
probabilities_array:[0.         0.59124464 0.4087554 ]

rule27: households > 759.867
probabilities_array:[0.         0.55592334 0.44407666]

rule4: latitude < 34.193
probabilities_array:[0.         0.42953345 0.5704665 ]

rule15: total_rooms > 4136.711
probabilities_array:[0.07133736 0.383476   0.5451866 ]

rule19: total_bedrooms > 820.692
probabilities_array:[0.         0.3331814  0.66681856]

rule5: 34.193 < latitude < 35.630
probabilities_array:[0.         0.28803015 0.71196985]

rule14: 2641.883 < total_rooms < 4136.711
probabilities_array:[0.04579232 0.26417124 0.6900365 ]

rule30: 3.874 < median_income < 5.145
probabilities_array:[0.03252416 0.26144463 0.70603114]

rule21: 666.088 < population < 1424.632
probabilities_array:[0.         0.24485289 0.7551471 ]

rule39: ocean_proximity_NEAR OCEAN = 1.0
probabilities_array:[0.09129205 0.15969765 0.7490103 ]

