R2: 0.8353478770313589


MAE: 30632.976179444362


Accuracy: 0.8223722229578017


F1: 0.8223722842043453


Most important rules
-----------------------------

---0---
rule28: median_income < 2.574
probabilities_array:[0.88936806 0.         0.11063195]

rule33: ocean_proximity_INLAND = 1.0
probabilities_array:[0.6834632 0.        0.3165368]

rule23: population > 2171.774
probabilities_array:[0.677849 0.       0.322151]

rule29: 2.574 < median_income < 3.862
probabilities_array:[0.6444122  0.         0.35558778]

rule7: latitude > 37.068
probabilities_array:[0.5153621 0.        0.4846379]

rule3: longitude > -118.218
probabilities_array:[0.47792313 0.         0.5220769 ]

rule12: total_rooms < 1187.088
probabilities_array:[0.46320754 0.01772614 0.5190663 ]

rule22: 1422.659 < population < 2171.774
probabilities_array:[0.43651336 0.         0.56348664]

rule24: households < 245.694
probabilities_array:[0.3445587 0.        0.6554413]

rule8: housing_median_age < 20.113
probabilities_array:[0.29946434 0.         0.70053566]

rule6: 35.629 < latitude < 37.068
probabilities_array:[0.28278616 0.02081524 0.69639856]

rule16: total_bedrooms < 258.739
probabilities_array:[0.26005247 0.         0.73994756]

rule1: -120.928 < longitude < -119.573
probabilities_array:[0.208355   0.0359063  0.75573874]


---1---
rule31: median_income > 5.150
probabilities_array:[0.         0.76859754 0.23140249]

rule35: ocean_proximity_ISLAND = 1.0
probabilities_array:[0.         0.68798476 0.31201524]

rule20: population < 673.543
probabilities_array:[0.         0.68533933 0.31466067]

rule0: longitude < -120.928
probabilities_array:[0.        0.6506599 0.3493401]

rule32: ocean_proximity_INLAND = 0.0
probabilities_array:[0.         0.53020144 0.4697986 ]

rule4: latitude < 34.190
probabilities_array:[0.         0.4838238  0.51617616]

rule15: total_rooms > 4066.482
probabilities_array:[0.02900464 0.45874634 0.512249  ]

rule27: households > 752.211
probabilities_array:[0.         0.43826318 0.5617368 ]

rule5: 34.190 < latitude < 35.629
probabilities_array:[0.         0.39793092 0.6020691 ]

rule19: total_bedrooms > 813.382
probabilities_array:[0.         0.34492567 0.6550743 ]

rule14: 2626.785 < total_rooms < 4066.482
probabilities_array:[0.01216812 0.33540085 0.652431  ]

rule39: ocean_proximity_NEAR OCEAN = 1.0
probabilities_array:[0.07831167 0.20639005 0.71529824]

rule26: 498.952 < households < 752.211
probabilities_array:[0.         0.21977918 0.7802208 ]

rule30: 3.862 < median_income < 5.150
probabilities_array:[0.10226692 0.16591293 0.7318201 ]

