R2: 0.8368864491965022


MAE: 30331.405423104447


Accuracy: 0.8242783143806724


F1: 0.8242806811509101


Most important rules
-----------------------------

---0---
rule28: median_income < 2.581
probabilities_array:[0.8730146  0.         0.12698534]

rule33: ocean_proximity_INLAND = 1.0
probabilities_array:[0.6872935 0.        0.3127065]

rule29: 2.581 < median_income < 3.859
probabilities_array:[0.61741537 0.         0.38258463]

rule23: population > 2157.290
probabilities_array:[0.60872966 0.         0.39127034]

rule12: total_rooms < 1174.389
probabilities_array:[0.47337297 0.00972683 0.5169002 ]

rule3: longitude > -118.200
probabilities_array:[0.44274774 0.         0.5572523 ]

rule7: latitude > 37.053
probabilities_array:[0.44120264 0.         0.55879736]

rule6: 35.613 < latitude < 37.053
probabilities_array:[0.31614506 0.01145445 0.67240053]

rule22: 1416.926 < population < 2157.290
probabilities_array:[0.3076653 0.        0.6923347]

rule24: households < 242.325
probabilities_array:[0.27488276 0.         0.72511727]

rule8: housing_median_age < 20.186
probabilities_array:[0.27424818 0.         0.7257518 ]

rule1: -120.900 < longitude < -119.550
probabilities_array:[0.26161757 0.01166922 0.7267132 ]

rule38: ocean_proximity_NEAR OCEAN = 0.0
probabilities_array:[0.20383064 0.05913304 0.73703635]

rule16: total_bedrooms < 255.091
probabilities_array:[0.23151472 0.         0.76848525]

rule25: 242.325 < households < 497.539
probabilities_array:[0.20679927 0.         0.79320073]


---1---
rule31: median_income > 5.136
probabilities_array:[0.        0.7870796 0.2129204]

rule20: population < 676.562
probabilities_array:[0.         0.7323446  0.26765534]

rule35: ocean_proximity_ISLAND = 1.0
probabilities_array:[0.         0.7137033  0.28629676]

rule0: longitude < -120.900
probabilities_array:[0.         0.59534216 0.40465784]

rule32: ocean_proximity_INLAND = 0.0
probabilities_array:[0.         0.52890784 0.47109213]

rule5: 34.173 < latitude < 35.613
probabilities_array:[0.        0.4628343 0.5371657]

rule27: households > 752.753
probabilities_array:[0.         0.44654816 0.55345184]

rule4: latitude < 34.173
probabilities_array:[0.         0.43196386 0.56803614]

rule15: total_rooms > 4067.952
probabilities_array:[0.02345941 0.4078269  0.56871367]

rule19: total_bedrooms > 812.984
probabilities_array:[0.         0.34556514 0.65443486]

rule21: 676.562 < population < 1416.926
probabilities_array:[2.9009307e-05 3.2134092e-01 6.7863011e-01]

rule14: 2621.171 < total_rooms < 4067.952
probabilities_array:[0.00787083 0.30253688 0.68959236]

rule37: ocean_proximity_NEAR BAY = 1.0
probabilities_array:[0.11547308 0.19776212 0.6867647 ]

rule30: 3.859 < median_income < 5.136
probabilities_array:[0.09777901 0.18539716 0.7168239 ]

