R2: 0.835039510541087


MAE: 30641.4922408296


Accuracy: 0.8264826177984476


F1: 0.8264826776277158


Most important rules
-----------------------------

---0---
rule28: median_income < 2.580
probabilities_array:[0.7519383  0.         0.24806169]

rule33: ocean_proximity_INLAND = 1.0
probabilities_array:[0.64754474 0.         0.35245523]

rule23: population > 2215.619
probabilities_array:[0.63627726 0.         0.36372274]

rule3: longitude > -118.233
probabilities_array:[0.6314027 0.        0.3685973]

rule7: latitude > 37.075
probabilities_array:[0.5584355  0.         0.44156447]

rule12: total_rooms < 1132.760
probabilities_array:[0.5087385  0.03565867 0.4556028 ]

rule6: 35.638 < latitude < 37.075
probabilities_array:[0.41492528 0.         0.5850747 ]

rule16: total_bedrooms < 249.368
probabilities_array:[0.36298737 0.         0.6370126 ]

rule22: 1426.650 < population < 2215.619
probabilities_array:[0.35449272 0.         0.6455073 ]

rule24: households < 238.431
probabilities_array:[0.34253898 0.         0.657461  ]

rule1: -120.930 < longitude < -119.582
probabilities_array:[0.30050826 0.04181679 0.6576749 ]

rule29: 2.580 < median_income < 3.865
probabilities_array:[0.29154035 0.         0.7084597 ]

rule8: housing_median_age < 20.260
probabilities_array:[0.22373085 0.         0.77626914]

rule17: 249.368 < total_bedrooms < 537.208
probabilities_array:[0.2095689 0.        0.7904311]

rule13: 1132.760 < total_rooms < 2631.976
probabilities_array:[0.19634372 0.02616519 0.7774911 ]


---1---
rule31: median_income > 5.149
probabilities_array:[0.        0.9078462 0.0921538]

rule35: ocean_proximity_ISLAND = 1.0
probabilities_array:[0.         0.7297045  0.27029547]

rule20: population < 637.681
probabilities_array:[0.         0.6829709  0.31702912]

rule32: ocean_proximity_INLAND = 0.0
probabilities_array:[0.         0.58319247 0.4168075 ]

rule30: 3.865 < median_income < 5.149
probabilities_array:[0.         0.51703393 0.48296604]

rule0: longitude < -120.930
probabilities_array:[0.         0.50475556 0.4952444 ]

rule19: total_bedrooms > 825.047
probabilities_array:[0.         0.38573802 0.614262  ]

rule27: households > 761.874
probabilities_array:[0.        0.3613484 0.6386516]

rule4: latitude < 34.201
probabilities_array:[0.         0.3573214  0.64267856]

rule15: total_rooms > 4131.192
probabilities_array:[0.03270536 0.30473292 0.6625618 ]

rule14: 2631.976 < total_rooms < 4131.192
probabilities_array:[0.04391168 0.20874089 0.7473475 ]

rule21: 637.681 < population < 1426.650
probabilities_array:[2.9561593e-04 2.1075954e-01 7.8894490e-01]

