R2: 0.8328270979412808


MAE: 30670.026090791067


Accuracy: 0.8198724609396677


F1: 0.8198766881972989


Most important rules
-----------------------------

---0---
rule28: median_income < 2.595
probabilities_array:[0.8231163 0.        0.1768837]

rule23: population > 2191.036
probabilities_array:[0.75636154 0.         0.24363847]

rule33: ocean_proximity_INLAND = 1.0
probabilities_array:[0.60912746 0.         0.39087254]

rule7: latitude > 37.050
probabilities_array:[0.5402789 0.        0.4597211]

rule12: total_rooms < 1174.381
probabilities_array:[0.5237183  0.02190702 0.4543746 ]

rule29: 2.595 < median_income < 3.876
probabilities_array:[0.5222201 0.        0.4777799]

rule3: longitude > -118.207
probabilities_array:[0.50943077 0.         0.49056926]

rule22: 1428.744 < population < 2191.036
probabilities_array:[0.496945   0.         0.50305504]

rule6: 35.614 < latitude < 37.050
probabilities_array:[0.42848137 0.         0.57151866]

rule24: households < 243.646
probabilities_array:[0.39191335 0.         0.60808665]

rule16: total_bedrooms < 256.631
probabilities_array:[0.33181077 0.         0.6681892 ]

rule1: -120.896 < longitude < -119.551
probabilities_array:[0.3008877  0.03032442 0.66878784]

rule25: 243.646 < households < 501.516
probabilities_array:[0.2900713 0.        0.7099287]

rule8: housing_median_age < 20.103
probabilities_array:[0.2325514 0.        0.7674486]


---1---
rule31: median_income > 5.156
probabilities_array:[0.         0.8360118  0.16398816]

rule35: ocean_proximity_ISLAND = 1.0
probabilities_array:[0.         0.7469848  0.25301522]

rule20: population < 666.451
probabilities_array:[0.         0.68642473 0.31357524]

rule32: ocean_proximity_INLAND = 0.0
probabilities_array:[0.         0.6602615  0.33973846]

rule0: longitude < -120.896
probabilities_array:[0.         0.60228235 0.39771765]

rule27: households > 759.385
probabilities_array:[0.         0.4651796  0.53482044]

rule15: total_rooms > 4115.801
probabilities_array:[0.03365188 0.4401516  0.5261965 ]

rule4: latitude < 34.178
probabilities_array:[0.         0.37652707 0.6234729 ]

rule14: 2645.091 < total_rooms < 4115.801
probabilities_array:[0.01713917 0.33572936 0.6471315 ]

rule5: 34.178 < latitude < 35.614
probabilities_array:[0.        0.3431623 0.6568377]

rule30: 3.876 < median_income < 5.156
probabilities_array:[0.0337504  0.31334466 0.652905  ]

rule19: total_bedrooms > 822.286
probabilities_array:[0.         0.24531035 0.75468963]

