R2: 0.8308375664062825


MAE: 31241.347306453685


Accuracy: 0.8264772778700873


F1: 0.8264826776277158


Most important rules
-----------------------------

---0---
rule28: median_income < 2.584
probabilities_array:[0.77348614 0.         0.22651388]

rule33: ocean_proximity_INLAND = 1.0
probabilities_array:[0.68195593 0.         0.31804407]

rule23: population > 2150.427
probabilities_array:[0.62000537 0.         0.37999463]

rule12: total_rooms < 1190.604
probabilities_array:[0.5560273  0.01938047 0.42459223]

rule3: longitude > -118.242
probabilities_array:[0.5302315  0.         0.46976852]

rule24: households < 244.309
probabilities_array:[0.4682948 0.        0.5317052]

rule7: latitude > 37.095
probabilities_array:[0.46785384 0.         0.53214616]

rule29: 2.584 < median_income < 3.878
probabilities_array:[0.3870434  0.         0.61295664]

rule6: 35.652 < latitude < 37.095
probabilities_array:[0.37473944 0.         0.6252606 ]

rule22: 1410.796 < population < 2150.427
probabilities_array:[0.28575817 0.         0.71424186]

rule1: -120.947 < longitude < -119.595
probabilities_array:[0.24289063 0.03122899 0.7258804 ]

rule25: 244.309 < households < 494.492
probabilities_array:[0.22780247 0.         0.77219754]

rule16: total_bedrooms < 256.174
probabilities_array:[0.20526978 0.         0.7947302 ]


---1---
rule31: median_income > 5.173
probabilities_array:[0.        0.8856537 0.1143463]

rule20: population < 671.165
probabilities_array:[0.         0.77688813 0.22311185]

rule35: ocean_proximity_ISLAND = 1.0
probabilities_array:[0.         0.7383125  0.26168752]

rule32: ocean_proximity_INLAND = 0.0
probabilities_array:[0.        0.5810699 0.4189301]

rule30: 3.878 < median_income < 5.173
probabilities_array:[0.        0.4705022 0.5294978]

rule0: longitude < -120.947
probabilities_array:[0.         0.46311614 0.53688383]

rule15: total_rooms > 4032.543
probabilities_array:[0.02921243 0.3948884  0.5758992 ]

rule27: households > 744.676
probabilities_array:[0.         0.38012213 0.6198779 ]

rule21: 671.165 < population < 1410.796
probabilities_array:[0.         0.34382862 0.6561714 ]

rule4: latitude < 34.209
probabilities_array:[0.         0.31349745 0.6865025 ]

rule19: total_bedrooms > 807.418
probabilities_array:[0.         0.26544723 0.7345528 ]

rule14: 2611.574 < total_rooms < 4032.543
probabilities_array:[0.02520395 0.252656   0.7221401 ]

rule11: housing_median_age > 37.123
probabilities_array:[0.         0.23404326 0.76595676]

rule2: -119.595 < longitude < -118.242
probabilities_array:[0.07463177 0.19326335 0.73210484]

rule9: 20.151 < housing_median_age < 28.637
probabilities_array:[0.01989838 0.19833271 0.7817689 ]

