R2: 0.8310748858570115


MAE: 31207.293307077583


Accuracy: 0.824978456145161


F1: 0.825014679976512


Most important rules
-----------------------------

---0---
rule28: median_income < 2.597
probabilities_array:[0.81042045 0.         0.18957952]

rule23: population > 2196.005
probabilities_array:[0.68177027 0.         0.3182297 ]

rule33: ocean_proximity_INLAND = 1.0
probabilities_array:[0.598245   0.         0.40175498]

rule12: total_rooms < 1168.570
probabilities_array:[0.49532643 0.01123457 0.49343896]

rule3: longitude > -118.218
probabilities_array:[0.4565106 0.        0.5434894]

rule24: households < 242.401
probabilities_array:[0.432636 0.       0.567364]

rule22: 1425.325 < population < 2196.005
probabilities_array:[0.43028647 0.         0.56971353]

rule29: 2.597 < median_income < 3.858
probabilities_array:[0.406072   0.         0.59392804]

rule7: latitude > 37.066
probabilities_array:[0.40488502 0.         0.59511495]

rule6: 35.626 < latitude < 37.066
probabilities_array:[0.32237047 0.00398761 0.6736419 ]

rule8: housing_median_age < 20.104
probabilities_array:[0.31172153 0.         0.6882785 ]

rule16: total_bedrooms < 254.295
probabilities_array:[0.31129104 0.         0.68870896]

rule1: -120.924 < longitude < -119.571
probabilities_array:[0.27369604 0.01331877 0.7129852 ]

rule25: 242.401 < households < 500.595
probabilities_array:[0.20439664 0.         0.79560333]


---1---
rule31: median_income > 5.120
probabilities_array:[0.         0.87339205 0.12660792]

rule35: ocean_proximity_ISLAND = 1.0
probabilities_array:[0.         0.73631984 0.26368013]

rule20: population < 654.645
probabilities_array:[0.        0.6899761 0.3100239]

rule32: ocean_proximity_INLAND = 0.0
probabilities_array:[0.         0.65073705 0.34926295]

rule0: longitude < -120.924
probabilities_array:[0.         0.5008082  0.49919182]

rule27: households > 758.789
probabilities_array:[0.         0.48614797 0.51385206]

rule15: total_rooms > 4104.219
probabilities_array:[0.04691464 0.3588103  0.59427506]

rule30: 3.858 < median_income < 5.120
probabilities_array:[0.         0.37546575 0.62453425]

rule4: latitude < 34.186
probabilities_array:[0.        0.3349682 0.6650318]

rule5: 34.186 < latitude < 35.626
probabilities_array:[0.         0.2637665  0.73623353]

rule14: 2636.394 < total_rooms < 4104.219
probabilities_array:[0.03289326 0.23436221 0.7327445 ]

rule2: -119.571 < longitude < -118.218
probabilities_array:[0.04377257 0.22140844 0.734819  ]

