R2: 0.829118921040394


MAE: 31716.98450574354


Accuracy: 0.8129662004662004


F1: 0.8129770992366412


Most important rules
-----------------------------

---0---
rule28: median_income < 2.599
probabilities_array:[0.85042864 0.         0.14957136]

rule23: population > 2203.502
probabilities_array:[0.64008266 0.         0.35991734]

rule33: ocean_proximity_INLAND = 1.0
probabilities_array:[0.61596227 0.         0.38403773]

rule3: longitude > -118.218
probabilities_array:[0.59399617 0.         0.40600386]

rule12: total_rooms < 1160.513
probabilities_array:[0.5619582  0.02121815 0.41682371]

rule29: 2.599 < median_income < 3.871
probabilities_array:[0.55071545 0.         0.44928452]

rule7: latitude > 37.082
probabilities_array:[0.5379756  0.         0.46202436]

rule22: 1424.566 < population < 2203.502
probabilities_array:[0.38103682 0.         0.6189632 ]

rule24: households < 237.858
probabilities_array:[0.37893975 0.         0.62106025]

rule6: 35.636 < latitude < 37.082
probabilities_array:[0.3451923 0.        0.6548077]

rule16: total_bedrooms < 251.135
probabilities_array:[0.28033462 0.         0.7196654 ]

rule8: housing_median_age < 20.131
probabilities_array:[0.25443307 0.         0.74556696]

rule1: -120.921 < longitude < -119.569
probabilities_array:[2.5123858e-01 2.1049524e-04 7.4855095e-01]

rule13: 1160.513 < total_rooms < 2632.360
probabilities_array:[0.20847866 0.02094623 0.7705751 ]


---1---
rule35: ocean_proximity_ISLAND = 1.0
probabilities_array:[0.         0.8659418  0.13405819]

rule31: median_income > 5.143
probabilities_array:[0.       0.820151 0.179849]

rule20: population < 645.629
probabilities_array:[0.        0.7558795 0.2441205]

rule32: ocean_proximity_INLAND = 0.0
probabilities_array:[0.         0.6496594  0.35034063]

rule0: longitude < -120.921
probabilities_array:[0.         0.57571083 0.4242892 ]

rule4: latitude < 34.190
probabilities_array:[0.         0.45656636 0.54343367]

rule27: households > 761.331
probabilities_array:[0.         0.41499418 0.5850058 ]

rule15: total_rooms > 4104.206
probabilities_array:[0.02715192 0.36265785 0.61019033]

rule19: total_bedrooms > 821.199
probabilities_array:[0.         0.32776773 0.6722323 ]

rule30: 3.871 < median_income < 5.143
probabilities_array:[0.02890809 0.30287692 0.6682149 ]

rule5: 34.190 < latitude < 35.636
probabilities_array:[0.         0.28694457 0.71305543]

rule21: 645.629 < population < 1424.566
probabilities_array:[1.2452492e-04 2.6105720e-01 7.3881823e-01]

rule14: 2632.360 < total_rooms < 4104.206
probabilities_array:[0.04049058 0.20512602 0.7543834 ]

rule26: 499.594 < households < 761.331
probabilities_array:[0.         0.20911132 0.79088867]

rule11: housing_median_age > 37.048
probabilities_array:[0.         0.20476872 0.7952313 ]

