R2: 0.8346247117527048


MAE: 31018.27414053325


Accuracy: 0.8242506809346258


F1: 0.8242806811509101


Most important rules
-----------------------------

---0---
rule28: median_income < 2.592
probabilities_array:[0.8109056 0.        0.1890944]

rule33: ocean_proximity_INLAND = 1.0
probabilities_array:[0.6424552  0.         0.35754475]

rule23: population > 2196.287
probabilities_array:[0.63359255 0.         0.36640745]

rule12: total_rooms < 1153.301
probabilities_array:[0.5211393  0.02343317 0.4554275 ]

rule3: longitude > -118.206
probabilities_array:[0.49912253 0.         0.5008775 ]

rule29: 2.592 < median_income < 3.868
probabilities_array:[0.44901076 0.         0.5509892 ]

rule7: latitude > 37.066
probabilities_array:[0.381266 0.       0.618734]

rule1: -120.913 < longitude < -119.559
probabilities_array:[0.360355 0.       0.639645]

rule24: households < 239.849
probabilities_array:[0.34474206 0.         0.65525794]

rule22: 1428.791 < population < 2196.287
probabilities_array:[0.33505073 0.         0.66494924]

rule8: housing_median_age < 20.071
probabilities_array:[0.31220183 0.         0.68779814]

rule16: total_bedrooms < 251.646
probabilities_array:[0.30072656 0.         0.6992734 ]

rule6: 35.624 < latitude < 37.066
probabilities_array:[0.21021625 0.01326889 0.7765149 ]

rule37: ocean_proximity_NEAR BAY = 1.0
probabilities_array:[0.14665051 0.13366637 0.7196831 ]


---1---
rule31: median_income > 5.144
probabilities_array:[0.         0.87005144 0.12994856]

rule35: ocean_proximity_ISLAND = 1.0
probabilities_array:[0.         0.74669725 0.25330275]

rule20: population < 661.296
probabilities_array:[0.         0.73959845 0.26040155]

rule32: ocean_proximity_INLAND = 0.0
probabilities_array:[0.         0.621034   0.37896597]

rule0: longitude < -120.913
probabilities_array:[0.         0.51652384 0.48347613]

rule27: households > 764.043
probabilities_array:[0.         0.50888145 0.49111858]

rule4: latitude < 34.181
probabilities_array:[0.        0.4265076 0.5734924]

rule5: 34.181 < latitude < 35.624
probabilities_array:[0.         0.39330164 0.6066984 ]

rule30: 3.868 < median_income < 5.144
probabilities_array:[0.         0.3779787  0.62202126]

rule15: total_rooms > 4134.330
probabilities_array:[0.04513752 0.3411106  0.61375195]

rule19: total_bedrooms > 826.708
probabilities_array:[0.         0.26832917 0.7316708 ]

rule21: 661.296 < population < 1428.791
probabilities_array:[0.         0.26750863 0.7324914 ]

rule2: -119.559 < longitude < -118.206
probabilities_array:[0.10943342 0.15715513 0.73341155]

