R2: 0.829685773679693


MAE: 30950.884250678948


Accuracy: 0.8239690207780699


F1: 0.8239870816206694


Most important rules
-----------------------------

---0---
rule28: median_income < 2.599
probabilities_array:[0.7845358 0.        0.2154642]

rule23: population > 2198.057
probabilities_array:[0.6835529  0.         0.31644708]

rule33: ocean_proximity_INLAND = 1.0
probabilities_array:[0.58285785 0.         0.41714212]

rule12: total_rooms < 1181.372
probabilities_array:[0.51574206 0.02105874 0.46319923]

rule3: longitude > -118.208
probabilities_array:[0.4648381 0.        0.5351619]

rule22: 1434.692 < population < 2198.057
probabilities_array:[0.40623304 0.         0.593767  ]

rule29: 2.599 < median_income < 3.881
probabilities_array:[0.40541628 0.         0.59458375]

rule24: households < 245.094
probabilities_array:[0.3864125 0.        0.6135875]

rule7: latitude > 37.058
probabilities_array:[0.3716557 0.        0.6283443]

rule1: -120.905 < longitude < -119.556
probabilities_array:[0.34650794 0.         0.65349203]

rule16: total_bedrooms < 257.075
probabilities_array:[0.3019536 0.        0.6980464]

rule6: 35.619 < latitude < 37.058
probabilities_array:[0.27752706 0.03844435 0.6840286 ]

rule8: housing_median_age < 20.144
probabilities_array:[0.2271612  0.         0.77283883]

rule36: ocean_proximity_NEAR BAY = 0.0
probabilities_array:[0.17948222 0.04429708 0.77622074]


---1---
rule31: median_income > 5.162
probabilities_array:[0.         0.89321375 0.10678623]

rule20: population < 671.326
probabilities_array:[0.         0.71827257 0.28172743]

rule35: ocean_proximity_ISLAND = 1.0
probabilities_array:[0.         0.65918374 0.3408163 ]

rule32: ocean_proximity_INLAND = 0.0
probabilities_array:[0.         0.6578041  0.34219593]

rule27: households > 757.899
probabilities_array:[0.         0.5213949  0.47860506]

rule0: longitude < -120.905
probabilities_array:[0.        0.4396757 0.5603243]

rule30: 3.881 < median_income < 5.162
probabilities_array:[0.         0.4286758  0.57132417]

rule15: total_rooms > 4118.769
probabilities_array:[0.06194265 0.32373247 0.6143249 ]

rule5: 34.180 < latitude < 35.619
probabilities_array:[0.         0.33295193 0.66704804]

rule19: total_bedrooms > 820.785
probabilities_array:[0.         0.3027766  0.69722337]

rule4: latitude < 34.180
probabilities_array:[0.        0.2879655 0.7120345]

rule14: 2650.071 < total_rooms < 4118.769
probabilities_array:[0.0464003 0.2108468 0.7427529]

rule11: housing_median_age > 37.029
probabilities_array:[0.         0.20700665 0.79299337]

rule26: 501.497 < households < 757.899
probabilities_array:[1.4037211e-04 2.0221561e-01 7.9764408e-01]

