R2: 0.8351851793472169


MAE: 30944.7509467438


Accuracy: 0.8254523371150526


F1: 0.8254550792718731


Most important rules
-----------------------------

---0---
rule28: median_income < 2.600
probabilities_array:[0.8303663  0.         0.16963366]

rule23: population > 2213.751
probabilities_array:[0.69734055 0.         0.30265945]

rule33: ocean_proximity_INLAND = 1.0
probabilities_array:[0.69129467 0.         0.30870536]

rule7: latitude > 37.073
probabilities_array:[0.6154498  0.         0.38455024]

rule29: 2.600 < median_income < 3.866
probabilities_array:[0.51175797 0.         0.488242  ]

rule3: longitude > -118.220
probabilities_array:[0.49452156 0.         0.50547844]

rule22: 1427.826 < population < 2213.751
probabilities_array:[4.4061443e-01 1.5980111e-04 5.5922574e-01]

rule12: total_rooms < 1141.256
probabilities_array:[0.3920272  0.02766591 0.5803069 ]

rule6: 35.631 < latitude < 37.073
probabilities_array:[0.39956626 0.         0.60043377]

rule16: total_bedrooms < 249.795
probabilities_array:[0.34508726 0.         0.65491277]

rule24: households < 236.814
probabilities_array:[0.31659415 0.         0.6834058 ]

rule8: housing_median_age < 20.144
probabilities_array:[0.27171084 0.         0.7282892 ]

rule1: -120.920 < longitude < -119.570
probabilities_array:[0.22947972 0.03278946 0.73773086]


---1---
rule31: median_income > 5.132
probabilities_array:[0.         0.8612188  0.13878118]

rule35: ocean_proximity_ISLAND = 1.0
probabilities_array:[0.         0.8259985  0.17400151]

rule20: population < 641.901
probabilities_array:[0.         0.7156528  0.28434715]

rule0: longitude < -120.920
probabilities_array:[0.        0.6878698 0.3121302]

rule32: ocean_proximity_INLAND = 0.0
probabilities_array:[0.        0.5692559 0.4307441]

rule27: households > 765.851
probabilities_array:[0.         0.5192653  0.48073468]

rule15: total_rooms > 4145.646
probabilities_array:[0.04309068 0.44762126 0.5092881 ]

rule19: total_bedrooms > 827.004
probabilities_array:[0.         0.40142554 0.59857446]

rule4: latitude < 34.190
probabilities_array:[0.         0.39536715 0.60463285]

rule14: 2643.451 < total_rooms < 4145.646
probabilities_array:[0.02769723 0.37107974 0.601223  ]

rule30: 3.866 < median_income < 5.132
probabilities_array:[0.01471168 0.31220734 0.673081  ]

rule26: 501.332 < households < 765.851
probabilities_array:[0.         0.30581385 0.69418615]

rule5: 34.190 < latitude < 35.631
probabilities_array:[0.         0.26480594 0.7351941 ]

rule2: -119.570 < longitude < -118.220
probabilities_array:[0.08364072 0.20294754 0.7134117 ]

