R2: 0.8344198776243842


MAE: 30872.21350018809


Accuracy: 0.8210282189212481


F1: 0.8210510863182618


Most important rules
-----------------------------

---0---
rule28: median_income < 2.579
probabilities_array:[0.82822865 0.         0.17177136]

rule23: population > 2194.881
probabilities_array:[0.72695976 0.         0.2730402 ]

rule33: ocean_proximity_INLAND = 1.0
probabilities_array:[0.64178526 0.         0.35821474]

rule3: longitude > -118.211
probabilities_array:[0.52881867 0.         0.4711813 ]

rule22: 1422.296 < population < 2194.881
probabilities_array:[0.5191301 0.        0.4808699]

rule29: 2.579 < median_income < 3.875
probabilities_array:[0.4636782 0.        0.5363218]

rule12: total_rooms < 1154.124
probabilities_array:[0.43485966 0.02451744 0.5406229 ]

rule7: latitude > 37.062
probabilities_array:[0.44307247 0.         0.5569275 ]

rule24: households < 239.049
probabilities_array:[0.34691468 0.         0.65308535]

rule1: -120.912 < longitude < -119.562
probabilities_array:[0.3211805  0.01187493 0.66694456]

rule6: 35.624 < latitude < 37.062
probabilities_array:[0.26030427 0.05392317 0.6857726 ]

rule16: total_bedrooms < 251.235
probabilities_array:[0.27733418 0.         0.72266585]

rule8: housing_median_age < 20.245
probabilities_array:[0.26148543 0.         0.73851454]


---1---
rule31: median_income > 5.170
probabilities_array:[0.         0.85528624 0.14471377]

rule35: ocean_proximity_ISLAND = 1.0
probabilities_array:[0.         0.8348612  0.16513881]

rule20: population < 649.712
probabilities_array:[0.         0.64031637 0.3596836 ]

rule32: ocean_proximity_INLAND = 0.0
probabilities_array:[0.         0.61682415 0.38317585]

rule27: households > 757.101
probabilities_array:[0.        0.5399989 0.4600011]

rule0: longitude < -120.912
probabilities_array:[0.         0.49010694 0.50989306]

rule15: total_rooms > 4094.624
probabilities_array:[0.07589992 0.3736406  0.55045944]

rule4: latitude < 34.185
probabilities_array:[0.         0.3917555  0.60824454]

rule30: 3.875 < median_income < 5.170
probabilities_array:[0.01032534 0.37238178 0.61729294]

rule19: total_bedrooms > 818.563
probabilities_array:[0.         0.36126843 0.6387316 ]

rule14: 2624.374 < total_rooms < 4094.624
probabilities_array:[0.03484976 0.29864192 0.66650826]

rule5: 34.185 < latitude < 35.624
probabilities_array:[0.        0.2665019 0.7334981]

rule39: ocean_proximity_NEAR OCEAN = 1.0
probabilities_array:[0.08765824 0.17734568 0.734996  ]

rule11: housing_median_age > 37.159
probabilities_array:[0.        0.2101975 0.7898025]

rule26: 498.075 < households < 757.101
probabilities_array:[0.         0.20612122 0.7938788 ]

rule9: 20.245 < housing_median_age < 28.702
probabilities_array:[0.         0.20506592 0.7949341 ]

