R2: 0.8227883415596374


MAE: 31332.978817252642


Accuracy: 0.8167907977490897


F1: 0.816793893129771


Most important rules
-----------------------------

---0---
rule28: median_income < 2.588
probabilities_array:[0.8516023  0.         0.14839771]

rule23: population > 2169.257
probabilities_array:[0.75477487 0.         0.24522512]

rule3: longitude > -118.226
probabilities_array:[0.5935838 0.        0.4064162]

rule33: ocean_proximity_INLAND = 1.0
probabilities_array:[0.59313357 0.         0.40686643]

rule7: latitude > 37.087
probabilities_array:[0.54361665 0.         0.45638335]

rule29: 2.588 < median_income < 3.880
probabilities_array:[0.5157186  0.         0.48428142]

rule22: 1420.832 < population < 2169.257
probabilities_array:[0.49660033 0.         0.50339967]

rule12: total_rooms < 1191.367
probabilities_array:[0.4815439  0.0293538  0.48910227]

rule6: 35.642 < latitude < 37.087
probabilities_array:[0.36083937 0.         0.63916063]

rule24: households < 246.333
probabilities_array:[0.34834823 0.         0.65165174]

rule16: total_bedrooms < 258.351
probabilities_array:[0.28282657 0.         0.7171734 ]

rule8: housing_median_age < 20.067
probabilities_array:[0.26674876 0.         0.7332512 ]

rule1: -120.936 < longitude < -119.581
probabilities_array:[0.21216266 0.06065919 0.7271781 ]


---1---
rule31: median_income > 5.172
probabilities_array:[0.         0.83588445 0.16411555]

rule35: ocean_proximity_ISLAND = 1.0
probabilities_array:[0.         0.79698694 0.20301306]

rule32: ocean_proximity_INLAND = 0.0
probabilities_array:[0.         0.6893702  0.31062979]

rule20: population < 672.407
probabilities_array:[0.         0.68876916 0.31123084]

rule0: longitude < -120.936
probabilities_array:[0.         0.6367766  0.36322337]

rule27: households > 749.057
probabilities_array:[0.         0.59858036 0.40141967]

rule4: latitude < 34.198
probabilities_array:[0.         0.5030444  0.49695557]

rule15: total_rooms > 4078.902
probabilities_array:[0.0730277  0.34015366 0.58681864]

rule19: total_bedrooms > 813.183
probabilities_array:[0.         0.35267445 0.6473256 ]

rule30: 3.880 < median_income < 5.172
probabilities_array:[0.00958309 0.33100358 0.6594133 ]

rule5: 34.198 < latitude < 35.642
probabilities_array:[0.         0.3208358  0.67916423]

rule26: 497.695 < households < 749.057
probabilities_array:[0.         0.28350884 0.71649116]

rule18: 535.767 < total_bedrooms < 813.183
probabilities_array:[0.         0.24876311 0.7512369 ]

rule14: 2635.135 < total_rooms < 4078.902
probabilities_array:[0.05263737 0.19987263 0.74749005]

