R2: 0.8251746115466623


MAE: 31764.512155708675


Accuracy: 0.8178200741965231


F1: 0.8178214914856137


Most important rules
-----------------------------

---0---
rule28: median_income < 2.590
probabilities_array:[0.8540062  0.         0.14599386]

rule23: population > 2215.826
probabilities_array:[0.65643287 0.         0.34356713]

rule33: ocean_proximity_INLAND = 1.0
probabilities_array:[0.58061934 0.         0.41938066]

rule3: longitude > -118.234
probabilities_array:[0.55628186 0.         0.44371814]

rule29: 2.590 < median_income < 3.872
probabilities_array:[0.5249725  0.         0.47502747]

rule7: latitude > 37.091
probabilities_array:[0.4753369 0.        0.5246631]

rule24: households < 245.619
probabilities_array:[0.45857468 0.         0.54142535]

rule22: 1436.198 < population < 2215.826
probabilities_array:[0.44129297 0.         0.558707  ]

rule12: total_rooms < 1179.392
probabilities_array:[0.40654218 0.01884122 0.5746166 ]

rule16: total_bedrooms < 258.576
probabilities_array:[0.3614052 0.        0.6385948]

rule6: 35.649 < latitude < 37.091
probabilities_array:[0.32068112 0.         0.67931885]

rule25: 245.619 < households < 503.570
probabilities_array:[0.24767913 0.         0.7523209 ]

rule1: -120.940 < longitude < -119.587
probabilities_array:[0.21055982 0.03243433 0.7570059 ]


---1---
rule31: median_income > 5.154
probabilities_array:[0.         0.8409713  0.15902874]

rule20: population < 656.570
probabilities_array:[0.       0.719077 0.280923]

rule35: ocean_proximity_ISLAND = 1.0
probabilities_array:[0.         0.7026718  0.29732817]

rule32: ocean_proximity_INLAND = 0.0
probabilities_array:[0.         0.6202982  0.37970182]

rule0: longitude < -120.940
probabilities_array:[0.        0.5638942 0.4361058]

rule4: latitude < 34.207
probabilities_array:[0.         0.51022404 0.48977596]

rule19: total_bedrooms > 823.534
probabilities_array:[0.        0.4083846 0.5916154]

rule15: total_rooms > 4140.732
probabilities_array:[0.04425069 0.3423516  0.61339766]

rule27: households > 761.520
probabilities_array:[0.         0.36125895 0.6387411 ]

rule30: 3.872 < median_income < 5.154
probabilities_array:[0.0193575  0.30638826 0.67425424]

rule2: -119.587 < longitude < -118.234
probabilities_array:[0.06761549 0.24223292 0.6901515 ]

rule14: 2660.062 < total_rooms < 4140.732
probabilities_array:[0.02583862 0.25347376 0.7206876 ]

rule5: 34.207 < latitude < 35.649
probabilities_array:[0.         0.2548125  0.74518746]

rule26: 503.570 < households < 761.520
probabilities_array:[2.9274288e-05 2.3155065e-01 7.6842016e-01]

rule9: 20.153 < housing_median_age < 28.658
probabilities_array:[1.4959121e-04 2.2435321e-01 7.7549714e-01]

rule11: housing_median_age > 37.164
probabilities_array:[0.         0.20814575 0.79185426]

rule39: ocean_proximity_NEAR OCEAN = 1.0
probabilities_array:[0.08050921 0.16480525 0.7546856 ]

