R2: 0.8295987236485357


MAE: 30997.456122353018


Accuracy: 0.8201448578880997


F1: 0.8201702877275396


Most important rules
-----------------------------

---0---
rule28: median_income < 2.593
probabilities_array:[0.8913854  0.         0.10861464]

rule23: population > 2161.623
probabilities_array:[0.68538266 0.         0.31461734]

rule29: 2.593 < median_income < 3.875
probabilities_array:[0.6577963 0.        0.3422037]

rule33: ocean_proximity_INLAND = 1.0
probabilities_array:[0.6217072 0.        0.3782928]

rule3: longitude > -118.212
probabilities_array:[0.56722194 0.         0.43277803]

rule12: total_rooms < 1184.085
probabilities_array:[0.4764628  0.02264684 0.5008904 ]

rule7: latitude > 37.066
probabilities_array:[0.4604759  0.         0.53952414]

rule22: 1423.366 < population < 2161.623
probabilities_array:[0.45768094 0.         0.54231906]

rule24: households < 245.017
probabilities_array:[0.39730924 0.         0.60269076]

rule1: -120.917 < longitude < -119.564
probabilities_array:[0.32500252 0.03614911 0.63884836]

rule6: 35.626 < latitude < 37.066
probabilities_array:[0.30607998 0.         0.69392   ]

rule16: total_bedrooms < 258.185
probabilities_array:[0.26479673 0.         0.73520327]

rule30: 3.875 < median_income < 5.158
probabilities_array:[0.1416043  0.14946575 0.70892996]

rule25: 245.017 < households < 499.165
probabilities_array:[0.20109053 0.         0.7989095 ]


---1---
rule31: median_income > 5.158
probabilities_array:[0.         0.76100004 0.23899998]

rule20: population < 685.110
probabilities_array:[0.         0.6965608  0.30343923]

rule35: ocean_proximity_ISLAND = 1.0
probabilities_array:[0.         0.64462304 0.355377  ]

rule32: ocean_proximity_INLAND = 0.0
probabilities_array:[0.         0.6436203  0.35637972]

rule0: longitude < -120.917
probabilities_array:[0.         0.5864604  0.41353962]

rule4: latitude < 34.186
probabilities_array:[0.         0.48672986 0.51327014]

rule27: households > 753.313
probabilities_array:[0.         0.42705077 0.57294923]

rule5: 34.186 < latitude < 35.626
probabilities_array:[0.         0.40746635 0.59253365]

rule15: total_rooms > 4090.569
probabilities_array:[0.02255077 0.37265986 0.6047893 ]

rule19: total_bedrooms > 814.325
probabilities_array:[0.         0.37493584 0.6250642 ]

rule14: 2637.327 < total_rooms < 4090.569
probabilities_array:[0.01505889 0.2688041  0.71613705]

rule11: housing_median_age > 37.117
probabilities_array:[0.         0.27478874 0.72521126]

rule9: 20.186 < housing_median_age < 28.651
probabilities_array:[0.01888883 0.23252323 0.74858785]

rule30: 3.875 < median_income < 5.158
probabilities_array:[0.1416043  0.14946575 0.70892996]

