R2: 0.8270423852479061


MAE: 31398.161550274333


Accuracy: 0.8222072428375667


F1: 0.8222254844392249


Most important rules
-----------------------------

---0---
rule28: median_income < 2.588
probabilities_array:[0.83015865 0.         0.16984136]

rule23: population > 2172.078
probabilities_array:[7.1299368e-01 4.3584019e-05 2.8696275e-01]

rule33: ocean_proximity_INLAND = 1.0
probabilities_array:[0.6276556  0.         0.37234437]

rule7: latitude > 37.064
probabilities_array:[0.5520816 0.        0.4479184]

rule3: longitude > -118.220
probabilities_array:[0.5424803  0.         0.45751968]

rule29: 2.588 < median_income < 3.881
probabilities_array:[0.5222752  0.         0.47772482]

rule22: 1422.113 < population < 2172.078
probabilities_array:[4.623740e-01 7.693793e-05 5.375491e-01]

rule12: total_rooms < 1179.830
probabilities_array:[0.41289678 0.02305881 0.5640444 ]

rule6: 35.630 < latitude < 37.064
probabilities_array:[0.37632552 0.         0.62367445]

rule24: households < 243.855
probabilities_array:[0.3375168  0.         0.66248316]

rule1: -120.917 < longitude < -119.569
probabilities_array:[0.31674594 0.03499641 0.6482577 ]

rule16: total_bedrooms < 255.008
probabilities_array:[0.2698826 0.        0.7301174]

rule25: 243.855 < households < 498.737
probabilities_array:[0.25912568 0.         0.74087435]


---1---
rule35: ocean_proximity_ISLAND = 1.0
probabilities_array:[0.         0.86684805 0.13315192]

rule31: median_income > 5.175
probabilities_array:[0.         0.852166   0.14783403]

rule20: population < 672.147
probabilities_array:[0.        0.6495702 0.3504298]

rule32: ocean_proximity_INLAND = 0.0
probabilities_array:[0.         0.6348327  0.36516732]

rule0: longitude < -120.917
probabilities_array:[0.         0.6126048  0.38739523]

rule27: households > 753.620
probabilities_array:[0.         0.53969646 0.46030352]

rule15: total_rooms > 4082.717
probabilities_array:[0.0470018  0.4001151  0.55288315]

rule4: latitude < 34.197
probabilities_array:[0.         0.38327336 0.61672664]

rule14: 2631.274 < total_rooms < 4082.717
probabilities_array:[0.018796   0.35843828 0.6227657 ]

rule19: total_bedrooms > 816.764
probabilities_array:[0.         0.36097383 0.63902617]

rule30: 3.881 < median_income < 5.175
probabilities_array:[0.01992298 0.34650818 0.6335689 ]

rule5: 34.197 < latitude < 35.630
probabilities_array:[0.         0.23683752 0.7631625 ]

rule26: 498.737 < households < 753.620
probabilities_array:[0.         0.22987895 0.77012104]

rule2: -119.569 < longitude < -118.220
probabilities_array:[0.1198125  0.16652305 0.71366435]

rule39: ocean_proximity_NEAR OCEAN = 1.0
probabilities_array:[0.1104615  0.1554955  0.73404294]

