R2: 0.8260840473623874


MAE: 30865.024544232605


Accuracy: 0.8229385884713496


F1: 0.8229594832648268


Most important rules
-----------------------------

---0---
rule28: median_income < 2.585
probabilities_array:[0.8134485 0.        0.1865515]

rule23: population > 2180.886
probabilities_array:[0.66633856 0.         0.3336614 ]

rule33: ocean_proximity_INLAND = 1.0
probabilities_array:[0.65879554 0.         0.34120443]

rule3: longitude > -118.219
probabilities_array:[0.56820434 0.         0.43179566]

rule7: latitude > 37.074
probabilities_array:[0.56224525 0.         0.43775478]

rule12: total_rooms < 1168.723
probabilities_array:[0.5104435  0.0363469  0.45320955]

rule24: households < 244.022
probabilities_array:[0.4933177  0.         0.50668234]

rule29: 2.585 < median_income < 3.879
probabilities_array:[0.4553536  0.         0.54464644]

rule22: 1420.543 < population < 2180.886
probabilities_array:[0.3305568 0.        0.6694432]

rule6: 35.633 < latitude < 37.074
probabilities_array:[0.33007383 0.         0.66992617]

rule25: 244.022 < households < 497.173
probabilities_array:[0.25206524 0.         0.74793476]

rule16: total_bedrooms < 256.934
probabilities_array:[0.24393201 0.         0.756068  ]

rule8: housing_median_age < 20.151
probabilities_array:[0.2367174 0.        0.7632826]

rule36: ocean_proximity_NEAR BAY = 0.0
probabilities_array:[0.19449195 0.09276546 0.7127426 ]

rule1: -120.922 < longitude < -119.570
probabilities_array:[0.2161388  0.03649127 0.74736995]


---1---
rule31: median_income > 5.173
probabilities_array:[0.         0.8808993  0.11910068]

rule20: population < 660.201
probabilities_array:[0.         0.7624643  0.23753572]

rule35: ocean_proximity_ISLAND = 1.0
probabilities_array:[0.         0.7041151  0.29588488]

rule0: longitude < -120.922
probabilities_array:[0.         0.6320438  0.36795622]

rule32: ocean_proximity_INLAND = 0.0
probabilities_array:[0.         0.56204146 0.43795854]

rule27: households > 750.324
probabilities_array:[0.         0.47579035 0.5242096 ]

rule4: latitude < 34.191
probabilities_array:[0.         0.47379738 0.5262026 ]

rule30: 3.879 < median_income < 5.173
probabilities_array:[0.         0.38697848 0.6130215 ]

rule15: total_rooms > 4077.215
probabilities_array:[0.05792868 0.35467666 0.58739465]

rule19: total_bedrooms > 810.704
probabilities_array:[0.         0.33870032 0.66129965]

rule14: 2622.969 < total_rooms < 4077.215
probabilities_array:[0.04013719 0.2546032  0.7052596 ]

rule21: 660.201 < population < 1420.543
probabilities_array:[0.         0.27374944 0.7262506 ]

rule5: 34.191 < latitude < 35.633
probabilities_array:[0.         0.27127853 0.7287215 ]

rule18: 533.819 < total_bedrooms < 810.704
probabilities_array:[0.         0.24240607 0.7575939 ]

rule2: -119.570 < longitude < -118.219
probabilities_array:[0.12172064 0.16293263 0.71534675]

rule39: ocean_proximity_NEAR OCEAN = 1.0
probabilities_array:[0.12440812 0.15269867 0.7228932 ]

