R2: 0.8305781562335607


MAE: 31043.78099998165


Accuracy: 0.822212147479832


F1: 0.8222254844392249


Most important rules
-----------------------------

---0---
rule28: median_income < 2.589
probabilities_array:[0.854659   0.         0.14534098]

rule23: population > 2219.557
probabilities_array:[0.767286   0.         0.23271398]

rule29: 2.589 < median_income < 3.874
probabilities_array:[0.5664099 0.        0.4335901]

rule3: longitude > -118.227
probabilities_array:[0.56128037 0.         0.43871966]

rule33: ocean_proximity_INLAND = 1.0
probabilities_array:[0.5434599 0.        0.4565401]

rule7: latitude > 37.081
probabilities_array:[0.5124929 0.        0.4875071]

rule22: 1432.767 < population < 2219.557
probabilities_array:[0.5005165  0.         0.49948353]

rule12: total_rooms < 1151.570
probabilities_array:[0.47731456 0.02358829 0.49909714]

rule6: 35.639 < latitude < 37.081
probabilities_array:[0.38110447 0.         0.61889553]

rule16: total_bedrooms < 251.611
probabilities_array:[0.30742684 0.         0.6925732 ]

rule8: housing_median_age < 20.189
probabilities_array:[0.26045063 0.         0.7395494 ]

rule24: households < 239.186
probabilities_array:[0.24095286 0.         0.75904715]

rule36: ocean_proximity_NEAR BAY = 0.0
probabilities_array:[0.1997553  0.06085768 0.73938704]


---1---
rule31: median_income > 5.159
probabilities_array:[0.         0.83121574 0.16878428]

rule35: ocean_proximity_ISLAND = 1.0
probabilities_array:[0.         0.707033   0.29296705]

rule32: ocean_proximity_INLAND = 0.0
probabilities_array:[0.         0.68743086 0.3125691 ]

rule20: population < 645.977
probabilities_array:[0.         0.65755695 0.34244305]

rule27: households > 761.713
probabilities_array:[0.         0.6316516  0.36834845]

rule0: longitude < -120.939
probabilities_array:[0.         0.57526344 0.42473656]

rule4: latitude < 34.198
probabilities_array:[0.         0.43189418 0.5681058 ]

rule19: total_bedrooms > 823.630
probabilities_array:[0.         0.37331584 0.6266842 ]

rule15: total_rooms > 4113.205
probabilities_array:[0.08162872 0.33436114 0.5840101 ]

rule26: 500.450 < households < 761.713
probabilities_array:[0.         0.32669616 0.67330384]

rule30: 3.874 < median_income < 5.159
probabilities_array:[0.03954935 0.2506947  0.70975596]

rule14: 2632.387 < total_rooms < 4113.205
probabilities_array:[0.04412628 0.24132173 0.71455204]

rule18: 537.621 < total_bedrooms < 823.630
probabilities_array:[0.        0.2423411 0.7576589]

rule5: 34.198 < latitude < 35.639
probabilities_array:[0.         0.23503603 0.764964  ]

