R2: 0.8273517277733965


MAE: 31044.176181508734


Accuracy: 0.8207380127674067


F1: 0.8207574867880212


Most important rules
-----------------------------

---0---
rule28: median_income < 2.577
probabilities_array:[0.8984076  0.         0.10159244]

rule23: population > 2184.034
probabilities_array:[0.67377275 0.         0.32622725]

rule29: 2.577 < median_income < 3.858
probabilities_array:[0.6614759  0.         0.33852407]

rule33: ocean_proximity_INLAND = 1.0
probabilities_array:[0.6540464  0.         0.34595358]

rule3: longitude > -118.221
probabilities_array:[0.54833627 0.         0.45166373]

rule12: total_rooms < 1145.530
probabilities_array:[0.48195162 0.05064906 0.4673993 ]

rule24: households < 239.874
probabilities_array:[0.43272045 0.         0.5672795 ]

rule22: 1414.185 < population < 2184.034
probabilities_array:[0.36649802 0.         0.633502  ]

rule7: latitude > 37.083
probabilities_array:[0.3627952  0.         0.63720477]

rule1: -120.928 < longitude < -119.574
probabilities_array:[0.28322473 0.06467776 0.6520975 ]

rule6: 35.637 < latitude < 37.083
probabilities_array:[0.26605526 0.         0.7339448 ]

rule16: total_bedrooms < 252.124
probabilities_array:[0.26073584 0.         0.73926413]

rule8: housing_median_age < 20.444
probabilities_array:[0.2570468  0.         0.74295324]

rule30: 3.858 < median_income < 5.139
probabilities_array:[0.13565192 0.16927877 0.6950693 ]


---1---
rule35: ocean_proximity_ISLAND = 1.0
probabilities_array:[0.         0.7732952  0.22670478]

rule20: population < 644.336
probabilities_array:[0.         0.7716868  0.22831322]

rule31: median_income > 5.139
probabilities_array:[0.         0.75789726 0.24210274]

rule32: ocean_proximity_INLAND = 0.0
probabilities_array:[0.         0.60965735 0.39034262]

rule27: households > 750.024
probabilities_array:[0.         0.5406428  0.45935723]

rule0: longitude < -120.928
probabilities_array:[0.         0.48057643 0.51942354]

rule4: latitude < 34.192
probabilities_array:[0.         0.4494197  0.55058026]

rule15: total_rooms > 4074.367
probabilities_array:[0.05967091 0.41309136 0.5272378 ]

rule19: total_bedrooms > 811.577
probabilities_array:[0.         0.33376628 0.6662337 ]

rule14: 2609.949 < total_rooms < 4074.367
probabilities_array:[0.03052545 0.28489828 0.6845763 ]

rule21: 644.336 < population < 1414.185
probabilities_array:[0.         0.26789662 0.73210335]

rule5: 34.192 < latitude < 35.637
probabilities_array:[0.        0.2663877 0.7336123]

rule26: 494.949 < households < 750.024
probabilities_array:[0.         0.24359564 0.75640434]

rule30: 3.858 < median_income < 5.139
probabilities_array:[0.13565192 0.16927877 0.6950693 ]

rule2: -119.574 < longitude < -118.221
probabilities_array:[0.07003959 0.17657186 0.7533886 ]

