R2: 0.8353865660753207


MAE: 30764.559440142395


Accuracy: 0.8189956984735673


F1: 0.8189958896065767


Most important rules
-----------------------------

---0---
rule28: median_income < 2.596
probabilities_array:[0.85373855 0.         0.14626148]

rule33: ocean_proximity_INLAND = 1.0
probabilities_array:[0.642686   0.         0.35731396]

rule23: population > 2187.207
probabilities_array:[0.6024663  0.         0.39753374]

rule29: 2.596 < median_income < 3.881
probabilities_array:[0.55343455 0.         0.44656545]

rule12: total_rooms < 1163.316
probabilities_array:[0.5195484  0.02589501 0.45455652]

rule3: longitude > -118.236
probabilities_array:[0.48609835 0.         0.51390165]

rule7: latitude > 37.088
probabilities_array:[0.47782513 0.         0.5221749 ]

rule24: households < 243.135
probabilities_array:[0.38676563 0.         0.61323434]

rule22: 1418.148 < population < 2187.207
probabilities_array:[0.3605535 0.        0.6394465]

rule6: 35.644 < latitude < 37.088
probabilities_array:[0.36005408 0.         0.6399459 ]

rule1: -120.937 < longitude < -119.587
probabilities_array:[0.2362466  0.09167165 0.67208177]

rule8: housing_median_age < 20.195
probabilities_array:[0.25054973 0.         0.74945027]

rule25: 243.135 < households < 496.137
probabilities_array:[0.20429337 0.         0.7957066 ]

rule37: ocean_proximity_NEAR BAY = 1.0
probabilities_array:[0.127177   0.19236082 0.68046224]


---1---
rule31: median_income > 5.167
probabilities_array:[0.        0.8286468 0.1713532]

rule20: population < 649.089
probabilities_array:[0.         0.7380846  0.26191542]

rule35: ocean_proximity_ISLAND = 1.0
probabilities_array:[0.         0.70668477 0.2933152 ]

rule32: ocean_proximity_INLAND = 0.0
probabilities_array:[0.         0.57580054 0.4241995 ]

rule0: longitude < -120.937
probabilities_array:[0.         0.5484885  0.45151153]

rule27: households > 749.138
probabilities_array:[0.         0.49536592 0.5046341 ]

rule15: total_rooms > 4079.221
probabilities_array:[0.03463911 0.35234144 0.6130194 ]

rule4: latitude < 34.200
probabilities_array:[0.         0.36453468 0.6354653 ]

rule30: 3.881 < median_income < 5.167
probabilities_array:[0.05822312 0.28205264 0.6597243 ]

rule14: 2621.268 < total_rooms < 4079.221
probabilities_array:[0.01968266 0.28693217 0.6933851 ]

rule26: 496.137 < households < 749.138
probabilities_array:[0.        0.2783249 0.7216751]

rule21: 649.089 < population < 1418.148
probabilities_array:[0.         0.27487314 0.72512686]

rule2: -119.587 < longitude < -118.236
probabilities_array:[0.03216273 0.2543069  0.71353036]

rule19: total_bedrooms > 809.770
probabilities_array:[0.         0.26399347 0.73600656]

rule37: ocean_proximity_NEAR BAY = 1.0
probabilities_array:[0.127177   0.19236082 0.68046224]

