R2: 0.8380048059603834


MAE: 30372.726722488806


Accuracy: 0.8254549852350002


F1: 0.8254550792718731


Most important rules
-----------------------------

---0---
rule28: median_income < 2.586
probabilities_array:[0.821343   0.         0.17865698]

rule23: population > 2181.528
probabilities_array:[0.7378912 0.        0.2621088]

rule33: ocean_proximity_INLAND = 1.0
probabilities_array:[0.6668144 0.        0.3331856]

rule12: total_rooms < 1166.439
probabilities_array:[0.4869987  0.01462761 0.49837372]

rule29: 2.586 < median_income < 3.861
probabilities_array:[0.49359304 0.         0.50640696]

rule3: longitude > -118.207
probabilities_array:[0.4615515 0.        0.5384485]

rule22: 1419.701 < population < 2181.528
probabilities_array:[4.5055491e-01 9.9636258e-05 5.4934543e-01]

rule24: households < 241.214
probabilities_array:[0.41505137 0.         0.5849486 ]

rule7: latitude > 37.049
probabilities_array:[0.40197635 0.         0.59802365]

rule1: -120.902 < longitude < -119.554
probabilities_array:[0.31669444 0.01398251 0.669323  ]

rule6: 35.613 < latitude < 37.049
probabilities_array:[0.28011453 0.00575101 0.71413445]

rule8: housing_median_age < 20.263
probabilities_array:[0.26257908 0.         0.7374209 ]


---1---
rule31: median_income > 5.135
probabilities_array:[0.         0.85005337 0.14994663]

rule35: ocean_proximity_ISLAND = 1.0
probabilities_array:[0.         0.7468324  0.25316763]

rule20: population < 657.873
probabilities_array:[0.         0.69969434 0.30030566]

rule32: ocean_proximity_INLAND = 0.0
probabilities_array:[0.        0.5828672 0.4171328]

rule0: longitude < -120.902
probabilities_array:[0.        0.5184533 0.4815467]

rule27: households > 755.850
probabilities_array:[0.         0.51499265 0.48500735]

rule15: total_rooms > 4083.161
probabilities_array:[0.0429667  0.44032156 0.5167117 ]

rule5: 34.177 < latitude < 35.613
probabilities_array:[0.         0.44072565 0.5592744 ]

rule19: total_bedrooms > 817.732
probabilities_array:[0.         0.43214664 0.56785333]

rule4: latitude < 34.177
probabilities_array:[0.         0.37298828 0.6270117 ]

rule30: 3.861 < median_income < 5.135
probabilities_array:[0.00202689 0.3208721  0.6771011 ]

rule14: 2624.800 < total_rooms < 4083.161
probabilities_array:[0.03114313 0.29426223 0.67459464]

rule26: 498.532 < households < 755.850
probabilities_array:[0.        0.2658044 0.7341956]

rule18: 535.727 < total_bedrooms < 817.732
probabilities_array:[0.         0.22573893 0.77426106]

