R2: 0.8381358711164062


MAE: 30608.796255115056


Accuracy: 0.8205165578358209


F1: 0.8206106870229007


Most important rules
-----------------------------

---0---
rule28: median_income < 2.601
probabilities_array:[0.77782893 0.         0.22217107]

rule23: population > 2163.598
probabilities_array:[0.7477016  0.         0.25229844]

rule33: ocean_proximity_INLAND = 1.0
probabilities_array:[0.574991   0.         0.42500904]

rule3: longitude > -118.225
probabilities_array:[0.5603472 0.        0.4396528]

rule12: total_rooms < 1184.763
probabilities_array:[0.53339714 0.02099432 0.44560856]

rule7: latitude > 37.062
probabilities_array:[0.5128256  0.         0.48717436]

rule22: 1418.788 < population < 2163.598
probabilities_array:[0.50141406 0.         0.4985859 ]

rule24: households < 246.797
probabilities_array:[0.44036385 0.         0.5596361 ]

rule29: 2.601 < median_income < 3.873
probabilities_array:[0.3629007 0.        0.6370993]

rule16: total_bedrooms < 258.970
probabilities_array:[0.35134235 0.         0.6486576 ]

rule1: -120.928 < longitude < -119.577
probabilities_array:[3.2723361e-01 2.0593747e-05 6.7274582e-01]

rule6: 35.628 < latitude < 37.062
probabilities_array:[0.3253702 0.        0.6746298]

rule25: 246.797 < households < 497.180
probabilities_array:[0.30490634 0.         0.69509363]

rule38: ocean_proximity_NEAR OCEAN = 0.0
probabilities_array:[0.20462863 0.02095147 0.7744199 ]

rule8: housing_median_age < 20.243
probabilities_array:[0.20508236 0.         0.79491764]

rule17: 258.970 < total_bedrooms < 534.766
probabilities_array:[0.20389572 0.         0.7961043 ]


---1---
rule31: median_income > 5.146
probabilities_array:[0.         0.89636683 0.10363317]

rule35: ocean_proximity_ISLAND = 1.0
probabilities_array:[0.         0.77799594 0.22200409]

rule20: population < 673.978
probabilities_array:[0.        0.6923939 0.3076061]

rule32: ocean_proximity_INLAND = 0.0
probabilities_array:[0.         0.663385   0.33661503]

rule0: longitude < -120.928
probabilities_array:[0.         0.5595837  0.44041628]

rule15: total_rooms > 4057.657
probabilities_array:[0.05952547 0.43523672 0.5052378 ]

rule27: households > 747.563
probabilities_array:[0.         0.44623008 0.55376995]

rule30: 3.873 < median_income < 5.146
probabilities_array:[0.         0.43773657 0.5622634 ]

rule4: latitude < 34.194
probabilities_array:[0.         0.42254487 0.57745516]

rule14: 2621.210 < total_rooms < 4057.657
probabilities_array:[0.03637733 0.30030662 0.66331595]

rule11: housing_median_age > 37.235
probabilities_array:[0.         0.25832695 0.74167305]

rule5: 34.194 < latitude < 35.628
probabilities_array:[0.         0.24128509 0.7587149 ]

rule19: total_bedrooms > 810.563
probabilities_array:[0.         0.24009913 0.75990087]

rule2: -119.577 < longitude < -118.225
probabilities_array:[0.09997658 0.1682405  0.7317829 ]

