R2: 0.8238030414408619


MAE: 31347.90425845475


Accuracy: 0.8219226708388232


F1: 0.8219318849089842


Most important rules
-----------------------------

---0---
rule28: median_income < 2.588
probabilities_array:[0.8420154 0.        0.1579846]

rule23: population > 2194.792
probabilities_array:[0.7159631 0.        0.2840369]

rule33: ocean_proximity_INLAND = 1.0
probabilities_array:[0.60542923 0.         0.39457077]

rule22: 1423.889 < population < 2194.792
probabilities_array:[0.4995541  0.         0.50044584]

rule29: 2.588 < median_income < 3.876
probabilities_array:[0.49134728 0.         0.5086527 ]

rule7: latitude > 37.060
probabilities_array:[0.46539322 0.         0.5346068 ]

rule3: longitude > -118.220
probabilities_array:[0.42424646 0.         0.57575357]

rule12: total_rooms < 1163.128
probabilities_array:[0.4002517  0.00500166 0.59474665]

rule24: households < 241.880
probabilities_array:[0.38099897 0.         0.61900103]

rule6: 35.623 < latitude < 37.060
probabilities_array:[0.35809234 0.         0.6419077 ]

rule16: total_bedrooms < 253.931
probabilities_array:[0.32491586 0.         0.6750841 ]

rule1: -120.915 < longitude < -119.568
probabilities_array:[0.24588707 0.02619696 0.72791594]


---1---
rule31: median_income > 5.164
probabilities_array:[0.         0.8454026  0.15459739]

rule35: ocean_proximity_ISLAND = 1.0
probabilities_array:[0.         0.78632164 0.21367833]

rule32: ocean_proximity_INLAND = 0.0
probabilities_array:[0.         0.63416404 0.36583593]

rule20: population < 652.986
probabilities_array:[0.        0.6289994 0.3710006]

rule0: longitude < -120.915
probabilities_array:[0.         0.60736454 0.39263546]

rule27: households > 754.636
probabilities_array:[0.         0.48822048 0.51177955]

rule15: total_rooms > 4090.265
probabilities_array:[0.03756233 0.43217185 0.53026587]

rule4: latitude < 34.186
probabilities_array:[0.        0.3799525 0.6200475]

rule30: 3.876 < median_income < 5.164
probabilities_array:[0.01677015 0.36432508 0.61890477]

rule14: 2626.696 < total_rooms < 4090.265
probabilities_array:[0.01803729 0.35836226 0.6236004 ]

rule2: -119.568 < longitude < -118.220
probabilities_array:[0.01184004 0.26463476 0.7235252 ]

rule5: 34.186 < latitude < 35.623
probabilities_array:[5.6671724e-05 2.4990334e-01 7.5004005e-01]

rule9: 20.212 < housing_median_age < 28.719
probabilities_array:[0.        0.2142945 0.7857055]

rule11: housing_median_age > 37.226
probabilities_array:[0.         0.20774384 0.7922562 ]

