R2: 0.8233526978354557


MAE: 31047.517939963484


Accuracy: 0.8182599951813314


F1: 0.8182618907809748


Most important rules
-----------------------------

---0---
rule28: median_income < 2.593
probabilities_array:[0.78461546 0.         0.21538453]

rule23: population > 2167.869
probabilities_array:[0.7343604 0.        0.2656396]

rule33: ocean_proximity_INLAND = 1.0
probabilities_array:[0.60441464 0.         0.39558533]

rule3: longitude > -118.232
probabilities_array:[0.58990437 0.         0.41009563]

rule7: latitude > 37.086
probabilities_array:[0.53480786 0.         0.46519217]

rule22: 1419.995 < population < 2167.869
probabilities_array:[0.5131341  0.         0.48686585]

rule24: households < 241.407
probabilities_array:[0.4483261 0.        0.5516739]

rule12: total_rooms < 1159.549
probabilities_array:[0.39142275 0.00956711 0.59901017]

rule6: 35.643 < latitude < 37.086
probabilities_array:[0.39448527 0.         0.6055147 ]

rule29: 2.593 < median_income < 3.878
probabilities_array:[0.3407758 0.        0.6592242]

rule16: total_bedrooms < 252.395
probabilities_array:[0.32587856 0.         0.67412144]

rule8: housing_median_age < 20.184
probabilities_array:[0.28461614 0.         0.7153839 ]

rule25: 241.407 < households < 497.893
probabilities_array:[0.26855657 0.         0.73144346]

rule37: ocean_proximity_NEAR BAY = 1.0
probabilities_array:[0.15906723 0.11871839 0.72221434]

rule1: -120.937 < longitude < -119.585
probabilities_array:[0.19835305 0.02408806 0.7775589 ]

rule36: ocean_proximity_NEAR BAY = 0.0
probabilities_array:[0.1755396  0.06255733 0.76190305]


---1---
rule31: median_income > 5.164
probabilities_array:[0.         0.89945346 0.10054656]

rule35: ocean_proximity_ISLAND = 1.0
probabilities_array:[0.         0.75842917 0.24157083]

rule20: population < 672.120
probabilities_array:[0.        0.6338933 0.3661067]

rule0: longitude < -120.937
probabilities_array:[0.         0.6232702  0.37672976]

rule32: ocean_proximity_INLAND = 0.0
probabilities_array:[0.         0.5824571  0.41754285]

rule4: latitude < 34.199
probabilities_array:[0.        0.5580219 0.4419781]

rule15: total_rooms > 4095.468
probabilities_array:[0.02273848 0.48283154 0.49442995]

rule30: 3.878 < median_income < 5.164
probabilities_array:[0.         0.46148413 0.53851587]

rule14: 2627.508 < total_rooms < 4095.468
probabilities_array:[0.00841231 0.43747398 0.5541137 ]

rule5: 34.199 < latitude < 35.643
probabilities_array:[0.         0.36205834 0.63794166]

rule27: households > 754.379
probabilities_array:[0.         0.35638526 0.64361477]

rule19: total_bedrooms > 817.430
probabilities_array:[0.         0.32866296 0.671337  ]

rule2: -119.585 < longitude < -118.232
probabilities_array:[0.10944569 0.16795652 0.72259784]

