R2: 0.8357377605270854


MAE: 30478.99874646763


Accuracy: 0.8179779213742124


F1: 0.8181150910158543


Most important rules
-----------------------------

---0---
rule28: median_income < 2.598
probabilities_array:[0.7816931  0.         0.21830688]

rule23: population > 2192.680
probabilities_array:[0.6864502  0.         0.31354985]

rule33: ocean_proximity_INLAND = 1.0
probabilities_array:[0.66885394 0.         0.3311461 ]

rule12: total_rooms < 1145.789
probabilities_array:[0.50931627 0.03179673 0.458887  ]

rule3: longitude > -118.219
probabilities_array:[0.5141227  0.         0.48587728]

rule7: latitude > 37.077
probabilities_array:[0.46412823 0.         0.5358718 ]

rule22: 1417.636 < population < 2192.680
probabilities_array:[0.38423514 0.         0.61576486]

rule29: 2.598 < median_income < 3.878
probabilities_array:[0.3840672  0.         0.61593276]

rule24: households < 238.768
probabilities_array:[0.38029653 0.         0.6197035 ]

rule16: total_bedrooms < 250.420
probabilities_array:[0.346235 0.       0.653765]

rule1: -120.925 < longitude < -119.572
probabilities_array:[0.31053126 0.01748265 0.67198604]

rule6: 35.633 < latitude < 37.077
probabilities_array:[0.31156614 0.         0.6884339 ]

rule25: 238.768 < households < 497.066
probabilities_array:[0.20954396 0.         0.79045606]


---1---
rule31: median_income > 5.158
probabilities_array:[0.        0.9025953 0.0974047]

rule35: ocean_proximity_ISLAND = 1.0
probabilities_array:[0.        0.7963385 0.2036615]

rule20: population < 642.592
probabilities_array:[0.         0.71984833 0.28015164]

rule32: ocean_proximity_INLAND = 0.0
probabilities_array:[0.        0.5593956 0.4406044]

rule0: longitude < -120.925
probabilities_array:[0.         0.5263494  0.47365057]

rule30: 3.878 < median_income < 5.158
probabilities_array:[0.         0.46388084 0.53611916]

rule27: households > 755.365
probabilities_array:[0.         0.41420817 0.5857918 ]

rule15: total_rooms > 4095.465
probabilities_array:[0.05880569 0.36474597 0.5764483 ]

rule4: latitude < 34.189
probabilities_array:[0.         0.3511519  0.64884806]

rule19: total_bedrooms > 818.598
probabilities_array:[0.         0.33802772 0.6619723 ]

rule5: 34.189 < latitude < 35.633
probabilities_array:[0.         0.29376453 0.70623547]

rule39: ocean_proximity_NEAR OCEAN = 1.0
probabilities_array:[0.07751475 0.24266592 0.67981935]

rule14: 2620.627 < total_rooms < 4095.465
probabilities_array:[0.05109658 0.2318847  0.7170187 ]

rule21: 642.592 < population < 1417.636
probabilities_array:[1.5668532e-04 2.3471978e-01 7.6512355e-01]

rule9: 20.119 < housing_median_age < 28.622
probabilities_array:[0.00876873 0.2028357  0.7883956 ]

rule2: -119.572 < longitude < -118.219
probabilities_array:[0.03479389 0.18915589 0.7760502 ]

