R2: 0.8213822737819612


MAE: 31663.67317383386


Accuracy: 0.819452788886228


F1: 0.8195830886670581


Most important rules
-----------------------------

---0---
rule28: median_income < 2.581
probabilities_array:[0.8428663  0.         0.15713371]

rule23: population > 2203.365
probabilities_array:[0.7370939  0.         0.26290604]

rule33: ocean_proximity_INLAND = 1.0
probabilities_array:[0.6763493 0.        0.3236507]

rule7: latitude > 37.085
probabilities_array:[0.5265277 0.        0.4734723]

rule29: 2.581 < median_income < 3.865
probabilities_array:[0.52159923 0.         0.47840077]

rule22: 1427.190 < population < 2203.365
probabilities_array:[0.47759238 0.         0.5224076 ]

rule12: total_rooms < 1152.744
probabilities_array:[0.4688267 0.0143747 0.5167986]

rule3: longitude > -118.218
probabilities_array:[0.4589429 0.        0.5410571]

rule6: 35.639 < latitude < 37.085
probabilities_array:[0.36969355 0.         0.6303065 ]

rule16: total_bedrooms < 254.974
probabilities_array:[0.33224854 0.         0.6677515 ]

rule24: households < 242.884
probabilities_array:[0.31420824 0.         0.6857918 ]

rule8: housing_median_age < 20.162
probabilities_array:[0.26430866 0.         0.73569137]


---1---
rule31: median_income > 5.149
probabilities_array:[0.         0.8505852  0.14941481]

rule20: population < 651.015
probabilities_array:[0.         0.7044005  0.29559955]

rule35: ocean_proximity_ISLAND = 1.0
probabilities_array:[0.        0.6715184 0.3284816]

rule0: longitude < -120.924
probabilities_array:[0.         0.6476873  0.35231268]

rule32: ocean_proximity_INLAND = 0.0
probabilities_array:[0.         0.59246    0.40754002]

rule27: households > 754.146
probabilities_array:[0.        0.5060502 0.4939498]

rule15: total_rooms > 4118.457
probabilities_array:[0.04293974 0.4284772  0.52858305]

rule4: latitude < 34.194
probabilities_array:[0.        0.4276565 0.5723435]

rule14: 2635.600 < total_rooms < 4118.457
probabilities_array:[0.02469412 0.34546292 0.629843  ]

rule30: 3.865 < median_income < 5.149
probabilities_array:[0.02180143 0.3309303  0.64726835]

rule19: total_bedrooms > 817.157
probabilities_array:[0.         0.3022729  0.69772714]

rule2: -119.571 < longitude < -118.218
probabilities_array:[0.03641432 0.2799986  0.68358713]

rule5: 34.194 < latitude < 35.639
probabilities_array:[0.         0.2967783  0.70322174]

rule39: ocean_proximity_NEAR OCEAN = 1.0
probabilities_array:[0.09426923 0.19841595 0.70731485]

rule26: 498.515 < households < 754.146
probabilities_array:[0.         0.21380866 0.78619134]

