R2: 0.8309547611645669


MAE: 30646.640589160215


Accuracy: 0.8184627095327286


F1: 0.8185554903112156


Most important rules
-----------------------------

---0---
rule28: median_income < 2.598
probabilities_array:[0.8469209 0.        0.1530791]

rule23: population > 2183.282
probabilities_array:[0.70443773 0.         0.29556227]

rule33: ocean_proximity_INLAND = 1.0
probabilities_array:[0.6154608 0.        0.3845392]

rule29: 2.598 < median_income < 3.883
probabilities_array:[0.51849556 0.         0.48150444]

rule7: latitude > 37.054
probabilities_array:[0.4641319 0.        0.5358681]

rule3: longitude > -118.211
probabilities_array:[0.45820284 0.         0.54179716]

rule22: 1425.003 < population < 2183.282
probabilities_array:[0.439134 0.       0.560866]

rule12: total_rooms < 1181.155
probabilities_array:[0.4167964  0.02318809 0.5600155 ]

rule16: total_bedrooms < 256.302
probabilities_array:[0.36582485 0.         0.6341752 ]

rule24: households < 244.113
probabilities_array:[0.3406956  0.         0.65930444]

rule6: 35.618 < latitude < 37.054
probabilities_array:[0.32955408 0.         0.6704459 ]

rule1: -120.912 < longitude < -119.562
probabilities_array:[0.2383566  0.00595641 0.75568706]

rule8: housing_median_age < 20.137
probabilities_array:[0.23405837 0.         0.7659416 ]

rule25: 244.113 < households < 499.886
probabilities_array:[0.22125694 0.         0.778743  ]


---1---
rule31: median_income > 5.168
probabilities_array:[0.        0.8527041 0.1472959]

rule35: ocean_proximity_ISLAND = 1.0
probabilities_array:[0.        0.6995712 0.3004288]

rule20: population < 666.724
probabilities_array:[0.         0.6908397  0.30916026]

rule32: ocean_proximity_INLAND = 0.0
probabilities_array:[0.         0.63576686 0.36423317]

rule0: longitude < -120.912
probabilities_array:[0.         0.6202833  0.37971666]

rule27: households > 755.659
probabilities_array:[0.        0.4908985 0.5091015]

rule4: latitude < 34.182
probabilities_array:[0.         0.42324507 0.5767549 ]

rule15: total_rooms > 4098.904
probabilities_array:[0.04856279 0.38011214 0.5713251 ]

rule5: 34.182 < latitude < 35.618
probabilities_array:[0.        0.3880241 0.6119759]

rule14: 2640.029 < total_rooms < 4098.904
probabilities_array:[0.01912616 0.33421847 0.6466554 ]

rule30: 3.883 < median_income < 5.168
probabilities_array:[0.01609815 0.3179561  0.66594577]

rule19: total_bedrooms > 816.938
probabilities_array:[0.         0.32348427 0.6765157 ]

rule2: -119.562 < longitude < -118.211
probabilities_array:[0.04899676 0.20413627 0.74686706]

rule26: 499.886 < households < 755.659
probabilities_array:[0.        0.2133009 0.7866991]

