R2: 0.8359277763550701


MAE: 30470.20478280516


Accuracy: 0.8222950647195815


F1: 0.8223722842043453


Most important rules
-----------------------------

---0---
rule28: median_income < 2.596
probabilities_array:[0.8232345  0.         0.17676553]

rule23: population > 2205.180
probabilities_array:[0.69621074 0.         0.3037893 ]

rule33: ocean_proximity_INLAND = 1.0
probabilities_array:[0.68407387 0.         0.3159261 ]

rule12: total_rooms < 1151.709
probabilities_array:[0.60498464 0.0174465  0.37756887]

rule7: latitude > 37.050
probabilities_array:[0.579321 0.       0.420679]

rule29: 2.596 < median_income < 3.890
probabilities_array:[0.533083 0.       0.466917]

rule3: longitude > -118.212
probabilities_array:[0.5292723  0.         0.47072768]

rule22: 1435.116 < population < 2205.180
probabilities_array:[3.7871906e-01 1.9345565e-04 6.2108749e-01]

rule24: households < 239.427
probabilities_array:[0.3743799 0.        0.6256201]

rule6: 35.616 < latitude < 37.050
probabilities_array:[0.3666714  0.         0.63332856]

rule16: total_bedrooms < 251.000
probabilities_array:[0.28211206 0.         0.71788794]

rule25: 239.427 < households < 502.768
probabilities_array:[0.25958005 0.         0.74042   ]

rule1: -120.914 < longitude < -119.563
probabilities_array:[0.21013863 0.03221824 0.75764316]


---1---
rule31: median_income > 5.185
probabilities_array:[0.         0.8315374  0.16846257]

rule35: ocean_proximity_ISLAND = 1.0
probabilities_array:[0.         0.7743276  0.22567241]

rule20: population < 665.051
probabilities_array:[0.         0.74317825 0.25682178]

rule0: longitude < -120.914
probabilities_array:[0.         0.68496317 0.31503686]

rule32: ocean_proximity_INLAND = 0.0
probabilities_array:[0.         0.5883887  0.41161135]

rule4: latitude < 34.182
probabilities_array:[0.         0.47819695 0.521803  ]

rule15: total_rooms > 4157.966
probabilities_array:[0.03048973 0.4217865  0.5477238 ]

rule27: households > 766.108
probabilities_array:[0.        0.4034524 0.5965476]

rule5: 34.182 < latitude < 35.616
probabilities_array:[0.         0.38260597 0.61739403]

rule19: total_bedrooms > 829.566
probabilities_array:[0.         0.33867446 0.6613255 ]

rule30: 3.890 < median_income < 5.185
probabilities_array:[0.03842134 0.31908613 0.64249253]

rule21: 665.051 < population < 1435.116
probabilities_array:[0.         0.29792002 0.70207995]

rule14: 2654.837 < total_rooms < 4157.966
probabilities_array:[0.0143956  0.27038583 0.7152186 ]

rule9: 20.125 < housing_median_age < 28.597
probabilities_array:[0.01802223 0.22463766 0.75734013]

