R2: 0.8379334300308656


MAE: 30643.62074624743


Accuracy: 0.8213611502460412


F1: 0.8214914856136231


Most important rules
-----------------------------

---0---
rule28: median_income < 2.583
probabilities_array:[0.7698207  0.         0.23017931]

rule23: population > 2156.698
probabilities_array:[0.71050537 0.         0.28949466]

rule33: ocean_proximity_INLAND = 1.0
probabilities_array:[0.6430169  0.         0.35698313]

rule3: longitude > -118.232
probabilities_array:[0.50396466 0.         0.49603534]

rule22: 1418.497 < population < 2156.698
probabilities_array:[0.44068798 0.         0.55931205]

rule12: total_rooms < 1177.637
probabilities_array:[0.41595116 0.01784136 0.56620747]

rule7: latitude > 37.087
probabilities_array:[0.36765936 0.         0.63234067]

rule29: 2.583 < median_income < 3.850
probabilities_array:[0.35136288 0.         0.6486371 ]

rule1: -120.931 < longitude < -119.582
probabilities_array:[0.31471807 0.03802908 0.6472529 ]

rule24: households < 242.652
probabilities_array:[0.328957 0.       0.671043]

rule6: 35.646 < latitude < 37.087
probabilities_array:[0.27772644 0.02599252 0.696281  ]

rule16: total_bedrooms < 256.190
probabilities_array:[0.28612876 0.         0.71387124]

rule8: housing_median_age < 20.177
probabilities_array:[0.27144894 0.         0.72855103]

rule37: ocean_proximity_NEAR BAY = 1.0
probabilities_array:[0.19061996 0.05930499 0.75007504]


---1---
rule31: median_income > 5.117
probabilities_array:[0.         0.90200627 0.09799375]

rule35: ocean_proximity_ISLAND = 1.0
probabilities_array:[0.         0.6593509  0.34064916]

rule20: population < 680.296
probabilities_array:[0.       0.639672 0.360328]

rule32: ocean_proximity_INLAND = 0.0
probabilities_array:[0.         0.62182295 0.37817705]

rule27: households > 753.922
probabilities_array:[0.         0.51888174 0.48111823]

rule30: 3.850 < median_income < 5.117
probabilities_array:[0.         0.46399042 0.5360096 ]

rule0: longitude < -120.931
probabilities_array:[0.         0.46348602 0.536514  ]

rule19: total_bedrooms > 814.339
probabilities_array:[0.        0.3804615 0.6195385]

rule15: total_rooms > 4075.768
probabilities_array:[0.05991713 0.34713396 0.5929489 ]

rule4: latitude < 34.205
probabilities_array:[0.         0.3626512  0.63734883]

rule14: 2626.703 < total_rooms < 4075.768
probabilities_array:[0.02312257 0.33386296 0.64301443]

rule2: -119.582 < longitude < -118.232
probabilities_array:[0.06926395 0.23192531 0.6988108 ]

rule26: 498.287 < households < 753.922
probabilities_array:[0.         0.20892905 0.79107094]

