R2: 0.8369732066517506


MAE: 30388.58577464401


Accuracy: 0.830547263681592


F1: 0.8305930710510864


Most important rules
-----------------------------

---0---
rule28: median_income < 2.588
probabilities_array:[0.72959954 0.         0.27040046]

rule23: population > 2201.221
probabilities_array:[0.6938585 0.        0.3061415]

rule33: ocean_proximity_INLAND = 1.0
probabilities_array:[0.5107743  0.         0.48922572]

rule12: total_rooms < 1147.213
probabilities_array:[0.50022495 0.00107425 0.4987008 ]

rule22: 1424.795 < population < 2201.221
probabilities_array:[0.47044253 0.         0.52955747]

rule3: longitude > -118.216
probabilities_array:[0.46968663 0.         0.5303134 ]

rule16: total_bedrooms < 249.110
probabilities_array:[0.32586685 0.         0.6741331 ]

rule7: latitude > 37.061
probabilities_array:[0.32585305 0.         0.67414695]

rule24: households < 237.932
probabilities_array:[0.31562725 0.         0.6843728 ]

rule29: 2.588 < median_income < 3.873
probabilities_array:[0.29621208 0.         0.7037879 ]

rule1: -120.914 < longitude < -119.565
probabilities_array:[2.9180846e-01 8.0620695e-05 7.0811081e-01]

rule25: 237.932 < households < 500.080
probabilities_array:[0.26602915 0.         0.7339709 ]

rule8: housing_median_age < 20.055
probabilities_array:[0.2527693 0.        0.7472307]

rule6: 35.625 < latitude < 37.061
probabilities_array:[0.22361995 0.02581032 0.75056976]

rule37: ocean_proximity_NEAR BAY = 1.0
probabilities_array:[0.21366926 0.02104818 0.7652826 ]


---1---
rule31: median_income > 5.158
probabilities_array:[0.         0.8966432  0.10335681]

rule32: ocean_proximity_INLAND = 0.0
probabilities_array:[0.         0.7272566  0.27274337]

rule35: ocean_proximity_ISLAND = 1.0
probabilities_array:[0.        0.6811462 0.3188538]

rule20: population < 648.370
probabilities_array:[0.         0.6045884  0.39541164]

rule30: 3.873 < median_income < 5.158
probabilities_array:[0.         0.50695544 0.49304458]

rule0: longitude < -120.914
probabilities_array:[0.         0.4298816  0.57011837]

rule15: total_rooms > 4129.347
probabilities_array:[0.02331074 0.36480057 0.6118887 ]

rule19: total_bedrooms > 825.425
probabilities_array:[0.        0.3259275 0.6740725]

rule27: households > 762.229
probabilities_array:[0.         0.31973326 0.68026674]

rule4: latitude < 34.190
probabilities_array:[0.         0.30122966 0.69877034]

rule5: 34.190 < latitude < 35.625
probabilities_array:[0.        0.2589758 0.7410242]

rule14: 2638.280 < total_rooms < 4129.347
probabilities_array:[0.01526117 0.24169156 0.74304724]

rule2: -119.565 < longitude < -118.216
probabilities_array:[0.043285   0.22116452 0.73555046]

