R2: 0.821387817160473


MAE: 31233.375638808353


Accuracy: 0.8203255750246243


F1: 0.8204638872577804


Most important rules
-----------------------------

---0---
rule28: median_income < 2.603
probabilities_array:[0.80397093 0.         0.19602904]

rule23: population > 2208.001
probabilities_array:[0.7033658  0.         0.29663423]

rule33: ocean_proximity_INLAND = 1.0
probabilities_array:[0.61466455 0.         0.38533545]

rule12: total_rooms < 1156.697
probabilities_array:[0.49506092 0.02697964 0.47795948]

rule3: longitude > -118.221
probabilities_array:[0.48560476 0.         0.51439524]

rule22: 1428.949 < population < 2208.001
probabilities_array:[4.3038842e-01 6.8381174e-05 5.6954324e-01]

rule29: 2.603 < median_income < 3.897
probabilities_array:[0.42938694 0.         0.570613  ]

rule7: latitude > 37.066
probabilities_array:[0.4124358  0.         0.58756423]

rule24: households < 241.100
probabilities_array:[0.37796792 0.         0.62203205]

rule6: 35.627 < latitude < 37.066
probabilities_array:[0.29972842 0.0034075  0.69686407]

rule16: total_bedrooms < 252.866
probabilities_array:[0.2554533 0.        0.7445467]

rule25: 241.100 < households < 500.957
probabilities_array:[0.23776197 0.         0.762238  ]

rule34: ocean_proximity_ISLAND = 0.0
probabilities_array:[2.2960056e-01 1.8188270e-04 7.7021754e-01]

rule1: -120.918 < longitude < -119.570
probabilities_array:[0.20352553 0.03446065 0.7620138 ]


---1---
rule31: median_income > 5.190
probabilities_array:[0.         0.8675154  0.13248463]

rule35: ocean_proximity_ISLAND = 1.0
probabilities_array:[0.        0.7066717 0.2933283]

rule20: population < 649.897
probabilities_array:[0.         0.68825585 0.31174418]

rule32: ocean_proximity_INLAND = 0.0
probabilities_array:[0.         0.6220472  0.37795278]

rule0: longitude < -120.918
probabilities_array:[0.         0.53775537 0.46224463]

rule27: households > 760.813
probabilities_array:[0.         0.44621828 0.55378175]

rule4: latitude < 34.189
probabilities_array:[0.         0.42209044 0.5779096 ]

rule30: 3.897 < median_income < 5.190
probabilities_array:[0.         0.41711888 0.58288115]

rule15: total_rooms > 4153.907
probabilities_array:[0.05654532 0.34450036 0.5989543 ]

rule19: total_bedrooms > 823.605
probabilities_array:[0.         0.35179096 0.64820904]

rule5: 34.189 < latitude < 35.627
probabilities_array:[0.         0.26870263 0.7312974 ]

rule14: 2655.302 < total_rooms < 4153.907
probabilities_array:[0.04595628 0.24530655 0.70873713]

rule2: -119.570 < longitude < -118.221
probabilities_array:[0.04130391 0.22841865 0.7302774 ]

rule37: ocean_proximity_NEAR BAY = 1.0
probabilities_array:[0.12669922 0.155677   0.7176238 ]

rule11: housing_median_age > 37.081
probabilities_array:[0.00427657 0.19812296 0.79760045]

