R2: 0.8375353942276142


MAE: 30549.763665567196


Accuracy: 0.8229385884713496


F1: 0.8229594832648268


Most important rules
-----------------------------

---0---
rule28: median_income < 2.587
probabilities_array:[0.82885706 0.         0.17114297]

rule23: population > 2197.988
probabilities_array:[0.76240265 0.         0.23759733]

rule33: ocean_proximity_INLAND = 1.0
probabilities_array:[0.6360279  0.         0.36397216]

rule3: longitude > -118.218
probabilities_array:[0.57207507 0.         0.42792493]

rule12: total_rooms < 1166.846
probabilities_array:[0.5563947  0.02134957 0.42225572]

rule22: 1424.154 < population < 2197.988
probabilities_array:[0.5560356 0.        0.4439644]

rule29: 2.587 < median_income < 3.876
probabilities_array:[0.5378188  0.         0.46218118]

rule7: latitude > 37.074
probabilities_array:[0.45475549 0.         0.5452445 ]

rule24: households < 239.063
probabilities_array:[0.3728826 0.        0.6271174]

rule1: -120.926 < longitude < -119.572
probabilities_array:[0.29104406 0.04310643 0.6658495 ]

rule6: 35.632 < latitude < 37.074
probabilities_array:[0.30498558 0.         0.6950144 ]

rule16: total_bedrooms < 252.179
probabilities_array:[0.28818488 0.         0.7118151 ]

rule8: housing_median_age < 20.072
probabilities_array:[0.26964694 0.         0.73035306]

rule25: 239.063 < households < 498.868
probabilities_array:[0.23659709 0.         0.76340294]


---1---
rule31: median_income > 5.165
probabilities_array:[0.         0.84224385 0.15775613]

rule20: population < 650.321
probabilities_array:[0.        0.7063514 0.2936486]

rule32: ocean_proximity_INLAND = 0.0
probabilities_array:[0.        0.6489976 0.3510024]

rule35: ocean_proximity_ISLAND = 1.0
probabilities_array:[0.         0.5285608  0.47143915]

rule27: households > 758.672
probabilities_array:[0.         0.46497303 0.53502697]

rule0: longitude < -120.926
probabilities_array:[0.         0.46311724 0.53688276]

rule15: total_rooms > 4091.165
probabilities_array:[0.05902605 0.4091239  0.53185004]

rule19: total_bedrooms > 819.746
probabilities_array:[0.        0.3819792 0.6180208]

rule30: 3.876 < median_income < 5.165
probabilities_array:[0.02814384 0.34944192 0.62241423]

rule4: latitude < 34.191
probabilities_array:[0.         0.36158136 0.6384186 ]

rule39: ocean_proximity_NEAR OCEAN = 1.0
probabilities_array:[0.08533515 0.24120928 0.67345554]

rule14: 2629.006 < total_rooms < 4091.165
probabilities_array:[0.03670646 0.24910632 0.71418726]

rule5: 34.191 < latitude < 35.632
probabilities_array:[0.         0.23156701 0.768433  ]

rule18: 535.962 < total_bedrooms < 819.746
probabilities_array:[0.         0.21435188 0.7856481 ]

