R2: 0.830924456715662


MAE: 31160.18958730916


Accuracy: 0.8208004200752934


F1: 0.8209042865531415


Most important rules
-----------------------------

---0---
rule28: median_income < 2.581
probabilities_array:[0.748302   0.         0.25169802]

rule23: population > 2212.918
probabilities_array:[0.64208174 0.         0.35791826]

rule33: ocean_proximity_INLAND = 1.0
probabilities_array:[0.5558894  0.         0.44411057]

rule3: longitude > -118.213
probabilities_array:[0.53215456 0.         0.46784544]

rule12: total_rooms < 1146.864
probabilities_array:[0.47906423 0.01648388 0.50445193]

rule7: latitude > 37.073
probabilities_array:[0.40460145 0.         0.59539855]

rule24: households < 240.026
probabilities_array:[0.38173366 0.         0.61826634]

rule22: 1428.007 < population < 2212.918
probabilities_array:[0.37510684 0.         0.6248932 ]

rule16: total_bedrooms < 251.140
probabilities_array:[0.37336215 0.         0.6266379 ]

rule1: -120.915 < longitude < -119.564
probabilities_array:[0.34127668 0.         0.6587233 ]

rule6: 35.631 < latitude < 37.073
probabilities_array:[0.31955567 0.         0.6804443 ]

rule8: housing_median_age < 20.146
probabilities_array:[0.27333087 0.         0.72666913]

rule29: 2.581 < median_income < 3.845
probabilities_array:[0.25494242 0.00463715 0.7404204 ]

rule25: 240.026 < households < 500.521
probabilities_array:[0.25179473 0.         0.7482053 ]

rule34: ocean_proximity_ISLAND = 0.0
probabilities_array:[0.24377875 0.         0.75622123]

rule37: ocean_proximity_NEAR BAY = 1.0
probabilities_array:[0.17981718 0.09185297 0.72832984]


---1---
rule31: median_income > 5.110
probabilities_array:[0.         0.90828025 0.09171973]

rule35: ocean_proximity_ISLAND = 1.0
probabilities_array:[0.         0.74932    0.25068003]

rule32: ocean_proximity_INLAND = 0.0
probabilities_array:[0.         0.7066286  0.29337135]

rule20: population < 643.097
probabilities_array:[0.         0.701902   0.29809806]

rule30: 3.845 < median_income < 5.110
probabilities_array:[0.         0.5437656  0.45623437]

rule27: households > 761.017
probabilities_array:[0.        0.4170186 0.5829814]

rule0: longitude < -120.915
probabilities_array:[0.         0.41058436 0.5894156 ]

rule15: total_rooms > 4135.416
probabilities_array:[0.05051994 0.36954924 0.5799307 ]

rule4: latitude < 34.189
probabilities_array:[0.        0.3171681 0.6828319]

rule5: 34.189 < latitude < 35.631
probabilities_array:[0.        0.2847045 0.7152955]

rule19: total_bedrooms > 826.360
probabilities_array:[0.         0.26532227 0.73467773]

rule14: 2641.140 < total_rooms < 4135.416
probabilities_array:[0.04805452 0.20403291 0.7479125 ]

