R2: 0.8364215833614062


MAE: 30458.507128963593


Accuracy: 0.8257356061590095


F1: 0.8257486788021139


Most important rules
-----------------------------

---0---
rule28: median_income < 2.591
probabilities_array:[0.779975   0.         0.22002499]

rule23: population > 2195.657
probabilities_array:[0.66856855 0.         0.33143145]

rule33: ocean_proximity_INLAND = 1.0
probabilities_array:[0.63249755 0.         0.36750242]

rule7: latitude > 37.084
probabilities_array:[0.57095057 0.         0.4290494 ]

rule3: longitude > -118.227
probabilities_array:[0.5504103  0.         0.44958973]

rule12: total_rooms < 1163.076
probabilities_array:[0.5135369  0.02599757 0.46046552]

rule24: households < 241.924
probabilities_array:[0.47173375 0.         0.52826625]

rule29: 2.591 < median_income < 3.877
probabilities_array:[0.38763356 0.         0.61236644]

rule6: 35.640 < latitude < 37.084
probabilities_array:[0.35329977 0.         0.64670026]

rule22: 1422.677 < population < 2195.657
probabilities_array:[0.3091749 0.        0.6908251]

rule25: 241.924 < households < 499.389
probabilities_array:[0.29557863 0.         0.7044214 ]

rule8: housing_median_age < 20.128
probabilities_array:[0.2514054 0.        0.7485946]

rule1: -120.937 < longitude < -119.582
probabilities_array:[0.22135793 0.0388163  0.7398258 ]

rule16: total_bedrooms < 254.436
probabilities_array:[0.21406852 0.         0.78593147]

rule36: ocean_proximity_NEAR BAY = 0.0
probabilities_array:[0.17730685 0.07887149 0.7438217 ]

rule38: ocean_proximity_NEAR OCEAN = 0.0
probabilities_array:[0.20459007 0.00554049 0.7898694 ]


---1---
rule31: median_income > 5.164
probabilities_array:[0.         0.87179786 0.12820216]

rule20: population < 649.697
probabilities_array:[0.         0.75375235 0.24624765]

rule35: ocean_proximity_ISLAND = 1.0
probabilities_array:[0.        0.6525647 0.3474353]

rule0: longitude < -120.937
probabilities_array:[0.         0.6503685  0.34963146]

rule32: ocean_proximity_INLAND = 0.0
probabilities_array:[0.         0.61421484 0.38578516]

rule4: latitude < 34.197
probabilities_array:[0.         0.48835573 0.5116443 ]

rule15: total_rooms > 4112.700
probabilities_array:[0.03942201 0.4562921  0.50428593]

rule30: 3.877 < median_income < 5.164
probabilities_array:[0.         0.45251417 0.5474858 ]

rule27: households > 756.855
probabilities_array:[0.         0.4207755  0.57922447]

rule14: 2637.888 < total_rooms < 4112.700
probabilities_array:[0.0308244  0.30795828 0.66121733]

rule21: 649.697 < population < 1422.677
probabilities_array:[0.        0.3175208 0.6824792]

rule19: total_bedrooms > 818.934
probabilities_array:[0.         0.31616879 0.6838312 ]

rule5: 34.197 < latitude < 35.640
probabilities_array:[0.         0.30341813 0.6965819 ]

rule2: -119.582 < longitude < -118.227
probabilities_array:[0.0592924  0.17380626 0.7669013 ]

