R2: 0.8262931914776808


MAE: 31457.133200716566


Accuracy: 0.8257482244282902


F1: 0.8257486788021139


Most important rules
-----------------------------

---0---
rule28: median_income < 2.588
probabilities_array:[0.8468755  0.         0.15312453]

rule23: population > 2185.514
probabilities_array:[0.70398176 0.         0.29601824]

rule33: ocean_proximity_INLAND = 1.0
probabilities_array:[0.59251887 0.         0.40748113]

rule3: longitude > -118.228
probabilities_array:[0.56062365 0.         0.43937635]

rule12: total_rooms < 1179.922
probabilities_array:[0.528126   0.03221079 0.43966323]

rule29: 2.588 < median_income < 3.861
probabilities_array:[0.54163915 0.         0.45836082]

rule22: 1423.242 < population < 2185.514
probabilities_array:[0.48114926 0.         0.51885074]

rule24: households < 244.944
probabilities_array:[0.40020683 0.         0.59979314]

rule7: latitude > 37.079
probabilities_array:[0.34681764 0.         0.6531823 ]

rule1: -120.935 < longitude < -119.582
probabilities_array:[0.32989132 0.00203896 0.6680697 ]

rule16: total_bedrooms < 258.199
probabilities_array:[0.27648062 0.         0.7235194 ]

rule25: 244.944 < households < 497.522
probabilities_array:[0.23664382 0.         0.76335615]

rule8: housing_median_age < 20.156
probabilities_array:[0.23549382 0.         0.76450616]

rule6: 35.638 < latitude < 37.079
probabilities_array:[0.22282773 0.01063629 0.766536  ]


---1---
rule31: median_income > 5.135
probabilities_array:[0.         0.8268271  0.17317288]

rule35: ocean_proximity_ISLAND = 1.0
probabilities_array:[0.         0.7921917  0.20780835]

rule20: population < 660.970
probabilities_array:[0.         0.65882844 0.34117153]

rule32: ocean_proximity_INLAND = 0.0
probabilities_array:[0.         0.6415723  0.35842773]

rule0: longitude < -120.935
probabilities_array:[0.         0.47827065 0.52172935]

rule27: households > 750.100
probabilities_array:[0.        0.4758426 0.5241574]

rule4: latitude < 34.197
probabilities_array:[0.         0.46519083 0.5348092 ]

rule15: total_rooms > 4050.467
probabilities_array:[0.04566244 0.35710075 0.5972368 ]

rule5: 34.197 < latitude < 35.638
probabilities_array:[0.        0.3689823 0.6310177]

rule30: 3.861 < median_income < 5.135
probabilities_array:[0.03972969 0.26427445 0.6959958 ]

rule14: 2615.194 < total_rooms < 4050.467
probabilities_array:[0.03015275 0.25100407 0.7188432 ]

rule19: total_bedrooms > 809.875
probabilities_array:[0.         0.25507423 0.74492574]

rule39: ocean_proximity_NEAR OCEAN = 1.0
probabilities_array:[0.06450025 0.19515342 0.7403463 ]

rule11: housing_median_age > 37.159
probabilities_array:[0.       0.207586 0.792414]

