R2: 0.839398391432463


MAE: 30325.309568018754


Accuracy: 0.830426797353292


F1: 0.8304462712859659


Most important rules
-----------------------------

---0---
rule28: median_income < 2.589
probabilities_array:[0.7625754  0.         0.23742461]

rule23: population > 2202.348
probabilities_array:[0.7203314 0.        0.2796686]

rule33: ocean_proximity_INLAND = 1.0
probabilities_array:[0.6254573  0.         0.37454268]

rule3: longitude > -118.207
probabilities_array:[0.55320174 0.         0.4467983 ]

rule12: total_rooms < 1186.829
probabilities_array:[0.52023786 0.0265089  0.45325324]

rule7: latitude > 37.063
probabilities_array:[0.4865677 0.        0.5134323]

rule22: 1428.798 < population < 2202.348
probabilities_array:[0.4657567 0.        0.5342433]

rule24: households < 244.527
probabilities_array:[0.36543941 0.         0.6345606 ]

rule29: 2.589 < median_income < 3.855
probabilities_array:[0.3445776 0.        0.6554224]

rule6: 35.622 < latitude < 37.063
probabilities_array:[0.30932677 0.         0.69067323]

rule16: total_bedrooms < 256.643
probabilities_array:[0.30649582 0.         0.69350415]

rule1: -120.914 < longitude < -119.561
probabilities_array:[0.27618778 0.         0.7238122 ]

rule8: housing_median_age < 20.187
probabilities_array:[0.26594812 0.         0.7340519 ]

rule25: 244.527 < households < 501.309
probabilities_array:[0.25307414 0.         0.74692583]

rule37: ocean_proximity_NEAR BAY = 1.0
probabilities_array:[0.15225098 0.1237235  0.72402555]


---1---
rule31: median_income > 5.121
probabilities_array:[0.         0.8822394  0.11776061]

rule35: ocean_proximity_ISLAND = 1.0
probabilities_array:[0.         0.8292544  0.17074558]

rule20: population < 655.248
probabilities_array:[0.         0.6965981  0.30340186]

rule32: ocean_proximity_INLAND = 0.0
probabilities_array:[0.         0.637575   0.36242506]

rule0: longitude < -120.914
probabilities_array:[0.         0.5630062  0.43699375]

rule30: 3.855 < median_income < 5.121
probabilities_array:[0.         0.45137858 0.5486214 ]

rule27: households > 758.090
probabilities_array:[0.         0.4489772  0.55102277]

rule4: latitude < 34.182
probabilities_array:[0.        0.4451191 0.5548809]

rule15: total_rooms > 4092.192
probabilities_array:[0.05280393 0.41234562 0.5348504 ]

rule5: 34.182 < latitude < 35.622
probabilities_array:[0.        0.4069145 0.5930855]

rule19: total_bedrooms > 820.580
probabilities_array:[0.         0.33633178 0.6636682 ]

rule14: 2639.510 < total_rooms < 4092.192
probabilities_array:[0.04301015 0.275037   0.6819529 ]

