R2: 0.8212234890413131


MAE: 31632.55196711685


Accuracy: 0.815471800505479


F1: 0.8154726952436876


Most important rules
-----------------------------

---0---
rule28: median_income < 2.599
probabilities_array:[0.74833614 0.         0.2516639 ]

rule23: population > 2201.612
probabilities_array:[0.696354   0.         0.30364603]

rule33: ocean_proximity_INLAND = 1.0
probabilities_array:[0.6281457  0.         0.37185434]

rule3: longitude > -118.223
probabilities_array:[0.5786464  0.         0.42135358]

rule7: latitude > 37.075
probabilities_array:[0.5565608  0.         0.44343922]

rule12: total_rooms < 1162.080
probabilities_array:[0.53843373 0.02677942 0.43478686]

rule24: households < 241.508
probabilities_array:[0.45854518 0.         0.54145485]

rule6: 35.635 < latitude < 37.075
probabilities_array:[0.41919032 0.         0.5808097 ]

rule22: 1431.259 < population < 2201.612
probabilities_array:[0.4045728  0.         0.59542716]

rule16: total_bedrooms < 253.194
probabilities_array:[0.32763216 0.         0.6723678 ]

rule8: housing_median_age < 20.192
probabilities_array:[0.32553998 0.         0.67446005]

rule1: -120.928 < longitude < -119.575
probabilities_array:[0.2880666  0.00764159 0.7042918 ]

rule25: 241.508 < households < 500.623
probabilities_array:[0.2905314 0.        0.7094686]

rule29: 2.599 < median_income < 3.874
probabilities_array:[0.2543758  0.03493178 0.71069247]

rule37: ocean_proximity_NEAR BAY = 1.0
probabilities_array:[0.16722362 0.11149008 0.7212863 ]


---1---
rule31: median_income > 5.148
probabilities_array:[0.         0.92181975 0.07818024]

rule20: population < 660.907
probabilities_array:[0.         0.7360852  0.26391482]

rule35: ocean_proximity_ISLAND = 1.0
probabilities_array:[0.         0.67334676 0.32665327]

rule32: ocean_proximity_INLAND = 0.0
probabilities_array:[0.         0.6449346  0.35506538]

rule30: 3.874 < median_income < 5.148
probabilities_array:[0.        0.5834585 0.4165415]

rule0: longitude < -120.928
probabilities_array:[0.         0.5683923  0.43160772]

rule27: households > 759.738
probabilities_array:[0.        0.4163983 0.5836017]

rule15: total_rooms > 4138.192
probabilities_array:[0.06031702 0.37631506 0.56336784]

rule4: latitude < 34.196
probabilities_array:[0.         0.37291715 0.6270828 ]

rule19: total_bedrooms > 823.463
probabilities_array:[0.         0.34457782 0.6554222 ]

rule14: 2650.136 < total_rooms < 4138.192
probabilities_array:[0.0658957  0.22108252 0.7130219 ]

rule5: 34.196 < latitude < 35.635
probabilities_array:[0.         0.23617809 0.7638219 ]

