R2: 0.8241006567786842


MAE: 31547.663448922856


Accuracy: 0.8182426979663371


F1: 0.8182618907809748


Most important rules
-----------------------------

---0---
rule28: median_income < 2.598
probabilities_array:[0.77300376 0.         0.22699624]

rule23: population > 2176.360
probabilities_array:[0.7317896 0.        0.2682104]

rule7: latitude > 37.082
probabilities_array:[0.6256274 0.        0.3743726]

rule33: ocean_proximity_INLAND = 1.0
probabilities_array:[0.598407   0.         0.40159306]

rule3: longitude > -118.228
probabilities_array:[0.595801 0.       0.404199]

rule12: total_rooms < 1179.238
probabilities_array:[0.48119807 0.02587841 0.49292353]

rule22: 1427.352 < population < 2176.360
probabilities_array:[0.49142924 0.         0.5085708 ]

rule6: 35.640 < latitude < 37.082
probabilities_array:[0.40657496 0.         0.59342504]

rule24: households < 245.260
probabilities_array:[0.37516093 0.         0.62483907]

rule29: 2.598 < median_income < 3.879
probabilities_array:[0.36429903 0.         0.63570094]

rule16: total_bedrooms < 257.121
probabilities_array:[0.28551307 0.         0.71448696]

rule8: housing_median_age < 20.157
probabilities_array:[0.26475126 0.         0.73524874]

rule1: -120.937 < longitude < -119.583
probabilities_array:[0.2196712  0.03245775 0.74787104]


---1---
rule31: median_income > 5.160
probabilities_array:[0.         0.89088666 0.10911334]

rule35: ocean_proximity_ISLAND = 1.0
probabilities_array:[0.         0.7223543  0.27764568]

rule20: population < 678.343
probabilities_array:[0.         0.65625095 0.34374902]

rule0: longitude < -120.937
probabilities_array:[0.       0.637754 0.362246]

rule32: ocean_proximity_INLAND = 0.0
probabilities_array:[0.         0.6292954  0.37070456]

rule30: 3.879 < median_income < 5.160
probabilities_array:[0.         0.48937148 0.5106285 ]

rule27: households > 757.448
probabilities_array:[0.         0.4785156  0.52148443]

rule4: latitude < 34.198
probabilities_array:[0.        0.4279505 0.5720495]

rule15: total_rooms > 4110.645
probabilities_array:[0.04321906 0.3754282  0.58135265]

rule19: total_bedrooms > 818.984
probabilities_array:[0.         0.33361143 0.6663886 ]

rule14: 2644.941 < total_rooms < 4110.645
probabilities_array:[0.03326375 0.2471436  0.7195927 ]

rule5: 34.198 < latitude < 35.640
probabilities_array:[0.         0.25236705 0.7476329 ]

rule39: ocean_proximity_NEAR OCEAN = 1.0
probabilities_array:[0.10649107 0.17053488 0.72297394]

