R2: 0.8299219138947584


MAE: 31061.132565348835


Accuracy: 0.8206002331002331


F1: 0.8206106870229007


Most important rules
-----------------------------

---0---
rule28: median_income < 2.593
probabilities_array:[0.83363765 0.         0.16636236]

rule33: ocean_proximity_INLAND = 1.0
probabilities_array:[0.70884985 0.         0.29115012]

rule23: population > 2177.187
probabilities_array:[0.6452884 0.        0.3547116]

rule12: total_rooms < 1156.863
probabilities_array:[0.5288299  0.01309667 0.45807344]

rule29: 2.593 < median_income < 3.875
probabilities_array:[0.51540947 0.         0.48459053]

rule3: longitude > -118.209
probabilities_array:[0.40938565 0.         0.5906144 ]

rule7: latitude > 37.060
probabilities_array:[0.38059512 0.         0.6194049 ]

rule22: 1423.934 < population < 2177.187
probabilities_array:[0.36904967 0.         0.63095033]

rule24: households < 240.516
probabilities_array:[0.33956945 0.         0.66043055]

rule1: -120.908 < longitude < -119.558
probabilities_array:[0.32015455 0.03512469 0.6447208 ]

rule6: 35.620 < latitude < 37.060
probabilities_array:[0.3072112  0.         0.69278884]

rule16: total_bedrooms < 253.269
probabilities_array:[0.26404268 0.         0.7359573 ]

rule8: housing_median_age < 20.197
probabilities_array:[0.26019195 0.         0.739808  ]


---1---
rule31: median_income > 5.157
probabilities_array:[0.         0.83619946 0.16380055]

rule35: ocean_proximity_ISLAND = 1.0
probabilities_array:[0.        0.7208594 0.2791406]

rule20: population < 670.681
probabilities_array:[0.         0.713744   0.28625602]

rule32: ocean_proximity_INLAND = 0.0
probabilities_array:[0.         0.5531296  0.44687042]

rule0: longitude < -120.908
probabilities_array:[0.         0.4653388  0.53466123]

rule27: households > 760.059
probabilities_array:[0.         0.4510297  0.54897034]

rule15: total_rooms > 4108.382
probabilities_array:[0.0252954  0.38585475 0.5888499 ]

rule30: 3.875 < median_income < 5.157
probabilities_array:[0.01736286 0.3153945  0.6672426 ]

rule19: total_bedrooms > 820.681
probabilities_array:[0.         0.32267183 0.67732817]

rule14: 2632.623 < total_rooms < 4108.382
probabilities_array:[0.0155714  0.25780016 0.7266285 ]

rule5: 34.180 < latitude < 35.620
probabilities_array:[0.         0.25126046 0.74873954]

rule4: latitude < 34.180
probabilities_array:[0.         0.23575445 0.76424557]

rule21: 670.681 < population < 1423.934
probabilities_array:[1.6267147e-04 2.3255183e-01 7.6728547e-01]

rule26: 500.287 < households < 760.059
probabilities_array:[6.2785453e-05 2.3095767e-01 7.6897955e-01]

rule2: -119.558 < longitude < -118.209
probabilities_array:[0.02054887 0.19312894 0.7863221 ]

