R2: 0.5415642190916561


MAE: 28191491.82542833


Accuracy: 0.7603921034485694


F1: 0.7611070648215587


Most important rules
-----------------------------

---0---
rule16: num_user_for_reviews < 49.587
probabilities_array:[0.5328616  0.         0.46713838]

rule8: num_voted_users < 2827.190
probabilities_array:[0.44293478 0.         0.55706525]

rule6: 2003.377 < title_year < 2009.907
probabilities_array:[0.34967718 0.         0.6503228 ]

rule51: budget > 224935773.394
probabilities_array:[0.29360119 0.         0.7063988 ]

rule3: imdb_score > 7.197
probabilities_array:[0.2913158 0.        0.7086842]

rule49: -131408223.180 < budget < 46763775.107
probabilities_array:[0.28901553 0.         0.71098447]

rule7: title_year > 2009.907
probabilities_array:[0.25833875 0.         0.74166125]

rule9: 2827.190 < num_voted_users < 95921.074
probabilities_array:[0.24817297 0.         0.751827  ]

rule12: num_critic_for_reviews < 78.118
probabilities_array:[0.23591222 0.         0.7640878 ]


---1---
rule50: 46763775.107 < budget < 224935773.394
probabilities_array:[0.        0.5199545 0.4800455]

rule4: title_year < 1996.848
probabilities_array:[0.         0.4785579  0.52144206]

rule10: 95921.074 < num_voted_users < 189014.959
probabilities_array:[0.         0.47409353 0.5259065 ]

rule11: num_voted_users > 189014.959
probabilities_array:[0.         0.4719464  0.52805364]

rule19: num_user_for_reviews > 577.054
probabilities_array:[0.        0.3676558 0.6323442]

rule1: 5.744 < imdb_score < 6.471
probabilities_array:[0.         0.33450204 0.66549796]

rule0: imdb_score < 5.744
probabilities_array:[0.         0.31525588 0.6847441 ]

rule15: num_critic_for_reviews > 239.317
probabilities_array:[0.         0.30108654 0.69891346]

rule14: 158.718 < num_critic_for_reviews < 239.317
probabilities_array:[0.00508315 0.278797   0.7161199 ]

rule18: 313.320 < num_user_for_reviews < 577.054
probabilities_array:[0.         0.26741534 0.73258466]

rule47: duration > 124.354
probabilities_array:[0.00336681 0.2456996  0.7509335 ]

rule30: 1926.191 < actor_2_facebook_likes < 5037.167
probabilities_array:[0.        0.2279964 0.7720036]

