R2: -8.183521158770299


MAE: 39559634.9271317


Accuracy: 0.7369917428695292


F1: 0.7370721048798252


Most important rules
-----------------------------

---0---
rule16: num_user_for_reviews < 35.726
probabilities_array:[0.47152245 0.         0.52847755]

rule3: imdb_score > 7.217
probabilities_array:[0.3947358 0.        0.6052642]

rule12: num_critic_for_reviews < 76.831
probabilities_array:[0.38590068 0.         0.6140993 ]

rule22: 722.697 < director_facebook_likes < 2652.902
probabilities_array:[0.3668354 0.        0.6331646]

rule9: -4172.283 < num_voted_users < 97353.883
probabilities_array:[0.30366316 0.         0.6963368 ]

rule6: 2003.350 < title_year < 2010.006
probabilities_array:[0.29240686 0.         0.70759314]

rule49: -22764032.662 < budget < 42375230.877
probabilities_array:[0.28751954 0.         0.7124805 ]

rule5: 1996.695 < title_year < 2003.350
probabilities_array:[0.20138581 0.         0.7986142 ]


---1---
rule50: 42375230.877 < budget < 107514494.417
probabilities_array:[0.         0.54428995 0.45571005]

rule4: title_year < 1996.695
probabilities_array:[0.        0.5399476 0.4600524]

rule19: num_user_for_reviews > 588.140
probabilities_array:[0.         0.43903026 0.56096977]

rule10: 97353.883 < num_voted_users < 198880.048
probabilities_array:[0.         0.3876061  0.61239386]

rule11: num_voted_users > 198880.048
probabilities_array:[0.        0.3782035 0.6217965]

rule51: budget > 107514494.417
probabilities_array:[0.         0.35827726 0.64172274]

rule14: 159.341 < num_critic_for_reviews < 241.850
probabilities_array:[0.         0.31483084 0.68516916]

rule15: num_critic_for_reviews > 241.850
probabilities_array:[0.         0.30344373 0.69655627]

rule18: 311.933 < num_user_for_reviews < 588.140
probabilities_array:[0.00689095 0.28069365 0.7124154 ]

rule42: 8861.308 < movie_facebook_likes < 23295.179
probabilities_array:[0.0097506  0.27641204 0.71383744]

rule1: 5.740 < imdb_score < 6.478
probabilities_array:[0.         0.26873687 0.7312631 ]

rule35: actor_3_facebook_likes > 1928.176
probabilities_array:[0.        0.2577302 0.7422698]

rule46: 109.658 < duration < 125.240
probabilities_array:[0.         0.25651145 0.74348855]

rule43: movie_facebook_likes > 23295.179
probabilities_array:[0.        0.2553496 0.7446504]

rule47: duration > 125.240
probabilities_array:[0.02794685 0.24122295 0.73083025]

rule31: actor_2_facebook_likes > 5086.814
probabilities_array:[0.05599937 0.20875013 0.73525053]

rule38: 10877.547 < cast_total_facebook_likes < 24506.085
probabilities_array:[0.01852713 0.22142777 0.7600451 ]

rule13: 76.831 < num_critic_for_reviews < 159.341
probabilities_array:[0.         0.21802844 0.7819716 ]

rule30: 1939.137 < actor_2_facebook_likes < 5086.814
probabilities_array:[0.         0.21532883 0.7846712 ]

rule34: 715.804 < actor_3_facebook_likes < 1928.176
probabilities_array:[0.00876213 0.20814481 0.78309304]

