R2: -0.5240168635106557


MAE: 32948991.141516645


Accuracy: 0.7467329878659927


F1: 0.7479970866715222


Most important rules
-----------------------------

---0---
rule51: budget > 227550053.438
probabilities_array:[0.53301764 0.         0.46698236]

rule9: -2364.371 < num_voted_users < 98430.175
probabilities_array:[0.46900332 0.         0.5309967 ]

rule16: num_user_for_reviews < 45.577
probabilities_array:[0.4291919 0.        0.5708081]

rule3: imdb_score > 7.201
probabilities_array:[0.3764745 0.        0.6235255]

rule6: 2003.203 < title_year < 2009.948
probabilities_array:[0.3678145 0.        0.6321855]

rule49: -131288404.775 < budget < 48130824.331
probabilities_array:[0.331895 0.       0.668105]

rule7: title_year > 2009.948
probabilities_array:[0.30005193 0.         0.6999481 ]

rule12: num_critic_for_reviews < 74.812
probabilities_array:[0.26954904 0.         0.7304509 ]


---1---
rule4: title_year < 1996.458
probabilities_array:[0.         0.46117964 0.5388204 ]

rule19: num_user_for_reviews > 574.697
probabilities_array:[0.         0.45370382 0.5462962 ]

rule11: num_voted_users > 199224.721
probabilities_array:[0.         0.43043518 0.5695648 ]

rule50: 48130824.331 < budget < 227550053.438
probabilities_array:[0.         0.43036535 0.5696347 ]

rule10: 98430.175 < num_voted_users < 199224.721
probabilities_array:[0.         0.42338285 0.5766171 ]

rule18: 310.137 < num_user_for_reviews < 574.697
probabilities_array:[0.         0.3816428  0.61835724]

rule13: 74.812 < num_critic_for_reviews < 158.025
probabilities_array:[0.         0.34990633 0.6500937 ]

rule30: 1888.773 < actor_2_facebook_likes < 4535.663
probabilities_array:[0.         0.34458026 0.6554197 ]

rule1: 5.715 < imdb_score < 6.458
probabilities_array:[0.        0.3360046 0.6639954]

rule14: 158.025 < num_critic_for_reviews < 241.238
probabilities_array:[0.        0.3198961 0.6801039]

rule43: movie_facebook_likes > 23037.020
probabilities_array:[0.         0.30186337 0.6981366 ]

rule15: num_critic_for_reviews > 241.238
probabilities_array:[0.        0.2950534 0.7049466]

rule35: actor_3_facebook_likes > 2029.149
probabilities_array:[0.         0.27350342 0.7264966 ]

rule0: imdb_score < 5.715
probabilities_array:[0.         0.2670571  0.73294294]

rule46: 109.358 < duration < 124.661
probabilities_array:[0.        0.2594778 0.7405222]

rule47: duration > 124.661
probabilities_array:[0.00823161 0.24854037 0.74322796]

