R2: 0.2207968789160928


MAE: 29242367.40529881


Accuracy: 0.762285174091305


F1: 0.7625637290604516


Most important rules
-----------------------------

---0---
rule16: num_user_for_reviews < 34.966
probabilities_array:[0.4932152 0.        0.5067848]

rule51: budget > 221460677.761
probabilities_array:[0.48608842 0.         0.51391155]

rule3: imdb_score > 7.214
probabilities_array:[0.4379957  0.         0.56200427]

rule12: num_critic_for_reviews < 76.573
probabilities_array:[0.34539324 0.         0.65460676]

rule49: -129552123.214 < budget < 45954277.274
probabilities_array:[0.29460517 0.         0.7053948 ]

rule9: -4448.709 < num_voted_users < 98315.255
probabilities_array:[0.29431733 0.         0.7056827 ]

rule6: 2003.312 < title_year < 2010.010
probabilities_array:[0.25732246 0.         0.7426775 ]

rule44: duration < 93.932
probabilities_array:[0.2041147  0.03311063 0.76277465]


---1---
rule4: title_year < 1996.614
probabilities_array:[0.         0.5227454  0.47725466]

rule50: 45954277.274 < budget < 221460677.761
probabilities_array:[0.        0.4497552 0.5502448]

rule19: num_user_for_reviews > 596.969
probabilities_array:[0.         0.43093923 0.5690608 ]

rule11: num_voted_users > 201079.219
probabilities_array:[0.         0.35930356 0.64069647]

rule30: 1841.429 < actor_2_facebook_likes < 4408.406
probabilities_array:[0.         0.34178156 0.65821844]

rule10: 98315.255 < num_voted_users < 201079.219
probabilities_array:[0.         0.33985105 0.660149  ]

rule14: 159.042 < num_critic_for_reviews < 241.510
probabilities_array:[0.0026671  0.32766983 0.6696631 ]

rule43: movie_facebook_likes > 22615.626
probabilities_array:[0.         0.32024926 0.67975074]

rule15: num_critic_for_reviews > 241.510
probabilities_array:[0.         0.31570685 0.68429315]

rule35: actor_3_facebook_likes > 1976.164
probabilities_array:[0.         0.29083955 0.70916045]

rule18: 315.967 < num_user_for_reviews < 596.969
probabilities_array:[0.       0.284716 0.715284]

rule47: duration > 125.620
probabilities_array:[0.00657013 0.28006124 0.7133686 ]

rule23: director_facebook_likes > 2888.700
probabilities_array:[0.00317057 0.25480366 0.7420258 ]

rule13: 76.573 < num_critic_for_reviews < 159.042
probabilities_array:[0.         0.22485486 0.7751452 ]

rule42: 8706.683 < movie_facebook_likes < 22615.626
probabilities_array:[0.0147216  0.21285932 0.77241904]

rule0: imdb_score < 5.695
probabilities_array:[0.         0.21112984 0.78887016]

rule46: 109.776 < duration < 125.620
probabilities_array:[0.01706837 0.1935014  0.7894302 ]

rule1: 5.695 < imdb_score < 6.454
probabilities_array:[0.         0.20104507 0.79895496]

