R2: 0.44597736977738833


MAE: 29566373.106413774


Accuracy: 0.758835587833711


F1: 0.7589220684632192


Most important rules
-----------------------------

---0---
rule16: num_user_for_reviews < 48.576
probabilities_array:[0.40109825 0.         0.59890175]

rule9: -767.729 < num_voted_users < 96748.524
probabilities_array:[0.39156365 0.         0.60843635]

rule3: imdb_score > 7.212
probabilities_array:[0.38483846 0.         0.61516154]

rule49: -131865561.369 < budget < 45960919.890
probabilities_array:[0.37680846 0.         0.62319154]

rule51: budget > 223787401.148
probabilities_array:[0.3571013 0.        0.6428987]

rule6: 2003.346 < title_year < 2009.968
probabilities_array:[0.33184218 0.         0.6681578 ]

rule12: num_critic_for_reviews < 76.387
probabilities_array:[0.29849058 0.         0.7015094 ]

rule7: title_year > 2009.968
probabilities_array:[0.28290796 0.         0.71709204]

rule41: -4523.542 < movie_facebook_likes < 8443.743
probabilities_array:[0.24519205 0.         0.75480795]


---1---
rule4: title_year < 1996.725
probabilities_array:[0.         0.52078575 0.47921425]

rule19: num_user_for_reviews > 563.569
probabilities_array:[0.         0.47970286 0.5202971 ]

rule10: 96748.524 < num_voted_users < 194264.777
probabilities_array:[0.         0.40766686 0.59233314]

rule50: 45960919.890 < budget < 223787401.148
probabilities_array:[0.        0.3967802 0.6032198]

rule15: num_critic_for_reviews > 240.785
probabilities_array:[0.         0.34413585 0.6558642 ]

rule14: 158.586 < num_critic_for_reviews < 240.785
probabilities_array:[0.         0.34223738 0.65776265]

rule11: num_voted_users > 194264.777
probabilities_array:[0.         0.33253118 0.6674688 ]

rule0: imdb_score < 5.739
probabilities_array:[0.         0.3244128  0.67558724]

rule13: 76.387 < num_critic_for_reviews < 158.586
probabilities_array:[0.         0.30531576 0.69468427]

rule47: duration > 125.038
probabilities_array:[3.9903057e-06 2.9887295e-01 7.0112306e-01]

rule43: movie_facebook_likes > 21411.029
probabilities_array:[0.         0.2818084  0.71819156]

rule18: 306.073 < num_user_for_reviews < 563.569
probabilities_array:[0.         0.28004226 0.71995777]

rule1: 5.739 < imdb_score < 6.476
probabilities_array:[0.         0.27644476 0.7235552 ]

rule21: -1216.859 < director_facebook_likes < 733.670
probabilities_array:[0.         0.26197067 0.73802936]

rule35: actor_3_facebook_likes > 1947.102
probabilities_array:[0.         0.25493217 0.74506783]

rule30: 1835.966 < actor_2_facebook_likes < 4410.699
probabilities_array:[0.01439529 0.20668031 0.7789244 ]

