R2: -2.464978229928145


MAE: 79392614.42722349


Accuracy: 0.7621773358425363


F1: 0.763292061179898


Most important rules
-----------------------------

---0---
rule3: imdb_score > 7.208
probabilities_array:[0.5363785 0.        0.4636215]

rule16: num_user_for_reviews < 44.113
probabilities_array:[0.51832205 0.         0.48167798]

rule51: budget > 218371266.481
probabilities_array:[0.38845554 0.         0.61154443]

rule6: 2003.275 < title_year < 2010.066
probabilities_array:[0.34499326 0.         0.65500677]

rule9: -2060.625 < num_voted_users < 95716.877
probabilities_array:[0.34140584 0.         0.6585942 ]

rule49: -126918279.459 < budget < 45726493.511
probabilities_array:[0.3164963 0.        0.6835037]

rule12: num_critic_for_reviews < 77.283
probabilities_array:[0.27746028 0.         0.7225397 ]

rule22: 701.766 < director_facebook_likes < 2640.242
probabilities_array:[0.2664989 0.        0.7335011]

rule7: title_year > 2010.066
probabilities_array:[0.2281995 0.        0.7718005]


---1---
rule10: 95716.877 < num_voted_users < 193494.379
probabilities_array:[0.        0.5083807 0.4916193]

rule11: num_voted_users > 193494.379
probabilities_array:[0.        0.4842177 0.5157823]

rule50: 45726493.511 < budget < 218371266.481
probabilities_array:[0.         0.47770086 0.5222992 ]

rule4: title_year < 1996.483
probabilities_array:[0.         0.436376   0.56362396]

rule30: 1855.662 < actor_2_facebook_likes < 4891.821
probabilities_array:[0.         0.38618544 0.6138146 ]

rule15: num_critic_for_reviews > 237.920
probabilities_array:[0.         0.37211823 0.62788177]

rule35: actor_3_facebook_likes > 1817.191
probabilities_array:[0.         0.37136573 0.6286343 ]

rule19: num_user_for_reviews > 571.707
probabilities_array:[0.         0.30581546 0.69418454]

rule46: 109.482 < duration < 124.718
probabilities_array:[0.         0.29427424 0.7057257 ]

rule13: 77.283 < num_critic_for_reviews < 157.601
probabilities_array:[0.         0.27886868 0.7211313 ]

rule47: duration > 124.718
probabilities_array:[0.00696841 0.26808447 0.7249471 ]

rule34: 699.675 < actor_3_facebook_likes < 1817.191
probabilities_array:[0.         0.27041444 0.7295856 ]

rule43: movie_facebook_likes > 20831.965
probabilities_array:[0.         0.25727037 0.7427296 ]

rule23: director_facebook_likes > 2640.242
probabilities_array:[0.02916171 0.23495239 0.7358859 ]

rule14: 157.601 < num_critic_for_reviews < 237.920
probabilities_array:[0.         0.23610985 0.76389015]

rule31: actor_2_facebook_likes > 4891.821
probabilities_array:[0.         0.23518334 0.76481664]

rule1: 5.754 < imdb_score < 6.481
probabilities_array:[0.        0.2192425 0.7807575]

rule42: 8225.683 < movie_facebook_likes < 20831.965
probabilities_array:[0.02267457 0.2057945  0.7715309 ]

