R2: 0.3512137797305023


MAE: 29610477.673032757


Accuracy: 0.7567588272941868


F1: 0.7574654042243263


Most important rules
-----------------------------

---0---
rule16: num_user_for_reviews < 48.214
probabilities_array:[0.47091603 0.         0.52908397]

rule36: cast_total_facebook_likes < 384.228
probabilities_array:[0.4681094  0.         0.53189063]

rule9: -721.226 < num_voted_users < 96935.001
probabilities_array:[0.43154365 0.         0.56845635]

rule3: imdb_score > 7.209
probabilities_array:[0.39010236 0.         0.6098976 ]

rule51: budget > 223311804.347
probabilities_array:[0.30537564 0.         0.69462436]

rule6: 2003.281 < title_year < 2010.096
probabilities_array:[0.2787214 0.        0.7212786]

rule49: -130252493.895 < budget < 46529655.226
probabilities_array:[0.25437003 0.         0.74562997]

rule12: num_critic_for_reviews < 76.476
probabilities_array:[0.21177544 0.         0.7882246 ]


---1---
rule50: 46529655.226 < budget < 223311804.347
probabilities_array:[0.         0.5416017  0.45839828]

rule4: title_year < 1996.467
probabilities_array:[0.         0.46810266 0.5318973 ]

rule19: num_user_for_reviews > 563.889
probabilities_array:[0.        0.4127578 0.5872422]

rule10: 96935.001 < num_voted_users < 194591.228
probabilities_array:[0.         0.40878388 0.59121615]

rule11: num_voted_users > 194591.228
probabilities_array:[0.         0.37048188 0.62951815]

rule30: 1851.204 < actor_2_facebook_likes < 4474.706
probabilities_array:[0.         0.34198672 0.6580133 ]

rule18: 306.052 < num_user_for_reviews < 563.889
probabilities_array:[0.03457696 0.28815255 0.6772706 ]

rule15: num_critic_for_reviews > 240.717
probabilities_array:[0.         0.30275324 0.69724673]

rule14: 158.597 < num_critic_for_reviews < 240.717
probabilities_array:[0.        0.2922016 0.7077984]

rule1: 5.763 < imdb_score < 6.486
probabilities_array:[0.         0.27630082 0.72369915]

rule13: 76.476 < num_critic_for_reviews < 158.597
probabilities_array:[0.         0.26605982 0.7339402 ]

rule27: actor_1_facebook_likes > 15338.191
probabilities_array:[0.0206438  0.21702795 0.76232827]

rule47: duration > 124.261
probabilities_array:[0.01358315 0.22004655 0.7663703 ]

rule0: imdb_score < 5.763
probabilities_array:[0.       0.223885 0.776115]

rule43: movie_facebook_likes > 23173.377
probabilities_array:[0.        0.2059801 0.7940199]

rule26: 7346.160 < actor_1_facebook_likes < 15338.191
probabilities_array:[0.01390479 0.19875547 0.78733975]

rule35: actor_3_facebook_likes > 2032.815
probabilities_array:[0.         0.20386356 0.79613644]

