R2: 0.38194319645446306


MAE: 31454417.976247635


Accuracy: 0.7607769977392103


F1: 0.7611070648215587


Most important rules
-----------------------------

---0---
rule16: num_user_for_reviews < 49.368
probabilities_array:[0.5171538  0.         0.48284623]

rule49: -123633924.097 < budget < 44623050.375
probabilities_array:[4.43144470e-01 1.09934444e-04 5.56745648e-01]

rule51: budget > 212880024.847
probabilities_array:[0.42472348 0.         0.5752765 ]

rule8: num_voted_users < 584.057
probabilities_array:[0.4108092 0.        0.5891908]

rule9: 584.057 < num_voted_users < 93292.985
probabilities_array:[0.38234702 0.         0.617653  ]

rule12: num_critic_for_reviews < 76.068
probabilities_array:[0.3407474  0.         0.65925264]

rule6: 2003.165 < title_year < 2010.019
probabilities_array:[0.32270327 0.         0.6772967 ]

rule3: imdb_score > 7.205
probabilities_array:[0.2568369 0.        0.7431631]

rule22: 732.379 < director_facebook_likes < 2690.169
probabilities_array:[0.20613119 0.         0.79386884]


---1---
rule4: title_year < 1996.312
probabilities_array:[0.        0.5199082 0.4800918]

rule50: 44623050.375 < budget < 212880024.847
probabilities_array:[0.         0.43361437 0.5663856 ]

rule19: num_user_for_reviews > 556.440
probabilities_array:[0.         0.37115577 0.6288442 ]

rule30: 1817.158 < actor_2_facebook_likes < 4325.423
probabilities_array:[0.         0.35451046 0.6454896 ]

rule10: 93292.985 < num_voted_users < 186001.913
probabilities_array:[0.        0.3371847 0.6628153]

rule11: num_voted_users > 186001.913
probabilities_array:[0.         0.32999516 0.67000484]

rule1: 5.742 < imdb_score < 6.474
probabilities_array:[0.         0.29381716 0.70618284]

rule47: duration > 124.906
probabilities_array:[0.        0.2871117 0.7128883]

rule0: imdb_score < 5.742
probabilities_array:[0.         0.28404197 0.715958  ]

rule35: actor_3_facebook_likes > 1833.770
probabilities_array:[0.         0.27938205 0.72061795]

rule23: director_facebook_likes > 2690.169
probabilities_array:[0.         0.26326495 0.73673505]

rule39: cast_total_facebook_likes > 23933.684
probabilities_array:[0.00765401 0.24049908 0.7518469 ]

rule43: movie_facebook_likes > 22000.924
probabilities_array:[0.         0.23787425 0.76212573]

rule15: num_critic_for_reviews > 239.902
probabilities_array:[0.         0.23762822 0.7623718 ]

rule18: 302.904 < num_user_for_reviews < 556.440
probabilities_array:[0.         0.22193201 0.778068  ]

rule14: 157.985 < num_critic_for_reviews < 239.902
probabilities_array:[0.         0.21834531 0.7816547 ]

rule38: 10817.046 < cast_total_facebook_likes < 23933.684
probabilities_array:[0.01103432 0.2101543  0.7788114 ]

rule34: 696.080 < actor_3_facebook_likes < 1833.770
probabilities_array:[0.         0.21420099 0.785799  ]

rule31: actor_2_facebook_likes > 4325.423
probabilities_array:[0.07500484 0.17155854 0.7534367 ]

rule26: 7379.216 < actor_1_facebook_likes < 18680.917
probabilities_array:[0.         0.20210822 0.7978918 ]

