R2: -0.2538027422406557


MAE: 32896507.19423765


Accuracy: 0.7572485501831333


F1: 0.7589220684632192


Most important rules
-----------------------------

---0---
rule9: -161.925 < num_voted_users < 98068.280
probabilities_array:[0.4414604 0.        0.5585396]

rule16: num_user_for_reviews < 47.046
probabilities_array:[0.40191993 0.         0.59808004]

rule6: 2003.270 < title_year < 2010.113
probabilities_array:[0.38895094 0.         0.61104906]

rule49: -15274587.863 < budget < 41483017.218
probabilities_array:[0.38741383 0.         0.61258614]

rule5: 1996.426 < title_year < 2003.270
probabilities_array:[0.2913526 0.        0.7086474]

rule12: num_critic_for_reviews < 78.111
probabilities_array:[0.27308038 0.         0.7269196 ]

rule7: title_year > 2010.113
probabilities_array:[0.2355948 0.        0.7644052]

rule3: imdb_score > 7.200
probabilities_array:[0.23407 0.      0.76593]


---1---
rule50: 41483017.218 < budget < 98240622.299
probabilities_array:[0.        0.4423836 0.5576164]

rule4: title_year < 1996.426
probabilities_array:[0.         0.42345068 0.5765493 ]

rule51: budget > 98240622.299
probabilities_array:[0.        0.4167961 0.5832039]

rule10: 98068.280 < num_voted_users < 196298.485
probabilities_array:[0.         0.37920633 0.6207937 ]

rule11: num_voted_users > 196298.485
probabilities_array:[0.        0.3645174 0.6354826]

rule19: num_user_for_reviews > 578.479
probabilities_array:[0.        0.3636359 0.6363641]

rule1: 5.737 < imdb_score < 6.469
probabilities_array:[0.        0.3625266 0.6374734]

rule0: imdb_score < 5.737
probabilities_array:[0.         0.33903247 0.6609675 ]

rule14: 159.971 < num_critic_for_reviews < 241.832
probabilities_array:[0.        0.3179062 0.6820938]

rule15: num_critic_for_reviews > 241.832
probabilities_array:[0.         0.30811897 0.69188106]

rule18: 312.762 < num_user_for_reviews < 578.479
probabilities_array:[0.         0.30477187 0.6952281 ]

rule30: 1913.694 < actor_2_facebook_likes < 5024.486
probabilities_array:[0.         0.30140308 0.69859695]

rule13: 78.111 < num_critic_for_reviews < 159.971
probabilities_array:[0.         0.26680902 0.733191  ]

rule43: movie_facebook_likes > 21944.284
probabilities_array:[6.4388245e-05 2.5787067e-01 7.4206501e-01]

rule23: director_facebook_likes > 2865.368
probabilities_array:[0.01035219 0.2422226  0.7474252 ]

rule35: actor_3_facebook_likes > 1953.149
probabilities_array:[0.         0.24507932 0.75492066]

rule21: -1259.892 < director_facebook_likes < 802.738
probabilities_array:[0.         0.23735526 0.76264477]

rule46: 109.642 < duration < 125.517
probabilities_array:[0.         0.22536561 0.7746344 ]

