R2: 0.18159813450921714


MAE: 35419000.508680075


Accuracy: 0.7718789929081662


F1: 0.774217042971595


Most important rules
-----------------------------

---0---
rule49: -129469415.359 < budget < 46358144.954
probabilities_array:[0.41664737 0.         0.5833526 ]

rule51: budget > 222185705.267
probabilities_array:[0.40988314 0.         0.59011686]

rule12: num_critic_for_reviews < 77.455
probabilities_array:[0.3981431 0.        0.6018569]

rule9: -1390.610 < num_voted_users < 96874.396
probabilities_array:[0.3865533 0.        0.6134467]

rule16: num_user_for_reviews < 48.664
probabilities_array:[0.3838552 0.        0.6161448]

rule6: 2003.316 < title_year < 2009.984
probabilities_array:[0.35487762 0.         0.6451224 ]

rule3: imdb_score > 7.200
probabilities_array:[0.34838083 0.         0.65161914]

rule7: title_year > 2009.984
probabilities_array:[0.28671563 0.         0.7132844 ]

rule45: 94.729 < duration < 110.037
probabilities_array:[0.2427054  0.01483837 0.74245626]

rule44: duration < 94.729
probabilities_array:[0.2342711  0.01836178 0.74736714]


---1---
rule4: title_year < 1996.649
probabilities_array:[0.         0.5120246  0.48797545]

rule11: num_voted_users > 195139.402
probabilities_array:[0.         0.44786388 0.5521361 ]

rule10: 96874.396 < num_voted_users < 195139.402
probabilities_array:[0.        0.3891307 0.6108693]

rule50: 46358144.954 < budget < 222185705.267
probabilities_array:[0.         0.37692887 0.62307113]

rule19: num_user_for_reviews > 579.454
probabilities_array:[0.         0.36328396 0.63671607]

rule30: 1960.718 < actor_2_facebook_likes < 5108.312
probabilities_array:[0.         0.36049455 0.63950545]

rule1: 5.726 < imdb_score < 6.463
probabilities_array:[0.        0.3148238 0.6851762]

rule43: movie_facebook_likes > 22695.997
probabilities_array:[0.         0.30877087 0.69122916]

rule15: num_critic_for_reviews > 243.996
probabilities_array:[0.         0.29019153 0.70980847]

rule14: 160.725 < num_critic_for_reviews < 243.996
probabilities_array:[0.         0.28654155 0.7134584 ]

rule0: imdb_score < 5.726
probabilities_array:[0.        0.2830802 0.7169198]

rule34: 743.143 < actor_3_facebook_likes < 2012.378
probabilities_array:[0.         0.28146535 0.71853465]

rule26: 7408.221 < actor_1_facebook_likes < 18733.983
probabilities_array:[0.00236104 0.24115255 0.75648636]

rule31: actor_2_facebook_likes > 5108.312
probabilities_array:[0.00294147 0.22229445 0.774764  ]

rule35: actor_3_facebook_likes > 2012.378
probabilities_array:[0.         0.22124422 0.7787558 ]

rule18: 314.059 < num_user_for_reviews < 579.454
probabilities_array:[0.         0.20435518 0.7956448 ]

