R2: 0.33705836408273326


MAE: 32361816.176592


Accuracy: 0.7515496539314062


F1: 0.7516387472687546


Most important rules
-----------------------------

---0---
rule16: num_user_for_reviews < 46.037
probabilities_array:[0.5000734  0.         0.49992663]

rule9: -1532.024 < num_voted_users < 97742.549
probabilities_array:[0.474508 0.       0.525492]

rule51: budget > 217252046.128
probabilities_array:[0.419226 0.       0.580774]

rule12: num_critic_for_reviews < 76.832
probabilities_array:[0.35665202 0.         0.643348  ]

rule6: 2003.219 < title_year < 2010.003
probabilities_array:[0.3385621 0.        0.6614379]

rule22: 812.727 < director_facebook_likes < 2915.481
probabilities_array:[0.3345018 0.        0.6654982]

rule49: -125446229.350 < budget < 45902908.389
probabilities_array:[0.3313577  0.         0.66864234]

rule3: imdb_score > 7.212
probabilities_array:[0.28116366 0.         0.71883637]


---1---
rule50: 45902908.389 < budget < 217252046.128
probabilities_array:[0.         0.45594957 0.5440504 ]

rule4: title_year < 1996.435
probabilities_array:[0.         0.44750127 0.55249876]

rule19: num_user_for_reviews > 585.595
probabilities_array:[0.         0.37151414 0.62848586]

rule0: imdb_score < 5.733
probabilities_array:[0.         0.3594108  0.64058924]

rule10: 97742.549 < num_voted_users < 197017.123
probabilities_array:[0.         0.3578067  0.64219326]

rule1: 5.733 < imdb_score < 6.472
probabilities_array:[0.         0.35170814 0.6482919 ]

rule11: num_voted_users > 197017.123
probabilities_array:[0.         0.34798643 0.65201354]

rule47: duration > 124.564
probabilities_array:[0.00326878 0.30800787 0.6887233 ]

rule18: 315.816 < num_user_for_reviews < 585.595
probabilities_array:[0.        0.2982643 0.7017357]

rule30: 1879.630 < actor_2_facebook_likes < 4986.616
probabilities_array:[0.        0.2881707 0.7118293]

rule43: movie_facebook_likes > 23084.202
probabilities_array:[0.        0.2710246 0.7289754]

rule35: actor_3_facebook_likes > 1920.352
probabilities_array:[0.         0.27037975 0.7296203 ]

rule15: num_critic_for_reviews > 244.598
probabilities_array:[0.         0.26453963 0.73546034]

rule23: director_facebook_likes > 2915.481
probabilities_array:[0.01723512 0.23957504 0.7431899 ]

rule14: 160.715 < num_critic_for_reviews < 244.598
probabilities_array:[0.0012894  0.24243581 0.7562748 ]

rule26: 7340.440 < actor_1_facebook_likes < 18569.064
probabilities_array:[4.2685779e-06 2.2800615e-01 7.7198952e-01]

rule46: 109.396 < duration < 124.564
probabilities_array:[0.         0.22198613 0.7780139 ]

rule34: 706.406 < actor_3_facebook_likes < 1920.352
probabilities_array:[0.         0.21953644 0.7804636 ]

