R2: 0.22011040529825632


MAE: 36899904.38779517


Accuracy: 0.7612718995076078


F1: 0.7625637290604516


Most important rules
-----------------------------

---0---
rule8: num_voted_users < 836.629
probabilities_array:[0.45069608 0.         0.54930395]

rule16: num_user_for_reviews < 54.275
probabilities_array:[0.41970235 0.         0.58029765]

rule9: 836.629 < num_voted_users < 97663.560
probabilities_array:[0.4024009 0.        0.5975991]

rule49: -124691814.955 < budget < 46386933.365
probabilities_array:[0.39719188 0.         0.6028081 ]

rule51: budget > 217465681.686
probabilities_array:[0.37984768 0.         0.62015235]

rule6: 2003.235 < title_year < 2009.885
probabilities_array:[0.3482179 0.        0.6517821]

rule3: imdb_score > 7.211
probabilities_array:[0.3145275 0.        0.6854725]

rule12: num_critic_for_reviews < 78.049
probabilities_array:[0.29297906 0.         0.70702094]

rule45: 94.099 < duration < 109.684
probabilities_array:[0.26618356 0.00663179 0.7271846 ]

rule7: title_year > 2009.885
probabilities_array:[0.23251791 0.         0.7674821 ]

rule41: -5050.106 < movie_facebook_likes < 8683.502
probabilities_array:[0.19374108 0.032978   0.7732809 ]


---1---
rule4: title_year < 1996.584
probabilities_array:[0.         0.49976754 0.50023246]

rule19: num_user_for_reviews > 572.216
probabilities_array:[0.         0.41249758 0.5875024 ]

rule1: 5.738 < imdb_score < 6.475
probabilities_array:[0.         0.39129695 0.608703  ]

rule11: num_voted_users > 194490.491
probabilities_array:[0.         0.38827205 0.61172795]

rule18: 313.246 < num_user_for_reviews < 572.216
probabilities_array:[0.         0.37954608 0.62045395]

rule23: director_facebook_likes > 2718.075
probabilities_array:[0.         0.3588558  0.64114416]

rule10: 97663.560 < num_voted_users < 194490.491
probabilities_array:[0.         0.3429787  0.65702134]

rule14: 160.863 < num_critic_for_reviews < 243.677
probabilities_array:[0.         0.33860984 0.6613901 ]

rule50: 46386933.365 < budget < 217465681.686
probabilities_array:[0.        0.3335122 0.6664878]

rule0: imdb_score < 5.738
probabilities_array:[0.         0.31897292 0.6810271 ]

rule15: num_critic_for_reviews > 243.677
probabilities_array:[0.         0.31673217 0.68326783]

rule13: 78.049 < num_critic_for_reviews < 160.863
probabilities_array:[0.        0.2865688 0.7134312]

rule30: 1896.427 < actor_2_facebook_likes < 5006.669
probabilities_array:[0.         0.24711661 0.7528834 ]

rule47: duration > 125.269
probabilities_array:[0.00137414 0.23484981 0.7637761 ]

rule43: movie_facebook_likes > 22417.110
probabilities_array:[0.         0.22436504 0.77563494]

rule35: actor_3_facebook_likes > 1948.760
probabilities_array:[0.         0.21655694 0.7834431 ]

rule21: -1241.232 < director_facebook_likes < 738.421
probabilities_array:[0.         0.21585198 0.78414804]

