R2: -0.024778309604893467


MAE: 31913842.160699


Accuracy: 0.7596349723714699


F1: 0.7596504005826656


Most important rules
-----------------------------

---0---
rule9: -4703.351 < num_voted_users < 96575.325
probabilities_array:[0.42568457 0.         0.5743154 ]

rule49: -29497591.869 < budget < 41653914.248
probabilities_array:[0.3944328 0.        0.6055672]

rule3: imdb_score > 7.213
probabilities_array:[0.3905077 0.        0.6094923]

rule16: num_user_for_reviews < 38.477
probabilities_array:[0.38152978 0.         0.61847025]

rule6: 2003.033 < title_year < 2009.949
probabilities_array:[0.35028577 0.         0.64971423]

rule12: num_critic_for_reviews < 74.562
probabilities_array:[0.32353923 0.         0.67646074]


---1---
rule4: title_year < 1996.117
probabilities_array:[0.         0.52019393 0.47980607]

rule50: 41653914.248 < budget < 112805420.365
probabilities_array:[0.         0.43534225 0.56465775]

rule11: num_voted_users > 197854.001
probabilities_array:[0.        0.3997561 0.6002439]

rule10: 96575.325 < num_voted_users < 197854.001
probabilities_array:[0.         0.3882356  0.61176443]

rule19: num_user_for_reviews > 585.254
probabilities_array:[0.         0.38764536 0.61235464]

rule15: num_critic_for_reviews > 240.696
probabilities_array:[0.        0.3319463 0.6680537]

rule30: 1863.563 < actor_2_facebook_likes < 4950.473
probabilities_array:[0.         0.33142728 0.6685727 ]

rule14: 157.629 < num_critic_for_reviews < 240.696
probabilities_array:[0.        0.3279685 0.6720315]

rule13: 74.562 < num_critic_for_reviews < 157.629
probabilities_array:[0.        0.3253762 0.6746238]

rule51: budget > 112805420.365
probabilities_array:[0.         0.32231092 0.6776891 ]

rule1: 5.711 < imdb_score < 6.462
probabilities_array:[0.         0.32009324 0.6799067 ]

rule43: movie_facebook_likes > 22260.838
probabilities_array:[0.         0.31538478 0.6846152 ]

rule0: imdb_score < 5.711
probabilities_array:[0.         0.29245046 0.7075496 ]

rule47: duration > 124.921
probabilities_array:[0.00080832 0.2863615  0.7128302 ]

rule35: actor_3_facebook_likes > 1838.578
probabilities_array:[0.         0.28389886 0.71610117]

rule46: 109.351 < duration < 124.921
probabilities_array:[0.03492487 0.22885521 0.73621994]

rule31: actor_2_facebook_likes > 4950.473
probabilities_array:[0.         0.21783811 0.7821619 ]

rule18: 311.865 < num_user_for_reviews < 585.254
probabilities_array:[0.         0.21089429 0.7891057 ]

