R2: 0.5188055251781596


MAE: 29247337.826359782


Accuracy: 0.756346089270306


F1: 0.7567370721048798


Most important rules
-----------------------------

---0---
rule51: budget > 221263304.998
probabilities_array:[0.47607216 0.         0.52392787]

rule16: num_user_for_reviews < 42.509
probabilities_array:[0.43630534 0.         0.56369466]

rule9: -2425.336 < num_voted_users < 96794.074
probabilities_array:[0.43401122 0.         0.5659888 ]

rule3: imdb_score > 7.205
probabilities_array:[0.43346217 0.         0.5665378 ]

rule6: 2003.306 < title_year < 2010.011
probabilities_array:[0.42738485 0.         0.57261515]

rule49: -126953882.649 < budget < 47154711.175
probabilities_array:[0.33348915 0.         0.6665108 ]

rule7: title_year > 2010.011
probabilities_array:[0.32104042 0.         0.67895955]

rule12: num_critic_for_reviews < 76.467
probabilities_array:[0.3155725 0.        0.6844275]

rule29: -1202.252 < actor_2_facebook_likes < 1892.430
probabilities_array:[0.26033425 0.         0.73966575]

rule5: 1996.601 < title_year < 2003.306
probabilities_array:[0.21697247 0.         0.7830275 ]


---1---
rule50: 47154711.175 < budget < 221263304.998
probabilities_array:[0.        0.5240514 0.4759486]

rule10: 96794.074 < num_voted_users < 196013.484
probabilities_array:[0.         0.45075354 0.54924643]

rule4: title_year < 1996.601
probabilities_array:[0.         0.44574577 0.55425423]

rule11: num_voted_users > 196013.484
probabilities_array:[0.         0.43938807 0.5606119 ]

rule19: num_user_for_reviews > 585.597
probabilities_array:[0.        0.4246356 0.5753644]

rule30: 1892.430 < actor_2_facebook_likes < 4987.112
probabilities_array:[0.        0.3651045 0.6348955]

rule18: 314.053 < num_user_for_reviews < 585.597
probabilities_array:[0.         0.35260674 0.6473933 ]

rule0: imdb_score < 5.718
probabilities_array:[0.         0.34357303 0.65642697]

rule15: num_critic_for_reviews > 241.381
probabilities_array:[0.         0.32573485 0.67426515]

rule47: duration > 125.009
probabilities_array:[0.004783   0.2850051  0.71021193]

rule1: 5.718 < imdb_score < 6.462
probabilities_array:[0.         0.28653806 0.71346194]

rule43: movie_facebook_likes > 22799.224
probabilities_array:[0.         0.28428313 0.7157169 ]

rule34: 725.630 < actor_3_facebook_likes < 1975.647
probabilities_array:[0.00127668 0.26468492 0.7340384 ]

rule23: director_facebook_likes > 2645.568
probabilities_array:[1.6554991e-04 2.5898027e-01 7.4085414e-01]

rule14: 158.924 < num_critic_for_reviews < 241.381
probabilities_array:[0.         0.25688958 0.7431104 ]

rule38: 11032.792 < cast_total_facebook_likes < 24770.196
probabilities_array:[0.         0.23236139 0.7676386 ]

rule46: 109.651 < duration < 125.009
probabilities_array:[0.         0.22449529 0.7755047 ]

