R2: 0.42101569649322457


MAE: 29237093.356054153


Accuracy: 0.7463142067102463


F1: 0.7465404224326293


Most important rules
-----------------------------

---0---
rule16: num_user_for_reviews < 42.550
probabilities_array:[0.49728832 0.         0.50271165]

rule49: -14686212.102 < budget < 40990356.150
probabilities_array:[0.3731753 0.        0.6268247]

rule6: 2003.155 < title_year < 2009.678
probabilities_array:[0.36022463 0.         0.63977534]

rule9: -2205.505 < num_voted_users < 95788.394
probabilities_array:[0.34672207 0.         0.65327793]

rule3: imdb_score > 7.194
probabilities_array:[0.29907194 0.         0.7009281 ]

rule12: num_critic_for_reviews < 75.164
probabilities_array:[0.2924945 0.        0.7075055]

rule44: duration < 93.964
probabilities_array:[0.22068791 0.         0.7793121 ]

rule7: title_year > 2009.678
probabilities_array:[0.21997659 0.         0.7800234 ]

rule45: 93.964 < duration < 109.392
probabilities_array:[0.19664466 0.01067239 0.79268295]


---1---
rule4: title_year < 1996.631
probabilities_array:[0.         0.52163494 0.4783651 ]

rule10: 95788.394 < num_voted_users < 193782.294
probabilities_array:[0.         0.4236724  0.57632756]

rule51: budget > 96666924.401
probabilities_array:[0.        0.3827967 0.6172033]

rule19: num_user_for_reviews > 576.340
probabilities_array:[0.         0.35599577 0.6440042 ]

rule14: 156.631 < num_critic_for_reviews < 238.099
probabilities_array:[0.         0.34655952 0.6534405 ]

rule1: 5.720 < imdb_score < 6.457
probabilities_array:[0.        0.3437015 0.6562985]

rule30: 1925.641 < actor_2_facebook_likes < 5063.136
probabilities_array:[0.         0.33893096 0.66106904]

rule11: num_voted_users > 193782.294
probabilities_array:[0.         0.33785662 0.66214335]

rule50: 40990356.150 < budget < 96666924.401
probabilities_array:[0.        0.3221439 0.6778561]

rule15: num_critic_for_reviews > 238.099
probabilities_array:[0.         0.32111397 0.678886  ]

rule18: 309.445 < num_user_for_reviews < 576.340
probabilities_array:[0.        0.2901584 0.7098416]

rule0: imdb_score < 5.720
probabilities_array:[0.        0.2839803 0.7160197]

rule43: movie_facebook_likes > 22486.318
probabilities_array:[3.1770152e-04 2.4498187e-01 7.5470036e-01]

rule35: actor_3_facebook_likes > 2001.719
probabilities_array:[0.         0.23246011 0.7675399 ]

rule22: 702.125 < director_facebook_likes < 2619.197
probabilities_array:[0.0717006 0.1896802 0.7386192]

rule38: 11040.140 < cast_total_facebook_likes < 24786.332
probabilities_array:[0.06452065 0.18357542 0.75190395]

