R2: 0.4558992280874944


MAE: 30815604.9977719


Accuracy: 0.7693301230604601


F1: 0.7713037144938092


Most important rules
-----------------------------

---0---
rule16: num_user_for_reviews < 40.367
probabilities_array:[0.47881877 0.         0.5211812 ]

rule51: budget > 226962008.794
probabilities_array:[0.47796002 0.         0.52204   ]

rule49: -131606742.951 < budget < 47677632.922
probabilities_array:[0.43588173 0.         0.56411827]

rule9: -2278.025 < num_voted_users < 96167.352
probabilities_array:[0.37563166 0.         0.62436837]

rule36: cast_total_facebook_likes < 565.615
probabilities_array:[0.3601648  0.         0.63983524]

rule6: 2003.253 < title_year < 2009.966
probabilities_array:[0.34635398 0.         0.65364605]

rule3: imdb_score > 7.202
probabilities_array:[0.34418088 0.         0.6558191 ]

rule12: num_critic_for_reviews < 76.472
probabilities_array:[0.33953676 0.         0.6604632 ]

rule7: title_year > 2009.966
probabilities_array:[0.24734384 0.         0.75265616]


---1---
rule4: title_year < 1996.539
probabilities_array:[0.         0.50640494 0.49359506]

rule50: 47677632.922 < budget < 226962008.794
probabilities_array:[0.         0.44615713 0.5538429 ]

rule11: num_voted_users > 194612.728
probabilities_array:[0.         0.44255143 0.55744857]

rule1: 5.713 < imdb_score < 6.458
probabilities_array:[0.        0.3877731 0.6122269]

rule19: num_user_for_reviews > 583.957
probabilities_array:[0.         0.35614076 0.6438592 ]

rule10: 96167.352 < num_voted_users < 194612.728
probabilities_array:[0.         0.34798235 0.65201765]

rule30: 1822.830 < actor_2_facebook_likes < 4390.476
probabilities_array:[0.        0.3383842 0.6616158]

rule14: 157.941 < num_critic_for_reviews < 239.409
probabilities_array:[0.         0.3357968  0.66420317]

rule15: num_critic_for_reviews > 239.409
probabilities_array:[0.         0.32450968 0.6754903 ]

rule0: imdb_score < 5.713
probabilities_array:[0.         0.3027043  0.69729567]

rule38: 10422.160 < cast_total_facebook_likes < 20278.706
probabilities_array:[0.        0.2870733 0.7129267]

rule37: 565.615 < cast_total_facebook_likes < 10422.160
probabilities_array:[0.         0.28599647 0.7140035 ]

rule46: 109.739 < duration < 124.938
probabilities_array:[0.03234209 0.22020657 0.7474513 ]

rule43: movie_facebook_likes > 22800.411
probabilities_array:[0.         0.22905505 0.77094495]

rule18: 312.162 < num_user_for_reviews < 583.957
probabilities_array:[0.         0.22334807 0.7766519 ]

rule27: actor_1_facebook_likes > 14332.224
probabilities_array:[0.         0.21678057 0.7832194 ]

rule34: 710.657 < actor_3_facebook_likes < 1911.737
probabilities_array:[0.00502119 0.19830473 0.7966741 ]

rule47: duration > 124.938
probabilities_array:[1.5524861e-04 2.0028985e-01 7.9955488e-01]

