R2: -0.18527838559570786


MAE: 30537680.369741496


Accuracy: 0.7553359273808543


F1: 0.7560087399854334


Most important rules
-----------------------------

---0---
rule16: num_user_for_reviews < 41.560
probabilities_array:[0.52945054 0.         0.47054946]

rule9: -1377.381 < num_voted_users < 96932.656
probabilities_array:[0.5026991  0.         0.49730092]

rule49: -128170539.555 < budget < 44556107.605
probabilities_array:[0.3736769 0.        0.6263231]

rule3: imdb_score > 7.210
probabilities_array:[0.3506806 0.        0.6493194]

rule51: budget > 217282754.766
probabilities_array:[0.30168355 0.         0.69831645]

rule12: num_critic_for_reviews < 76.770
probabilities_array:[0.2958871 0.        0.7041129]

rule6: 2003.264 < title_year < 2009.847
probabilities_array:[0.2821328 0.        0.7178672]

rule41: -5736.486 < movie_facebook_likes < 8816.964
probabilities_array:[0.24992031 0.         0.7500797 ]

rule7: title_year > 2009.847
probabilities_array:[0.22822396 0.         0.771776  ]

rule45: 94.262 < duration < 109.349
probabilities_array:[0.22503051 0.         0.7749695 ]


---1---
rule4: title_year < 1996.681
probabilities_array:[0.         0.56232727 0.43767273]

rule0: imdb_score < 5.721
probabilities_array:[0.         0.43611714 0.5638828 ]

rule11: num_voted_users > 195242.693
probabilities_array:[0.         0.38855624 0.61144376]

rule10: 96932.656 < num_voted_users < 195242.693
probabilities_array:[0.         0.37153193 0.6284681 ]

rule19: num_user_for_reviews > 586.516
probabilities_array:[0.         0.36824942 0.6317506 ]

rule1: 5.721 < imdb_score < 6.465
probabilities_array:[0.         0.35177502 0.648225  ]

rule50: 44556107.605 < budget < 217282754.766
probabilities_array:[0.         0.31673342 0.6832666 ]

rule18: 314.038 < num_user_for_reviews < 586.516
probabilities_array:[0.         0.30844912 0.6915509 ]

rule27: actor_1_facebook_likes > 18633.428
probabilities_array:[0.         0.30367258 0.69632745]

rule30: 1869.307 < actor_2_facebook_likes < 4464.575
probabilities_array:[0.         0.2996854  0.70031464]

rule13: 76.770 < num_critic_for_reviews < 159.172
probabilities_array:[0.         0.28392297 0.716077  ]

rule43: movie_facebook_likes > 23370.415
probabilities_array:[0.         0.26776195 0.73223805]

rule15: num_critic_for_reviews > 241.574
probabilities_array:[0.         0.26729053 0.73270947]

rule47: duration > 124.437
probabilities_array:[0.         0.25937858 0.74062145]

rule23: director_facebook_likes > 2894.361
probabilities_array:[1.7246774e-04 2.4306548e-01 7.5676203e-01]

rule26: 7450.093 < actor_1_facebook_likes < 18633.428
probabilities_array:[0.02597532 0.21807072 0.75595397]

rule46: 109.349 < duration < 124.437
probabilities_array:[0.03591357 0.21028103 0.7538054 ]

rule14: 159.172 < num_critic_for_reviews < 241.574
probabilities_array:[0.         0.22592963 0.7740704 ]

rule34: 734.434 < actor_3_facebook_likes < 1992.167
probabilities_array:[0.         0.21642584 0.78357416]

