R2: 0.23837469674001777


MAE: 29915694.130465046


Accuracy: 0.7455961654957264


F1: 0.7458120903131829


Most important rules
-----------------------------

---0---
rule16: num_user_for_reviews < 40.245
probabilities_array:[0.47526473 0.         0.5247353 ]

rule51: budget > 220899464.969
probabilities_array:[0.45165095 0.         0.5483491 ]

rule3: imdb_score > 7.214
probabilities_array:[0.44698012 0.         0.5530199 ]

rule49: -129807786.113 < budget < 45545839.428
probabilities_array:[0.37375417 0.         0.62624586]

rule9: -1595.917 < num_voted_users < 97379.853
probabilities_array:[0.35416102 0.         0.645839  ]

rule6: 2003.242 < title_year < 2009.984
probabilities_array:[0.30228713 0.         0.69771284]

rule12: num_critic_for_reviews < 77.024
probabilities_array:[0.2977777 0.        0.7022223]

rule2: 6.473 < imdb_score < 7.214
probabilities_array:[0.21932091 0.         0.7806791 ]

rule22: 773.604 < director_facebook_likes < 2804.232
probabilities_array:[0.20177983 0.00220459 0.7960156 ]


---1---
rule4: title_year < 1996.500
probabilities_array:[0.         0.48957893 0.5104211 ]

rule10: 97379.853 < num_voted_users < 196355.622
probabilities_array:[0.        0.4779864 0.5220136]

rule11: num_voted_users > 196355.622
probabilities_array:[0.         0.44614622 0.5538538 ]

rule19: num_user_for_reviews > 587.686
probabilities_array:[0.         0.3694028  0.63059723]

rule50: 45545839.428 < budget < 220899464.969
probabilities_array:[0.         0.35908908 0.6409109 ]

rule15: num_critic_for_reviews > 240.933
probabilities_array:[0.         0.35243216 0.64756787]

rule30: 1794.900 < actor_2_facebook_likes < 4827.145
probabilities_array:[0.        0.3410003 0.6589997]

rule47: duration > 124.632
probabilities_array:[0.         0.33307064 0.66692936]

rule18: 313.965 < num_user_for_reviews < 587.686
probabilities_array:[0.         0.31251588 0.6874841 ]

rule43: movie_facebook_likes > 22115.904
probabilities_array:[0.         0.31014892 0.6898511 ]

rule14: 158.978 < num_critic_for_reviews < 240.933
probabilities_array:[0.00643863 0.29232827 0.7012331 ]

rule35: actor_3_facebook_likes > 1816.798
probabilities_array:[0.         0.2828032  0.71719676]

rule31: actor_2_facebook_likes > 4827.145
probabilities_array:[0.         0.27831066 0.72168934]

rule13: 77.024 < num_critic_for_reviews < 158.978
probabilities_array:[0.         0.25481594 0.74518406]

rule46: 109.346 < duration < 124.632
probabilities_array:[0.        0.2000962 0.7999038]

