R2: 0.4910937302817655


MAE: 30705985.916920416


Accuracy: 0.745446963358434


F1: 0.7458120903131829


Most important rules
-----------------------------

---0---
rule16: num_user_for_reviews < 53.806
probabilities_array:[0.48480213 0.         0.5151979 ]

rule9: 722.273 < num_voted_users < 95531.942
probabilities_array:[0.46062377 0.         0.5393762 ]

rule49: -123699467.518 < budget < 46099919.162
probabilities_array:[0.43977144 0.         0.5602286 ]

rule51: budget > 215899305.842
probabilities_array:[0.42802736 0.         0.57197267]

rule8: num_voted_users < 722.273
probabilities_array:[0.35604072 0.         0.6439593 ]

rule12: num_critic_for_reviews < 77.090
probabilities_array:[0.30649012 0.         0.6935099 ]

rule6: 2003.408 < title_year < 2010.118
probabilities_array:[0.29037884 0.         0.70962113]

rule3: imdb_score > 7.194
probabilities_array:[0.27902833 0.         0.7209717 ]

rule41: -5431.968 < movie_facebook_likes < 8723.864
probabilities_array:[0.21409784 0.0081858  0.7777164 ]

rule45: 94.554 < duration < 109.473
probabilities_array:[0.21310256 0.         0.7868974 ]


---1---
rule4: title_year < 1996.698
probabilities_array:[0.         0.52141166 0.4785883 ]

rule19: num_user_for_reviews > 560.345
probabilities_array:[0.         0.476321   0.52367896]

rule10: 95531.942 < num_voted_users < 190341.612
probabilities_array:[0.        0.3726531 0.6273469]

rule50: 46099919.162 < budget < 215899305.842
probabilities_array:[0.         0.36514848 0.6348515 ]

rule1: 5.699 < imdb_score < 6.447
probabilities_array:[0.         0.35839516 0.64160484]

rule11: num_voted_users > 190341.612
probabilities_array:[0.         0.35689574 0.64310426]

rule30: 1872.670 < actor_2_facebook_likes < 4487.322
probabilities_array:[0.        0.3540689 0.6459311]

rule35: actor_3_facebook_likes > 1897.623
probabilities_array:[0.         0.321492   0.67850804]

rule14: 159.334 < num_critic_for_reviews < 241.578
probabilities_array:[0.         0.30185404 0.698146  ]

rule43: movie_facebook_likes > 22879.697
probabilities_array:[0.        0.2881324 0.7118676]

rule15: num_critic_for_reviews > 241.578
probabilities_array:[0.        0.2861485 0.7138515]

rule0: imdb_score < 5.699
probabilities_array:[0.         0.28506324 0.7149368 ]

rule34: 700.774 < actor_3_facebook_likes < 1897.623
probabilities_array:[0.         0.26288754 0.73711246]

rule18: 307.076 < num_user_for_reviews < 560.345
probabilities_array:[0.         0.24353167 0.75646836]

rule38: 10807.129 < cast_total_facebook_likes < 24009.908
probabilities_array:[0.03616356 0.22511256 0.7387239 ]

rule47: duration > 124.392
probabilities_array:[7.4532884e-04 2.1036838e-01 7.8888625e-01]

rule13: 77.090 < num_critic_for_reviews < 159.334
probabilities_array:[0.         0.20281391 0.7971861 ]

