R2: 0.2299719278208212


MAE: 34527092.266058005


Accuracy: 0.774129696455105


F1: 0.774217042971595


Most important rules
-----------------------------

---0---
rule16: num_user_for_reviews < 43.489
probabilities_array:[0.5529377  0.         0.44706234]

rule3: imdb_score > 7.221
probabilities_array:[0.52108854 0.         0.4789115 ]

rule51: budget > 214515765.942
probabilities_array:[0.36548758 0.         0.6345124 ]

rule49: -125987344.020 < budget < 44264210.961
probabilities_array:[0.3543219 0.        0.6456781]

rule9: -916.492 < num_voted_users < 95756.860
probabilities_array:[0.33297327 0.         0.66702676]

rule12: num_critic_for_reviews < 76.988
probabilities_array:[0.31408185 0.         0.68591815]

rule6: 2003.250 < title_year < 2010.019
probabilities_array:[0.2728791  0.         0.72712094]


---1---
rule4: title_year < 1996.481
probabilities_array:[0.        0.5452029 0.4547971]

rule11: num_voted_users > 192430.212
probabilities_array:[0.        0.4970681 0.5029319]

rule50: 44264210.961 < budget < 214515765.942
probabilities_array:[0.         0.42254406 0.57745594]

rule10: 95756.860 < num_voted_users < 192430.212
probabilities_array:[0.         0.38136786 0.61863214]

rule19: num_user_for_reviews > 570.170
probabilities_array:[0.         0.37099844 0.62900156]

rule30: 1855.534 < actor_2_facebook_likes < 4453.410
probabilities_array:[0.         0.35305944 0.6469406 ]

rule18: 306.830 < num_user_for_reviews < 570.170
probabilities_array:[0.01467593 0.30138493 0.68393916]

rule14: 160.084 < num_critic_for_reviews < 243.180
probabilities_array:[4.5367330e-04 3.0787185e-01 6.9167447e-01]

rule15: num_critic_for_reviews > 243.180
probabilities_array:[0.         0.29825374 0.7017463 ]

rule47: duration > 124.072
probabilities_array:[0.         0.29722494 0.70277506]

rule1: 5.741 < imdb_score < 6.481
probabilities_array:[0.         0.29345432 0.7065457 ]

rule0: imdb_score < 5.741
probabilities_array:[0.         0.27735126 0.72264874]

rule23: director_facebook_likes > 2696.627
probabilities_array:[0.         0.26861882 0.7313812 ]

rule43: movie_facebook_likes > 23033.520
probabilities_array:[0.00153789 0.23598517 0.7624769 ]

rule13: 76.988 < num_critic_for_reviews < 160.084
probabilities_array:[0.         0.21338774 0.7866123 ]

