R2: 0.390080278500042


MAE: 32007467.876667786


Accuracy: 0.7347991832333601


F1: 0.7348871085214858


Most important rules
-----------------------------

---0---
rule51: budget > 229412116.239
probabilities_array:[0.5498456  0.         0.45015445]

rule3: imdb_score > 7.206
probabilities_array:[0.48582688 0.         0.5141731 ]

rule16: num_user_for_reviews < 42.850
probabilities_array:[0.47180235 0.         0.52819765]

rule22: 771.670 < director_facebook_likes < 2819.248
probabilities_array:[0.34707603 0.0015791  0.65134484]

rule49: -133533052.197 < budget < 47939532.021
probabilities_array:[0.34167933 0.         0.65832067]

rule9: -3369.085 < num_voted_users < 97673.378
probabilities_array:[0.34101596 0.         0.65898407]

rule6: 2003.203 < title_year < 2009.994
probabilities_array:[0.3018152 0.        0.6981848]

rule12: num_critic_for_reviews < 75.830
probabilities_array:[0.2956128 0.        0.7043872]


---1---
rule4: title_year < 1996.411
probabilities_array:[0.        0.5189719 0.4810281]

rule11: num_voted_users > 198715.840
probabilities_array:[0.        0.4941789 0.5058211]

rule10: 97673.378 < num_voted_users < 198715.840
probabilities_array:[0.        0.4727454 0.5272546]

rule50: 47939532.021 < budget < 229412116.239
probabilities_array:[0.         0.45464444 0.54535556]

rule15: num_critic_for_reviews > 244.217
probabilities_array:[0.         0.39730835 0.60269165]

rule14: 160.023 < num_critic_for_reviews < 244.217
probabilities_array:[0.         0.33842435 0.6615757 ]

rule19: num_user_for_reviews > 584.704
probabilities_array:[0.         0.33841625 0.6615837 ]

rule13: 75.830 < num_critic_for_reviews < 160.023
probabilities_array:[0.         0.30087617 0.69912386]

rule1: 5.713 < imdb_score < 6.459
probabilities_array:[0.         0.29570973 0.7042903 ]

rule35: actor_3_facebook_likes > 1914.847
probabilities_array:[0.         0.28849536 0.71150464]

rule34: 705.879 < actor_3_facebook_likes < 1914.847
probabilities_array:[0.00173754 0.27961412 0.7186484 ]

rule47: duration > 125.597
probabilities_array:[1.0971993e-05 2.7261999e-01 7.2736901e-01]

rule30: 1863.969 < actor_2_facebook_likes < 4946.967
probabilities_array:[0.         0.26783207 0.7321679 ]

rule43: movie_facebook_likes > 23444.129
probabilities_array:[0.         0.23763902 0.762361  ]

rule46: 109.760 < duration < 125.597
probabilities_array:[0.        0.2368642 0.7631358]

rule18: 313.777 < num_user_for_reviews < 584.704
probabilities_array:[0.         0.22543214 0.77456784]

rule23: director_facebook_likes > 2819.248
probabilities_array:[0.0107101  0.21445    0.77483994]

rule38: 10592.792 < cast_total_facebook_likes < 21392.158
probabilities_array:[0.01209673 0.20947622 0.77842706]

rule0: imdb_score < 5.713
probabilities_array:[0.         0.20293961 0.7970604 ]

