R2: 0.2740526013564668


MAE: 31973653.000877302


Accuracy: 0.7523365754065362


F1: 0.7530954115076475


Most important rules
-----------------------------

---0---
rule16: num_user_for_reviews < 45.265
probabilities_array:[0.49463537 0.         0.5053646 ]

rule6: 2003.242 < title_year < 2010.142
probabilities_array:[0.4253504 0.        0.5746496]

rule9: -4069.024 < num_voted_users < 99834.203
probabilities_array:[0.41733465 0.         0.5826653 ]

rule12: num_critic_for_reviews < 77.516
probabilities_array:[0.3717409  0.         0.62825906]

rule49: -123712890.531 < budget < 45378938.246
probabilities_array:[0.35971844 0.         0.64028156]

rule51: budget > 214470767.022
probabilities_array:[0.34725502 0.         0.652745  ]

rule3: imdb_score > 7.205
probabilities_array:[0.34353226 0.         0.65646774]

rule7: title_year > 2010.142
probabilities_array:[0.24049039 0.         0.7595096 ]

rule5: 1996.342 < title_year < 2003.242
probabilities_array:[0.23034734 0.         0.76965266]


---1---
rule10: 99834.203 < num_voted_users < 203737.431
probabilities_array:[0.        0.4754092 0.5245908]

rule50: 45378938.246 < budget < 214470767.022
probabilities_array:[0.        0.4214155 0.5785845]

rule19: num_user_for_reviews > 594.539
probabilities_array:[0.         0.39990327 0.6000967 ]

rule11: num_voted_users > 203737.431
probabilities_array:[0.        0.3974045 0.6025955]

rule4: title_year < 1996.342
probabilities_array:[0.         0.38362858 0.61637145]

rule0: imdb_score < 5.686
probabilities_array:[0.         0.37383345 0.6261665 ]

rule1: 5.686 < imdb_score < 6.445
probabilities_array:[0.         0.33830822 0.6616918 ]

rule30: 1910.974 < actor_2_facebook_likes < 5035.739
probabilities_array:[0.         0.3189632  0.68103683]

rule18: 319.902 < num_user_for_reviews < 594.539
probabilities_array:[0.       0.314616 0.685384]

rule34: 695.050 < actor_3_facebook_likes < 1856.366
probabilities_array:[0.         0.27448714 0.72551286]

rule23: director_facebook_likes > 2838.765
probabilities_array:[0.         0.27233246 0.7276675 ]

rule35: actor_3_facebook_likes > 1856.366
probabilities_array:[0.         0.23425402 0.765746  ]

rule46: 109.380 < duration < 124.506
probabilities_array:[0.        0.2330557 0.7669443]

rule47: duration > 124.506
probabilities_array:[0.         0.23277485 0.76722515]

rule38: 10926.510 < cast_total_facebook_likes < 24547.393
probabilities_array:[0.        0.2188008 0.7811992]

rule37: -2694.373 < cast_total_facebook_likes < 10926.510
probabilities_array:[0.         0.21285392 0.7871461 ]

rule39: cast_total_facebook_likes > 24547.393
probabilities_array:[0.06443765 0.18268585 0.7528765 ]

rule21: -1276.118 < director_facebook_likes < 781.324
probabilities_array:[0.         0.20558314 0.79441684]

rule15: num_critic_for_reviews > 244.566
probabilities_array:[0.        0.2014634 0.7985366]

rule26: 7398.093 < actor_1_facebook_likes < 18778.203
probabilities_array:[5.3037843e-04 2.0050846e-01 7.9896110e-01]

