R2: 0.22511752028838805


MAE: 38473904.061074734


Accuracy: 0.7697938340228953


F1: 0.7705753823743627


Most important rules
-----------------------------

---0---
rule9: -3325.509 < num_voted_users < 93180.044
probabilities_array:[0.5209053  0.         0.47909468]

rule16: num_user_for_reviews < 36.240
probabilities_array:[0.4595824 0.        0.5404176]

rule49: -124034199.121 < budget < 43363564.120
probabilities_array:[0.35248098 0.003917   0.6436021 ]

rule3: imdb_score > 7.199
probabilities_array:[0.3302432 0.        0.6697568]

rule6: 2003.204 < title_year < 2009.890
probabilities_array:[0.32885343 0.         0.6711466 ]

rule51: budget > 210761327.361
probabilities_array:[0.30153382 0.         0.6984662 ]

rule12: num_critic_for_reviews < 74.885
probabilities_array:[0.25711358 0.         0.7428864 ]

rule41: -5651.081 < movie_facebook_likes < 8144.646
probabilities_array:[0.20449013 0.02506554 0.7704444 ]

rule7: title_year > 2009.890
probabilities_array:[0.20737107 0.         0.79262894]


---1---
rule50: 43363564.120 < budget < 210761327.361
probabilities_array:[0.         0.48289984 0.51710016]

rule4: title_year < 1996.519
probabilities_array:[0.         0.48289257 0.5171074 ]

rule11: num_voted_users > 189685.597
probabilities_array:[0.         0.35329285 0.6467071 ]

rule1: 5.712 < imdb_score < 6.455
probabilities_array:[0.         0.34675255 0.6532475 ]

rule30: 1880.091 < actor_2_facebook_likes < 4993.403
probabilities_array:[0.         0.32276988 0.6772301 ]

rule14: 157.175 < num_critic_for_reviews < 239.464
probabilities_array:[0.         0.3110309  0.68896914]

rule19: num_user_for_reviews > 575.366
probabilities_array:[0.         0.30658665 0.6934133 ]

rule18: 305.803 < num_user_for_reviews < 575.366
probabilities_array:[1.2450117e-06 2.8900129e-01 7.1099746e-01]

rule23: director_facebook_likes > 2789.565
probabilities_array:[0.         0.28662512 0.71337485]

rule10: 93180.044 < num_voted_users < 189685.597
probabilities_array:[0.         0.28620905 0.71379095]

rule34: 716.528 < actor_3_facebook_likes < 1909.639
probabilities_array:[0.         0.28047645 0.71952355]

rule13: 74.885 < num_critic_for_reviews < 157.175
probabilities_array:[0.         0.27765402 0.72234595]

rule35: actor_3_facebook_likes > 1909.639
probabilities_array:[0.         0.26110855 0.7388914 ]

rule15: num_critic_for_reviews > 239.464
probabilities_array:[0.        0.2594896 0.7405104]

rule47: duration > 124.226
probabilities_array:[0.00208369 0.25767538 0.74024093]

rule43: movie_facebook_likes > 21940.374
probabilities_array:[0.         0.25660712 0.7433929 ]

rule21: -1259.814 < director_facebook_likes < 764.876
probabilities_array:[0.         0.25124338 0.74875665]

rule46: 109.104 < duration < 124.226
probabilities_array:[0.         0.23865536 0.7613447 ]

rule26: 7197.883 < actor_1_facebook_likes < 15425.108
probabilities_array:[0.01822988 0.22152872 0.7602414 ]

rule38: 10720.959 < cast_total_facebook_likes < 21724.724
probabilities_array:[0.         0.21662904 0.783371  ]

rule0: imdb_score < 5.712
probabilities_array:[0.         0.20229957 0.79770046]

rule37: -282.805 < cast_total_facebook_likes < 10720.959
probabilities_array:[0.         0.20061123 0.79938877]

