R2: -0.19322155713778422


MAE: 29380562.04891951


Accuracy: 0.7318805993339197


F1: 0.7327021121631464


Most important rules
-----------------------------

---0---
rule8: num_voted_users < 1265.014
probabilities_array:[0.47061184 0.         0.5293882 ]

rule51: budget > 226323649.838
probabilities_array:[0.46257702 0.         0.537423  ]

rule9: 1265.014 < num_voted_users < 97527.378
probabilities_array:[0.43157548 0.         0.5684245 ]

rule16: num_user_for_reviews < 43.154
probabilities_array:[0.41480157 0.         0.58519846]

rule3: imdb_score > 7.204
probabilities_array:[0.41306865 0.         0.58693135]

rule49: -131410618.348 < budget < 47456515.745
probabilities_array:[0.38759315 0.         0.61240685]

rule12: num_critic_for_reviews < 76.456
probabilities_array:[0.35018608 0.         0.64981395]

rule6: 2003.409 < title_year < 2010.123
probabilities_array:[0.32160556 0.         0.67839444]

rule41: -5242.967 < movie_facebook_likes < 9090.789
probabilities_array:[0.24302305 0.00612567 0.7508512 ]


---1---
rule4: title_year < 1996.695
probabilities_array:[0.         0.56627655 0.43372345]

rule19: num_user_for_reviews > 579.190
probabilities_array:[0.         0.5033321  0.49666795]

rule11: num_voted_users > 193789.742
probabilities_array:[0.         0.43752027 0.56247973]

rule50: 47456515.745 < budget < 226323649.838
probabilities_array:[0.        0.4329227 0.5670773]

rule1: 5.717 < imdb_score < 6.460
probabilities_array:[0.         0.405533   0.59446704]

rule10: 97527.378 < num_voted_users < 193789.742
probabilities_array:[0.        0.3913688 0.6086312]

rule14: 160.108 < num_critic_for_reviews < 243.759
probabilities_array:[0.        0.3479452 0.6520548]

rule18: 311.172 < num_user_for_reviews < 579.190
probabilities_array:[0.         0.33206254 0.66793746]

rule0: imdb_score < 5.717
probabilities_array:[0.         0.31910136 0.68089867]

rule13: 76.456 < num_critic_for_reviews < 160.108
probabilities_array:[0.         0.30173212 0.6982679 ]

rule30: 1873.003 < actor_2_facebook_likes < 4481.695
probabilities_array:[0.         0.26939908 0.7306009 ]

rule23: director_facebook_likes > 2777.384
probabilities_array:[0.         0.24687627 0.7531237 ]

rule46: 109.916 < duration < 125.805
probabilities_array:[0.         0.23709969 0.7629003 ]

rule31: actor_2_facebook_likes > 4481.695
probabilities_array:[0.03646896 0.20529506 0.758236  ]

rule15: num_critic_for_reviews > 243.759
probabilities_array:[0.         0.22100809 0.77899194]

rule43: movie_facebook_likes > 23424.544
probabilities_array:[0.00128877 0.21834299 0.7803682 ]

rule42: 9090.789 < movie_facebook_likes < 23424.544
probabilities_array:[0.02617315 0.20578991 0.7680369 ]

rule34: 750.342 < actor_3_facebook_likes < 2010.169
probabilities_array:[0.         0.21449797 0.785502  ]

