R2: -2.4783232716715307


MAE: 31259403.706521675


Accuracy: 0.7600021168218378


F1: 0.7618353969410051


Most important rules
-----------------------------

---0---
rule3: imdb_score > 7.203
probabilities_array:[0.45373097 0.         0.54626906]

rule9: -203.186 < num_voted_users < 98181.045
probabilities_array:[0.40851867 0.         0.5914813 ]

rule16: num_user_for_reviews < 48.387
probabilities_array:[0.4008487 0.        0.5991513]

rule6: 2003.453 < title_year < 2010.109
probabilities_array:[0.35875332 0.         0.6412467 ]

rule49: -30298897.672 < budget < 42431889.912
probabilities_array:[0.34260327 0.         0.65739673]

rule12: num_critic_for_reviews < 77.612
probabilities_array:[0.24442019 0.         0.7555798 ]

rule22: 794.060 < director_facebook_likes < 2849.373
probabilities_array:[0.21632984 0.         0.7836701 ]


---1---
rule50: 42431889.912 < budget < 115162677.496
probabilities_array:[0.         0.48492253 0.5150775 ]

rule19: num_user_for_reviews > 578.720
probabilities_array:[0.         0.45716038 0.54283965]

rule11: num_voted_users > 196565.277
probabilities_array:[0.         0.44772106 0.55227894]

rule4: title_year < 1996.797
probabilities_array:[0.         0.44083458 0.5591654 ]

rule10: 98181.045 < num_voted_users < 196565.277
probabilities_array:[0.         0.41482207 0.58517796]

rule51: budget > 115162677.496
probabilities_array:[0.         0.39621753 0.6037825 ]

rule14: 160.680 < num_critic_for_reviews < 243.749
probabilities_array:[0.         0.35583997 0.64416003]

rule18: 313.553 < num_user_for_reviews < 578.720
probabilities_array:[0.         0.3045911  0.69540894]

rule15: num_critic_for_reviews > 243.749
probabilities_array:[0.        0.3004359 0.6995641]

rule30: 1886.782 < actor_2_facebook_likes < 4511.316
probabilities_array:[0.        0.2958854 0.7041146]

rule43: movie_facebook_likes > 23463.751
probabilities_array:[2.0558567e-04 2.7149689e-01 7.2829759e-01]

rule13: 77.612 < num_critic_for_reviews < 160.680
probabilities_array:[0.         0.2591649  0.74083513]

rule0: imdb_score < 5.720
probabilities_array:[0.         0.25764018 0.7423598 ]

rule26: 7444.079 < actor_1_facebook_likes < 18629.788
probabilities_array:[0.01042954 0.2373016  0.7522689 ]

rule1: 5.720 < imdb_score < 6.461
probabilities_array:[0.         0.24100393 0.75899607]

rule47: duration > 124.948
probabilities_array:[2.1161998e-04 2.3518735e-01 7.6460099e-01]

rule34: 731.992 < actor_3_facebook_likes < 1945.722
probabilities_array:[0.         0.20610034 0.79389966]

rule46: 109.582 < duration < 124.948
probabilities_array:[0.00914635 0.19674848 0.7941052 ]

