R2: -2.880863810156386


MAE: 42514181.538124144


Accuracy: 0.7664101942470216


F1: 0.7669337217771304


Most important rules
-----------------------------

---0---
rule16: num_user_for_reviews < 44.685
probabilities_array:[0.4501844 0.        0.5498156]

rule9: -41.692 < num_voted_users < 96432.173
probabilities_array:[0.43348524 0.         0.5665148 ]

rule3: imdb_score > 7.193
probabilities_array:[0.36369628 0.         0.6363037 ]

rule24: actor_1_facebook_likes < 143.179
probabilities_array:[0.36141923 0.         0.63858074]

rule6: 2003.564 < title_year < 2010.031
probabilities_array:[0.33400112 0.         0.6659989 ]

rule12: num_critic_for_reviews < 77.516
probabilities_array:[0.2993194 0.        0.7006806]

rule49: -34149784.357 < budget < 41981871.288
probabilities_array:[0.29464486 0.         0.70535517]

rule36: cast_total_facebook_likes < 1004.404
probabilities_array:[0.27134877 0.         0.7286512 ]

rule22: 741.531 < director_facebook_likes < 2705.541
probabilities_array:[0.26113227 0.         0.73886776]

rule7: title_year > 2010.031
probabilities_array:[0.2032548 0.        0.7967452]


---1---
rule11: num_voted_users > 192906.038
probabilities_array:[0.         0.47921252 0.5207875 ]

rule4: title_year < 1997.097
probabilities_array:[0.         0.4602013  0.53979874]

rule19: num_user_for_reviews > 579.119
probabilities_array:[0.         0.45663887 0.5433611 ]

rule50: 41981871.288 < budget < 118113526.933
probabilities_array:[0.         0.40965673 0.59034324]

rule51: budget > 118113526.933
probabilities_array:[0.         0.38967454 0.61032546]

rule10: 96432.173 < num_voted_users < 192906.038
probabilities_array:[0.         0.38797864 0.6120213 ]

rule18: 311.902 < num_user_for_reviews < 579.119
probabilities_array:[0.         0.32704642 0.6729536 ]

rule14: 161.206 < num_critic_for_reviews < 244.897
probabilities_array:[0.         0.31078634 0.6892137 ]

rule30: 1811.341 < actor_2_facebook_likes < 4367.178
probabilities_array:[0.         0.28748637 0.7125136 ]

rule37: 1004.404 < cast_total_facebook_likes < 10639.050
probabilities_array:[0.        0.2771737 0.7228263]

rule1: 5.707 < imdb_score < 6.450
probabilities_array:[0.        0.2703027 0.7296973]

rule43: movie_facebook_likes > 23876.276
probabilities_array:[0.         0.25263026 0.7473697 ]

rule13: 77.516 < num_critic_for_reviews < 161.206
probabilities_array:[0.         0.25200146 0.74799854]

rule46: 109.987 < duration < 126.036
probabilities_array:[0.00762973 0.24159083 0.75077945]

rule15: num_critic_for_reviews > 244.897
probabilities_array:[0.         0.24528822 0.7547118 ]

rule35: actor_3_facebook_likes > 1947.643
probabilities_array:[0.         0.23942694 0.7605731 ]

rule38: 10639.050 < cast_total_facebook_likes < 20273.695
probabilities_array:[0.         0.21790077 0.78209925]

rule47: duration > 126.036
probabilities_array:[0.00356594 0.21208684 0.78434724]

rule0: imdb_score < 5.707
probabilities_array:[0.         0.20077953 0.79922044]

