R2: 0.556128081714522


MAE: 28524621.98459569


Accuracy: 0.7556158339017736


F1: 0.7567370721048798


Most important rules
-----------------------------

---0---
rule16: num_user_for_reviews < 38.700
probabilities_array:[0.5394462  0.         0.46055382]

rule51: budget > 227223042.149
probabilities_array:[0.49496952 0.         0.5050305 ]

rule9: -3196.174 < num_voted_users < 98167.492
probabilities_array:[0.4641313 0.        0.5358687]

rule6: 2003.271 < title_year < 2009.943
probabilities_array:[0.44308755 0.         0.5569124 ]

rule7: title_year > 2009.943
probabilities_array:[0.3931076 0.        0.6068924]

rule49: -132603443.611 < budget < 47309799.269
probabilities_array:[0.3473198  0.         0.65268016]

rule12: num_critic_for_reviews < 76.554
probabilities_array:[0.33274478 0.         0.6672552 ]

rule5: 1996.600 < title_year < 2003.271
probabilities_array:[0.32100207 0.         0.67899793]

rule3: imdb_score > 7.223
probabilities_array:[0.31016558 0.         0.6898344 ]

rule45: 94.590 < duration < 109.515
probabilities_array:[0.2643216  0.02468316 0.71099526]

rule17: 38.700 < num_user_for_reviews < 318.196
probabilities_array:[0.1931901  0.05861488 0.748195  ]

rule41: -5096.387 < movie_facebook_likes < 8731.228
probabilities_array:[0.21829435 0.00357411 0.7781315 ]


---1---
rule50: 47309799.269 < budget < 227223042.149
probabilities_array:[0.         0.45353207 0.5464679 ]

rule4: title_year < 1996.600
probabilities_array:[0.         0.42623973 0.5737603 ]

rule0: imdb_score < 5.724
probabilities_array:[0.        0.4231665 0.5768335]

rule1: 5.724 < imdb_score < 6.474
probabilities_array:[0.         0.40392306 0.59607697]

rule30: 1875.515 < actor_2_facebook_likes < 4960.170
probabilities_array:[0.         0.40153027 0.59846973]

rule11: num_voted_users > 199531.159
probabilities_array:[0.        0.3911714 0.6088286]

rule10: 98167.492 < num_voted_users < 199531.159
probabilities_array:[0.        0.3641907 0.6358093]

rule14: 159.249 < num_critic_for_reviews < 241.945
probabilities_array:[0.00404419 0.34898382 0.646972  ]

rule19: num_user_for_reviews > 597.692
probabilities_array:[0.         0.33291575 0.6670843 ]

rule13: 76.554 < num_critic_for_reviews < 159.249
probabilities_array:[0.         0.29726723 0.70273274]

rule35: actor_3_facebook_likes > 1947.190
probabilities_array:[0.         0.28447223 0.7155278 ]

rule15: num_critic_for_reviews > 241.945
probabilities_array:[0.         0.27001998 0.72998   ]

rule23: director_facebook_likes > 2712.416
probabilities_array:[0.00974118 0.26502794 0.7252309 ]

rule21: -1231.665 < director_facebook_likes < 740.375
probabilities_array:[0.        0.2691864 0.7308136]

rule26: 7459.522 < actor_1_facebook_likes < 18931.026
probabilities_array:[0.02428826 0.21893555 0.7567762 ]

rule18: 318.196 < num_user_for_reviews < 597.692
probabilities_array:[0.         0.22822481 0.7717752 ]

rule31: actor_2_facebook_likes > 4960.170
probabilities_array:[0.0321199  0.20688066 0.7609994 ]

rule34: 727.654 < actor_3_facebook_likes < 1947.190
probabilities_array:[0.         0.21903571 0.78096426]

