R2: 0.4276484619174945


MAE: 32119698.862289157


Accuracy: 0.7562238193455102


F1: 0.7567370721048798


Most important rules
-----------------------------

---0---
rule16: num_user_for_reviews < 40.576
probabilities_array:[0.44736496 0.         0.552635  ]

rule9: -3953.822 < num_voted_users < 97677.363
probabilities_array:[0.39674413 0.         0.60325587]

rule49: -36541784.032 < budget < 42758417.308
probabilities_array:[0.3673694 0.        0.6326306]

rule3: imdb_score > 7.200
probabilities_array:[0.34103778 0.         0.65896225]

rule12: num_critic_for_reviews < 77.290
probabilities_array:[0.322427   0.         0.67757297]

rule6: 2003.254 < title_year < 2010.081
probabilities_array:[0.30380413 0.         0.69619584]

rule45: 94.246 < duration < 109.885
probabilities_array:[2.1468422e-01 6.3724816e-04 7.8467852e-01]


---1---
rule4: title_year < 1996.426
probabilities_array:[0.         0.5018399  0.49816012]

rule10: 97677.363 < num_voted_users < 199308.547
probabilities_array:[0.         0.44840276 0.55159724]

rule19: num_user_for_reviews > 588.351
probabilities_array:[0.         0.38488662 0.6151134 ]

rule51: budget > 122058618.647
probabilities_array:[0.        0.3730114 0.6269886]

rule11: num_voted_users > 199308.547
probabilities_array:[0.         0.36826026 0.63173974]

rule50: 42758417.308 < budget < 122058618.647
probabilities_array:[0.         0.35021633 0.6497837 ]

rule0: imdb_score < 5.727
probabilities_array:[0.         0.34617668 0.6538233 ]

rule30: 1942.257 < actor_2_facebook_likes < 5094.413
probabilities_array:[0.         0.32605663 0.6739434 ]

rule18: 314.464 < num_user_for_reviews < 588.351
probabilities_array:[0.         0.31952205 0.6804779 ]

rule23: director_facebook_likes > 2799.880
probabilities_array:[0.         0.30748734 0.6925127 ]

rule1: 5.727 < imdb_score < 6.463
probabilities_array:[0.        0.3034516 0.6965484]

rule35: actor_3_facebook_likes > 1917.361
probabilities_array:[0.         0.28567493 0.7143251 ]

rule43: movie_facebook_likes > 22797.069
probabilities_array:[0.         0.27833688 0.7216631 ]

rule47: duration > 125.523
probabilities_array:[0.         0.25503427 0.74496573]

rule14: 158.424 < num_critic_for_reviews < 239.559
probabilities_array:[0.         0.23237906 0.7676209 ]

rule13: 77.290 < num_critic_for_reviews < 158.424
probabilities_array:[0.         0.22700393 0.77299607]

