R2: -0.9252297673160219


MAE: 35109302.04572494


Accuracy: 0.7603660208941083


F1: 0.7603787327021122


Most important rules
-----------------------------

---0---
rule16: num_user_for_reviews < 41.851
probabilities_array:[0.4587553 0.        0.5412447]

rule9: -2993.415 < num_voted_users < 95365.684
probabilities_array:[0.4459814  0.         0.55401856]

rule49: -130127864.379 < budget < 45242901.191
probabilities_array:[0.31211504 0.         0.6878849 ]

rule3: imdb_score > 7.200
probabilities_array:[0.29772243 0.         0.70227754]

rule6: 2003.473 < title_year < 2010.047
probabilities_array:[0.28047812 0.         0.7195219 ]

rule51: budget > 220613666.761
probabilities_array:[0.26325357 0.         0.73674643]

rule12: num_critic_for_reviews < 75.060
probabilities_array:[0.23292273 0.         0.76707727]


---1---
rule4: title_year < 1996.898
probabilities_array:[0.         0.55464303 0.44535694]

rule50: 45242901.191 < budget < 220613666.761
probabilities_array:[0.         0.46068716 0.53931284]

rule30: 1860.079 < actor_2_facebook_likes < 4472.607
probabilities_array:[0.         0.43089738 0.56910264]

rule11: num_voted_users > 193724.784
probabilities_array:[0.         0.39147633 0.60852367]

rule19: num_user_for_reviews > 577.083
probabilities_array:[0.         0.35381266 0.6461873 ]

rule10: 95365.684 < num_voted_users < 193724.784
probabilities_array:[0.         0.35105753 0.6489425 ]

rule15: num_critic_for_reviews > 241.419
probabilities_array:[0.         0.34269193 0.6573081 ]

rule14: 158.240 < num_critic_for_reviews < 241.419
probabilities_array:[0.         0.33284658 0.6671534 ]

rule1: 5.691 < imdb_score < 6.445
probabilities_array:[0.         0.28338188 0.7166181 ]

rule43: movie_facebook_likes > 21972.666
probabilities_array:[0.        0.2800188 0.7199812]

rule23: director_facebook_likes > 2583.467
probabilities_array:[0.         0.27932027 0.7206797 ]

rule0: imdb_score < 5.691
probabilities_array:[0.        0.2786998 0.7213002]

rule13: 75.060 < num_critic_for_reviews < 158.240
probabilities_array:[0.         0.27012968 0.7298703 ]

rule18: 309.467 < num_user_for_reviews < 577.083
probabilities_array:[0.         0.24034157 0.7596584 ]

rule35: actor_3_facebook_likes > 1938.795
probabilities_array:[0.         0.23340937 0.76659065]

rule34: 722.488 < actor_3_facebook_likes < 1938.795
probabilities_array:[0.00202652 0.21662603 0.78134745]

