R2: 0.5172993396968941


MAE: 28139388.940215297


Accuracy: 0.7547075427877228


F1: 0.7560087399854334


Most important rules
-----------------------------

---0---
rule3: imdb_score > 7.227
probabilities_array:[0.39244732 0.         0.6075527 ]

rule16: num_user_for_reviews < 42.043
probabilities_array:[0.37219954 0.         0.62780046]

rule9: -2891.276 < num_voted_users < 98917.910
probabilities_array:[0.33449233 0.         0.6655077 ]

rule22: 785.720 < director_facebook_likes < 2851.481
probabilities_array:[0.32279378 0.         0.6772062 ]

rule6: 2003.185 < title_year < 2010.098
probabilities_array:[0.31149244 0.         0.68850756]

rule12: num_critic_for_reviews < 77.389
probabilities_array:[0.3053326 0.        0.6946674]

rule49: -129335644.516 < budget < 45925534.355
probabilities_array:[0.25014475 0.         0.7498553 ]

rule51: budget > 221186713.226
probabilities_array:[0.22280088 0.         0.7771991 ]


---1---
rule50: 45925534.355 < budget < 221186713.226
probabilities_array:[0.         0.51772344 0.48227653]

rule4: title_year < 1996.272
probabilities_array:[0.         0.49127376 0.50872624]

rule30: 1855.068 < actor_2_facebook_likes < 4439.125
probabilities_array:[0.         0.4502243  0.54977566]

rule19: num_user_for_reviews > 607.497
probabilities_array:[0.        0.4171813 0.5828187]

rule11: num_voted_users > 200727.095
probabilities_array:[0.         0.3798664  0.62013364]

rule10: 98917.910 < num_voted_users < 200727.095
probabilities_array:[0.         0.3586218  0.64137816]

rule47: duration > 124.997
probabilities_array:[0.00084998 0.31907007 0.68007994]

rule15: num_critic_for_reviews > 247.106
probabilities_array:[0.         0.31684145 0.6831586 ]

rule14: 162.247 < num_critic_for_reviews < 247.106
probabilities_array:[0.       0.311081 0.688919]

rule18: 324.770 < num_user_for_reviews < 607.497
probabilities_array:[0.         0.25604326 0.74395674]

rule46: 109.777 < duration < 124.997
probabilities_array:[0.         0.25462803 0.74537194]

rule43: movie_facebook_likes > 23869.035
probabilities_array:[0.00338553 0.24588662 0.7507279 ]

rule1: 5.752 < imdb_score < 6.489
probabilities_array:[0.         0.2398164  0.76018363]

rule34: 722.356 < actor_3_facebook_likes < 1945.359
probabilities_array:[1.2089947e-04 2.2374482e-01 7.7613431e-01]

rule13: 77.389 < num_critic_for_reviews < 162.247
probabilities_array:[0.         0.22123136 0.77876866]

rule35: actor_3_facebook_likes > 1945.359
probabilities_array:[0.         0.21928549 0.7807145 ]

