R2: 0.250927555362888


MAE: 36440377.86436168


Accuracy: 0.7551366717784205


F1: 0.7567370721048798


Most important rules
-----------------------------

---0---
rule51: budget > 221339073.564
probabilities_array:[0.5566103  0.         0.44338974]

rule49: -126113417.818 < budget < 47612827.873
probabilities_array:[0.4686626  0.         0.53133744]

rule16: num_user_for_reviews < 47.965
probabilities_array:[0.44453558 0.         0.55546445]

rule9: -801.051 < num_voted_users < 98897.733
probabilities_array:[0.40474486 0.         0.59525514]

rule6: 2003.461 < title_year < 2010.032
probabilities_array:[0.39825165 0.         0.60174835]

rule3: imdb_score > 7.224
probabilities_array:[0.33512738 0.         0.66487265]

rule7: title_year > 2010.032
probabilities_array:[0.31511658 0.         0.6848834 ]

rule12: num_critic_for_reviews < 78.681
probabilities_array:[0.29055086 0.         0.7094492 ]

rule5: 1996.890 < title_year < 2003.461
probabilities_array:[0.24327976 0.         0.75672024]

rule41: -4771.464 < movie_facebook_likes < 9025.014
probabilities_array:[0.20169589 0.05252794 0.7457762 ]


---1---
rule4: title_year < 1996.890
probabilities_array:[0.         0.43399882 0.5660012 ]

rule10: 98897.733 < num_voted_users < 198596.518
probabilities_array:[0.         0.43383804 0.56616193]

rule1: 5.760 < imdb_score < 6.492
probabilities_array:[0.         0.4026334  0.59736663]

rule0: imdb_score < 5.760
probabilities_array:[0.         0.38283637 0.6171636 ]

rule19: num_user_for_reviews > 575.419
probabilities_array:[0.         0.3792329  0.62076706]

rule50: 47612827.873 < budget < 221339073.564
probabilities_array:[0.        0.3768844 0.6231156]

rule11: num_voted_users > 198596.518
probabilities_array:[0.        0.3675421 0.6324579]

rule15: num_critic_for_reviews > 244.177
probabilities_array:[0.         0.29746148 0.70253855]

rule14: 161.429 < num_critic_for_reviews < 244.177
probabilities_array:[0.         0.29419798 0.705802  ]

rule43: movie_facebook_likes > 22821.493
probabilities_array:[0.00097143 0.28857753 0.71045095]

rule35: actor_3_facebook_likes > 1974.607
probabilities_array:[0.         0.28499195 0.715008  ]

rule13: 78.681 < num_critic_for_reviews < 161.429
probabilities_array:[0.         0.27486664 0.72513336]

rule47: duration > 125.700
probabilities_array:[3.5977192e-04 2.6735905e-01 7.3228121e-01]

rule30: 1881.541 < actor_2_facebook_likes < 4986.907
probabilities_array:[0.         0.23925816 0.76074183]

rule34: 732.596 < actor_3_facebook_likes < 1974.607
probabilities_array:[0.         0.22650808 0.7734919 ]

rule31: actor_2_facebook_likes > 4986.907
probabilities_array:[0.       0.212007 0.787993]

rule18: 311.692 < num_user_for_reviews < 575.419
probabilities_array:[0.         0.20923401 0.790766  ]

rule23: director_facebook_likes > 2691.141
probabilities_array:[0.00175503 0.20143826 0.79680675]

rule46: 110.112 < duration < 125.700
probabilities_array:[0.00458425 0.19806336 0.7973524 ]

