R2: 0.5189555258871812


MAE: 28385016.112587925


Accuracy: 0.75176624388073


F1: 0.7538237436270939


Most important rules
-----------------------------

---0---
rule9: -3387.011 < num_voted_users < 100551.314
probabilities_array:[0.49506775 0.         0.5049322 ]

rule16: num_user_for_reviews < 37.018
probabilities_array:[0.4206943 0.        0.5793057]

rule3: imdb_score > 7.222
probabilities_array:[0.3808964 0.        0.6191036]

rule6: 2003.168 < title_year < 2009.952
probabilities_array:[0.37108487 0.         0.62891513]

rule51: budget > 215907621.247
probabilities_array:[0.34495425 0.         0.65504575]

rule49: -123768263.025 < budget < 46069679.111
probabilities_array:[0.33925402 0.         0.660746  ]

rule12: num_critic_for_reviews < 77.251
probabilities_array:[0.22404781 0.         0.77595216]

rule45: 94.161 < duration < 109.318
probabilities_array:[0.19968073 0.00451371 0.7958056 ]


---1---
rule50: 46069679.111 < budget < 215907621.247
probabilities_array:[0.         0.45848343 0.5415166 ]

rule4: title_year < 1996.385
probabilities_array:[0.         0.439963   0.56003696]

rule19: num_user_for_reviews > 609.736
probabilities_array:[0.         0.43494073 0.5650593 ]

rule30: 1931.504 < actor_2_facebook_likes < 5071.871
probabilities_array:[0.        0.3797513 0.6202487]

rule10: 100551.314 < num_voted_users < 204489.639
probabilities_array:[0.         0.37740073 0.62259924]

rule11: num_voted_users > 204489.639
probabilities_array:[0.         0.37266448 0.6273355 ]

rule14: 161.097 < num_critic_for_reviews < 244.943
probabilities_array:[0.         0.35340694 0.6465931 ]

rule15: num_critic_for_reviews > 244.943
probabilities_array:[0.         0.31887993 0.68112004]

rule18: 323.377 < num_user_for_reviews < 609.736
probabilities_array:[0.         0.29845184 0.70154816]

rule1: 5.739 < imdb_score < 6.481
probabilities_array:[0.         0.28128186 0.7187181 ]

rule13: 77.251 < num_critic_for_reviews < 161.097
probabilities_array:[0.         0.27544495 0.724555  ]

rule23: director_facebook_likes > 2862.235
probabilities_array:[0.         0.26660907 0.7333909 ]

rule34: 724.709 < actor_3_facebook_likes < 1957.538
probabilities_array:[0.         0.26047376 0.7395263 ]

rule0: imdb_score < 5.739
probabilities_array:[0.         0.25060582 0.7493942 ]

rule35: actor_3_facebook_likes > 1957.538
probabilities_array:[0.         0.23932602 0.760674  ]

rule47: duration > 124.474
probabilities_array:[0.00148483 0.23664184 0.76187336]

rule21: -1269.814 < director_facebook_likes < 796.210
probabilities_array:[0.         0.22112355 0.7788764 ]

rule43: movie_facebook_likes > 23601.159
probabilities_array:[0.         0.21378846 0.78621155]

