R2: 0.47561990183952796


MAE: 27908612.564182155


Accuracy: 0.7612816456627326


F1: 0.763292061179898


Most important rules
-----------------------------

---0---
rule9: 105.173 < num_voted_users < 98231.269
probabilities_array:[0.53664964 0.         0.46335033]

rule51: budget > 226768292.235
probabilities_array:[0.47469997 0.         0.5253    ]

rule8: num_voted_users < 105.173
probabilities_array:[0.47035137 0.         0.5296486 ]

rule49: -130775585.945 < budget < 47996353.145
probabilities_array:[0.42730105 0.         0.57269895]

rule16: num_user_for_reviews < 48.160
probabilities_array:[0.35583144 0.         0.64416856]

rule3: imdb_score > 7.205
probabilities_array:[0.33657753 0.         0.66342247]

rule12: num_critic_for_reviews < 76.580
probabilities_array:[0.3365217 0.        0.6634783]

rule6: 2003.178 < title_year < 2010.039
probabilities_array:[0.2294628 0.        0.7705372]


---1---
rule4: title_year < 1996.317
probabilities_array:[0.         0.5286081  0.47139192]

rule50: 47996353.145 < budget < 226768292.235
probabilities_array:[0.        0.4511565 0.5488435]

rule19: num_user_for_reviews > 579.847
probabilities_array:[0.         0.39293218 0.6070678 ]

rule30: 1808.695 < actor_2_facebook_likes < 4326.040
probabilities_array:[0.         0.38297078 0.61702925]

rule1: 5.748 < imdb_score < 6.477
probabilities_array:[0.         0.31569466 0.68430537]

rule43: movie_facebook_likes > 22007.665
probabilities_array:[0.        0.3136465 0.6863535]

rule10: 98231.269 < num_voted_users < 196357.366
probabilities_array:[0.         0.28758463 0.71241534]

rule11: num_voted_users > 196357.366
probabilities_array:[0.         0.28613836 0.71386164]

rule26: 7369.808 < actor_1_facebook_likes < 18623.015
probabilities_array:[0.         0.26228812 0.7377119 ]

rule18: 314.004 < num_user_for_reviews < 579.847
probabilities_array:[0.        0.2539903 0.7460097]

rule35: actor_3_facebook_likes > 1882.762
probabilities_array:[0.02305062 0.23142458 0.74552476]

rule38: 10801.010 < cast_total_facebook_likes < 23915.490
probabilities_array:[0.02144249 0.22914252 0.749415  ]

rule14: 159.691 < num_critic_for_reviews < 242.801
probabilities_array:[0.         0.23670024 0.76329976]

rule0: imdb_score < 5.748
probabilities_array:[0.         0.21937849 0.7806215 ]

rule15: num_critic_for_reviews > 242.801
probabilities_array:[0.         0.21359818 0.7864018 ]

