R2: 0.4608075007332719


MAE: 31472744.89986287


Accuracy: 0.7479381202618152


F1: 0.7479970866715222


Most important rules
-----------------------------

---0---
rule16: num_user_for_reviews < 32.502
probabilities_array:[0.4993772  0.         0.50062287]

rule3: imdb_score > 7.211
probabilities_array:[0.43065464 0.         0.56934536]

rule49: -41418469.765 < budget < 43340431.985
probabilities_array:[0.3427865 0.        0.6572135]

rule12: num_critic_for_reviews < 74.544
probabilities_array:[0.33360332 0.         0.6663967 ]

rule9: -4830.840 < num_voted_users < 96514.535
probabilities_array:[0.31509477 0.         0.68490523]

rule6: 2003.255 < title_year < 2010.025
probabilities_array:[0.27558982 0.         0.7244102 ]

rule22: 744.537 < director_facebook_likes < 2756.615
probabilities_array:[0.2653425  0.         0.73465747]


---1---
rule4: title_year < 1996.486
probabilities_array:[0.         0.5377148  0.46228522]

rule50: 43340431.985 < budget < 128099333.736
probabilities_array:[0.         0.48777577 0.51222426]

rule10: 96514.535 < num_voted_users < 197859.910
probabilities_array:[0.         0.47621885 0.5237811 ]

rule19: num_user_for_reviews > 578.626
probabilities_array:[0.       0.455531 0.544469]

rule35: actor_3_facebook_likes > 1959.393
probabilities_array:[0.         0.44508818 0.5549118 ]

rule11: num_voted_users > 197859.910
probabilities_array:[0.         0.36369222 0.6363078 ]

rule51: budget > 128099333.736
probabilities_array:[0.        0.3619691 0.6380309]

rule18: 305.564 < num_user_for_reviews < 578.626
probabilities_array:[0.01017335 0.32338935 0.6664373 ]

rule34: 718.421 < actor_3_facebook_likes < 1959.393
probabilities_array:[1.0892404e-04 3.2521719e-01 6.7467386e-01]

rule43: movie_facebook_likes > 21564.629
probabilities_array:[0.        0.3053382 0.6946618]

rule30: 1898.457 < actor_2_facebook_likes < 5013.586
probabilities_array:[0.         0.29155436 0.7084456 ]

rule14: 155.786 < num_critic_for_reviews < 237.028
probabilities_array:[0.         0.28151038 0.71848965]

rule15: num_critic_for_reviews > 237.028
probabilities_array:[0.        0.2738647 0.7261353]

rule47: duration > 124.740
probabilities_array:[0.0102719  0.24878013 0.74094796]

rule1: 5.731 < imdb_score < 6.471
probabilities_array:[0.         0.24156646 0.7584335 ]

rule46: 109.427 < duration < 124.740
probabilities_array:[0.         0.23372048 0.7662795 ]

rule13: 74.544 < num_critic_for_reviews < 155.786
probabilities_array:[0.         0.22108664 0.7789134 ]

rule0: imdb_score < 5.731
probabilities_array:[0.         0.22002815 0.77997184]

