R2: -4.274967437257804


MAE: 39437574.595845275


Accuracy: 0.7617059558782551


F1: 0.7618353969410051


Most important rules
-----------------------------

---0---
rule16: num_user_for_reviews < 45.459
probabilities_array:[0.48411775 0.         0.51588225]

rule9: -78.226 < num_voted_users < 94524.685
probabilities_array:[0.4605661 0.        0.5394339]

rule49: -7691803.882 < budget < 39609502.951
probabilities_array:[0.36250967 0.         0.63749033]

rule6: 2003.200 < title_year < 2010.094
probabilities_array:[0.36244062 0.         0.6375594 ]

rule3: imdb_score > 7.205
probabilities_array:[0.35787022 0.         0.6421298 ]

rule12: num_critic_for_reviews < 76.068
probabilities_array:[0.33232012 0.         0.6676799 ]

rule45: 94.821 < duration < 109.601
probabilities_array:[0.20373571 0.00209159 0.79417264]


---1---
rule4: title_year < 1996.307
probabilities_array:[0.         0.50240535 0.49759462]

rule19: num_user_for_reviews > 570.983
probabilities_array:[0.         0.46825945 0.53174055]

rule10: 94524.685 < num_voted_users < 189127.596
probabilities_array:[0.         0.42135814 0.5786419 ]

rule51: budget > 86910809.783
probabilities_array:[0.         0.42098197 0.579018  ]

rule50: 39609502.951 < budget < 86910809.783
probabilities_array:[0.         0.38262832 0.6173717 ]

rule1: 5.722 < imdb_score < 6.464
probabilities_array:[0.         0.36075532 0.6392447 ]

rule11: num_voted_users > 189127.596
probabilities_array:[0.         0.33755156 0.6624484 ]

rule0: imdb_score < 5.722
probabilities_array:[0.         0.33210504 0.66789496]

rule15: num_critic_for_reviews > 241.223
probabilities_array:[0.         0.28214836 0.71785164]

rule23: director_facebook_likes > 2640.183
probabilities_array:[0.00227174 0.2764693  0.721259  ]

rule14: 158.646 < num_critic_for_reviews < 241.223
probabilities_array:[0.00217847 0.27105153 0.72677   ]

rule43: movie_facebook_likes > 23314.050
probabilities_array:[0.00092628 0.26256958 0.73650414]

rule18: 308.221 < num_user_for_reviews < 570.983
probabilities_array:[0.        0.2629651 0.7370349]

rule47: duration > 124.381
probabilities_array:[0.00418362 0.23653452 0.7592818 ]

rule34: 714.148 < actor_3_facebook_likes < 1901.516
probabilities_array:[0.00185396 0.21571006 0.782436  ]

rule46: 109.601 < duration < 124.381
probabilities_array:[0.        0.2107437 0.7892563]

