R2: -6.109647966794427


MAE: 34076400.54926747


Accuracy: 0.7659053903139732


F1: 0.7669337217771304


Most important rules
-----------------------------

---0---
rule3: imdb_score > 7.223
probabilities_array:[0.4546321 0.        0.5453679]

rule16: num_user_for_reviews < 37.447
probabilities_array:[0.3754575  0.         0.62454253]

rule24: actor_1_facebook_likes < 117.445
probabilities_array:[0.36220953 0.         0.63779044]

rule12: num_critic_for_reviews < 75.290
probabilities_array:[0.34588712 0.         0.6541129 ]

rule36: cast_total_facebook_likes < 925.311
probabilities_array:[0.3361972 0.        0.6638028]

rule9: -2531.355 < num_voted_users < 99630.826
probabilities_array:[0.31112513 0.         0.6888749 ]

rule6: 2003.116 < title_year < 2010.002
probabilities_array:[0.2856635 0.        0.7143365]

rule49: -13105144.167 < budget < 40655511.568
probabilities_array:[0.28260407 0.         0.71739596]

rule2: 6.489 < imdb_score < 7.223
probabilities_array:[0.21266828 0.00843506 0.77889663]


---1---
rule11: num_voted_users > 201793.007
probabilities_array:[0.         0.5215563  0.47844365]

rule10: 99630.826 < num_voted_users < 201793.007
probabilities_array:[0.         0.49910468 0.5008953 ]

rule4: title_year < 1996.231
probabilities_array:[0.         0.45921737 0.54078263]

rule51: budget > 94416167.304
probabilities_array:[0.         0.42557937 0.57442063]

rule50: 40655511.568 < budget < 94416167.304
probabilities_array:[0.       0.422176 0.577824]

rule19: num_user_for_reviews > 600.279
probabilities_array:[0.        0.3830846 0.6169154]

rule43: movie_facebook_likes > 23385.985
probabilities_array:[0.         0.30063546 0.69936454]

rule38: 10697.656 < cast_total_facebook_likes < 20470.000
probabilities_array:[0.        0.2863666 0.7136334]

rule18: 318.863 < num_user_for_reviews < 600.279
probabilities_array:[0.         0.28609118 0.7139088 ]

rule30: 1874.029 < actor_2_facebook_likes < 4514.299
probabilities_array:[0.         0.2792243  0.72077566]

rule47: duration > 125.906
probabilities_array:[0.03266379 0.25728458 0.71005166]

rule14: 159.006 < num_critic_for_reviews < 242.722
probabilities_array:[0.         0.26060745 0.7393926 ]

rule27: actor_1_facebook_likes > 14168.863
probabilities_array:[0.         0.24910305 0.75089693]

rule23: director_facebook_likes > 2792.061
probabilities_array:[0.         0.24547401 0.754526  ]

rule26: 7143.154 < actor_1_facebook_likes < 14168.863
probabilities_array:[0.06608659 0.21292461 0.7209888 ]

rule15: num_critic_for_reviews > 242.722
probabilities_array:[0.         0.23800917 0.76199085]

rule42: 8801.911 < movie_facebook_likes < 23385.985
probabilities_array:[0.06818772 0.20080477 0.7310075 ]

rule46: 109.932 < duration < 125.906
probabilities_array:[0.         0.23201242 0.76798755]

rule37: 925.311 < cast_total_facebook_likes < 10697.656
probabilities_array:[0.         0.22850595 0.77149403]

rule35: actor_3_facebook_likes > 2032.205
probabilities_array:[0.         0.21160457 0.78839546]

