R2: 0.4807451122858105


MAE: 31110818.2026559


Accuracy: 0.7617944561904282


F1: 0.7618353969410051


Most important rules
-----------------------------

---0---
rule9: 864.865 < num_voted_users < 95296.163
probabilities_array:[0.5060469  0.         0.49395314]

rule8: num_voted_users < 864.865
probabilities_array:[0.43149877 0.         0.56850123]

rule16: num_user_for_reviews < 47.710
probabilities_array:[0.4271268 0.        0.5728732]

rule6: 2003.273 < title_year < 2010.072
probabilities_array:[0.335906 0.       0.664094]

rule3: imdb_score > 7.194
probabilities_array:[0.30694464 0.         0.69305533]

rule49: -15294328.473 < budget < 40090382.439
probabilities_array:[0.29513025 0.         0.70486975]

rule44: duration < 93.652
probabilities_array:[0.25400427 0.00927111 0.7367247 ]

rule45: 93.652 < duration < 109.167
probabilities_array:[0.24867444 0.00603667 0.74528885]

rule12: num_critic_for_reviews < 75.715
probabilities_array:[0.23750329 0.         0.7624967 ]


---1---
rule4: title_year < 1996.475
probabilities_array:[0.         0.47560644 0.52439356]

rule50: 40090382.439 < budget < 95475093.352
probabilities_array:[0.        0.4430939 0.5569061]

rule10: 95296.163 < num_voted_users < 189727.461
probabilities_array:[0.        0.4246739 0.5753261]

rule19: num_user_for_reviews > 560.513
probabilities_array:[0.         0.42323384 0.5767662 ]

rule51: budget > 95475093.352
probabilities_array:[0.         0.39595798 0.604042  ]

rule0: imdb_score < 5.722
probabilities_array:[0.        0.3422553 0.6577447]

rule11: num_voted_users > 189727.461
probabilities_array:[0.         0.33039623 0.66960377]

rule14: 159.115 < num_critic_for_reviews < 242.514
probabilities_array:[0.         0.31251308 0.6874869 ]

rule30: 1947.730 < actor_2_facebook_likes < 5139.678
probabilities_array:[0.         0.30441254 0.69558746]

rule18: 304.111 < num_user_for_reviews < 560.513
probabilities_array:[0.         0.28136715 0.7186329 ]

rule35: actor_3_facebook_likes > 2091.402
probabilities_array:[0.         0.26862308 0.7313769 ]

rule15: num_critic_for_reviews > 242.514
probabilities_array:[0.         0.25977135 0.74022865]

rule1: 5.722 < imdb_score < 6.458
probabilities_array:[0.         0.25152445 0.74847555]

rule22: 750.129 < director_facebook_likes < 2747.812
probabilities_array:[0.         0.25104114 0.7489588 ]

rule38: 11144.765 < cast_total_facebook_likes < 24936.192
probabilities_array:[0.02793272 0.21719848 0.7548688 ]

rule13: 75.715 < num_critic_for_reviews < 159.115
probabilities_array:[0.         0.22042535 0.77957463]

rule21: -1247.555 < director_facebook_likes < 750.129
probabilities_array:[0.        0.2153821 0.7846179]

rule43: movie_facebook_likes > 23045.584
probabilities_array:[0.         0.21424334 0.78575665]

rule23: director_facebook_likes > 2747.812
probabilities_array:[0.00305576 0.2114977  0.7854465 ]

rule31: actor_2_facebook_likes > 5139.678
probabilities_array:[0.01456521 0.1976964  0.78773844]

