R2: -0.29689286587100416


MAE: 31190304.73535987


Accuracy: 0.7719667321065834


F1: 0.7727603787327021


Most important rules
-----------------------------

---0---
rule16: num_user_for_reviews < 38.708
probabilities_array:[0.5141724  0.         0.48582762]

rule49: -128032397.419 < budget < 45479133.951
probabilities_array:[0.35850748 0.         0.64149255]

rule3: imdb_score > 7.224
probabilities_array:[0.33354285 0.         0.6664572 ]

rule51: budget > 218990665.320
probabilities_array:[0.3288679 0.        0.6711321]

rule9: -3693.175 < num_voted_users < 99068.366
probabilities_array:[0.31029475 0.         0.68970525]

rule6: 2003.224 < title_year < 2009.910
probabilities_array:[0.30541882 0.         0.69458115]

rule45: 94.004 < duration < 109.529
probabilities_array:[0.2625242 0.        0.7374758]

rule12: num_critic_for_reviews < 76.851
probabilities_array:[0.24989004 0.         0.75011   ]

rule41: -5453.880 < movie_facebook_likes < 8869.949
probabilities_array:[0.2198293  0.01992474 0.76024586]


---1---
rule4: title_year < 1996.538
probabilities_array:[0.         0.5167099  0.48329005]

rule50: 45479133.951 < budget < 218990665.320
probabilities_array:[0.         0.44055003 0.55945   ]

rule19: num_user_for_reviews > 601.047
probabilities_array:[0.         0.38866493 0.6113351 ]

rule10: 99068.366 < num_voted_users < 201829.907
probabilities_array:[0.         0.35179707 0.64820296]

rule15: num_critic_for_reviews > 242.953
probabilities_array:[0.        0.3422342 0.6577658]

rule1: 5.722 < imdb_score < 6.473
probabilities_array:[0.        0.3307217 0.6692783]

rule30: 1916.804 < actor_2_facebook_likes < 5048.245
probabilities_array:[0.        0.3282094 0.6717906]

rule18: 319.877 < num_user_for_reviews < 601.047
probabilities_array:[0.         0.32588935 0.67411065]

rule14: 159.902 < num_critic_for_reviews < 242.953
probabilities_array:[0.         0.32436624 0.6756338 ]

rule11: num_voted_users > 201829.907
probabilities_array:[0.         0.31452808 0.68547195]

rule13: 76.851 < num_critic_for_reviews < 159.902
probabilities_array:[0.         0.30184975 0.6981502 ]

rule26: 7490.661 < actor_1_facebook_likes < 18942.786
probabilities_array:[0.01064532 0.24254067 0.7468141 ]

rule0: imdb_score < 5.722
probabilities_array:[0.        0.2449223 0.7550777]

rule43: movie_facebook_likes > 23193.779
probabilities_array:[0.00284926 0.22688474 0.77026606]

rule47: duration > 125.053
probabilities_array:[0.00182392 0.2140765  0.7840996 ]

rule39: cast_total_facebook_likes > 24901.711
probabilities_array:[0.03815476 0.18684293 0.77500236]

rule38: 11101.814 < cast_total_facebook_likes < 24901.711
probabilities_array:[0.05380844 0.17852674 0.7676648 ]

