R2: -3.0227455072843323


MAE: 31903983.507933125


Accuracy: 0.7582111186583658


F1: 0.7603787327021122


Most important rules
-----------------------------

---0---
rule16: num_user_for_reviews < 36.961
probabilities_array:[0.46421346 0.         0.5357865 ]

rule9: -2810.528 < num_voted_users < 99567.537
probabilities_array:[0.45370215 0.         0.54629785]

rule6: 2003.290 < title_year < 2010.032
probabilities_array:[0.4044462 0.        0.5955538]

rule49: -40663624.774 < budget < 44970126.629
probabilities_array:[0.40392432 0.         0.59607565]

rule3: imdb_score > 7.213
probabilities_array:[0.33893293 0.         0.66106707]

rule12: num_critic_for_reviews < 77.816
probabilities_array:[0.2660485 0.        0.7339515]


---1---
rule4: title_year < 1996.549
probabilities_array:[0.         0.43378273 0.5662173 ]

rule50: 44970126.629 < budget < 130603878.031
probabilities_array:[0.         0.39442557 0.6055744 ]

rule51: budget > 130603878.031
probabilities_array:[0.        0.3784135 0.6215865]

rule19: num_user_for_reviews > 601.122
probabilities_array:[0.         0.3769363  0.62306374]

rule10: 99567.537 < num_voted_users < 201945.602
probabilities_array:[0.         0.33894277 0.66105723]

rule14: 161.489 < num_critic_for_reviews < 245.162
probabilities_array:[0.         0.33152688 0.6684731 ]

rule11: num_voted_users > 201945.602
probabilities_array:[0.         0.32822937 0.67177063]

rule15: num_critic_for_reviews > 245.162
probabilities_array:[0.         0.32500604 0.674994  ]

rule30: 1966.814 < actor_2_facebook_likes < 5127.579
probabilities_array:[0.         0.31964624 0.68035376]

rule0: imdb_score < 5.730
probabilities_array:[0.        0.2839058 0.7160942]

rule13: 77.816 < num_critic_for_reviews < 161.489
probabilities_array:[0.       0.277488 0.722512]

rule34: 739.344 < actor_3_facebook_likes < 2004.865
probabilities_array:[0.         0.27488846 0.72511154]

rule46: 109.671 < duration < 124.942
probabilities_array:[0.         0.2464259  0.75357413]

rule1: 5.730 < imdb_score < 6.472
probabilities_array:[0.         0.23577861 0.7642214 ]

rule47: duration > 124.942
probabilities_array:[0.02794061 0.21504207 0.7570173 ]

rule43: movie_facebook_likes > 23308.565
probabilities_array:[0.         0.22576308 0.7742369 ]

rule35: actor_3_facebook_likes > 2004.865
probabilities_array:[0.        0.2223163 0.7776837]

rule23: director_facebook_likes > 2782.418
probabilities_array:[6.3596701e-04 2.1479745e-01 7.8456664e-01]

rule18: 319.041 < num_user_for_reviews < 601.122
probabilities_array:[0.         0.21292913 0.7870709 ]

