R2: -0.9698470231145391


MAE: 32124927.018268522


Accuracy: 0.75036696391677


F1: 0.7516387472687546


Most important rules
-----------------------------

---0---
rule16: num_user_for_reviews < 46.231
probabilities_array:[0.44779262 0.         0.55220735]

rule9: -2822.979 < num_voted_users < 99976.673
probabilities_array:[0.44012386 0.         0.55987614]

rule6: 2003.380 < title_year < 2010.026
probabilities_array:[0.42034075 0.         0.5796592 ]

rule49: -35973888.996 < budget < 42247050.184
probabilities_array:[0.40418455 0.         0.5958154 ]

rule3: imdb_score > 7.226
probabilities_array:[0.30740887 0.         0.69259113]

rule12: num_critic_for_reviews < 77.123
probabilities_array:[0.26412544 0.         0.73587453]

rule7: title_year > 2010.026
probabilities_array:[0.22220537 0.         0.7777946 ]


---1---
rule11: num_voted_users > 202776.325
probabilities_array:[0.         0.47360522 0.5263948 ]

rule50: 42247050.184 < budget < 120467989.363
probabilities_array:[0.         0.46418157 0.5358184 ]

rule10: 99976.673 < num_voted_users < 202776.325
probabilities_array:[0.         0.43731305 0.5626869 ]

rule4: title_year < 1996.734
probabilities_array:[0.         0.42955124 0.57044876]

rule51: budget > 120467989.363
probabilities_array:[0.         0.41394657 0.58605343]

rule1: 5.743 < imdb_score < 6.485
probabilities_array:[0.         0.32925823 0.67074174]

rule30: 1889.079 < actor_2_facebook_likes < 4995.937
probabilities_array:[0.         0.32785624 0.67214376]

rule15: num_critic_for_reviews > 244.135
probabilities_array:[0.         0.29680714 0.70319283]

rule19: num_user_for_reviews > 580.938
probabilities_array:[0.         0.29539385 0.7046061 ]

rule18: 313.585 < num_user_for_reviews < 580.938
probabilities_array:[0.         0.28203318 0.71796685]

rule47: duration > 124.681
probabilities_array:[0.01680817 0.24156325 0.7416286 ]

rule0: imdb_score < 5.743
probabilities_array:[0.         0.24936143 0.7506386 ]

rule46: 109.493 < duration < 124.681
probabilities_array:[0.         0.24634491 0.7536551 ]

rule34: 732.611 < actor_3_facebook_likes < 2012.020
probabilities_array:[0.         0.24382412 0.7561759 ]

rule14: 160.629 < num_critic_for_reviews < 244.135
probabilities_array:[0.         0.22933465 0.77066535]

rule42: 9010.897 < movie_facebook_likes < 22934.868
probabilities_array:[0.0096131  0.21730317 0.77308375]

rule43: movie_facebook_likes > 22934.868
probabilities_array:[0.         0.22000192 0.77999806]

rule13: 77.123 < num_critic_for_reviews < 160.629
probabilities_array:[0.         0.20498978 0.7950102 ]

rule27: actor_1_facebook_likes > 18897.391
probabilities_array:[0.0754102 0.1671697 0.75742  ]

rule23: director_facebook_likes > 2767.410
probabilities_array:[0.0375163 0.1826316 0.7798521]

