MSE: 3855419741228408.0

Accuracy: 0.7654770575382375

F1: 0.7651270772238514

Average Similarity: 0.7736175110348164

Confusion Matrix: [[552, 159], [163, 499]]

Similarity Matrix: [[0.772027972027972, 0.007456378148148886], [0.008769994166882473, 0.7583586626139818]]

Uncertainties: {'class0': [0.6203617453575134, 0.7146484851837158, 0.7279553413391113, 0.7434262037277222, 0.748634397983551], 'class1': [0.613699734210968, 0.6633633971214294, 0.7053558826446533, 0.7126463651657104, 0.723388671875]}

Most important rules
-----------------------------

---0---
rule16: num_user_for_reviews < 41.356
probabilities_array:[0.37963828 0.         0.62036175]

rule12: num_critic_for_reviews < 76.003
probabilities_array:[0.2853515 0.        0.7146485]

rule49: -28518769.990 < budget < 39555487.664
probabilities_array:[0.27204466 0.         0.72795534]

rule22: 780.531 < director_facebook_likes < 2837.770
probabilities_array:[2.5626990e-01 3.0389617e-04 7.4342620e-01]

rule5: 1996.735 < title_year < 2003.342
probabilities_array:[0.2513656 0.        0.7486344]

rule81: Negative title_year - 2003.342, num_user_for_reviews - 320.762
probabilities_array:[0.24032283 0.         0.7596772 ]

rule9: -3643.558 < num_voted_users < 99608.445
probabilities_array:[0.23726833 0.         0.7627317 ]

rule6: 2003.342 < title_year < 2009.950
probabilities_array:[0.22803201 0.         0.771968  ]

rule203: Negative movie_facebook_likes - 8995.972, duration - 109.556
probabilities_array:[0.21201712 0.         0.7879829 ]


---1---
rule171: Negative actor_1_facebook_likes - 7392.021, cast_total_facebook_likes - 10967.420
probabilities_array:[0.         0.38630027 0.61369973]

rule113: Negative num_voted_users - 99608.445, movie_facebook_likes - 8995.972
probabilities_array:[0.        0.3366366 0.6633634]

rule4: title_year < 1996.735
probabilities_array:[0.         0.29464412 0.7053559 ]

rule11: num_voted_users > 202860.449
probabilities_array:[0.         0.2873536  0.71264637]

rule30: 1895.579 < actor_2_facebook_likes < 4503.005
probabilities_array:[0.         0.27661136 0.7233887 ]

rule19: num_user_for_reviews > 600.169
probabilities_array:[0.         0.27321362 0.7267864 ]

rule13: 76.003 < num_critic_for_reviews < 159.709
probabilities_array:[0.        0.2678614 0.7321386]

rule10: 99608.445 < num_voted_users < 202860.449
probabilities_array:[0.0127547  0.25453484 0.7327105 ]

rule187: Negative actor_2_facebook_likes - 1895.579, budget - 39555487.664
probabilities_array:[0.01605771 0.23053153 0.7534108 ]

rule47: duration > 125.110
probabilities_array:[0.04028173 0.20912756 0.7505907 ]

rule165: Negative director_facebook_likes - 780.531, budget - 39555487.664
probabilities_array:[0.        0.2272731 0.7727269]

rule50: 39555487.664 < budget < 107629745.319
probabilities_array:[0.         0.22678165 0.77321833]

rule117: Negative num_voted_users - 99608.445, budget - 39555487.664
probabilities_array:[0.00176206 0.22503525 0.7732027 ]

rule66: Positive imdb_score - 6.481, actor_3_facebook_likes - 731.000
probabilities_array:[0.         0.21321423 0.7867858 ]

rule197: Negative cast_total_facebook_likes - 10967.420, movie_facebook_likes - 8995.972
probabilities_array:[0.00122691 0.20267004 0.79610306]

