R2: 0.48880404990477033

MAE: 9.370941176470588

MSE: 135.84761647058824

Accuracy: 0.8264705882352941

F1: 0.8259269865236596

Confusion Matrix: [[150, 31], [28, 131]]

Uncertainties: {'class0': [0.028118429705500603, 0.19028130173683167, 0.2568545937538147, 0.31590136885643005, 0.38012054562568665], 'class1': [0.12462260574102402, 0.23722800612449646, 0.2567301392555237, 0.39600422978401184, 0.505473256111145]}

Most important rules
-----------------------------

---0---
rule28: age < 3.646
probabilities_array:[0.97188157 0.         0.02811843]

rule0: cement < 211.468
probabilities_array:[0.8097187 0.        0.1902813]

rule15: water > 195.440
probabilities_array:[0.7431454 0.        0.2568546]

rule27: fine_aggregate > 827.184
probabilities_array:[0.6840986  0.         0.31590137]

rule16: superplasticizer < 2.276
probabilities_array:[0.6198795  0.         0.38012055]

rule29: 3.646 < age < 46.710
probabilities_array:[4.1616485e-01 2.8250238e-04 5.8355266e-01]

rule1: 211.468 < cement < 282.539
probabilities_array:[0.41525736 0.         0.58474267]

rule14: 181.203 < water < 195.440
probabilities_array:[0.40332273 0.         0.59667724]

rule4: blast_furnace_slag < 14.624
probabilities_array:[0.32143983 0.         0.6785602 ]

rule5: 14.624 < blast_furnace_slag < 72.192
probabilities_array:[0.23477095 0.00446103 0.760768  ]

rule26: 774.295 < fine_aggregate < 827.184
probabilities_array:[0.21033129 0.02654542 0.76312333]


---1---
rule31: age > 89.775
probabilities_array:[0.         0.8753774  0.12462261]

rule3: cement > 353.611
probabilities_array:[0.       0.762772 0.237228]

rule30: 46.710 < age < 89.775
probabilities_array:[0.         0.74326986 0.25673014]

rule12: water < 166.967
probabilities_array:[0.         0.6039958  0.39600423]

rule6: 72.192 < blast_furnace_slag < 129.759
probabilities_array:[0.         0.4945267  0.50547326]

rule8: fly_ash < 11.247
probabilities_array:[0.         0.4834673  0.51653266]

rule19: superplasticizer > 10.208
probabilities_array:[0.         0.48312396 0.51687604]

rule9: 11.247 < fly_ash < 55.166
probabilities_array:[0.         0.47933748 0.52066255]

rule24: fine_aggregate < 721.406
probabilities_array:[0.         0.46331218 0.5366878 ]

rule20: coarse_aggregate < 919.184
probabilities_array:[0.         0.40681428 0.5931857 ]

rule7: blast_furnace_slag > 129.759
probabilities_array:[0.         0.4017187  0.59828126]

rule23: coarse_aggregate > 1024.456
probabilities_array:[0.         0.327678   0.67232203]

rule22: 971.820 < coarse_aggregate < 1024.456
probabilities_array:[0.         0.31590545 0.68409455]

rule17: 2.276 < superplasticizer < 6.242
probabilities_array:[0.00094007 0.3115264  0.68753356]

rule18: 6.242 < superplasticizer < 10.208
probabilities_array:[0.00120345 0.30268732 0.6961092 ]

rule10: 55.166 < fly_ash < 99.085
probabilities_array:[0.        0.3019275 0.6980725]

rule13: 166.967 < water < 181.203
probabilities_array:[0.        0.2846672 0.7153328]

rule21: 919.184 < coarse_aggregate < 971.820
probabilities_array:[0.         0.27166823 0.72833174]

rule2: 282.539 < cement < 353.611
probabilities_array:[0.03288811 0.20553878 0.76157314]

