R2: 0.42875901459169186

MAE: 9.964176470588235

MSE: 151.46231264705884

Accuracy: 0.8117647058823529

F1: 0.8109732791271413

Confusion Matrix: [[127, 27], [37, 149]]

Uncertainties: {'class0': [0.18879814445972443, 0.30516761541366577, 0.40804722905158997, 0.4155611991882324, 0.4267779290676117], 'class1': [0.29038283228874207, 0.31829413771629333, 0.3275655210018158, 0.42677733302116394, 0.4520519971847534]}

Most important rules
-----------------------------

---0---
rule28: age < 1.613
probabilities_array:[0.8112019  0.         0.18879814]

rule29: 1.613 < age < 45.077
probabilities_array:[0.6948324  0.         0.30516762]

rule0: cement < 209.921
probabilities_array:[0.59195274 0.         0.40804723]

rule15: water > 196.038
probabilities_array:[0.5844388 0.        0.4155612]

rule27: fine_aggregate > 827.757
probabilities_array:[0.57322204 0.         0.42677793]

rule16: superplasticizer < 2.129
probabilities_array:[0.410399 0.       0.589601]

rule14: 181.748 < water < 196.038
probabilities_array:[0.34422383 0.         0.65577614]

rule26: 774.276 < fine_aggregate < 827.757
probabilities_array:[0.29402488 0.         0.7059751 ]

rule4: blast_furnace_slag < 14.525
probabilities_array:[0.2516956  0.01050318 0.73780125]

rule11: fly_ash > 97.887
probabilities_array:[0.19347587 0.02777383 0.77875024]


---1---
rule31: age > 88.540
probabilities_array:[0.         0.70961714 0.29038283]

rule3: cement > 349.018
probabilities_array:[0.         0.68170583 0.31829414]

rule30: 45.077 < age < 88.540
probabilities_array:[0.         0.67243445 0.32756552]

rule12: water < 167.457
probabilities_array:[0.         0.57322264 0.42677733]

rule10: 54.940 < fly_ash < 97.887
probabilities_array:[0.       0.547948 0.452052]

rule24: fine_aggregate < 720.796
probabilities_array:[0.         0.5475948  0.45240524]

rule2: 279.470 < cement < 349.018
probabilities_array:[0.         0.48568425 0.5143157 ]

rule13: 167.457 < water < 181.748
probabilities_array:[0.         0.46552026 0.53447974]

rule20: coarse_aggregate < 922.636
probabilities_array:[0.         0.42889968 0.57110035]

rule19: superplasticizer > 10.127
probabilities_array:[0.         0.42040414 0.57959586]

rule17: 2.129 < superplasticizer < 6.128
probabilities_array:[0.         0.4181449  0.58185506]

rule6: 72.338 < blast_furnace_slag < 130.150
probabilities_array:[0.         0.39241463 0.6075854 ]

rule8: fly_ash < 11.992
probabilities_array:[0.         0.39149517 0.60850483]

rule9: 11.992 < fly_ash < 54.940
probabilities_array:[0.01696699 0.31237414 0.6706588 ]

rule5: 14.525 < blast_furnace_slag < 72.338
probabilities_array:[0.08100267 0.27868068 0.64031667]

rule18: 6.128 < superplasticizer < 10.127
probabilities_array:[4.2818944e-04 3.0637991e-01 6.9319183e-01]

rule22: 974.170 < coarse_aggregate < 1025.704
probabilities_array:[0.        0.2618299 0.7381701]

rule7: blast_furnace_slag > 130.150
probabilities_array:[0.         0.24276836 0.75723165]

