R2: 0.469624612280127

MAE: 9.912999999999998

MSE: 148.07891294117647

Accuracy: 0.8382352941176471

F1: 0.8381666969563224

Confusion Matrix: [[146, 17], [38, 139]]

Uncertainties: {'class0': [0.09569846838712692, 0.262703537940979, 0.2979930341243744, 0.3611227571964264, 0.46234220266342163], 'class1': [0.30276620388031006, 0.35802069306373596, 0.39679911732673645, 0.4411074221134186, 0.47996482253074646]}

Most important rules
-----------------------------

---0---
rule28: age < 2.291
probabilities_array:[0.9043015  0.         0.09569847]

rule15: water > 195.828
probabilities_array:[0.73729646 0.         0.26270354]

rule29: 2.291 < age < 46.671
probabilities_array:[0.702007   0.         0.29799303]

rule0: cement < 211.560
probabilities_array:[0.6388772  0.         0.36112276]

rule27: fine_aggregate > 826.362
probabilities_array:[0.5376578 0.        0.4623422]

rule16: superplasticizer < 2.209
probabilities_array:[0.44019583 0.         0.5598042 ]

rule14: 181.245 < water < 195.828
probabilities_array:[0.4365832  0.         0.56341684]

rule1: 211.560 < cement < 281.926
probabilities_array:[0.3397551 0.        0.6602449]

rule26: 773.132 < fine_aggregate < 826.362
probabilities_array:[0.26331246 0.         0.73668754]


---1---
rule31: age > 91.051
probabilities_array:[0.        0.6972338 0.3027662]

rule24: fine_aggregate < 719.902
probabilities_array:[0.         0.64197934 0.3580207 ]

rule30: 46.671 < age < 91.051
probabilities_array:[0.         0.60320085 0.39679912]

rule12: water < 166.663
probabilities_array:[0.         0.55889255 0.44110742]

rule6: 73.692 < blast_furnace_slag < 131.926
probabilities_array:[0.         0.52003515 0.47996482]

rule3: cement > 352.292
probabilities_array:[0.         0.49683535 0.50316465]

rule20: coarse_aggregate < 920.790
probabilities_array:[0.         0.49315926 0.50684077]

rule9: 10.813 < fly_ash < 53.270
probabilities_array:[0.         0.47027218 0.5297278 ]

rule8: fly_ash < 10.813
probabilities_array:[0.         0.43722695 0.56277305]

rule19: superplasticizer > 10.361
probabilities_array:[0.         0.41640544 0.58359456]

rule21: 920.790 < coarse_aggregate < 973.306
probabilities_array:[0.         0.39412493 0.6058751 ]

rule5: 15.458 < blast_furnace_slag < 73.692
probabilities_array:[0.01772957 0.37606618 0.6062043 ]

rule18: 6.285 < superplasticizer < 10.361
probabilities_array:[0.         0.3623185  0.63768154]

rule7: blast_furnace_slag > 131.926
probabilities_array:[0.         0.35172716 0.6482728 ]

rule13: 166.663 < water < 181.245
probabilities_array:[0.         0.337563   0.66243696]

rule22: 973.306 < coarse_aggregate < 1025.821
probabilities_array:[0.         0.32546294 0.67453706]

rule2: 281.926 < cement < 352.292
probabilities_array:[0.00864037 0.31855354 0.67280614]

rule10: 53.270 < fly_ash < 95.727
probabilities_array:[0.         0.29616174 0.7038382 ]

