R2: 0.4009720149918432

MAE: 10.26285294117647

MSE: 170.4517020588235

Accuracy: 0.8264705882352941

F1: 0.8259269865236594

Confusion Matrix: [[131, 23], [36, 150]]

Uncertainties: {'class0': [0.2824828624725342, 0.32587385177612305, 0.3333909213542938, 0.3526187539100647, 0.5787836909294128], 'class1': [0.24078154563903809, 0.332060843706131, 0.45172208547592163, 0.45274415612220764, 0.45584240555763245]}

Most important rules
-----------------------------

---0---
rule29: 2.044 < age < 47.059
probabilities_array:[0.71751714 0.         0.28248286]

rule15: water > 196.412
probabilities_array:[0.67412615 0.         0.32587385]

rule27: fine_aggregate > 827.787
probabilities_array:[0.66660905 0.         0.33339092]

rule0: cement < 208.705
probabilities_array:[0.64738125 0.         0.35261875]

rule16: superplasticizer < 2.059
probabilities_array:[0.4212163 0.        0.5787837]

rule26: 773.414 < fine_aggregate < 827.787
probabilities_array:[0.4197681 0.        0.5802319]

rule14: 182.224 < water < 196.412
probabilities_array:[0.40481037 0.         0.59518963]

rule1: 208.705 < cement < 277.639
probabilities_array:[0.36526468 0.         0.63473535]


---1---
rule31: age > 92.075
probabilities_array:[0.         0.75921845 0.24078155]

rule10: 53.623 < fly_ash < 96.819
probabilities_array:[0.         0.6679392  0.33206084]

rule3: cement > 346.574
probabilities_array:[0.        0.5482779 0.4517221]

rule30: 47.059 < age < 92.075
probabilities_array:[0.         0.5472558  0.45274416]

rule24: fine_aggregate < 719.041
probabilities_array:[0.         0.54415756 0.4558424 ]

rule12: water < 168.036
probabilities_array:[0.         0.49205288 0.50794715]

rule20: coarse_aggregate < 923.402
probabilities_array:[0.         0.46853274 0.53146726]

rule6: 74.078 < blast_furnace_slag < 132.124
probabilities_array:[0.         0.45599726 0.5440028 ]

rule8: fly_ash < 10.426
probabilities_array:[0.        0.4394694 0.5605306]

rule21: 923.402 < coarse_aggregate < 975.543
probabilities_array:[0.         0.4217452  0.57825476]

rule13: 168.036 < water < 182.224
probabilities_array:[0.         0.40015948 0.5998405 ]

rule7: blast_furnace_slag > 132.124
probabilities_array:[0.         0.39901423 0.60098577]

rule19: superplasticizer > 9.678
probabilities_array:[0.         0.38560787 0.6143921 ]

rule5: 16.032 < blast_furnace_slag < 74.078
probabilities_array:[0.         0.36920983 0.6307902 ]

rule2: 277.639 < cement < 346.574
probabilities_array:[3.2071531e-04 3.1610554e-01 6.8357378e-01]

rule22: 975.543 < coarse_aggregate < 1027.685
probabilities_array:[0.         0.29912454 0.70087546]

rule18: 5.868 < superplasticizer < 9.678
probabilities_array:[0.00083604 0.24706072 0.7521032 ]

