R2: 0.39237532159461064

MAE: 10.724529411764706

MSE: 187.68454941176472

Accuracy: 0.8117647058823529

F1: 0.8116017316017315

Confusion Matrix: [[143, 23], [41, 133]]

Uncertainties: {'class0': [0.06784126162528992, 0.22964777052402496, 0.3232725262641907, 0.407230019569397, 0.482354998588562], 'class1': [0.10027360916137695, 0.1611395925283432, 0.298378050327301, 0.4043014347553253, 0.4080495536327362]}

Most important rules
-----------------------------

---0---
rule28: age < 3.499
probabilities_array:[0.9321587  0.         0.06784126]

rule15: water > 196.912
probabilities_array:[0.77035224 0.         0.22964777]

rule0: cement < 212.980
probabilities_array:[0.6767275  0.         0.32327253]

rule27: fine_aggregate > 823.139
probabilities_array:[0.59277    0.         0.40723002]

rule14: 182.705 < water < 196.912
probabilities_array:[0.517645 0.       0.482355]

rule29: 3.499 < age < 46.799
probabilities_array:[0.4849162  0.00325953 0.51182425]

rule16: superplasticizer < 1.959
probabilities_array:[0.42270556 0.00102938 0.5762651 ]

rule26: 769.946 < fine_aggregate < 823.139
probabilities_array:[4.2069766e-01 2.8994820e-05 5.7927328e-01]

rule1: 212.980 < cement < 283.788
probabilities_array:[0.31373122 0.         0.68626875]

rule23: coarse_aggregate > 1024.597
probabilities_array:[0.21825133 0.         0.78174865]

rule7: blast_furnace_slag > 133.162
probabilities_array:[0.17575318 0.07996447 0.74428236]


---1---
rule31: age > 90.099
probabilities_array:[0.         0.8997264  0.10027361]

rule30: 46.799 < age < 90.099
probabilities_array:[0.         0.8388604  0.16113959]

rule3: cement > 354.596
probabilities_array:[0.         0.70162195 0.29837805]

rule12: water < 168.498
probabilities_array:[0.         0.5956986  0.40430143]

rule24: fine_aggregate < 716.752
probabilities_array:[0.         0.5919505  0.40804955]

rule8: fly_ash < 9.386
probabilities_array:[0.00126455 0.53968155 0.4590539 ]

rule6: 73.647 < blast_furnace_slag < 133.162
probabilities_array:[0.         0.52284616 0.47715387]

rule19: superplasticizer > 9.870
probabilities_array:[0.       0.503136 0.496864]

rule18: 5.915 < superplasticizer < 9.870
probabilities_array:[0.        0.3610684 0.6389316]

rule13: 168.498 < water < 182.705
probabilities_array:[0.         0.35407943 0.6459206 ]

rule9: 9.386 < fly_ash < 52.226
probabilities_array:[0.00903407 0.33229697 0.658669  ]

rule21: 920.094 < coarse_aggregate < 972.345
probabilities_array:[0.         0.3318284  0.66817164]

rule17: 1.959 < superplasticizer < 5.915
probabilities_array:[0.        0.3058104 0.6941896]

rule2: 283.788 < cement < 354.596
probabilities_array:[0.         0.29873437 0.70126563]

rule20: coarse_aggregate < 920.094
probabilities_array:[0.         0.28774592 0.7122541 ]

