R2: 0.5323865531548333

MAE: 9.137

MSE: 127.45947205882352

Accuracy: 0.8823529411764706

F1: 0.8803490990990991

Confusion Matrix: [[172, 15], [25, 128]]

Uncertainties: {'class0': [0.011560017243027687, 0.35249486565589905, 0.35493701696395874, 0.36110517382621765, 0.4859878420829773], 'class1': [0.2573474645614624, 0.25910910964012146, 0.36020180583000183, 0.3850054144859314, 0.41758766770362854]}

Most important rules
-----------------------------

---0---
rule28: age < 4.026
probabilities_array:[0.98844    0.         0.01156002]

rule0: cement < 210.414
probabilities_array:[0.64750516 0.         0.35249487]

rule29: 4.026 < age < 46.568
probabilities_array:[0.645063   0.         0.35493702]

rule15: water > 196.303
probabilities_array:[0.6388948  0.         0.36110517]

rule27: fine_aggregate > 828.483
probabilities_array:[0.51401216 0.         0.48598784]

rule16: superplasticizer < 2.337
probabilities_array:[0.409726   0.         0.59027404]

rule14: 181.551 < water < 196.303
probabilities_array:[0.342423   0.         0.65757704]

rule4: blast_furnace_slag < 17.330
probabilities_array:[0.33236614 0.         0.66763383]


---1---
rule31: age > 89.110
probabilities_array:[0.         0.74265254 0.25734746]

rule3: cement > 347.208
probabilities_array:[0.        0.7408909 0.2591091]

rule24: fine_aggregate < 721.786
probabilities_array:[0.        0.6397982 0.3602018]

rule30: 46.568 < age < 89.110
probabilities_array:[0.        0.6149946 0.3850054]

rule12: water < 166.799
probabilities_array:[0.         0.58241236 0.41758767]

rule9: 11.530 < fly_ash < 54.231
probabilities_array:[0.         0.5304171  0.46958295]

rule20: coarse_aggregate < 918.726
probabilities_array:[0.         0.46701083 0.53298914]

rule19: superplasticizer > 10.344
probabilities_array:[0.        0.4601841 0.5398159]

rule6: 75.513 < blast_furnace_slag < 133.696
probabilities_array:[0.         0.45231333 0.5476867 ]

rule18: 6.341 < superplasticizer < 10.344
probabilities_array:[0.         0.43424174 0.5657582 ]

rule2: 278.811 < cement < 347.208
probabilities_array:[0.         0.41117087 0.58882916]

rule17: 2.337 < superplasticizer < 6.341
probabilities_array:[0.         0.35228348 0.6477165 ]

rule22: 970.491 < coarse_aggregate < 1022.256
probabilities_array:[0.         0.32681873 0.6731813 ]

rule8: fly_ash < 11.530
probabilities_array:[0.        0.2831778 0.7168222]

rule7: blast_furnace_slag > 133.696
probabilities_array:[0.         0.27482158 0.7251784 ]

rule10: 54.231 < fly_ash < 96.931
probabilities_array:[0.       0.270463 0.729537]

rule5: 17.330 < blast_furnace_slag < 75.513
probabilities_array:[0.         0.25428224 0.74571776]

rule13: 166.799 < water < 181.551
probabilities_array:[0.01764199 0.22864933 0.7537086 ]

