R2: 0.42777172062977287

MAE: 10.24885294117647

MSE: 155.8334455882353

Accuracy: 0.8323529411764706

F1: 0.8281777801420326

Confusion Matrix: [[115, 21], [36, 168]]

Uncertainties: {'class0': [0.05245727673172951, 0.2764642536640167, 0.31447634100914, 0.32305946946144104, 0.47709912061691284], 'class1': [0.11212776601314545, 0.22159315645694733, 0.23989687860012054, 0.31524091958999634, 0.42705264687538147]}

Most important rules
-----------------------------

---0---
rule28: age < 3.235
probabilities_array:[0.9475427  0.         0.05245728]

rule0: cement < 211.411
probabilities_array:[0.7235358  0.         0.27646425]

rule27: fine_aggregate > 828.801
probabilities_array:[0.6855237  0.         0.31447634]

rule15: water > 195.332
probabilities_array:[0.67694056 0.         0.32305947]

rule29: 3.235 < age < 42.699
probabilities_array:[0.5229009  0.         0.47709912]

rule16: superplasticizer < 2.126
probabilities_array:[0.4421544 0.        0.5578456]

rule14: 181.430 < water < 195.332
probabilities_array:[0.32990035 0.         0.6700996 ]

rule11: fly_ash > 96.464
probabilities_array:[0.27841452 0.01826179 0.70332366]

rule5: 12.892 < blast_furnace_slag < 70.358
probabilities_array:[0.27042705 0.         0.72957295]

rule26: 775.483 < fine_aggregate < 828.801
probabilities_array:[0.23628326 0.00516059 0.7585562 ]

rule4: blast_furnace_slag < 12.892
probabilities_array:[0.22877537 0.         0.7712246 ]


---1---
rule31: age > 82.162
probabilities_array:[0.         0.8878722  0.11212777]

rule3: cement > 348.885
probabilities_array:[0.         0.77840686 0.22159316]

rule30: 42.699 < age < 82.162
probabilities_array:[0.         0.7601031  0.23989688]

rule12: water < 167.528
probabilities_array:[0.         0.6847591  0.31524092]

rule19: superplasticizer > 10.099
probabilities_array:[0.         0.5729473  0.42705265]

rule24: fine_aggregate < 722.166
probabilities_array:[0.         0.55713475 0.44286522]

rule13: 167.528 < water < 181.430
probabilities_array:[0.       0.499083 0.500917]

rule2: 280.148 < cement < 348.885
probabilities_array:[0.         0.49811134 0.50188863]

rule6: 70.358 < blast_furnace_slag < 127.823
probabilities_array:[0.         0.47934827 0.5206517 ]

rule10: 53.689 < fly_ash < 96.464
probabilities_array:[0.         0.45017442 0.54982555]

rule17: 2.126 < superplasticizer < 6.112
probabilities_array:[0.         0.43630403 0.56369597]

rule18: 6.112 < superplasticizer < 10.099
probabilities_array:[0.         0.3927022  0.60729784]

rule20: coarse_aggregate < 923.439
probabilities_array:[0.        0.3546983 0.6453017]

rule22: 975.024 < coarse_aggregate < 1026.610
probabilities_array:[0.        0.3044784 0.6955216]

rule9: 10.914 < fly_ash < 53.689
probabilities_array:[0.11281934 0.16815686 0.71902376]

