R2: 0.47413507138353583

MAE: 9.628529411764706

MSE: 151.1721311764706

Accuracy: 0.8647058823529412

F1: 0.8643256185155626

Confusion Matrix: [[156, 20], [26, 138]]

Uncertainties: {'class0': [0.16996248066425323, 0.29487934708595276, 0.3135208487510681, 0.3925204873085022, 0.45341742038726807], 'class1': [0.22818949818611145, 0.29598018527030945, 0.3709523677825928, 0.4704985022544861, 0.48360857367515564]}

Most important rules
-----------------------------

---0---
rule28: age < 2.173
probabilities_array:[0.83003753 0.         0.16996248]

rule27: fine_aggregate > 829.547
probabilities_array:[0.7051206  0.         0.29487935]

rule15: water > 195.589
probabilities_array:[0.68647915 0.         0.31352085]

rule29: 2.173 < age < 46.126
probabilities_array:[0.6074795 0.        0.3925205]

rule0: cement < 210.926
probabilities_array:[0.5465826  0.         0.45341742]

rule16: superplasticizer < 2.405
probabilities_array:[0.4232706 0.        0.5767294]

rule26: 775.107 < fine_aggregate < 829.547
probabilities_array:[0.3335373 0.        0.6664627]

rule25: 720.667 < fine_aggregate < 775.107
probabilities_array:[0.29235318 0.         0.7076468 ]

rule14: 181.177 < water < 195.589
probabilities_array:[0.27519083 0.00447526 0.7203339 ]


---1---
rule31: age > 90.079
probabilities_array:[0.         0.77181053 0.2281895 ]

rule30: 46.126 < age < 90.079
probabilities_array:[0.        0.7040198 0.2959802]

rule3: cement > 347.843
probabilities_array:[0.         0.62904763 0.37095237]

rule12: water < 166.764
probabilities_array:[0.        0.5295015 0.4704985]

rule9: 14.074 < fly_ash < 56.996
probabilities_array:[0.         0.51639146 0.48360857]

rule24: fine_aggregate < 720.667
probabilities_array:[0.        0.4908455 0.5091545]

rule19: superplasticizer > 10.406
probabilities_array:[0.        0.4645247 0.5354753]

rule2: 279.384 < cement < 347.843
probabilities_array:[0.         0.46257702 0.53742296]

rule8: fly_ash < 14.074
probabilities_array:[0.         0.40770957 0.5922904 ]

rule20: coarse_aggregate < 921.294
probabilities_array:[0.         0.40729505 0.59270495]

rule13: 166.764 < water < 181.177
probabilities_array:[0.         0.38563287 0.6143671 ]

rule10: 56.996 < fly_ash < 99.917
probabilities_array:[0.         0.34936902 0.65063095]

rule6: 72.067 < blast_furnace_slag < 128.720
probabilities_array:[0.         0.32998893 0.67001104]

rule17: 2.405 < superplasticizer < 6.405
probabilities_array:[0.         0.27900678 0.7209932 ]

rule18: 6.405 < superplasticizer < 10.406
probabilities_array:[0.         0.27292785 0.7270722 ]

rule7: blast_furnace_slag > 128.720
probabilities_array:[0.         0.24686219 0.7531378 ]

rule21: 921.294 < coarse_aggregate < 973.070
probabilities_array:[0.         0.21147798 0.788522  ]

rule5: 15.415 < blast_furnace_slag < 72.067
probabilities_array:[0.07459081 0.17613041 0.74927884]

