R2: 0.519461590960524

MAE: 9.541352941176472

MSE: 133.63943088235297

Accuracy: 0.8735294117647059

F1: 0.87351956467199

Confusion Matrix: [[150, 21], [22, 147]]

Uncertainties: {'class0': [0.04567614570260048, 0.33726805448532104, 0.33776751160621643, 0.351582795381546, 0.4216631054878235], 'class1': [0.19061562418937683, 0.2508954405784607, 0.33439719676971436, 0.35483023524284363, 0.3943403959274292]}

Most important rules
-----------------------------

---0---
rule28: age < 4.012
probabilities_array:[0.9543238  0.         0.04567615]

rule27: fine_aggregate > 827.047
probabilities_array:[0.66273195 0.         0.33726805]

rule15: water > 195.862
probabilities_array:[0.6622325 0.        0.3377675]

rule0: cement < 209.791
probabilities_array:[0.64841723 0.         0.3515828 ]

rule29: 4.012 < age < 44.451
probabilities_array:[0.5783369 0.        0.4216631]

rule16: superplasticizer < 2.246
probabilities_array:[0.4632889 0.        0.5367111]

rule14: 181.507 < water < 195.862
probabilities_array:[0.39151633 0.         0.6084837 ]

rule26: 772.526 < fine_aggregate < 827.047
probabilities_array:[0.33931348 0.0015455  0.65914106]

rule25: 718.006 < fine_aggregate < 772.526
probabilities_array:[0.2800385 0.        0.7199615]

rule4: blast_furnace_slag < 16.132
probabilities_array:[0.2390942  0.01562954 0.7452763 ]

rule23: coarse_aggregate > 1027.101
probabilities_array:[0.22413257 0.         0.7758674 ]


---1---
rule31: age > 84.889
probabilities_array:[0.         0.80938435 0.19061562]

rule3: cement > 350.690
probabilities_array:[0.         0.74910456 0.25089544]

rule12: water < 167.151
probabilities_array:[0.        0.6656028 0.3343972]

rule30: 44.451 < age < 84.889
probabilities_array:[0.         0.64516973 0.35483024]

rule9: 11.927 < fly_ash < 55.148
probabilities_array:[0.        0.6056596 0.3943404]

rule24: fine_aggregate < 718.006
probabilities_array:[0.        0.5987208 0.4012792]

rule13: 167.151 < water < 181.507
probabilities_array:[0.         0.58691734 0.41308266]

rule17: 2.246 < superplasticizer < 6.298
probabilities_array:[0.        0.5438599 0.4561401]

rule19: superplasticizer > 10.350
probabilities_array:[0.         0.48197258 0.5180274 ]

rule8: fly_ash < 11.927
probabilities_array:[0.0198471  0.40290275 0.5772502 ]

rule18: 6.298 < superplasticizer < 10.350
probabilities_array:[0.        0.3782356 0.6217644]

rule2: 280.240 < cement < 350.690
probabilities_array:[0.         0.36828625 0.63171375]

rule20: coarse_aggregate < 921.878
probabilities_array:[0.         0.35484722 0.64515275]

rule10: 55.148 < fly_ash < 98.369
probabilities_array:[0.         0.35375664 0.64624333]

rule5: 16.132 < blast_furnace_slag < 73.715
probabilities_array:[0.02622886 0.2684059  0.7053652 ]

rule6: 73.715 < blast_furnace_slag < 131.298
probabilities_array:[0.         0.2807698  0.71923023]

rule21: 921.878 < coarse_aggregate < 974.489
probabilities_array:[0.       0.215406 0.784594]

