R2: 0.5125744074493063

MAE: 9.26780882352941

MSE: 131.0116699264706

Accuracy: 0.861764705882353

F1: 0.861129215875416

Confusion Matrix: [[158, 16], [31, 135]]

Uncertainties: {'class0': [0.05174606665968895, 0.23199068009853363, 0.2864806652069092, 0.39108791947364807, 0.4994814097881317], 'class1': [0.13553057610988617, 0.21227020025253296, 0.2611513137817383, 0.34173861145973206, 0.44196170568466187]}

Most important rules
-----------------------------

---0---
rule28: age < 4.056
probabilities_array:[0.9482539  0.         0.05174607]

rule0: cement < 215.588
probabilities_array:[0.7680093  0.         0.23199068]

rule15: water > 196.115
probabilities_array:[0.71351933 0.         0.28648067]

rule27: fine_aggregate > 827.693
probabilities_array:[0.6089121  0.         0.39108792]

rule16: superplasticizer < 2.147
probabilities_array:[0.5005186 0.        0.4994814]

rule29: 4.056 < age < 45.688
probabilities_array:[0.48061812 0.         0.5193819 ]

rule1: 215.588 < cement < 287.171
probabilities_array:[0.4042403 0.        0.5957597]

rule14: 181.836 < water < 196.115
probabilities_array:[0.3800951  0.         0.61990494]

rule26: 772.729 < fine_aggregate < 827.693
probabilities_array:[0.2711321 0.        0.7288679]

rule25: 717.766 < fine_aggregate < 772.729
probabilities_array:[0.23408155 0.00569819 0.7602203 ]


---1---
rule31: age > 87.321
probabilities_array:[0.         0.8644694  0.13553058]

rule30: 45.688 < age < 87.321
probabilities_array:[0.        0.7877298 0.2122702]

rule3: cement > 358.754
probabilities_array:[0.        0.7388487 0.2611513]

rule9: 11.222 < fly_ash < 53.827
probabilities_array:[0.        0.6582614 0.3417386]

rule24: fine_aggregate < 717.766
probabilities_array:[0.        0.5580383 0.4419617]

rule12: water < 167.556
probabilities_array:[0.         0.5561805  0.44381952]

rule6: 71.350 < blast_furnace_slag < 128.865
probabilities_array:[0.         0.45662028 0.5433797 ]

rule2: 287.171 < cement < 358.754
probabilities_array:[0.         0.44417122 0.55582875]

rule19: superplasticizer > 10.036
probabilities_array:[0.         0.41650453 0.58349544]

rule18: 6.091 < superplasticizer < 10.036
probabilities_array:[0.         0.37954262 0.62045735]

rule7: blast_furnace_slag > 128.865
probabilities_array:[0.        0.3794175 0.6205825]

rule8: fly_ash < 11.222
probabilities_array:[0.02619961 0.35408732 0.61971307]

rule17: 2.147 < superplasticizer < 6.091
probabilities_array:[0.         0.32638422 0.6736158 ]

rule21: 918.631 < coarse_aggregate < 971.199
probabilities_array:[0.         0.27290317 0.7270968 ]

rule10: 53.827 < fly_ash < 96.431
probabilities_array:[0.        0.2682727 0.7317273]

rule20: coarse_aggregate < 918.631
probabilities_array:[0.         0.24590975 0.75409025]

rule22: 971.199 < coarse_aggregate < 1023.767
probabilities_array:[0.         0.22654566 0.77345437]

rule13: 167.556 < water < 181.836
probabilities_array:[0.00469896 0.22067305 0.774628  ]

rule11: fly_ash > 96.431
probabilities_array:[0.       0.212779 0.787221]

