R2: 0.453162581662239

MAE: 9.921264705882352

MSE: 147.99858029411766

Accuracy: 0.8382352941176471

F1: 0.838233894756875

Confusion Matrix: [[143, 30], [25, 142]]

Uncertainties: {'class0': [0.12493330240249634, 0.24018478393554688, 0.3843313455581665, 0.3914507031440735, 0.40019896626472473], 'class1': [0.35945215821266174, 0.3650733232498169, 0.3914110064506531, 0.4145742356777191, 0.427979052066803]}

Most important rules
-----------------------------

---0---
rule28: age < 2.707
probabilities_array:[0.8750667 0.        0.1249333]

rule29: 2.707 < age < 44.797
probabilities_array:[0.7598152  0.         0.24018478]

rule15: water > 195.582
probabilities_array:[0.61566865 0.         0.38433135]

rule27: fine_aggregate > 827.697
probabilities_array:[0.6085493 0.        0.3914507]

rule0: cement < 212.342
probabilities_array:[0.59980106 0.         0.40019897]

rule16: superplasticizer < 2.178
probabilities_array:[0.4280541 0.        0.5719459]

rule14: 181.570 < water < 195.582
probabilities_array:[0.22018018 0.00867833 0.7711415 ]


---1---
rule31: age > 86.887
probabilities_array:[0.         0.6405479  0.35945216]

rule3: cement > 352.594
probabilities_array:[0.         0.6349267  0.36507332]

rule24: fine_aggregate < 720.241
probabilities_array:[0.       0.608589 0.391411]

rule20: coarse_aggregate < 918.964
probabilities_array:[0.         0.5854258  0.41457424]

rule30: 44.797 < age < 86.887
probabilities_array:[0.         0.57202095 0.42797905]

rule6: 73.504 < blast_furnace_slag < 132.691
probabilities_array:[0.         0.52205366 0.47794637]

rule12: water < 167.558
probabilities_array:[0.         0.46431383 0.5356862 ]

rule10: 53.926 < fly_ash < 97.029
probabilities_array:[0.         0.43505833 0.56494164]

rule19: superplasticizer > 10.185
probabilities_array:[0.        0.4125737 0.5874263]

rule8: fly_ash < 10.823
probabilities_array:[0.         0.40769735 0.5923026 ]

rule13: 167.558 < water < 181.570
probabilities_array:[0.         0.33389693 0.66610307]

rule18: 6.182 < superplasticizer < 10.185
probabilities_array:[0.        0.3269839 0.6730161]

rule22: 970.883 < coarse_aggregate < 1022.802
probabilities_array:[0.         0.31449106 0.68550897]

rule5: 14.316 < blast_furnace_slag < 73.504
probabilities_array:[0.03771069 0.2929084  0.66938096]

rule2: 282.468 < cement < 352.594
probabilities_array:[0.00299028 0.30141163 0.6955981 ]

rule9: 10.823 < fly_ash < 53.926
probabilities_array:[0.03742813 0.22555403 0.7370178 ]

