R2: 0.45493407177432066

MAE: 10.102088235294119

MSE: 163.10906794117645

Accuracy: 0.8441176470588235

F1: 0.8440083449475844

Confusion Matrix: [[148, 22], [31, 139]]

Uncertainties: {'class0': [0.032136283814907074, 0.26935189962387085, 0.2714879512786865, 0.4032372832298279, 0.4409621059894562], 'class1': [0.14925040304660797, 0.2902112305164337, 0.3200826942920685, 0.33742937445640564, 0.37955355644226074]}

Most important rules
-----------------------------

---0---
rule28: age < 3.465
probabilities_array:[0.96786374 0.         0.03213628]

rule0: cement < 212.042
probabilities_array:[0.7306481 0.        0.2693519]

rule15: water > 195.741
probabilities_array:[0.72851205 0.         0.27148795]

rule16: superplasticizer < 2.142
probabilities_array:[0.5967627  0.         0.40323728]

rule29: 3.465 < age < 44.007
probabilities_array:[0.55903786 0.         0.4409621 ]

rule27: fine_aggregate > 825.024
probabilities_array:[0.5340922  0.         0.46590778]

rule14: 181.519 < water < 195.741
probabilities_array:[0.41587007 0.         0.5841299 ]

rule1: 212.042 < cement < 281.459
probabilities_array:[0.3630148 0.        0.6369852]


---1---
rule31: age > 84.550
probabilities_array:[0.        0.8507496 0.1492504]

rule30: 44.007 < age < 84.550
probabilities_array:[0.         0.7097888  0.29021123]

rule24: fine_aggregate < 719.168
probabilities_array:[0.         0.67991734 0.3200827 ]

rule3: cement > 350.877
probabilities_array:[0.         0.66257066 0.33742937]

rule12: water < 167.297
probabilities_array:[0.         0.62044644 0.37955356]

rule8: fly_ash < 9.697
probabilities_array:[0.         0.51327634 0.48672366]

rule6: 77.440 < blast_furnace_slag < 136.957
probabilities_array:[0.        0.4748568 0.5251432]

rule19: superplasticizer > 10.282
probabilities_array:[0.        0.4366058 0.5633942]

rule20: coarse_aggregate < 919.541
probabilities_array:[0.         0.42508015 0.5749199 ]

rule13: 167.297 < water < 181.519
probabilities_array:[0.        0.3533195 0.6466805]

rule18: 6.212 < superplasticizer < 10.282
probabilities_array:[0.         0.33838937 0.6616106 ]

rule21: 919.541 < coarse_aggregate < 972.704
probabilities_array:[0.         0.33129507 0.6687049 ]

rule5: 17.922 < blast_furnace_slag < 77.440
probabilities_array:[0.01834953 0.2852059  0.6964446 ]

rule17: 2.142 < superplasticizer < 6.212
probabilities_array:[0.         0.27003902 0.729961  ]

rule22: 972.704 < coarse_aggregate < 1025.868
probabilities_array:[0.         0.25458568 0.7454143 ]

rule2: 281.459 < cement < 350.877
probabilities_array:[0.05058554 0.20585689 0.7435576 ]

