R2: 0.4756185118146714

MAE: 9.816

MSE: 145.66658647058824

Accuracy: 0.8352941176470589

F1: 0.8352028804874672

Confusion Matrix: [[138, 28], [28, 146]]

Uncertainties: {'class0': [0.1404171884059906, 0.2657938301563263, 0.36575430631637573, 0.393451988697052, 0.4267926514148712], 'class1': [0.2664540708065033, 0.33852821588516235, 0.3628552258014679, 0.45680519938468933, 0.471513569355011]}

Most important rules
-----------------------------

---0---
rule28: age < 2.033
probabilities_array:[0.8595828  0.         0.14041719]

rule29: 2.033 < age < 45.354
probabilities_array:[0.73420614 0.         0.26579383]

rule27: fine_aggregate > 828.952
probabilities_array:[0.6342457 0.        0.3657543]

rule15: water > 196.175
probabilities_array:[0.606548 0.       0.393452]

rule0: cement < 211.374
probabilities_array:[0.5732073  0.         0.42679265]

rule14: 181.787 < water < 196.175
probabilities_array:[0.42754924 0.         0.57245076]

rule16: superplasticizer < 2.142
probabilities_array:[0.40585062 0.         0.59414935]

rule1: 211.374 < cement < 282.227
probabilities_array:[0.2928735 0.        0.7071265]

rule26: 775.023 < fine_aggregate < 828.952
probabilities_array:[0.25709364 0.         0.74290633]


---1---
rule31: age > 88.674
probabilities_array:[0.         0.7335459  0.26645407]

rule3: cement > 353.079
probabilities_array:[0.         0.6614718  0.33852822]

rule30: 45.354 < age < 88.674
probabilities_array:[0.         0.6371448  0.36285523]

rule19: superplasticizer > 10.390
probabilities_array:[0.         0.54319483 0.4568052 ]

rule10: 53.408 < fly_ash < 96.443
probabilities_array:[0.         0.52848643 0.47151357]

rule20: coarse_aggregate < 918.531
probabilities_array:[0.         0.517521   0.48247898]

rule6: 73.357 < blast_furnace_slag < 130.492
probabilities_array:[0.        0.4478075 0.5521925]

rule12: water < 167.399
probabilities_array:[0.         0.44097486 0.5590251 ]

rule7: blast_furnace_slag > 130.492
probabilities_array:[0.        0.4356827 0.5643173]

rule24: fine_aggregate < 721.094
probabilities_array:[0.         0.43340042 0.5665996 ]

rule2: 282.227 < cement < 353.079
probabilities_array:[0.         0.40572423 0.5942758 ]

rule9: 10.373 < fly_ash < 53.408
probabilities_array:[0.         0.36073402 0.63926595]

rule22: 971.691 < coarse_aggregate < 1024.852
probabilities_array:[0.         0.34817487 0.65182513]

rule8: fly_ash < 10.373
probabilities_array:[0.         0.34474224 0.65525776]

rule21: 918.531 < coarse_aggregate < 971.691
probabilities_array:[0.         0.33408287 0.66591716]

rule5: 16.222 < blast_furnace_slag < 73.357
probabilities_array:[0.         0.31919727 0.68080276]

rule17: 2.142 < superplasticizer < 6.266
probabilities_array:[0.         0.30288774 0.69711226]

rule13: 167.399 < water < 181.787
probabilities_array:[0.        0.2651192 0.7348808]

rule18: 6.266 < superplasticizer < 10.390
probabilities_array:[0.         0.26089075 0.7391093 ]

