R2: 0.5026269415953979

MAE: 9.313911764705882

MSE: 135.0930032352941

Accuracy: 0.8647058823529412

F1: 0.8644761013483069

Confusion Matrix: [[154, 24], [22, 140]]

Uncertainties: {'class0': [0.03437177091836929, 0.2478305697441101, 0.25093069672584534, 0.31979164481163025, 0.42395395040512085], 'class1': [0.26208364963531494, 0.28797075152397156, 0.31927356123924255, 0.33083730936050415, 0.4618412256240845]}

Most important rules
-----------------------------

---0---
rule28: age < 6.076
probabilities_array:[0.9656282  0.         0.03437177]

rule27: fine_aggregate > 828.225
probabilities_array:[0.75216943 0.         0.24783057]

rule15: water > 195.356
probabilities_array:[0.7490693 0.        0.2509307]

rule0: cement < 211.075
probabilities_array:[0.6802083  0.         0.31979164]

rule29: 6.076 < age < 44.990
probabilities_array:[0.57604605 0.         0.42395395]

rule14: 181.248 < water < 195.356
probabilities_array:[0.544223 0.       0.455777]

rule16: superplasticizer < 2.232
probabilities_array:[0.5017977 0.        0.4982023]

rule25: 721.922 < fine_aggregate < 775.074
probabilities_array:[0.41209084 0.00297189 0.5849373 ]

rule26: 775.074 < fine_aggregate < 828.225
probabilities_array:[0.31320122 0.00582599 0.68097275]


---1---
rule31: age > 83.904
probabilities_array:[0.         0.73791635 0.26208365]

rule30: 44.990 < age < 83.904
probabilities_array:[0.         0.7120292  0.28797075]

rule9: 11.786 < fly_ash < 55.162
probabilities_array:[0.         0.6807264  0.31927356]

rule3: cement > 352.723
probabilities_array:[0.        0.6691627 0.3308373]

rule24: fine_aggregate < 721.922
probabilities_array:[0.         0.5381588  0.46184123]

rule12: water < 167.141
probabilities_array:[0.         0.53548926 0.46451077]

rule8: fly_ash < 11.786
probabilities_array:[0.         0.51434255 0.48565742]

rule20: coarse_aggregate < 919.436
probabilities_array:[0.        0.5044653 0.4955347]

rule17: 2.232 < superplasticizer < 6.221
probabilities_array:[0.         0.45323312 0.5467669 ]

rule6: 71.848 < blast_furnace_slag < 128.657
probabilities_array:[0.        0.4427085 0.5572915]

rule19: superplasticizer > 10.210
probabilities_array:[0.         0.43401358 0.56598645]

rule22: 971.739 < coarse_aggregate < 1024.042
probabilities_array:[0.         0.41870975 0.58129025]

rule7: blast_furnace_slag > 128.657
probabilities_array:[0.        0.4090624 0.5909376]

rule18: 6.221 < superplasticizer < 10.210
probabilities_array:[0.         0.36109847 0.63890153]

rule21: 919.436 < coarse_aggregate < 971.739
probabilities_array:[0.        0.3544379 0.6455621]

rule10: 55.162 < fly_ash < 98.538
probabilities_array:[0.         0.34578583 0.65421414]

rule2: 281.899 < cement < 352.723
probabilities_array:[0.         0.33490795 0.66509205]

rule5: 15.039 < blast_furnace_slag < 71.848
probabilities_array:[0.00870249 0.24419473 0.7471028 ]

