R2: 0.47688788802001236

MAE: 10.16379411764706

MSE: 156.18369147058826

Accuracy: 0.8470588235294118

F1: 0.8466289600610708

Confusion Matrix: [[135, 30], [22, 153]]

Uncertainties: {'class0': [0.11424669623374939, 0.29033151268959045, 0.30631548166275024, 0.3338555097579956, 0.423677533864975], 'class1': [0.3867223262786865, 0.40793806314468384, 0.43349477648735046, 0.4408957362174988, 0.4613175094127655]}

Most important rules
-----------------------------

---0---
rule28: age < 2.432
probabilities_array:[0.8857533 0.        0.1142467]

rule29: 2.432 < age < 45.528
probabilities_array:[0.70966846 0.         0.2903315 ]

rule27: fine_aggregate > 826.103
probabilities_array:[0.6936845  0.         0.30631548]

rule15: water > 195.768
probabilities_array:[0.6661445 0.        0.3338555]

rule0: cement < 207.277
probabilities_array:[0.5763225  0.         0.42367753]

rule14: 181.852 < water < 195.768
probabilities_array:[0.41816303 0.         0.58183694]

rule9: 11.554 < fly_ash < 55.211
probabilities_array:[0.38058233 0.         0.61941767]

rule16: superplasticizer < 2.153
probabilities_array:[0.3802372 0.        0.6197628]

rule26: 771.480 < fine_aggregate < 826.103
probabilities_array:[0.36409637 0.         0.6359036 ]

rule25: 716.857 < fine_aggregate < 771.480
probabilities_array:[0.24789391 0.         0.7521061 ]


---1---
rule31: age > 88.624
probabilities_array:[0.         0.6132777  0.38672233]

rule30: 45.528 < age < 88.624
probabilities_array:[0.         0.59206194 0.40793806]

rule20: coarse_aggregate < 921.138
probabilities_array:[0.         0.5665052  0.43349478]

rule3: cement > 345.596
probabilities_array:[0.         0.55910426 0.44089574]

rule6: 76.797 < blast_furnace_slag < 137.123
probabilities_array:[0.        0.5386825 0.4613175]

rule24: fine_aggregate < 716.857
probabilities_array:[0.         0.52958965 0.47041035]

rule12: water < 167.936
probabilities_array:[0.        0.4875914 0.5124086]

rule19: superplasticizer > 10.082
probabilities_array:[0.         0.48166835 0.51833165]

rule2: 276.437 < cement < 345.596
probabilities_array:[0.        0.4591811 0.5408189]

rule10: 55.211 < fly_ash < 98.868
probabilities_array:[0.         0.43011495 0.569885  ]

rule5: 16.471 < blast_furnace_slag < 76.797
probabilities_array:[0.         0.42846265 0.5715374 ]

rule21: 921.138 < coarse_aggregate < 973.500
probabilities_array:[0.        0.4205948 0.5794052]

rule17: 2.153 < superplasticizer < 6.117
probabilities_array:[0.         0.40949115 0.5905088 ]

rule8: fly_ash < 11.554
probabilities_array:[0.         0.40455016 0.59544986]

rule18: 6.117 < superplasticizer < 10.082
probabilities_array:[0.         0.33751526 0.6624847 ]

rule22: 973.500 < coarse_aggregate < 1025.862
probabilities_array:[0.         0.28388846 0.71611154]

rule13: 167.936 < water < 181.852
probabilities_array:[0.       0.280636 0.719364]

rule7: blast_furnace_slag > 137.123
probabilities_array:[0.         0.24059047 0.75940955]

