R2: 0.5008304811407696

MAE: 9.304441176470588

MSE: 129.61063970588236

Accuracy: 0.85

F1: 0.8499883208900346

Confusion Matrix: [[146, 25], [26, 143]]

Uncertainties: {'class0': [0.018878333270549774, 0.27851489186286926, 0.29673442244529724, 0.3682680130004883, 0.4345338046550751], 'class1': [0.20899918675422668, 0.25120022892951965, 0.25456589460372925, 0.4228860139846802, 0.4356832504272461]}

Most important rules
-----------------------------

---0---
rule28: age < 3.081
probabilities_array:[0.98112166 0.         0.01887833]

rule0: cement < 210.182
probabilities_array:[0.7214851 0.        0.2785149]

rule15: water > 196.178
probabilities_array:[0.7032656  0.         0.29673442]

rule29: 3.081 < age < 46.580
probabilities_array:[0.631732 0.       0.368268]

rule27: fine_aggregate > 826.936
probabilities_array:[0.5654662 0.        0.4345338]

rule26: 772.627 < fine_aggregate < 826.936
probabilities_array:[0.44296104 0.         0.55703896]

rule9: 10.575 < fly_ash < 53.716
probabilities_array:[0.40840435 0.03725138 0.5543442 ]

rule14: 181.724 < water < 196.178
probabilities_array:[0.42641267 0.         0.5735873 ]

rule16: superplasticizer < 2.156
probabilities_array:[0.41661853 0.         0.5833815 ]

rule25: 718.317 < fine_aggregate < 772.627
probabilities_array:[0.36821288 0.00467921 0.6271079 ]

rule1: 210.182 < cement < 282.112
probabilities_array:[0.31261197 0.         0.68738806]

rule10: 53.716 < fly_ash < 96.857
probabilities_array:[0.17769007 0.0647205  0.75758946]


---1---
rule31: age > 90.078
probabilities_array:[0.         0.7910008  0.20899919]

rule30: 46.580 < age < 90.078
probabilities_array:[0.         0.7487998  0.25120023]

rule3: cement > 354.041
probabilities_array:[0.        0.7454341 0.2545659]

rule6: 75.068 < blast_furnace_slag < 134.395
probabilities_array:[0.       0.577114 0.422886]

rule12: water < 167.271
probabilities_array:[0.         0.56431675 0.43568325]

rule20: coarse_aggregate < 917.329
probabilities_array:[0.       0.557283 0.442717]

rule24: fine_aggregate < 718.317
probabilities_array:[0.         0.51263916 0.48736084]

rule21: 917.329 < coarse_aggregate < 969.998
probabilities_array:[0.        0.5015097 0.4984903]

rule19: superplasticizer > 10.202
probabilities_array:[0.         0.47028127 0.52971876]

rule18: 6.179 < superplasticizer < 10.202
probabilities_array:[0.         0.44699275 0.55300725]

rule22: 969.998 < coarse_aggregate < 1022.668
probabilities_array:[0.        0.4049036 0.5950964]

rule23: coarse_aggregate > 1022.668
probabilities_array:[0.         0.3965635  0.60343647]

rule8: fly_ash < 10.575
probabilities_array:[0.         0.37275794 0.6272421 ]

rule2: 282.112 < cement < 354.041
probabilities_array:[0.         0.36316246 0.63683754]

rule13: 167.271 < water < 181.724
probabilities_array:[0.         0.3169411  0.68305886]

rule17: 2.156 < superplasticizer < 6.179
probabilities_array:[0.         0.30916652 0.6908335 ]

rule7: blast_furnace_slag > 134.395
probabilities_array:[0.         0.26271796 0.73728204]

rule5: 15.742 < blast_furnace_slag < 75.068
probabilities_array:[0.05917899 0.17478497 0.76603603]

