R2: 0.4905863679013053

MAE: 9.727088235294119

MSE: 145.5611161764706

Accuracy: 0.8529411764705882

F1: 0.8504363738738739

Confusion Matrix: [[167, 23], [27, 123]]

Uncertainties: {'class0': [0.014077536761760712, 0.2298571765422821, 0.357692152261734, 0.3859994411468506, 0.527030348777771], 'class1': [0.14290955662727356, 0.2128169983625412, 0.22403129935264587, 0.35572174191474915, 0.3901955485343933]}

Most important rules
-----------------------------

---0---
rule28: age < 3.601
probabilities_array:[0.98592246 0.         0.01407754]

rule15: water > 195.510
probabilities_array:[0.7701428  0.         0.22985718]

rule27: fine_aggregate > 827.422
probabilities_array:[0.6423079  0.         0.35769215]

rule0: cement < 208.611
probabilities_array:[0.61400056 0.         0.38599944]

rule16: superplasticizer < 2.346
probabilities_array:[0.47296962 0.         0.52703035]

rule29: 3.601 < age < 46.219
probabilities_array:[0.41640466 0.         0.58359534]

rule14: 181.412 < water < 195.510
probabilities_array:[0.41299024 0.         0.5870098 ]

rule11: fly_ash > 99.718
probabilities_array:[0.3115681  0.00190226 0.68652964]

rule4: blast_furnace_slag < 17.300
probabilities_array:[0.27061227 0.         0.72938776]


---1---
rule31: age > 88.837
probabilities_array:[0.         0.8570905  0.14290956]

rule3: cement > 350.756
probabilities_array:[0.       0.787183 0.212817]

rule30: 46.219 < age < 88.837
probabilities_array:[0.         0.77596873 0.2240313 ]

rule24: fine_aggregate < 719.045
probabilities_array:[0.         0.6442782  0.35572174]

rule12: water < 167.313
probabilities_array:[0.         0.60980445 0.39019555]

rule2: 279.683 < cement < 350.756
probabilities_array:[0.         0.49522647 0.50477356]

rule6: 76.037 < blast_furnace_slag < 134.774
probabilities_array:[0.        0.4372709 0.5627291]

rule19: superplasticizer > 10.396
probabilities_array:[0.        0.4038308 0.5961692]

rule13: 167.313 < water < 181.412
probabilities_array:[0.         0.36969724 0.6303027 ]

rule20: coarse_aggregate < 917.468
probabilities_array:[0.         0.36320195 0.636798  ]

rule18: 6.371 < superplasticizer < 10.396
probabilities_array:[0.         0.35685632 0.6431437 ]

rule8: fly_ash < 13.181
probabilities_array:[0.00474028 0.2935917  0.701668  ]

rule22: 969.833 < coarse_aggregate < 1022.199
probabilities_array:[0.00604894 0.2419655  0.7519856 ]

