R2: 0.47060407073465105

MAE: 9.602735294117648

MSE: 142.00500029411762

Accuracy: 0.861764705882353

F1: 0.8617348042396712

Confusion Matrix: [[144, 18], [29, 149]]

Uncertainties: {'class0': [0.03886766731739044, 0.22971579432487488, 0.24643509089946747, 0.3513379991054535, 0.4520467519760132], 'class1': [0.15579041838645935, 0.2764119505882263, 0.28511691093444824, 0.3452644646167755, 0.45770204067230225]}

Most important rules
-----------------------------

---0---
rule28: age < 3.350
probabilities_array:[0.96113235 0.         0.03886767]

rule15: water > 195.468
probabilities_array:[0.7702842 0.        0.2297158]

rule0: cement < 212.603
probabilities_array:[0.7535649  0.         0.24643509]

rule27: fine_aggregate > 831.640
probabilities_array:[0.648662 0.       0.351338]

rule29: 3.350 < age < 45.222
probabilities_array:[0.54795325 0.         0.45204675]

rule16: superplasticizer < 2.116
probabilities_array:[0.53997207 0.         0.4600279 ]

rule14: 181.574 < water < 195.468
probabilities_array:[0.47650868 0.         0.5234913 ]

rule1: 212.603 < cement < 281.557
probabilities_array:[0.44064638 0.         0.5593536 ]

rule26: 778.917 < fine_aggregate < 831.640
probabilities_array:[0.27349058 0.01503874 0.7114707 ]


---1---
rule31: age > 87.094
probabilities_array:[0.         0.8442096  0.15579042]

rule30: 45.222 < age < 87.094
probabilities_array:[0.         0.72358805 0.27641195]

rule9: 10.070 < fly_ash < 52.320
probabilities_array:[0.        0.7148831 0.2851169]

rule3: cement > 350.511
probabilities_array:[0.         0.65473557 0.34526446]

rule12: water < 167.681
probabilities_array:[0.         0.54229796 0.45770204]

rule8: fly_ash < 10.070
probabilities_array:[0.         0.52165854 0.47834143]

rule24: fine_aggregate < 726.194
probabilities_array:[0.         0.46459648 0.53540355]

rule7: blast_furnace_slag > 127.382
probabilities_array:[0.         0.45931664 0.5406833 ]

rule17: 2.116 < superplasticizer < 6.079
probabilities_array:[0.         0.42626616 0.57373387]

rule21: 921.718 < coarse_aggregate < 973.633
probabilities_array:[0.        0.4141708 0.5858292]

rule19: superplasticizer > 10.043
probabilities_array:[0.        0.3963899 0.6036101]

rule18: 6.079 < superplasticizer < 10.043
probabilities_array:[0.         0.38059756 0.6194024 ]

rule20: coarse_aggregate < 921.718
probabilities_array:[0.         0.37594888 0.6240511 ]

rule5: 12.251 < blast_furnace_slag < 69.817
probabilities_array:[0.02126265 0.3626045  0.6161329 ]

rule6: 69.817 < blast_furnace_slag < 127.382
probabilities_array:[0.        0.3407501 0.6592499]

rule13: 167.681 < water < 181.574
probabilities_array:[0.01041272 0.28497404 0.7046132 ]

rule10: 52.320 < fly_ash < 94.569
probabilities_array:[0.         0.27692443 0.72307557]

rule2: 281.557 < cement < 350.511
probabilities_array:[0.05087568 0.23109978 0.7180245 ]

