R2: 0.44586505051643355

MAE: 9.758058823529412

MSE: 150.09108941176473

Accuracy: 0.8441176470588235

F1: 0.8440839281851611

Confusion Matrix: [[141, 29], [24, 146]]

Uncertainties: {'class0': [0.026717782020568848, 0.2585172951221466, 0.32990318536758423, 0.3303709924221039, 0.459738165140152], 'class1': [0.15634670853614807, 0.2598509192466736, 0.2907269597053528, 0.35381853580474854, 0.3841474652290344]}

Most important rules
-----------------------------

---0---
rule28: age < 3.107
probabilities_array:[0.9732822  0.         0.02671778]

rule15: water > 196.591
probabilities_array:[0.7414827 0.        0.2585173]

rule0: cement < 207.665
probabilities_array:[0.6700968 0.        0.3299032]

rule27: fine_aggregate > 829.147
probabilities_array:[0.66962904 0.         0.330371  ]

rule29: 3.107 < age < 47.616
probabilities_array:[0.5402618  0.         0.45973817]

rule16: superplasticizer < 1.727
probabilities_array:[0.47285601 0.         0.527144  ]

rule14: 182.227 < water < 196.591
probabilities_array:[0.43249038 0.         0.5675096 ]

rule26: 773.736 < fine_aggregate < 829.147
probabilities_array:[0.3807288 0.        0.6192712]

rule23: coarse_aggregate > 1025.902
probabilities_array:[0.2279119 0.        0.7720881]

rule1: 207.665 < cement < 277.490
probabilities_array:[0.20306152 0.         0.7969385 ]


---1---
rule31: age > 92.125
probabilities_array:[0.         0.84365326 0.15634671]

rule30: 47.616 < age < 92.125
probabilities_array:[0.         0.7401491  0.25985092]

rule3: cement > 347.315
probabilities_array:[0.         0.70927304 0.29072696]

rule12: water < 167.863
probabilities_array:[0.         0.64618146 0.35381854]

rule24: fine_aggregate < 718.325
probabilities_array:[0.         0.61585253 0.38414747]

rule18: 5.808 < superplasticizer < 9.889
probabilities_array:[0.         0.51329666 0.48670337]

rule8: fly_ash < 7.373
probabilities_array:[0.         0.49237433 0.5076257 ]

rule19: superplasticizer > 9.889
probabilities_array:[0.         0.45665744 0.54334253]

rule6: 79.131 < blast_furnace_slag < 139.228
probabilities_array:[0.         0.45223325 0.54776675]

rule2: 277.490 < cement < 347.315
probabilities_array:[0.        0.3943634 0.6056366]

rule21: 920.713 < coarse_aggregate < 973.307
probabilities_array:[0.         0.36277702 0.63722295]

rule20: coarse_aggregate < 920.713
probabilities_array:[0.         0.29845083 0.7015492 ]

rule9: 7.373 < fly_ash < 50.311
probabilities_array:[0.        0.2742657 0.7257343]

rule22: 973.307 < coarse_aggregate < 1025.902
probabilities_array:[0.        0.2669671 0.7330329]

rule17: 1.727 < superplasticizer < 5.808
probabilities_array:[0.         0.26097617 0.7390238 ]

rule13: 167.863 < water < 182.227
probabilities_array:[0.         0.24724455 0.75275546]

rule11: fly_ash > 93.249
probabilities_array:[0.         0.20534533 0.79465467]

