R2: 0.5170095035944837

MAE: 9.310294117647059

MSE: 130.09277705882351

Accuracy: 0.8647058823529412

F1: 0.8645371396895788

Confusion Matrix: [[141, 19], [27, 153]]

Uncertainties: {'class0': [0.03276367858052254, 0.25061309337615967, 0.2567698657512665, 0.30907705426216125, 0.35447514057159424], 'class1': [0.21986179053783417, 0.262764573097229, 0.3349408805370331, 0.4258328974246979, 0.4395044147968292]}

Most important rules
-----------------------------

---0---
rule28: age < 5.391
probabilities_array:[0.96723634 0.         0.03276368]

rule15: water > 195.680
probabilities_array:[0.7493869 0.        0.2506131]

rule0: cement < 209.415
probabilities_array:[0.74323016 0.         0.25676987]

rule27: fine_aggregate > 828.042
probabilities_array:[6.9054157e-01 3.8134030e-04 3.0907705e-01]

rule29: 5.391 < age < 43.616
probabilities_array:[0.64552486 0.         0.35447514]

rule14: 181.643 < water < 195.680
probabilities_array:[0.45695275 0.         0.54304725]

rule16: superplasticizer < 2.308
probabilities_array:[0.43815815 0.         0.56184185]

rule25: 722.450 < fine_aggregate < 775.246
probabilities_array:[0.428651   0.0181463  0.55320275]

rule26: 775.246 < fine_aggregate < 828.042
probabilities_array:[0.32692003 0.00692175 0.66615826]


---1---
rule31: age > 81.841
probabilities_array:[0.         0.7801382  0.21986179]

rule3: cement > 349.179
probabilities_array:[0.         0.7372354  0.26276457]

rule30: 43.616 < age < 81.841
probabilities_array:[0.         0.66505915 0.33494088]

rule19: superplasticizer > 10.289
probabilities_array:[0.         0.57416713 0.4258329 ]

rule2: 279.297 < cement < 349.179
probabilities_array:[0.        0.5604956 0.4395044]

rule12: water < 167.606
probabilities_array:[0.         0.5339836  0.46601644]

rule6: 73.162 < blast_furnace_slag < 130.870
probabilities_array:[0.         0.50409836 0.49590164]

rule24: fine_aggregate < 722.450
probabilities_array:[0.         0.48704427 0.5129557 ]

rule9: 12.136 < fly_ash < 55.353
probabilities_array:[0.        0.4852003 0.5147997]

rule10: 55.353 < fly_ash < 98.570
probabilities_array:[0.        0.4716072 0.5283928]

rule20: coarse_aggregate < 918.660
probabilities_array:[0.         0.46230596 0.53769404]

rule17: 2.308 < superplasticizer < 6.298
probabilities_array:[0.00135234 0.46022493 0.53842276]

rule22: 970.752 < coarse_aggregate < 1022.845
probabilities_array:[0.        0.4595931 0.5404069]

rule18: 6.298 < superplasticizer < 10.289
probabilities_array:[0.         0.43244913 0.5675509 ]

rule7: blast_furnace_slag > 130.870
probabilities_array:[0.         0.3922129  0.60778713]

rule8: fly_ash < 12.136
probabilities_array:[0.         0.36779237 0.63220763]

rule21: 918.660 < coarse_aggregate < 970.752
probabilities_array:[0.         0.31750438 0.6824956 ]

rule5: 15.455 < blast_furnace_slag < 73.162
probabilities_array:[0.01229722 0.30697244 0.68073034]

rule13: 167.606 < water < 181.643
probabilities_array:[6.8530015e-04 2.3381805e-01 7.6549661e-01]

rule23: coarse_aggregate > 1022.845
probabilities_array:[0.        0.2011051 0.7988949]

