R2: 0.4334608767237842

MAE: 10.942617647058825

MSE: 182.56763867647058

Accuracy: 0.8264705882352941

F1: 0.8264570771080794

Confusion Matrix: [[139, 28], [31, 142]]

Uncertainties: {'class0': [0.18121594190597534, 0.3531564772129059, 0.35616356134414673, 0.3581956624984741, 0.36368435621261597], 'class1': [0.17973405122756958, 0.30015864968299866, 0.439022034406662, 0.48651042580604553, 0.5077728629112244]}

Most important rules
-----------------------------

---0---
rule28: age < 2.197
probabilities_array:[0.81878406 0.         0.18121594]

rule15: water > 196.114
probabilities_array:[0.64684355 0.         0.35315648]

rule29: 2.197 < age < 48.565
probabilities_array:[0.64383644 0.         0.35616356]

rule0: cement < 209.807
probabilities_array:[0.64180434 0.         0.35819566]

rule27: fine_aggregate > 829.456
probabilities_array:[0.63631564 0.         0.36368436]

rule16: superplasticizer < 2.087
probabilities_array:[0.4987541  0.         0.50124586]

rule14: 181.965 < water < 196.114
probabilities_array:[0.4346953 0.        0.5653047]

rule1: 209.807 < cement < 278.474
probabilities_array:[0.3398167 0.        0.6601833]

rule26: 775.029 < fine_aggregate < 829.456
probabilities_array:[0.2758575  0.00263251 0.72151005]


---1---
rule31: age > 94.934
probabilities_array:[0.         0.82026595 0.17973405]

rule30: 48.565 < age < 94.934
probabilities_array:[0.         0.6998413  0.30015865]

rule12: water < 167.816
probabilities_array:[0.         0.560978   0.43902203]

rule3: cement > 347.140
probabilities_array:[0.         0.5134896  0.48651043]

rule8: fly_ash < 10.771
probabilities_array:[0.00241028 0.4898168  0.50777286]

rule24: fine_aggregate < 720.601
probabilities_array:[0.         0.48741654 0.51258343]

rule2: 278.474 < cement < 347.140
probabilities_array:[0.         0.48017794 0.51982206]

rule17: 2.087 < superplasticizer < 6.102
probabilities_array:[0.         0.46745315 0.5325468 ]

rule20: coarse_aggregate < 920.541
probabilities_array:[0.       0.461953 0.538047]

rule10: 53.933 < fly_ash < 97.095
probabilities_array:[0.        0.4613989 0.5386011]

rule6: 73.020 < blast_furnace_slag < 130.224
probabilities_array:[0.         0.3486192  0.65138084]

rule19: superplasticizer > 10.116
probabilities_array:[0.         0.34617418 0.6538258 ]

rule18: 6.102 < superplasticizer < 10.116
probabilities_array:[0.00228007 0.34287181 0.6548481 ]

rule7: blast_furnace_slag > 130.224
probabilities_array:[0.         0.31917512 0.6808249 ]

rule9: 10.771 < fly_ash < 53.933
probabilities_array:[0.         0.29797325 0.7020268 ]

rule13: 167.816 < water < 181.965
probabilities_array:[0.01049729 0.2597858  0.7297169 ]

rule21: 920.541 < coarse_aggregate < 972.060
probabilities_array:[0.01384424 0.25577947 0.73037624]

