R2: 0.4705223672339083

MAE: 9.41414705882353

MSE: 137.57328147058823

Accuracy: 0.8411764705882353

F1: 0.8399302528334787

Confusion Matrix: [[128, 23], [31, 158]]

Uncertainties: {'class0': [0.1516226977109909, 0.27088305354118347, 0.28657054901123047, 0.36830249428749084, 0.4163498282432556], 'class1': [0.28813549876213074, 0.34558016061782837, 0.39685413241386414, 0.41907891631126404, 0.46615898609161377]}

Most important rules
-----------------------------

---0---
rule28: age < 1.274
probabilities_array:[0.8483773 0.        0.1516227]

rule29: 1.274 < age < 44.706
probabilities_array:[0.729117   0.         0.27088305]

rule15: water > 195.751
probabilities_array:[0.71342945 0.         0.28657055]

rule0: cement < 209.217
probabilities_array:[0.6316975 0.        0.3683025]

rule27: fine_aggregate > 828.626
probabilities_array:[0.5836502  0.         0.41634983]

rule16: superplasticizer < 2.325
probabilities_array:[0.48615742 0.         0.5138426 ]

rule14: 181.684 < water < 195.751
probabilities_array:[0.34872285 0.         0.6512771 ]

rule1: 209.217 < cement < 277.551
probabilities_array:[0.2729948 0.        0.7270052]

rule11: fly_ash > 98.999
probabilities_array:[0.21148011 0.02794677 0.7605731 ]


---1---
rule31: age > 88.138
probabilities_array:[0.        0.7118645 0.2881355]

rule30: 44.706 < age < 88.138
probabilities_array:[0.         0.65441984 0.34558016]

rule3: cement > 345.885
probabilities_array:[0.         0.6031459  0.39685413]

rule24: fine_aggregate < 723.048
probabilities_array:[0.         0.5809211  0.41907892]

rule5: 15.420 < blast_furnace_slag < 72.972
probabilities_array:[0.       0.533841 0.466159]

rule9: 12.706 < fly_ash < 55.852
probabilities_array:[0.         0.51703024 0.48296973]

rule20: coarse_aggregate < 921.274
probabilities_array:[0.        0.5006163 0.4993837]

rule12: water < 167.617
probabilities_array:[0.        0.4804668 0.5195332]

rule6: 72.972 < blast_furnace_slag < 130.523
probabilities_array:[0.         0.47868264 0.52131736]

rule19: superplasticizer > 10.175
probabilities_array:[0.         0.43487293 0.5651271 ]

rule10: 55.852 < fly_ash < 98.999
probabilities_array:[0.         0.41081488 0.5891851 ]

rule17: 2.325 < superplasticizer < 6.250
probabilities_array:[0.        0.3973142 0.6026858]

rule8: fly_ash < 12.706
probabilities_array:[0.        0.3659017 0.6340983]

rule21: 921.274 < coarse_aggregate < 972.332
probabilities_array:[0.         0.3599392  0.64006084]

rule13: 167.617 < water < 181.684
probabilities_array:[0.         0.35133135 0.64866865]

rule2: 277.551 < cement < 345.885
probabilities_array:[0.         0.29823205 0.701768  ]

rule22: 972.332 < coarse_aggregate < 1023.389
probabilities_array:[0.         0.28537685 0.71462315]

rule7: blast_furnace_slag > 130.523
probabilities_array:[0.         0.2444509  0.75554913]

rule18: 6.250 < superplasticizer < 10.175
probabilities_array:[0.         0.22334489 0.77665514]

