R2: 0.42711459186141043

MAE: 10.026014705882353

MSE: 155.19765316176472

Accuracy: 0.8264705882352941

F1: 0.8262887624589752

Confusion Matrix: [[135, 25], [34, 146]]

Uncertainties: {'class0': [0.15092289447784424, 0.2612302899360657, 0.3112175762653351, 0.3131149411201477, 0.3853701651096344], 'class1': [0.3051225244998932, 0.35665056109428406, 0.41082021594047546, 0.43689030408859253, 0.44996756315231323]}

Most important rules
-----------------------------

---0---
rule28: age < 2.762
probabilities_array:[0.8490771 0.        0.1509229]

rule29: 2.762 < age < 45.319
probabilities_array:[0.7387697 0.        0.2612303]

rule27: fine_aggregate > 828.697
probabilities_array:[0.6887824  0.         0.31121758]

rule15: water > 195.735
probabilities_array:[0.68688506 0.         0.31311494]

rule0: cement < 206.652
probabilities_array:[0.61462986 0.         0.38537017]

rule16: superplasticizer < 2.107
probabilities_array:[0.41182703 0.         0.588173  ]

rule26: 773.987 < fine_aggregate < 828.697
probabilities_array:[0.3990613 0.        0.6009387]

rule14: 181.541 < water < 195.735
probabilities_array:[0.38853064 0.         0.6114693 ]

rule1: 206.652 < cement < 277.185
probabilities_array:[0.22054833 0.         0.77945167]


---1---
rule31: age > 87.876
probabilities_array:[0.         0.69487745 0.30512252]

rule20: coarse_aggregate < 921.997
probabilities_array:[0.         0.6433494  0.35665056]

rule8: fly_ash < 10.477
probabilities_array:[0.         0.5891798  0.41082022]

rule3: cement > 347.718
probabilities_array:[0.        0.5631097 0.4368903]

rule30: 45.319 < age < 87.876
probabilities_array:[0.         0.55003244 0.44996756]

rule19: superplasticizer > 10.076
probabilities_array:[0.        0.5160596 0.4839404]

rule6: 76.120 < blast_furnace_slag < 135.410
probabilities_array:[0.         0.49867368 0.5013263 ]

rule24: fine_aggregate < 719.277
probabilities_array:[0.        0.4915035 0.5084965]

rule18: 6.091 < superplasticizer < 10.076
probabilities_array:[0.         0.49084252 0.5091575 ]

rule21: 921.997 < coarse_aggregate < 974.888
probabilities_array:[0.        0.4580598 0.5419402]

rule22: 974.888 < coarse_aggregate < 1027.779
probabilities_array:[0.        0.4409745 0.5590255]

rule12: water < 167.346
probabilities_array:[0.         0.42500973 0.5749903 ]

rule9: 10.477 < fly_ash < 53.282
probabilities_array:[0.00106111 0.42414415 0.5747947 ]

rule17: 2.107 < superplasticizer < 6.091
probabilities_array:[0.         0.42306837 0.5769316 ]

rule10: 53.282 < fly_ash < 96.087
probabilities_array:[0.        0.3634261 0.6365739]

rule13: 167.346 < water < 181.541
probabilities_array:[0.         0.27878356 0.72121644]

rule2: 277.185 < cement < 347.718
probabilities_array:[0.         0.27164423 0.72835577]

