R2: 0.42434734018434106

MAE: 10.071882352941177

MSE: 164.8044411764706

Accuracy: 0.8382352941176471

F1: 0.8379984579532361

Confusion Matrix: [[136, 19], [36, 149]]

Uncertainties: {'class0': [0.08747033029794693, 0.23742716014385223, 0.2692009210586548, 0.29435044527053833, 0.38166069984436035], 'class1': [0.32630661129951477, 0.3901781141757965, 0.41384294629096985, 0.4266115427017212, 0.4492919147014618]}

Most important rules
-----------------------------

---0---
rule28: age < 2.258
probabilities_array:[0.91252965 0.         0.08747033]

rule29: 2.258 < age < 45.243
probabilities_array:[0.7625728  0.         0.23742716]

rule15: water > 195.576
probabilities_array:[0.7307991  0.         0.26920092]

rule0: cement < 211.596
probabilities_array:[0.70564955 0.         0.29435045]

rule27: fine_aggregate > 827.038
probabilities_array:[0.6183393 0.        0.3816607]

rule1: 211.596 < cement < 282.696
probabilities_array:[0.42301175 0.         0.5769882 ]

rule16: superplasticizer < 2.247
probabilities_array:[0.3520816  0.02046622 0.62745214]

rule14: 181.548 < water < 195.576
probabilities_array:[0.36195233 0.         0.63804764]

rule26: 773.230 < fine_aggregate < 827.038
probabilities_array:[0.24724843 0.         0.7527516 ]


---1---
rule31: age > 88.229
probabilities_array:[0.         0.67369336 0.3263066 ]

rule30: 45.243 < age < 88.229
probabilities_array:[0.         0.60982186 0.3901781 ]

rule3: cement > 353.795
probabilities_array:[0.         0.586157   0.41384295]

rule24: fine_aggregate < 719.423
probabilities_array:[0.         0.57338846 0.42661154]

rule10: 54.596 < fly_ash < 97.865
probabilities_array:[0.        0.5507081 0.4492919]

rule20: coarse_aggregate < 920.942
probabilities_array:[0.         0.5485405  0.45145953]

rule12: water < 167.520
probabilities_array:[0.         0.53661203 0.46338797]

rule13: 167.520 < water < 181.548
probabilities_array:[0.        0.5350675 0.4649325]

rule6: 72.728 < blast_furnace_slag < 131.248
probabilities_array:[0.         0.45483336 0.5451666 ]

rule21: 920.942 < coarse_aggregate < 974.414
probabilities_array:[0.         0.437587   0.56241304]

rule19: superplasticizer > 10.052
probabilities_array:[0.         0.42735898 0.572641  ]

rule22: 974.414 < coarse_aggregate < 1027.887
probabilities_array:[0.         0.4263995  0.57360053]

rule7: blast_furnace_slag > 131.248
probabilities_array:[0.         0.38575217 0.61424786]

rule8: fly_ash < 11.327
probabilities_array:[0.         0.37818035 0.6218196 ]

rule17: 2.247 < superplasticizer < 6.150
probabilities_array:[0.         0.35194254 0.64805746]

rule9: 11.327 < fly_ash < 54.596
probabilities_array:[0.         0.3501707  0.64982927]

rule18: 6.150 < superplasticizer < 10.052
probabilities_array:[0.         0.30207375 0.6979263 ]

rule5: 14.209 < blast_furnace_slag < 72.728
probabilities_array:[0.04759387 0.2345725  0.71783364]

rule2: 282.696 < cement < 353.795
probabilities_array:[0.02515044 0.20492005 0.7699295 ]

rule23: coarse_aggregate > 1027.887
probabilities_array:[0.         0.21364877 0.7863512 ]

