R2: 0.49247393310840903

MAE: 9.378955882352942

MSE: 131.74984786764708

Accuracy: 0.8470588235294118

F1: 0.8467990710893903

Confusion Matrix: [[137, 20], [32, 151]]

Uncertainties: {'class0': [0.08069388568401337, 0.2389114648103714, 0.2553732097148895, 0.4776093363761902, 0.5842685699462891], 'class1': [0.09464702755212784, 0.09793852269649506, 0.23138247430324554, 0.4500722587108612, 0.46610310673713684]}

Most important rules
-----------------------------

---0---
rule28: age < 3.142
probabilities_array:[0.9193061  0.         0.08069389]

rule0: cement < 210.087
probabilities_array:[0.76108855 0.         0.23891146]

rule15: water > 195.088
probabilities_array:[0.7446268 0.        0.2553732]

rule27: fine_aggregate > 826.674
probabilities_array:[0.52239066 0.         0.47760934]

rule16: superplasticizer < 2.131
probabilities_array:[0.41573143 0.         0.58426857]

rule14: 181.325 < water < 195.088
probabilities_array:[0.38641587 0.         0.6135841 ]

rule29: 3.142 < age < 43.564
probabilities_array:[0.30106476 0.07879262 0.62014264]

rule26: 774.618 < fine_aggregate < 826.674
probabilities_array:[0.32518128 0.         0.6748187 ]

rule1: 210.087 < cement < 280.758
probabilities_array:[0.31926477 0.         0.68073523]

rule4: blast_furnace_slag < 16.828
probabilities_array:[0.28427166 0.         0.71572834]

rule5: 16.828 < blast_furnace_slag < 75.856
probabilities_array:[0.19725834 0.08644021 0.71630144]

rule25: 722.561 < fine_aggregate < 774.618
probabilities_array:[0.20147957 0.01238092 0.78613955]


---1---
rule30: 43.564 < age < 83.986
probabilities_array:[0.         0.90535295 0.09464703]

rule31: age > 83.986
probabilities_array:[0.         0.90206146 0.09793852]

rule3: cement > 351.429
probabilities_array:[0.         0.7686175  0.23138247]

rule19: superplasticizer > 10.297
probabilities_array:[0.         0.5499277  0.45007226]

rule6: 75.856 < blast_furnace_slag < 134.883
probabilities_array:[0.         0.53389686 0.4661031 ]

rule17: 2.131 < superplasticizer < 6.214
probabilities_array:[0.        0.4708469 0.5291531]

rule18: 6.214 < superplasticizer < 10.297
probabilities_array:[0.         0.46667078 0.5333292 ]

rule24: fine_aggregate < 722.561
probabilities_array:[0.00448498 0.44457227 0.5509427 ]

rule12: water < 167.562
probabilities_array:[0.        0.4407576 0.5592424]

rule2: 280.758 < cement < 351.429
probabilities_array:[0.         0.3899248  0.61007524]

rule20: coarse_aggregate < 920.218
probabilities_array:[0.02408634 0.3040405  0.67187315]

rule7: blast_furnace_slag > 134.883
probabilities_array:[0.        0.2942057 0.7057943]

rule13: 167.562 < water < 181.325
probabilities_array:[0.04509292 0.2045388  0.7503683 ]

rule8: fly_ash < 9.521
probabilities_array:[0.07269096 0.18292128 0.7443877 ]

