R2: 0.4709308577042747

MAE: 9.857617647058824

MSE: 147.810565

Accuracy: 0.8441176470588235

F1: 0.8434010306680222

Confusion Matrix: [[155, 30], [23, 132]]

Uncertainties: {'class0': [0.03505169227719307, 0.32190778851509094, 0.33383870124816895, 0.33970704674720764, 0.4890374541282654], 'class1': [0.20343030989170074, 0.26092514395713806, 0.3133355379104614, 0.37892085313796997, 0.4213479459285736]}

Most important rules
-----------------------------

---0---
rule28: age < 5.457
probabilities_array:[0.9649483  0.         0.03505169]

rule15: water > 195.312
probabilities_array:[0.6780922 0.        0.3219078]

rule0: cement < 209.263
probabilities_array:[0.6661613 0.        0.3338387]

rule27: fine_aggregate > 825.494
probabilities_array:[0.660293   0.         0.33970705]

rule29: 5.457 < age < 44.580
probabilities_array:[0.51096255 0.         0.48903745]

rule16: superplasticizer < 2.214
probabilities_array:[0.3673862  0.         0.63261384]

rule25: 717.238 < fine_aggregate < 771.366
probabilities_array:[3.0162317e-01 1.0068623e-04 6.9827616e-01]

rule26: 771.366 < fine_aggregate < 825.494
probabilities_array:[0.28792194 0.         0.71207803]

rule14: 181.021 < water < 195.312
probabilities_array:[0.2609678  0.03402673 0.70500547]

rule7: blast_furnace_slag > 135.382
probabilities_array:[0.24998502 0.0289991  0.7210158 ]

rule4: blast_furnace_slag < 17.523
probabilities_array:[0.25473088 0.         0.7452691 ]

rule11: fly_ash > 97.810
probabilities_array:[0.19516356 0.06161263 0.7432238 ]


---1---
rule31: age > 83.703
probabilities_array:[0.         0.7965697  0.20343031]

rule3: cement > 351.985
probabilities_array:[0.         0.7390748  0.26092514]

rule30: 44.580 < age < 83.703
probabilities_array:[0.         0.68666446 0.31333554]

rule24: fine_aggregate < 717.238
probabilities_array:[0.         0.62107915 0.37892085]

rule12: water < 166.729
probabilities_array:[0.         0.5786521  0.42134795]

rule6: 76.452 < blast_furnace_slag < 135.382
probabilities_array:[0.         0.52067906 0.47932094]

rule13: 166.729 < water < 181.021
probabilities_array:[0.         0.47038883 0.5296112 ]

rule22: 974.520 < coarse_aggregate < 1027.387
probabilities_array:[0.         0.4577339  0.54226613]

rule20: coarse_aggregate < 921.653
probabilities_array:[0.         0.4453366  0.55466336]

rule18: 6.313 < superplasticizer < 10.412
probabilities_array:[0.        0.3839839 0.6160161]

rule8: fly_ash < 10.635
probabilities_array:[0.        0.3772334 0.6227666]

rule19: superplasticizer > 10.412
probabilities_array:[0.         0.37196857 0.62803143]

rule10: 54.223 < fly_ash < 97.810
probabilities_array:[0.         0.33785355 0.66214645]

rule5: 17.523 < blast_furnace_slag < 76.452
probabilities_array:[0.         0.27519792 0.7248021 ]

rule2: 280.624 < cement < 351.985
probabilities_array:[0.0008579  0.20796168 0.79118043]

