R2: 0.4229917713159269

MAE: 10.247088235294116

MSE: 152.79717794117647

Accuracy: 0.8

F1: 0.7989984698845458

Confusion Matrix: [[124, 42], [26, 148]]

Uncertainties: {'class0': [0.09561464190483093, 0.3175505995750427, 0.34218770265579224, 0.40848976373672485, 0.44347941875457764], 'class1': [0.23476041853427887, 0.35000964999198914, 0.38379335403442383, 0.40164506435394287, 0.45497778058052063]}

Most important rules
-----------------------------

---0---
rule28: age < 2.789
probabilities_array:[0.9043854  0.         0.09561464]

rule29: 2.789 < age < 44.329
probabilities_array:[0.6824494 0.        0.3175506]

rule0: cement < 209.341
probabilities_array:[0.6578123 0.        0.3421877]

rule27: fine_aggregate > 826.943
probabilities_array:[0.59151024 0.         0.40848976]

rule15: water > 196.268
probabilities_array:[0.5565206  0.         0.44347942]

rule16: superplasticizer < 1.965
probabilities_array:[0.3839746 0.        0.6160254]

rule1: 209.341 < cement < 280.470
probabilities_array:[0.31371906 0.         0.6862809 ]

rule14: 181.674 < water < 196.268
probabilities_array:[0.29842466 0.02530863 0.6762667 ]

rule23: coarse_aggregate > 1027.772
probabilities_array:[2.1315731e-01 2.2163636e-06 7.8684050e-01]

rule9: 10.716 < fly_ash < 54.532
probabilities_array:[0.15280476 0.13664088 0.71055436]


---1---
rule31: age > 85.869
probabilities_array:[0.         0.7652396  0.23476042]

rule24: fine_aggregate < 717.726
probabilities_array:[0.         0.6499903  0.35000965]

rule30: 44.329 < age < 85.869
probabilities_array:[0.         0.61620665 0.38379335]

rule12: water < 167.080
probabilities_array:[0.         0.59835494 0.40164506]

rule3: cement > 351.600
probabilities_array:[0.         0.5450222  0.45497778]

rule19: superplasticizer > 10.023
probabilities_array:[0.         0.5010473  0.49895266]

rule6: 73.881 < blast_furnace_slag < 132.621
probabilities_array:[0.         0.49731603 0.502684  ]

rule13: 167.080 < water < 181.674
probabilities_array:[0.         0.47394004 0.5260599 ]

rule8: fly_ash < 10.716
probabilities_array:[0.         0.44754574 0.5524543 ]

rule18: 5.994 < superplasticizer < 10.023
probabilities_array:[0.         0.43774882 0.5622512 ]

rule17: 1.965 < superplasticizer < 5.994
probabilities_array:[0.         0.39630947 0.6036905 ]

rule20: coarse_aggregate < 921.046
probabilities_array:[0.         0.37527815 0.6247219 ]

rule10: 54.532 < fly_ash < 98.349
probabilities_array:[0.       0.305691 0.694309]

rule2: 280.470 < cement < 351.600
probabilities_array:[0.         0.26451623 0.73548377]

rule25: 717.726 < fine_aggregate < 772.334
probabilities_array:[0.00870908 0.22257291 0.768718  ]

