R2: 0.4600265015066052

MAE: 9.992411764705883

MSE: 150.00913617647058

Accuracy: 0.8352941176470589

F1: 0.8338220918866079

Confusion Matrix: [[158, 16], [40, 126]]

Uncertainties: {'class0': [0.2092764675617218, 0.3048543632030487, 0.3533499240875244, 0.4494946002960205, 0.49284225702285767], 'class1': [0.20666751265525818, 0.3541112244129181, 0.401239812374115, 0.4321049749851227, 0.5065894722938538]}

Most important rules
-----------------------------

---0---
rule28: age < 2.957
probabilities_array:[0.7907235  0.         0.20927647]

rule15: water > 196.243
probabilities_array:[0.6951456  0.         0.30485436]

rule29: 2.957 < age < 47.775
probabilities_array:[0.6466501  0.         0.35334992]

rule27: fine_aggregate > 825.611
probabilities_array:[0.5505054 0.        0.4494946]

rule0: cement < 208.868
probabilities_array:[0.50715774 0.         0.49284226]

rule16: superplasticizer < 2.090
probabilities_array:[0.49203008 0.         0.5079699 ]

rule14: 181.683 < water < 196.243
probabilities_array:[0.47085062 0.         0.52914935]

rule11: fly_ash > 99.733
probabilities_array:[2.1342437e-01 5.3922011e-04 7.8603637e-01]

rule4: blast_furnace_slag < 15.808
probabilities_array:[0.18896501 0.03529694 0.77573806]


---1---
rule31: age > 92.594
probabilities_array:[0.         0.79333246 0.20666751]

rule30: 47.775 < age < 92.594
probabilities_array:[0.         0.6458888  0.35411122]

rule24: fine_aggregate < 717.577
probabilities_array:[0.        0.5987602 0.4012398]

rule3: cement > 353.490
probabilities_array:[0.         0.56789505 0.43210497]

rule8: fly_ash < 12.164
probabilities_array:[0.        0.4934105 0.5065895]

rule12: water < 167.122
probabilities_array:[0.         0.47790563 0.52209437]

rule19: superplasticizer > 10.297
probabilities_array:[0.      0.43447 0.56553]

rule2: 281.179 < cement < 353.490
probabilities_array:[0.         0.4152378  0.58476216]

rule13: 167.122 < water < 181.683
probabilities_array:[0.         0.34333503 0.65666497]

rule6: 73.072 < blast_furnace_slag < 130.336
probabilities_array:[0.        0.3167085 0.6832915]

rule20: coarse_aggregate < 920.060
probabilities_array:[0.       0.310428 0.689572]

rule18: 6.193 < superplasticizer < 10.297
probabilities_array:[0.         0.27782208 0.7221779 ]

rule21: 920.060 < coarse_aggregate < 972.941
probabilities_array:[0.         0.26861852 0.7313815 ]

rule9: 12.164 < fly_ash < 55.948
probabilities_array:[0.         0.26756173 0.73243827]

rule10: 55.948 < fly_ash < 99.733
probabilities_array:[0.         0.25769255 0.7423074 ]

rule5: 15.808 < blast_furnace_slag < 73.072
probabilities_array:[0.03433637 0.19831793 0.7673457 ]

