R2: 0.48865227334575523

MAE: 9.472941176470588

MSE: 137.13990294117647

Accuracy: 0.8441176470588235

F1: 0.8441162985838978

Confusion Matrix: [[143, 19], [34, 144]]

Uncertainties: {'class0': [0.03996839001774788, 0.21232008934020996, 0.2423820197582245, 0.35689258575439453, 0.4339950382709503], 'class1': [0.14005275070667267, 0.2977055013179779, 0.3116762936115265, 0.31298595666885376, 0.415073961019516]}

Most important rules
-----------------------------

---0---
rule28: age < 5.402
probabilities_array:[0.9600316  0.         0.03996839]

rule15: water > 195.805
probabilities_array:[0.7876799  0.         0.21232009]

rule0: cement < 208.848
probabilities_array:[0.75761795 0.         0.24238202]

rule27: fine_aggregate > 826.908
probabilities_array:[0.6431074 0.        0.3568926]

rule14: 181.456 < water < 195.805
probabilities_array:[0.56600493 0.         0.43399504]

rule29: 5.402 < age < 44.220
probabilities_array:[0.5526801 0.        0.4473199]

rule1: 208.848 < cement < 280.048
probabilities_array:[0.40921703 0.         0.59078294]

rule16: superplasticizer < 2.287
probabilities_array:[0.408261 0.       0.591739]

rule26: 773.834 < fine_aggregate < 826.908
probabilities_array:[0.29510397 0.0082046  0.69669145]


---1---
rule31: age > 83.039
probabilities_array:[0.         0.85994726 0.14005275]

rule30: 44.220 < age < 83.039
probabilities_array:[0.         0.70229447 0.2977055 ]

rule9: 11.872 < fly_ash < 55.209
probabilities_array:[0.         0.68832374 0.3116763 ]

rule3: cement > 351.248
probabilities_array:[0.         0.68701404 0.31298596]

rule20: coarse_aggregate < 918.154
probabilities_array:[0.         0.58492607 0.41507396]

rule12: water < 167.106
probabilities_array:[0.         0.5071216  0.49287838]

rule24: fine_aggregate < 720.760
probabilities_array:[0.        0.4969775 0.5030225]

rule22: 970.598 < coarse_aggregate < 1023.042
probabilities_array:[0.        0.4587664 0.5412336]

rule17: 2.287 < superplasticizer < 6.427
probabilities_array:[0.        0.4570179 0.5429821]

rule10: 55.209 < fly_ash < 98.546
probabilities_array:[0.         0.45523876 0.54476124]

rule7: blast_furnace_slag > 131.317
probabilities_array:[0.        0.4070208 0.5929792]

rule8: fly_ash < 11.872
probabilities_array:[0.      0.38769 0.61231]

rule21: 918.154 < coarse_aggregate < 970.598
probabilities_array:[0.         0.38379782 0.6162022 ]

rule5: 18.063 < blast_furnace_slag < 74.690
probabilities_array:[0.         0.37112445 0.62887555]

rule13: 167.106 < water < 181.456
probabilities_array:[0.         0.35962385 0.64037615]

rule6: 74.690 < blast_furnace_slag < 131.317
probabilities_array:[0.         0.33257496 0.66742504]

rule19: superplasticizer > 10.567
probabilities_array:[0.       0.317052 0.682948]

rule18: 6.427 < superplasticizer < 10.567
probabilities_array:[0.        0.3125449 0.6874551]

rule2: 280.048 < cement < 351.248
probabilities_array:[0.01772173 0.2791202  0.7031581 ]

rule23: coarse_aggregate > 1023.042
probabilities_array:[0.         0.20564346 0.7943565 ]

