R2: 0.4509392004806164

MAE: 9.841588235294118

MSE: 144.83267088235294

Accuracy: 0.8382352941176471

F1: 0.837355946944988

Confusion Matrix: [[155, 34], [21, 130]]

Uncertainties: {'class0': [0.017677612602710724, 0.17735953629016876, 0.2665193974971771, 0.35411807894706726, 0.48103204369544983], 'class1': [0.11077786237001419, 0.16721157729625702, 0.1986507922410965, 0.3422086834907532, 0.3697398900985718]}

Most important rules
-----------------------------

---0---
rule28: age < 3.687
probabilities_array:[0.9823224  0.         0.01767761]

rule15: water > 195.546
probabilities_array:[0.8226405  0.         0.17735954]

rule27: fine_aggregate > 829.177
probabilities_array:[0.73348063 0.         0.2665194 ]

rule0: cement < 210.713
probabilities_array:[0.6458819  0.         0.35411808]

rule29: 3.687 < age < 45.068
probabilities_array:[0.518968   0.         0.48103204]

rule16: superplasticizer < 2.330
probabilities_array:[0.4343856 0.        0.5656144]

rule14: 181.063 < water < 195.546
probabilities_array:[0.42797002 0.         0.57202995]

rule25: 720.362 < fine_aggregate < 774.769
probabilities_array:[0.29788476 0.01171608 0.69039917]

rule26: 774.769 < fine_aggregate < 829.177
probabilities_array:[0.25240883 0.00408286 0.7435083 ]

rule4: blast_furnace_slag < 15.707
probabilities_array:[0.23125947 0.03292363 0.7358169 ]


---1---
rule31: age > 86.449
probabilities_array:[0.         0.88922215 0.11077786]

rule30: 45.068 < age < 86.449
probabilities_array:[0.         0.8327884  0.16721158]

rule3: cement > 352.060
probabilities_array:[0.         0.8013492  0.19865079]

rule12: water < 166.580
probabilities_array:[0.         0.6577913  0.34220868]

rule24: fine_aggregate < 720.362
probabilities_array:[0.        0.6302601 0.3697399]

rule20: coarse_aggregate < 918.950
probabilities_array:[0.         0.56128263 0.43871737]

rule10: 55.116 < fly_ash < 98.777
probabilities_array:[0.         0.47019213 0.52980787]

rule19: superplasticizer > 10.509
probabilities_array:[0.         0.44713566 0.5528644 ]

rule6: 73.235 < blast_furnace_slag < 130.763
probabilities_array:[0.         0.41938663 0.5806134 ]

rule2: 281.386 < cement < 352.060
probabilities_array:[0.         0.4129162  0.58708376]

rule8: fly_ash < 11.456
probabilities_array:[0.01749415 0.4041636  0.57834226]

rule9: 11.456 < fly_ash < 55.116
probabilities_array:[0.         0.32131097 0.678689  ]

rule5: 15.707 < blast_furnace_slag < 73.235
probabilities_array:[0.07963018 0.22081056 0.69955933]

rule17: 2.330 < superplasticizer < 6.420
probabilities_array:[0.00901175 0.24925724 0.7417309 ]

rule18: 6.420 < superplasticizer < 10.509
probabilities_array:[0.00151504 0.2498538  0.7486311 ]

rule13: 166.580 < water < 181.063
probabilities_array:[0.0060043  0.21504548 0.7789503 ]

