R2: 0.4776791955529497

MAE: 10.445558823529412

MSE: 171.8804255882353

Accuracy: 0.8647058823529412

F1: 0.8645887445887446

Confusion Matrix: [[152, 20], [26, 142]]

Uncertainties: {'class0': [0.04205615073442459, 0.22908596694469452, 0.32364919781684875, 0.3377208411693573, 0.49892985820770264], 'class1': [0.14061611890792847, 0.2826949954032898, 0.39518290758132935, 0.4164399206638336, 0.461772084236145]}

Most important rules
-----------------------------

---0---
rule28: age < 3.506
probabilities_array:[0.95794386 0.         0.04205615]

rule15: water > 196.249
probabilities_array:[0.770914   0.         0.22908597]

rule0: cement < 207.886
probabilities_array:[0.67635083 0.         0.3236492 ]

rule27: fine_aggregate > 828.715
probabilities_array:[0.6622792  0.         0.33772084]

rule14: 181.871 < water < 196.249
probabilities_array:[0.50107014 0.         0.49892986]

rule29: 3.506 < age < 47.688
probabilities_array:[0.5005039 0.        0.4994961]

rule16: superplasticizer < 2.051
probabilities_array:[0.43071204 0.         0.56928796]

rule1: 207.886 < cement < 277.280
probabilities_array:[0.30570623 0.         0.6942938 ]

rule26: 774.681 < fine_aggregate < 828.715
probabilities_array:[0.24523127 0.01335396 0.7414148 ]

rule23: coarse_aggregate > 1023.274
probabilities_array:[0.22838192 0.         0.77161807]

rule4: blast_furnace_slag < 16.450
probabilities_array:[0.20456909 0.01894766 0.77648324]


---1---
rule31: age > 91.871
probabilities_array:[0.         0.8593839  0.14061612]

rule30: 47.688 < age < 91.871
probabilities_array:[0.       0.717305 0.282695]

rule24: fine_aggregate < 720.647
probabilities_array:[0.        0.6048171 0.3951829]

rule3: cement > 346.675
probabilities_array:[0.         0.5835601  0.41643992]

rule8: fly_ash < 10.485
probabilities_array:[0.         0.5382279  0.46177208]

rule12: water < 167.493
probabilities_array:[0.         0.5172529  0.48274708]

rule19: superplasticizer > 9.967
probabilities_array:[0.        0.4505241 0.5494759]

rule21: 920.063 < coarse_aggregate < 971.669
probabilities_array:[0.        0.4109503 0.5890497]

rule6: 76.464 < blast_furnace_slag < 136.478
probabilities_array:[0.         0.40346038 0.5965396 ]

rule18: 6.009 < superplasticizer < 9.967
probabilities_array:[0.         0.38507023 0.61492974]

rule9: 10.485 < fly_ash < 53.728
probabilities_array:[0.        0.3704491 0.6295509]

rule20: coarse_aggregate < 920.063
probabilities_array:[0.         0.36466187 0.6353381 ]

rule17: 2.051 < superplasticizer < 6.009
probabilities_array:[0.        0.3426674 0.6573326]

rule10: 53.728 < fly_ash < 96.970
probabilities_array:[0.         0.30608478 0.6939152 ]

rule2: 277.280 < cement < 346.675
probabilities_array:[0.00337505 0.27870363 0.7179213 ]

rule13: 167.493 < water < 181.871
probabilities_array:[0.         0.26573786 0.73426217]

rule5: 16.450 < blast_furnace_slag < 76.464
probabilities_array:[0.02461162 0.2477197  0.72766864]

