R2: 0.4696925432112051

MAE: 9.544882352941178

MSE: 140.61473529411765

Accuracy: 0.8411764705882353

F1: 0.8411764705882353

Confusion Matrix: [[143, 23], [31, 143]]

Uncertainties: {'class0': [0.036119163036346436, 0.24083730578422546, 0.2519974112510681, 0.3858100473880768, 0.4877629578113556], 'class1': [0.14559072256088257, 0.2961769104003906, 0.3374095857143402, 0.3923494815826416, 0.4662885069847107]}

Most important rules
-----------------------------

---0---
rule28: age < 3.336
probabilities_array:[0.96388084 0.         0.03611916]

rule0: cement < 211.447
probabilities_array:[0.75916266 0.         0.2408373 ]

rule15: water > 196.154
probabilities_array:[0.7480026 0.        0.2519974]

rule27: fine_aggregate > 827.428
probabilities_array:[0.61419    0.         0.38581005]

rule29: 3.336 < age < 44.625
probabilities_array:[0.5122371  0.         0.48776296]

rule14: 181.920 < water < 196.154
probabilities_array:[0.49403593 0.         0.50596404]

rule16: superplasticizer < 2.128
probabilities_array:[0.48631942 0.         0.5136806 ]

rule1: 211.447 < cement < 280.378
probabilities_array:[0.46700436 0.         0.53299564]


---1---
rule31: age > 85.913
probabilities_array:[0.         0.8544093  0.14559072]

rule30: 44.625 < age < 85.913
probabilities_array:[0.        0.7038231 0.2961769]

rule3: cement > 349.310
probabilities_array:[0.        0.6625904 0.3374096]

rule24: fine_aggregate < 722.114
probabilities_array:[0.         0.6076505  0.39234948]

rule12: water < 167.687
probabilities_array:[0.        0.5337115 0.4662885]

rule19: superplasticizer > 10.108
probabilities_array:[0.        0.5098493 0.4901507]

rule20: coarse_aggregate < 916.997
probabilities_array:[0.         0.49461675 0.50538325]

rule17: 2.128 < superplasticizer < 6.118
probabilities_array:[0.        0.4791675 0.5208325]

rule6: 76.392 < blast_furnace_slag < 134.359
probabilities_array:[0.         0.46259117 0.5374088 ]

rule8: fly_ash < 10.180
probabilities_array:[0.        0.4180821 0.5819179]

rule21: 916.997 < coarse_aggregate < 969.348
probabilities_array:[0.         0.41714206 0.5828579 ]

rule18: 6.118 < superplasticizer < 10.108
probabilities_array:[0.         0.40011415 0.5998858 ]

rule9: 10.180 < fly_ash < 53.108
probabilities_array:[0.         0.32792237 0.67207766]

rule2: 280.378 < cement < 349.310
probabilities_array:[0.0058135  0.2956173  0.69856924]

rule13: 167.687 < water < 181.920
probabilities_array:[0.         0.24905248 0.75094754]

rule22: 969.348 < coarse_aggregate < 1021.699
probabilities_array:[0.         0.24403614 0.75596386]

