R2: 0.4843961162755892

MAE: 9.525588235294117

MSE: 135.2446582352941

Accuracy: 0.8558823529411764

F1: 0.8557813000458798

Confusion Matrix: [[150, 24], [25, 141]]

Uncertainties: {'class0': [0.19277948141098022, 0.2929636538028717, 0.3352336883544922, 0.3977832794189453, 0.4039357006549835], 'class1': [0.3620922267436981, 0.4113454520702362, 0.43544861674308777, 0.44239872694015503, 0.45989927649497986]}

Most important rules
-----------------------------

---0---
rule28: age < 1.556
probabilities_array:[0.8072205  0.         0.19277948]

rule29: 1.556 < age < 43.359
probabilities_array:[0.7070363  0.         0.29296365]

rule27: fine_aggregate > 827.990
probabilities_array:[0.6647663 0.        0.3352337]

rule15: water > 195.786
probabilities_array:[0.6022167  0.         0.39778328]

rule0: cement < 212.513
probabilities_array:[0.5960643 0.        0.4039357]

rule16: superplasticizer < 2.292
probabilities_array:[0.44956124 0.         0.55043876]

rule25: 719.149 < fine_aggregate < 773.570
probabilities_array:[0.33763587 0.         0.6623641 ]

rule14: 181.406 < water < 195.786
probabilities_array:[0.31151432 0.00825241 0.68023324]

rule26: 773.570 < fine_aggregate < 827.990
probabilities_array:[0.27112785 0.         0.7288721 ]


---1---
rule31: age > 85.162
probabilities_array:[0.         0.63790774 0.36209223]

rule3: cement > 353.000
probabilities_array:[0.         0.5886546  0.41134545]

rule6: 77.709 < blast_furnace_slag < 136.594
probabilities_array:[0.         0.5645514  0.43544862]

rule30: 43.359 < age < 85.162
probabilities_array:[0.         0.5576013  0.44239873]

rule12: water < 167.025
probabilities_array:[0.         0.5401007  0.45989928]

rule24: fine_aggregate < 719.149
probabilities_array:[0.         0.514374   0.48562595]

rule19: superplasticizer > 10.191
probabilities_array:[0.         0.50276524 0.49723473]

rule2: 282.757 < cement < 353.000
probabilities_array:[0.         0.47285977 0.5271402 ]

rule18: 6.241 < superplasticizer < 10.191
probabilities_array:[0.         0.45741063 0.54258937]

rule20: coarse_aggregate < 916.791
probabilities_array:[0.         0.41116357 0.58883643]

rule8: fly_ash < 10.816
probabilities_array:[0.        0.3706908 0.6293092]

rule13: 167.025 < water < 181.406
probabilities_array:[0.         0.33168915 0.6683109 ]

rule7: blast_furnace_slag > 136.594
probabilities_array:[0.         0.30480602 0.69519395]

rule9: 10.816 < fly_ash < 53.743
probabilities_array:[0.         0.28996602 0.71003395]

rule5: 18.825 < blast_furnace_slag < 77.709
probabilities_array:[0.02915611 0.27043143 0.7004125 ]

rule21: 916.791 < coarse_aggregate < 970.122
probabilities_array:[0.        0.2774474 0.7225526]

rule17: 2.292 < superplasticizer < 6.241
probabilities_array:[0.       0.269441 0.730559]

rule10: 53.743 < fly_ash < 96.669
probabilities_array:[0.         0.21873058 0.78126943]

