R2: 0.5070050095324028

MAE: 9.575411764705883

MSE: 134.9082211764706

Accuracy: 0.8558823529411764

F1: 0.8543387978142076

Confusion Matrix: [[163, 21], [28, 128]]

Uncertainties: {'class0': [0.022264162078499794, 0.22147534787654877, 0.30672091245651245, 0.3760613799095154, 0.4142327904701233], 'class1': [0.10787293314933777, 0.26648715138435364, 0.2969527244567871, 0.37044912576675415, 0.41854599118232727]}

Most important rules
-----------------------------

---0---
rule28: age < 4.462
probabilities_array:[0.9777358  0.         0.02226416]

rule0: cement < 210.228
probabilities_array:[0.77852464 0.         0.22147535]

rule15: water > 196.326
probabilities_array:[0.6932791 0.        0.3067209]

rule29: 4.462 < age < 48.314
probabilities_array:[0.6239386  0.         0.37606138]

rule27: fine_aggregate > 828.306
probabilities_array:[0.5857672 0.        0.4142328]

rule16: superplasticizer < 2.207
probabilities_array:[0.56763387 0.         0.43236616]

rule1: 210.228 < cement < 280.207
probabilities_array:[0.37765026 0.         0.62234974]

rule14: 181.648 < water < 196.326
probabilities_array:[0.37746218 0.         0.6225378 ]

rule4: blast_furnace_slag < 17.423
probabilities_array:[0.28105485 0.         0.71894515]


---1---
rule31: age > 92.167
probabilities_array:[0.         0.8921271  0.10787293]

rule30: 48.314 < age < 92.167
probabilities_array:[0.         0.7335129  0.26648715]

rule3: cement > 350.185
probabilities_array:[0.         0.7030473  0.29695272]

rule24: fine_aggregate < 716.781
probabilities_array:[0.         0.6295509  0.37044913]

rule12: water < 166.970
probabilities_array:[0.         0.58145404 0.418546  ]

rule19: superplasticizer > 10.240
probabilities_array:[0.        0.5337073 0.4662927]

rule20: coarse_aggregate < 920.548
probabilities_array:[0.         0.48941737 0.5105826 ]

rule6: 76.584 < blast_furnace_slag < 135.746
probabilities_array:[0.         0.4834179  0.51658213]

rule8: fly_ash < 10.453
probabilities_array:[0.        0.4616492 0.5383508]

rule22: 972.822 < coarse_aggregate < 1025.096
probabilities_array:[0.         0.38390136 0.61609864]

rule9: 10.453 < fly_ash < 53.445
probabilities_array:[0.01799767 0.35446557 0.6275368 ]

rule21: 920.548 < coarse_aggregate < 972.822
probabilities_array:[0.         0.35672668 0.64327335]

rule13: 166.970 < water < 181.648
probabilities_array:[0.00082718 0.2897115  0.70946133]

rule18: 6.223 < superplasticizer < 10.240
probabilities_array:[0.00627774 0.2761224  0.71759987]

rule2: 280.207 < cement < 350.185
probabilities_array:[0.06834499 0.21094775 0.7207073 ]

rule10: 53.445 < fly_ash < 96.437
probabilities_array:[0.         0.22903956 0.77096045]

