R2: 0.44521045126256176

MAE: 9.986470588235294

MSE: 155.638

Accuracy: 0.8235294117647058

F1: 0.8223244147157192

Confusion Matrix: [[154, 29], [31, 126]]

Uncertainties: {'class0': [0.2878926992416382, 0.3190132677555084, 0.37941235303878784, 0.449140340089798, 0.5001785755157471], 'class1': [0.24910050630569458, 0.26133376359939575, 0.288907915353775, 0.49111583828926086, 0.49942734837532043]}

Most important rules
-----------------------------

---0---
rule15: water > 195.308
probabilities_array:[0.7121073 0.        0.2878927]

rule27: fine_aggregate > 828.872
probabilities_array:[0.6809867  0.         0.31901327]

rule29: 2.838 < age < 46.672
probabilities_array:[0.62058765 0.         0.37941235]

rule0: cement < 211.958
probabilities_array:[0.55085963 0.         0.44914034]

rule14: 180.812 < water < 195.308
probabilities_array:[0.49982142 0.         0.5001786 ]

rule16: superplasticizer < 2.437
probabilities_array:[0.45535144 0.         0.5446485 ]

rule11: fly_ash > 98.583
probabilities_array:[0.30377322 0.02571488 0.6705119 ]

rule25: 721.009 < fine_aggregate < 774.940
probabilities_array:[0.21125129 0.         0.78874874]


---1---
rule31: age > 90.507
probabilities_array:[0.        0.7508995 0.2491005]

rule30: 46.672 < age < 90.507
probabilities_array:[0.         0.73866624 0.26133376]

rule3: cement > 354.804
probabilities_array:[0.         0.71109205 0.28890792]

rule24: fine_aggregate < 721.009
probabilities_array:[0.         0.5088842  0.49111584]

rule18: 6.464 < superplasticizer < 10.491
probabilities_array:[0.         0.5005726  0.49942735]

rule12: water < 166.317
probabilities_array:[0.         0.47707453 0.52292544]

rule8: fly_ash < 11.739
probabilities_array:[7.5641615e-06 4.5407459e-01 5.4591787e-01]

rule17: 2.437 < superplasticizer < 6.464
probabilities_array:[0.         0.44343606 0.5565639 ]

rule19: superplasticizer > 10.491
probabilities_array:[0.       0.430389 0.569611]

rule2: 283.381 < cement < 354.804
probabilities_array:[0.         0.41020322 0.5897968 ]

rule20: coarse_aggregate < 919.218
probabilities_array:[0.         0.36257923 0.6374208 ]

rule7: blast_furnace_slag > 129.797
probabilities_array:[0.         0.29896358 0.7010364 ]

rule9: 11.739 < fly_ash < 55.161
probabilities_array:[0.0392509 0.2722888 0.6884603]

rule6: 72.358 < blast_furnace_slag < 129.797
probabilities_array:[0.         0.27930138 0.72069865]

rule5: 14.919 < blast_furnace_slag < 72.358
probabilities_array:[0.04542411 0.24026729 0.71430856]

rule21: 919.218 < coarse_aggregate < 971.778
probabilities_array:[0.00186427 0.2480105  0.7501252 ]

rule10: 55.161 < fly_ash < 98.583
probabilities_array:[0.         0.24550918 0.75449085]

rule22: 971.778 < coarse_aggregate < 1024.337
probabilities_array:[0.         0.24106672 0.75893325]

