R2: 0.5153237047945185

MAE: 8.742588235294116

MSE: 123.56228470588236

Accuracy: 0.85

F1: 0.8497803882839099

Confusion Matrix: [[151, 22], [29, 138]]

Uncertainties: {'class0': [0.04693106561899185, 0.28528183698654175, 0.3005078136920929, 0.3726574182510376, 0.5224989056587219], 'class1': [0.15518979728221893, 0.2618243992328644, 0.38773250579833984, 0.4141294062137604, 0.4185473322868347]}

Most important rules
-----------------------------

---0---
rule28: age < 5.014
probabilities_array:[0.9530689  0.         0.04693107]

rule15: water > 195.098
probabilities_array:[0.71471816 0.         0.28528184]

rule0: cement < 208.087
probabilities_array:[0.6994922 0.        0.3005078]

rule27: fine_aggregate > 827.573
probabilities_array:[0.6273426  0.         0.37265742]

rule16: superplasticizer < 2.488
probabilities_array:[0.47750106 0.         0.5224989 ]

rule29: 5.014 < age < 44.814
probabilities_array:[0.43549806 0.         0.56450194]

rule14: 180.870 < water < 195.098
probabilities_array:[0.39311597 0.         0.606884  ]

rule4: blast_furnace_slag < 15.598
probabilities_array:[0.25062248 0.         0.74937755]

rule23: coarse_aggregate > 1024.932
probabilities_array:[0.22112207 0.         0.7788779 ]

rule11: fly_ash > 100.945
probabilities_array:[0.20827821 0.00883177 0.78288996]


---1---
rule31: age > 84.615
probabilities_array:[0.        0.8448102 0.1551898]

rule30: 44.814 < age < 84.615
probabilities_array:[0.        0.7381756 0.2618244]

rule3: cement > 348.692
probabilities_array:[0.        0.6122675 0.3877325]

rule24: fine_aggregate < 721.871
probabilities_array:[0.        0.5858706 0.4141294]

rule12: water < 166.641
probabilities_array:[0.         0.58145267 0.41854733]

rule19: superplasticizer > 10.702
probabilities_array:[0.         0.5580241  0.44197592]

rule17: 2.488 < superplasticizer < 6.595
probabilities_array:[0.         0.44637448 0.5536255 ]

rule9: 14.265 < fly_ash < 57.605
probabilities_array:[0.         0.44505373 0.55494624]

rule18: 6.595 < superplasticizer < 10.702
probabilities_array:[0.         0.41298363 0.5870164 ]

rule6: 73.255 < blast_furnace_slag < 130.913
probabilities_array:[0.         0.41143578 0.5885642 ]

rule2: 278.389 < cement < 348.692
probabilities_array:[0.         0.37958398 0.620416  ]

rule8: fly_ash < 14.265
probabilities_array:[0.         0.36957815 0.6304219 ]

rule20: coarse_aggregate < 919.430
probabilities_array:[0.         0.34590793 0.6540921 ]

rule13: 166.641 < water < 180.870
probabilities_array:[0.         0.30648032 0.6935197 ]

rule5: 15.598 < blast_furnace_slag < 73.255
probabilities_array:[0.02583431 0.2680358  0.7061299 ]

rule7: blast_furnace_slag > 130.913
probabilities_array:[0.         0.21538427 0.7846157 ]

