R2: 0.46832779784881695

MAE: 9.451500000000001

MSE: 141.23550852941176

Accuracy: 0.8470588235294118

F1: 0.8446888506272181

Confusion Matrix: [[165, 27], [25, 123]]

Uncertainties: {'class0': [0.02731611393392086, 0.18781724572181702, 0.3175290822982788, 0.3678354024887085, 0.43348419666290283], 'class1': [0.1678735911846161, 0.18060117959976196, 0.25572100281715393, 0.3799839913845062, 0.38138848543167114]}

Most important rules
-----------------------------

---0---
rule28: age < 3.560
probabilities_array:[0.9726839  0.         0.02731611]

rule15: water > 195.669
probabilities_array:[0.8121827  0.         0.18781725]

rule0: cement < 214.258
probabilities_array:[0.6824709  0.         0.31752908]

rule27: fine_aggregate > 827.554
probabilities_array:[0.6321646 0.        0.3678354]

rule29: 3.560 < age < 47.729
probabilities_array:[0.5665158 0.        0.4334842]

rule14: 181.367 < water < 195.669
probabilities_array:[0.4289955 0.        0.5710045]

rule16: superplasticizer < 2.266
probabilities_array:[0.2658369  0.01103998 0.72312313]


---1---
rule31: age > 91.898
probabilities_array:[0.         0.83212644 0.16787359]

rule9: 10.576 < fly_ash < 52.813
probabilities_array:[0.         0.8193988  0.18060118]

rule30: 47.729 < age < 91.898
probabilities_array:[0.         0.74427897 0.255721  ]

rule3: cement > 356.484
probabilities_array:[0.         0.62001604 0.379984  ]

rule24: fine_aggregate < 719.139
probabilities_array:[0.        0.6186115 0.3813885]

rule20: coarse_aggregate < 920.949
probabilities_array:[0.         0.5312563  0.46874368]

rule12: water < 167.065
probabilities_array:[0.        0.5031654 0.4968346]

rule18: 6.310 < superplasticizer < 10.354
probabilities_array:[0.         0.48444512 0.5155549 ]

rule6: 72.991 < blast_furnace_slag < 130.937
probabilities_array:[0.         0.47672474 0.52327526]

rule17: 2.266 < superplasticizer < 6.310
probabilities_array:[0.         0.44842613 0.5515739 ]

rule8: fly_ash < 10.576
probabilities_array:[0.         0.4181694  0.58183056]

rule19: superplasticizer > 10.354
probabilities_array:[0.         0.40347502 0.596525  ]

rule13: 167.065 < water < 181.367
probabilities_array:[0.         0.32988626 0.67011374]

rule5: 15.046 < blast_furnace_slag < 72.991
probabilities_array:[0.         0.30632228 0.6936777 ]

rule22: 973.784 < coarse_aggregate < 1026.619
probabilities_array:[0.         0.27711916 0.72288084]

rule21: 920.949 < coarse_aggregate < 973.784
probabilities_array:[0.        0.2480893 0.7519107]

