R2: 0.532438909671755

MAE: 9.685323529411765

MSE: 141.83295911764705

Accuracy: 0.8735294117647059

F1: 0.8731332274663959

Confusion Matrix: [[158, 16], [27, 139]]

Uncertainties: {'class0': [0.05435212701559067, 0.22891028225421906, 0.2597447335720062, 0.4662441909313202, 0.48586177825927734], 'class1': [0.08925393968820572, 0.15771685540676117, 0.20559822022914886, 0.35119161009788513, 0.4779759645462036]}

Most important rules
-----------------------------

---0---
rule28: age < 3.875
probabilities_array:[0.9456479  0.         0.05435213]

rule0: cement < 208.562
probabilities_array:[0.77108973 0.         0.22891028]

rule15: water > 195.946
probabilities_array:[0.74025524 0.         0.25974473]

rule16: superplasticizer < 2.377
probabilities_array:[0.53375584 0.         0.4662442 ]

rule27: fine_aggregate > 827.618
probabilities_array:[0.5141382  0.         0.48586178]

rule29: 3.875 < age < 45.238
probabilities_array:[0.3853513  0.03512225 0.5795264 ]

rule14: 181.561 < water < 195.946
probabilities_array:[0.40243298 0.         0.597567  ]

rule1: 208.562 < cement < 279.867
probabilities_array:[0.31293654 0.         0.68706346]

rule4: blast_furnace_slag < 15.607
probabilities_array:[0.28092772 0.         0.7190723 ]

rule11: fly_ash > 100.062
probabilities_array:[0.254801 0.       0.745199]


---1---
rule31: age > 86.600
probabilities_array:[0.         0.91074604 0.08925394]

rule30: 45.238 < age < 86.600
probabilities_array:[0.         0.8422831  0.15771686]

rule3: cement > 351.171
probabilities_array:[0.         0.79440176 0.20559822]

rule24: fine_aggregate < 720.249
probabilities_array:[0.        0.6488084 0.3511916]

rule12: water < 167.176
probabilities_array:[0.         0.52202404 0.47797596]

rule19: superplasticizer > 10.085
probabilities_array:[0.         0.42286897 0.57713103]

rule6: 73.063 < blast_furnace_slag < 130.520
probabilities_array:[0.         0.36089092 0.6391091 ]

rule2: 279.867 < cement < 351.171
probabilities_array:[0.         0.35529628 0.6447037 ]

rule18: 6.231 < superplasticizer < 10.085
probabilities_array:[0.         0.34884316 0.65115684]

rule7: blast_furnace_slag > 130.520
probabilities_array:[0.         0.34175122 0.6582488 ]

rule9: 13.152 < fly_ash < 56.607
probabilities_array:[0.00723517 0.29068366 0.70208126]

rule13: 167.176 < water < 181.561
probabilities_array:[0.00258191 0.28868723 0.7087309 ]

rule25: 720.249 < fine_aggregate < 773.934
probabilities_array:[0.        0.2770267 0.7229733]

rule20: coarse_aggregate < 918.432
probabilities_array:[0.         0.27216038 0.7278396 ]

rule8: fly_ash < 13.152
probabilities_array:[0.0873     0.21611857 0.6965814 ]

rule5: 15.607 < blast_furnace_slag < 73.063
probabilities_array:[0.08626369 0.17354132 0.7401949 ]

