R2: 0.39925665867241433

MAE: 9.844441176470587

MSE: 149.34944617647056

Accuracy: 0.8029411764705883

F1: 0.8014970503402783

Confusion Matrix: [[151, 33], [34, 122]]

Uncertainties: {'class0': [0.22033560276031494, 0.2975330650806427, 0.3455249071121216, 0.3579789102077484, 0.45080992579460144], 'class1': [0.21011903882026672, 0.3123416304588318, 0.33861181139945984, 0.3848555386066437, 0.3903549015522003]}

Most important rules
-----------------------------

---0---
rule28: age < 2.780
probabilities_array:[0.7796644 0.        0.2203356]

rule15: water > 195.410
probabilities_array:[0.7024669  0.         0.29753307]

rule27: fine_aggregate > 829.026
probabilities_array:[0.6544751 0.        0.3455249]

rule29: 2.780 < age < 46.422
probabilities_array:[0.6420211 0.        0.3579789]

rule16: superplasticizer < 2.137
probabilities_array:[0.5491901  0.         0.45080993]

rule0: cement < 213.379
probabilities_array:[0.48888862 0.         0.5111114 ]

rule14: 180.959 < water < 195.410
probabilities_array:[0.48280492 0.         0.5171951 ]

rule7: blast_furnace_slag > 134.256
probabilities_array:[0.18964092 0.02291836 0.78744066]


---1---
rule31: age > 90.063
probabilities_array:[0.         0.78988093 0.21011904]

rule9: 9.776 < fly_ash < 52.618
probabilities_array:[0.         0.68765837 0.31234163]

rule30: 46.422 < age < 90.063
probabilities_array:[0.         0.66138816 0.3386118 ]

rule8: fly_ash < 9.776
probabilities_array:[0.         0.6151445  0.38485554]

rule24: fine_aggregate < 718.293
probabilities_array:[0.        0.6096451 0.3903549]

rule3: cement > 356.149
probabilities_array:[0.         0.54746777 0.45253226]

rule12: water < 166.507
probabilities_array:[0.        0.5325313 0.4674687]

rule6: 75.300 < blast_furnace_slag < 134.256
probabilities_array:[0.         0.51867414 0.4813259 ]

rule20: coarse_aggregate < 918.990
probabilities_array:[0.        0.5068419 0.4931581]

rule2: 284.764 < cement < 356.149
probabilities_array:[0.         0.44757906 0.5524209 ]

rule19: superplasticizer > 10.295
probabilities_array:[0.         0.38996133 0.6100387 ]

rule18: 6.216 < superplasticizer < 10.295
probabilities_array:[0.         0.36088473 0.6391153 ]

rule17: 2.137 < superplasticizer < 6.216
probabilities_array:[0.        0.2705846 0.7294154]

rule5: 16.344 < blast_furnace_slag < 75.300
probabilities_array:[0.06952673 0.21209572 0.71837753]

