R2: 0.6827557522415868

MAE: 22107496.62125876

MSE: 1273114957257736.2

Accuracy: 0.7902403495994174

F1: 0.7901039543416225

Confusion Matrix: [[560, 138], [150, 525]]

Uncertainties: {'class0': [0.429336279630661, 0.48834842443466187, 0.5327021479606628, 0.6012090444564819, 0.6392024159431458], 'class1': [0.449072003364563, 0.4736216962337494, 0.4764707386493683, 0.4809795320034027, 0.48684021830558777]}

Most important rules
-----------------------------

---0---
rule77: budget > 302507624.366
probabilities_array:[0.5706637  0.         0.42933628]

rule13: -48576.345 < num_voted_users < 33589.141
probabilities_array:[0.5116516  0.         0.48834842]

rule5: imdb_score > 7.541
probabilities_array:[0.46729785 0.         0.53270215]

rule9: 2003.445 < title_year < 2007.662
probabilities_array:[0.39879093 0.         0.60120904]

rule10: 2007.662 < title_year < 2012.917
probabilities_array:[0.36079758 0.         0.6392024 ]

rule37: -8736.778 < actor_1_facebook_likes < 305.499
probabilities_array:[0.3240999  0.00239217 0.67350787]

rule74: -66415319.938 < budget < 47238660.250
probabilities_array:[0.3131394 0.        0.6868606]

rule25: -78.290 < num_user_for_reviews < 139.311
probabilities_array:[0.29905504 0.         0.70094496]

rule68: 99.885 < duration < 109.415
probabilities_array:[0.286458   0.00209242 0.71144956]

rule18: num_critic_for_reviews < 42.226
probabilities_array:[0.27767518 0.         0.7223248 ]

rule34: 1916.504 < director_facebook_likes < 3429.517
probabilities_array:[0.20666361 0.         0.7933364 ]


---1---
rule29: num_user_for_reviews > 706.184
probabilities_array:[0.       0.550928 0.449072]

rule15: 99531.560 < num_voted_users < 165473.978
probabilities_array:[0.        0.5263783 0.4736217]

rule75: 47238660.250 < budget < 160892640.439
probabilities_array:[0.         0.5235293  0.47647074]

rule6: title_year < 1993.973
probabilities_array:[0.         0.5190205  0.48097953]

rule17: num_voted_users > 247639.465
probabilities_array:[0.         0.51315975 0.48684022]

rule16: 165473.978 < num_voted_users < 247639.465
probabilities_array:[0.        0.4775377 0.5224623]

rule76: 160892640.439 < budget < 302507624.366
probabilities_array:[0.        0.4664846 0.5335154]

rule28: 488.584 < num_user_for_reviews < 706.184
probabilities_array:[0.        0.4297298 0.5702702]

rule14: 33589.141 < num_voted_users < 99531.560
probabilities_array:[0.         0.33688405 0.6631159 ]

rule23: num_critic_for_reviews > 279.971
probabilities_array:[0.         0.29949054 0.7005094 ]

rule45: 1916.298 < actor_2_facebook_likes < 3896.982
probabilities_array:[0.         0.29407802 0.70592195]

rule53: actor_3_facebook_likes > 2512.396
probabilities_array:[0.         0.29381597 0.706184  ]

rule57: 11163.789 < cast_total_facebook_likes < 19863.979
probabilities_array:[0.         0.2907603  0.70923966]

rule0: imdb_score < 5.412
probabilities_array:[0.        0.2707618 0.7292382]

rule20: 108.173 < num_critic_for_reviews < 161.098
probabilities_array:[0.         0.2706221  0.72937787]

rule40: 14819.369 < actor_1_facebook_likes < 23861.646
probabilities_array:[0.         0.26256278 0.73743725]

rule1: 5.412 < imdb_score < 6.002
probabilities_array:[0.        0.2603806 0.7396194]

rule27: 313.947 < num_user_for_reviews < 488.584
probabilities_array:[0.07183006 0.19603568 0.7321343 ]

rule47: actor_2_facebook_likes > 6364.952
probabilities_array:[0.07490787 0.17595446 0.74913764]

