R2: 0.6654378254574389

MAE: 23217250.587581936

MSE: 1610021293421813.8

Accuracy: 0.797523670793882

F1: 0.797456519062841

Confusion Matrix: [[560, 139], [139, 535]]

Uncertainties: {'class0': [0.3518124222755432, 0.41182875633239746, 0.5376968383789062, 0.5391421318054199, 0.555670976638794], 'class1': [0.387794554233551, 0.4189484715461731, 0.42922544479370117, 0.4358285963535309, 0.46979865431785583]}

Most important rules
-----------------------------

---0---
rule34: 2026.611 < director_facebook_likes < 3620.984
probabilities_array:[0.6481876  0.         0.35181242]

rule73: -39125063.472 < budget < 5524821.683
probabilities_array:[0.58817124 0.         0.41182876]

rule13: -45402.585 < num_voted_users < 34087.781
probabilities_array:[0.46230316 0.         0.53769684]

rule9: 2003.200 < title_year < 2007.573
probabilities_array:[0.46085787 0.         0.53914213]

rule25: -79.603 < num_user_for_reviews < 141.311
probabilities_array:[0.444329 0.       0.555671]

rule10: 2007.573 < title_year < 2013.023
probabilities_array:[0.3736604 0.        0.6263396]

rule8: 1998.827 < title_year < 2003.200
probabilities_array:[0.3257258 0.        0.6742742]

rule18: num_critic_for_reviews < 42.061
probabilities_array:[0.30472928 0.         0.6952707 ]

rule43: -1874.434 < actor_2_facebook_likes < 174.616
probabilities_array:[0.28607062 0.         0.7139294 ]

rule5: imdb_score > 7.521
probabilities_array:[0.25747126 0.         0.74252874]

rule37: -8608.428 < actor_1_facebook_likes < 188.529
probabilities_array:[0.22114184 0.04966974 0.7291884 ]

rule33: 747.038 < director_facebook_likes < 2026.611
probabilities_array:[0.22887373 0.         0.7711263 ]

rule26: 141.311 < num_user_for_reviews < 318.607
probabilities_array:[0.22606021 0.         0.7739398 ]


---1---
rule76: 77192904.000 < budget < 121842789.154
probabilities_array:[0.         0.61220545 0.38779455]

rule77: budget > 121842789.154
probabilities_array:[0.         0.5810515  0.41894847]

rule75: 41358862.841 < budget < 77192904.000
probabilities_array:[0.         0.57077456 0.42922544]

rule15: 97883.265 < num_voted_users < 161678.749
probabilities_array:[0.         0.56417143 0.4358286 ]

rule16: 161678.749 < num_voted_users < 241169.115
probabilities_array:[0.         0.5302013  0.46979865]

rule17: num_voted_users > 241169.115
probabilities_array:[0.         0.51479965 0.48520032]

rule6: title_year < 1993.378
probabilities_array:[0.        0.4271181 0.5728819]

rule29: num_user_for_reviews > 716.817
probabilities_array:[0.        0.4187289 0.5812711]

rule46: 3463.571 < actor_2_facebook_likes < 5512.621
probabilities_array:[0.        0.4136942 0.5863058]

rule45: 1819.093 < actor_2_facebook_likes < 3463.571
probabilities_array:[0.         0.39001206 0.6099879 ]

rule53: actor_3_facebook_likes > 2549.486
probabilities_array:[0.        0.3684449 0.6315551]

rule28: 495.903 < num_user_for_reviews < 716.817
probabilities_array:[0.00195443 0.34520885 0.65283674]

rule14: 34087.781 < num_voted_users < 97883.265
probabilities_array:[0.         0.3261691  0.67383087]

rule1: 5.421 < imdb_score < 6.003
probabilities_array:[0.         0.30102605 0.69897395]

rule23: num_critic_for_reviews > 277.362
probabilities_array:[0.00182295 0.29018554 0.70799154]

rule65: movie_facebook_likes > 27957.447
probabilities_array:[0.0253594  0.27234775 0.7022928 ]

rule52: 1541.037 < actor_3_facebook_likes < 2549.486
probabilities_array:[0.00082343 0.27405515 0.7251214 ]

rule20: 107.330 < num_critic_for_reviews < 159.712
probabilities_array:[0.         0.25720426 0.7427957 ]

rule56: 2398.937 < cast_total_facebook_likes < 10748.487
probabilities_array:[0.0382438  0.22291437 0.7388418 ]

rule0: imdb_score < 5.421
probabilities_array:[0.         0.23533162 0.7646684 ]

rule40: 14308.634 < actor_1_facebook_likes < 23105.591
probabilities_array:[0.         0.23203142 0.7679686 ]

rule66: duration < 87.900
probabilities_array:[0.         0.20813087 0.79186916]

