R2: 0.6652497347043211


MAE: 23365447.782787155


MSE: 1540219418983062.8


Accuracy: 0.7659864126178408


F1: 0.7662053896576839


Most important rules
-----------------------------

---0---
rule16: num_user_for_reviews < 41.514
probabilities_array:[0.5002674  0.         0.49973258]

rule49: -34876875.391 < budget < 41745357.306
probabilities_array:[0.40980187 0.         0.59019816]

rule9: -3678.055 < num_voted_users < 97420.016
probabilities_array:[0.39866337 0.         0.6013366 ]

rule3: imdb_score > 7.207
probabilities_array:[0.30755946 0.         0.6924405 ]

rule12: num_critic_for_reviews < 76.314
probabilities_array:[0.28520548 0.         0.7147945 ]

rule6: 2003.364 < title_year < 2009.945
probabilities_array:[0.24942975 0.         0.75057024]


---1---
rule4: title_year < 1996.783
probabilities_array:[0.         0.53828883 0.46171114]

rule50: 41745357.306 < budget < 118367590.002
probabilities_array:[0.         0.45663488 0.5433651 ]

rule19: num_user_for_reviews > 578.890
probabilities_array:[0.         0.36186847 0.6381315 ]

rule10: 97420.016 < num_voted_users < 198518.087
probabilities_array:[0.        0.3508287 0.6491713]

rule51: budget > 118367590.002
probabilities_array:[0.         0.35035253 0.6496475 ]

rule18: 310.202 < num_user_for_reviews < 578.890
probabilities_array:[0.         0.29843163 0.70156837]

rule1: 5.722 < imdb_score < 6.464
probabilities_array:[0.         0.28325325 0.71674675]

rule11: num_voted_users > 198518.087
probabilities_array:[0.         0.2786313  0.72136873]

rule30: 1858.776 < actor_2_facebook_likes < 4428.504
probabilities_array:[0.         0.27718338 0.7228166 ]

rule15: num_critic_for_reviews > 242.150
probabilities_array:[0.         0.26488584 0.73511416]

rule0: imdb_score < 5.722
probabilities_array:[0.        0.2541807 0.7458193]

rule23: director_facebook_likes > 2785.727
probabilities_array:[0.         0.24987389 0.7501261 ]

rule21: -1257.980 < director_facebook_likes < 763.874
probabilities_array:[0.02282244 0.22750133 0.7496762 ]

rule14: 159.232 < num_critic_for_reviews < 242.150
probabilities_array:[0.00444525 0.2340112  0.7615435 ]

rule43: movie_facebook_likes > 23150.337
probabilities_array:[0.         0.22312309 0.7768769 ]

rule31: actor_2_facebook_likes > 4428.504
probabilities_array:[0.         0.21552409 0.7844759 ]

rule47: duration > 125.153
probabilities_array:[0.00295552 0.20546181 0.7915826 ]

