R2: 0.695789170292694


MAE: 22953952.784021456


MSE: 1385733762788273.2


Accuracy: 1.0


F1: 1.0


Most important rules
-----------------------------

---0---
