R2: 0.6578352854244736


MAE: 24326044.44692197


MSE: 1626619238410898.5


Accuracy: 0.7528415834171007


F1: 0.7530954115076475


Most important rules
-----------------------------

---0---
rule51: budget > 229742008.173
probabilities_array:[0.56692976 0.         0.4330702 ]

rule3: imdb_score > 7.213
probabilities_array:[0.5103541  0.         0.48964587]

rule16: num_user_for_reviews < 45.240
probabilities_array:[0.42444342 0.         0.5755566 ]

rule49: -133089105.411 < budget < 48326451.381
probabilities_array:[0.35612896 0.         0.64387107]

rule9: -990.567 < num_voted_users < 95572.980
probabilities_array:[0.34831625 0.         0.65168375]

rule6: 2003.211 < title_year < 2009.986
probabilities_array:[0.32122153 0.         0.67877847]

rule12: num_critic_for_reviews < 75.214
probabilities_array:[0.30370837 0.         0.6962916 ]


---1---
rule4: title_year < 1996.435
probabilities_array:[0.         0.5529674  0.44703254]

rule50: 48326451.381 < budget < 229742008.173
probabilities_array:[0.         0.45994657 0.5400534 ]

rule11: num_voted_users > 192136.526
probabilities_array:[0.         0.43970212 0.5602979 ]

rule10: 95572.980 < num_voted_users < 192136.526
probabilities_array:[0.         0.39782003 0.60217994]

rule19: num_user_for_reviews > 575.989
probabilities_array:[0.         0.38828677 0.61171323]

rule15: num_critic_for_reviews > 241.613
probabilities_array:[0.         0.33426684 0.66573316]

rule13: 75.214 < num_critic_for_reviews < 158.414
probabilities_array:[0.         0.32731062 0.6726894 ]

rule14: 158.414 < num_critic_for_reviews < 241.613
probabilities_array:[0.         0.31830338 0.6816966 ]

rule30: 1868.978 < actor_2_facebook_likes < 4932.420
probabilities_array:[0.         0.31712806 0.68287194]

rule47: duration > 125.553
probabilities_array:[0.00716173 0.2948914  0.69794697]

rule1: 5.728 < imdb_score < 6.471
probabilities_array:[0.         0.29643422 0.7035658 ]

rule43: movie_facebook_likes > 22351.476
probabilities_array:[0.         0.28407013 0.71592987]

rule18: 310.615 < num_user_for_reviews < 575.989
probabilities_array:[0.         0.2586244  0.74137557]

rule0: imdb_score < 5.728
probabilities_array:[0.        0.2373852 0.7626148]

rule42: 8617.010 < movie_facebook_likes < 22351.476
probabilities_array:[0.04696844 0.19227771 0.76075387]

rule26: 7557.864 < actor_1_facebook_likes < 18911.674
probabilities_array:[0.04089351 0.18921912 0.7698873 ]

rule35: actor_3_facebook_likes > 1978.384
probabilities_array:[0.         0.20799291 0.7920071 ]

