R2: 0.6371725097853764


MAE: 23930197.196651306


MSE: 1667467531023367.0


Accuracy: 1.0


F1: 1.0


Most important rules
-----------------------------

---0---
