R2: 0.6201447127362608


MAE: 24512295.664685328


MSE: 1794356330923922.2


Accuracy: 0.7747140096633749


F1: 0.7749453750910416


Most important rules
-----------------------------

---0---
rule51: budget > 230387972.398
probabilities_array:[0.48505443 0.         0.51494557]

rule9: -2661.363 < num_voted_users < 96976.368
probabilities_array:[0.41579017 0.         0.58420986]

rule3: imdb_score > 7.214
probabilities_array:[0.37699336 0.         0.62300664]

rule49: -133782042.672 < budget < 48302964.863
probabilities_array:[0.35628054 0.         0.6437195 ]

rule6: 2003.422 < title_year < 2010.066
probabilities_array:[0.35556787 0.         0.6444321 ]

rule16: num_user_for_reviews < 38.840
probabilities_array:[0.35082772 0.         0.6491723 ]

rule12: num_critic_for_reviews < 76.890
probabilities_array:[0.3308576 0.        0.6691424]

rule37: -2396.161 < cast_total_facebook_likes < 10520.071
probabilities_array:[0.20099917 0.0444715  0.75452936]

rule41: -5422.046 < movie_facebook_likes < 8794.016
probabilities_array:[0.20859711 0.00197089 0.7894319 ]

rule7: title_year > 2010.066
probabilities_array:[0.20249464 0.         0.7975054 ]

rule45: 94.364 < duration < 109.648
probabilities_array:[0.19915828 0.00645256 0.7943892 ]


---1---
rule4: title_year < 1996.779
probabilities_array:[0.         0.55799866 0.4420013 ]

rule50: 48302964.863 < budget < 230387972.398
probabilities_array:[0.         0.43417165 0.5658284 ]

rule19: num_user_for_reviews > 586.981
probabilities_array:[0.         0.4203467  0.57965326]

rule14: 161.023 < num_critic_for_reviews < 245.156
probabilities_array:[0.         0.36222276 0.63777727]

rule11: num_voted_users > 196614.099
probabilities_array:[0.         0.36016124 0.63983876]

rule30: 1748.599 < actor_2_facebook_likes < 4229.220
probabilities_array:[0.         0.35642838 0.6435716 ]

rule1: 5.716 < imdb_score < 6.465
probabilities_array:[0.         0.35225993 0.64774007]

rule15: num_critic_for_reviews > 245.156
probabilities_array:[0.         0.32993254 0.6700675 ]

rule10: 96976.368 < num_voted_users < 196614.099
probabilities_array:[0.         0.32767996 0.67232007]

rule35: actor_3_facebook_likes > 1880.075
probabilities_array:[0.         0.30041423 0.69958574]

rule23: director_facebook_likes > 2764.702
probabilities_array:[0.01105064 0.29252023 0.69642913]

rule0: imdb_score < 5.716
probabilities_array:[0.       0.291052 0.708948]

rule21: -1260.622 < director_facebook_likes < 752.040
probabilities_array:[0.         0.27985945 0.7201406 ]

rule18: 312.911 < num_user_for_reviews < 586.981
probabilities_array:[0.         0.24357003 0.75643   ]

rule34: 704.887 < actor_3_facebook_likes < 1880.075
probabilities_array:[0.         0.23574427 0.7642557 ]

rule43: movie_facebook_likes > 23010.078
probabilities_array:[0.         0.23303711 0.7669629 ]

rule13: 76.890 < num_critic_for_reviews < 161.023
probabilities_array:[0.         0.21386977 0.78613025]

rule47: duration > 124.932
probabilities_array:[0.00521536 0.19931681 0.79546785]

