R2: 0.6681889159629916


MAE: 23995123.091507062


MSE: 1569268978096703.5


Accuracy: 1.0


F1: 1.0


Most important rules
-----------------------------

---0---
