R2: 0.6598423864943624


MAE: 23548712.071145844


MSE: 1518216088084969.2


Accuracy: 1.0


F1: 1.0


Most important rules
-----------------------------

---0---
