R2: 0.6684714896341657


MAE: 23897305.22992159


MSE: 1527103183673384.5


Accuracy: 0.7750613295422952


F1: 0.7764020393299345


Most important rules
-----------------------------

---0---
rule16: num_user_for_reviews < 40.851
probabilities_array:[0.44702742 0.         0.5529726 ]

rule9: -399.874 < num_voted_users < 96640.273
probabilities_array:[0.44194317 0.         0.55805683]

rule51: budget > 227739369.010
probabilities_array:[0.4190256 0.        0.5809744]

rule49: -133592076.354 < budget < 47073646.328
probabilities_array:[0.37732 0.      0.62268]

rule36: cast_total_facebook_likes < 472.622
probabilities_array:[0.35443616 0.         0.64556384]

rule3: imdb_score > 7.221
probabilities_array:[0.33703968 0.         0.66296035]

rule6: 2003.226 < title_year < 2010.030
probabilities_array:[0.3210644 0.        0.6789356]

rule44: duration < 93.969
probabilities_array:[0.2418942  0.02590879 0.73219705]

rule45: 93.969 < duration < 109.548
probabilities_array:[0.2229756  0.01899646 0.7580279 ]

rule12: num_critic_for_reviews < 76.798
probabilities_array:[0.22847654 0.00100785 0.77051556]

rule41: -5239.941 < movie_facebook_likes < 8980.551
probabilities_array:[0.21695317 0.         0.78304684]


---1---
rule4: title_year < 1996.422
probabilities_array:[0.         0.5007803  0.49921975]

rule50: 47073646.328 < budget < 227739369.010
probabilities_array:[0.         0.49467933 0.50532067]

rule19: num_user_for_reviews > 579.962
probabilities_array:[0.         0.46611422 0.5338858 ]

rule37: 472.622 < cast_total_facebook_likes < 10647.104
probabilities_array:[0.         0.40532574 0.5946743 ]

rule14: 159.034 < num_critic_for_reviews < 241.270
probabilities_array:[0.         0.37757906 0.6224209 ]

rule30: 1832.304 < actor_2_facebook_likes < 4409.565
probabilities_array:[0.        0.3561245 0.6438755]

rule1: 5.751 < imdb_score < 6.486
probabilities_array:[0.         0.34616885 0.6538312 ]

rule38: 10647.104 < cast_total_facebook_likes < 20821.587
probabilities_array:[0.         0.32775816 0.6722418 ]

rule10: 96640.273 < num_voted_users < 193680.420
probabilities_array:[0.         0.31992495 0.68007505]

rule18: 310.406 < num_user_for_reviews < 579.962
probabilities_array:[0.         0.31806585 0.6819342 ]

rule11: num_voted_users > 193680.420
probabilities_array:[0.         0.3079258  0.69207424]

rule13: 76.798 < num_critic_for_reviews < 159.034
probabilities_array:[0.         0.30031875 0.6996813 ]

rule15: num_critic_for_reviews > 241.270
probabilities_array:[0.00778326 0.26533765 0.72687906]

rule0: imdb_score < 5.751
probabilities_array:[0.         0.26611212 0.7338879 ]

rule43: movie_facebook_likes > 23201.043
probabilities_array:[0.        0.2656626 0.7343374]

rule27: actor_1_facebook_likes > 14792.695
probabilities_array:[0.        0.2538011 0.7461989]

rule23: director_facebook_likes > 2619.752
probabilities_array:[0.         0.2155939  0.78440607]

