R2: 0.694649475625419


MAE: 23360936.103819557


MSE: 1399384913714140.8


Accuracy: 1.0


F1: 1.0


Most important rules
-----------------------------

---0---
