R2: -3.23242280859719

MAE: 208408.34123029947

MSE: 56870700062.046295

Accuracy: 0.8201702877275396

F1: 0.8201057747087566

Confusion Matrix: [[2729, 598], [627, 2858]]

Uncertainties: {'class0': [0.14861789345741272, 0.32836657762527466, 0.4076419770717621, 0.46074178814888, 0.4690150320529938], 'class1': [0.17108431458473206, 0.28863340616226196, 0.3833959698677063, 0.4298315942287445, 0.4320954382419586]}

Most important rules
-----------------------------

---0---
rule28: median_income < 2.599
probabilities_array:[0.8513821 0.        0.1486179]

rule33: ocean_proximity_INLAND = 1.0
probabilities_array:[0.6716334  0.         0.32836658]

rule23: population > 2207.097
probabilities_array:[0.592358   0.         0.40764198]

rule29: 2.599 < median_income < 3.873
probabilities_array:[0.5392582 0.        0.4607418]

rule12: total_rooms < 1175.428
probabilities_array:[0.50806826 0.02291667 0.46901503]

rule3: longitude > -118.220
probabilities_array:[0.49866003 0.         0.50134   ]

rule7: latitude > 37.094
probabilities_array:[0.47667533 0.         0.52332467]

rule24: households < 240.362
probabilities_array:[0.3728002 0.        0.6271998]

rule22: 1427.872 < population < 2207.097
probabilities_array:[0.35168338 0.         0.6483166 ]

rule6: 35.645 < latitude < 37.094
probabilities_array:[0.32650906 0.         0.67349094]

rule1: -120.927 < longitude < -119.573
probabilities_array:[0.27699763 0.03935965 0.68364275]

rule8: housing_median_age < 20.065
probabilities_array:[0.24229392 0.         0.7577061 ]


---1---
rule31: median_income > 5.147
probabilities_array:[0.         0.82891566 0.17108431]

rule20: population < 648.646
probabilities_array:[0.        0.7113666 0.2886334]

rule35: ocean_proximity_ISLAND = 1.0
probabilities_array:[0.         0.61660403 0.38339597]

rule32: ocean_proximity_INLAND = 0.0
probabilities_array:[0.         0.57016844 0.4298316 ]

rule0: longitude < -120.927
probabilities_array:[0.         0.5679046  0.43209544]

rule15: total_rooms > 4096.100
probabilities_array:[0.03435665 0.45120198 0.5144413 ]

rule27: households > 757.884
probabilities_array:[0.         0.44765586 0.55234414]

rule4: latitude < 34.196
probabilities_array:[0.         0.40609738 0.5939026 ]

rule14: 2635.764 < total_rooms < 4096.100
probabilities_array:[0.0199176  0.33286944 0.647213  ]

rule30: 3.873 < median_income < 5.147
probabilities_array:[0.04288934 0.31005755 0.6470531 ]

rule5: 34.196 < latitude < 35.645
probabilities_array:[0.         0.26656488 0.73343515]

rule9: 20.065 < housing_median_age < 28.540
probabilities_array:[0.         0.24875791 0.7512421 ]

rule19: total_bedrooms > 818.656
probabilities_array:[0.        0.2159039 0.7840961]

rule21: 648.646 < population < 1427.872
probabilities_array:[0.         0.20622325 0.79377675]

