R2: -3.290228641211848

MAE: 206046.7072550646

MSE: 55358394616.10456

Accuracy: 0.8141514973576043

F1: 0.8141437432243435

Confusion Matrix: [[2795, 584], [682, 2751]]

Uncertainties: {'class0': [0.17617212235927582, 0.3484911322593689, 0.4189648926258087, 0.45657411217689514, 0.46855220198631287], 'class1': [0.12513552606105804, 0.24757663905620575, 0.3111023008823395, 0.48399412631988525, 0.49489468336105347]}

Most important rules
-----------------------------

---0---
rule28: median_income < 2.594
probabilities_array:[0.82382786 0.         0.17617212]

rule23: population > 2198.280
probabilities_array:[0.65150887 0.         0.34849113]

rule33: ocean_proximity_INLAND = 1.0
probabilities_array:[0.5810351 0.        0.4189649]

rule3: longitude > -118.218
probabilities_array:[0.54342586 0.         0.4565741 ]

rule12: total_rooms < 1142.582
probabilities_array:[0.49232763 0.03912015 0.4685522 ]

rule24: households < 239.388
probabilities_array:[0.49182144 0.         0.5081786 ]

rule29: 2.594 < median_income < 3.886
probabilities_array:[0.4239308 0.        0.5760692]

rule7: latitude > 37.080
probabilities_array:[0.41104087 0.         0.5889591 ]

rule22: 1420.988 < population < 2198.280
probabilities_array:[0.37852857 0.         0.62147146]

rule6: 35.637 < latitude < 37.080
probabilities_array:[0.35125315 0.         0.64874685]

rule16: total_bedrooms < 251.077
probabilities_array:[0.35018983 0.         0.6498102 ]

rule1: -120.927 < longitude < -119.572
probabilities_array:[0.28311542 0.         0.71688455]

rule17: 251.077 < total_bedrooms < 536.151
probabilities_array:[0.23226576 0.         0.7677342 ]

rule25: 239.388 < households < 498.354
probabilities_array:[0.22989959 0.         0.7701004 ]

rule34: ocean_proximity_ISLAND = 0.0
probabilities_array:[2.1386759e-01 3.5185669e-05 7.8609723e-01]

rule8: housing_median_age < 20.092
probabilities_array:[0.20763913 0.         0.79236084]


---1---
rule31: median_income > 5.177
probabilities_array:[0.         0.87486446 0.12513553]

rule20: population < 643.696
probabilities_array:[0.         0.75242335 0.24757664]

rule32: ocean_proximity_INLAND = 0.0
probabilities_array:[0.         0.68889767 0.3111023 ]

rule35: ocean_proximity_ISLAND = 1.0
probabilities_array:[0.         0.5160059  0.48399413]

rule0: longitude < -120.927
probabilities_array:[0.         0.5051053  0.49489468]

rule15: total_rooms > 4132.803
probabilities_array:[0.05303591 0.40459734 0.5423667 ]

rule30: 3.886 < median_income < 5.177
probabilities_array:[0.01160635 0.39579317 0.59260046]

rule4: latitude < 34.195
probabilities_array:[0.         0.39710146 0.60289854]

rule27: households > 757.320
probabilities_array:[0.        0.3646221 0.6353779]

rule19: total_bedrooms > 821.226
probabilities_array:[0.         0.32950774 0.6704923 ]

rule14: 2637.693 < total_rooms < 4132.803
probabilities_array:[0.03571843 0.29466936 0.6696122 ]

rule21: 643.696 < population < 1420.988
probabilities_array:[0.         0.27299252 0.72700745]

rule5: 34.195 < latitude < 35.637
probabilities_array:[0.         0.23127994 0.7687201 ]

rule9: 20.092 < housing_median_age < 28.572
probabilities_array:[0.         0.22434656 0.7756534 ]

