R2: -3.2007404014687335

MAE: 208298.99303416768

MSE: 56943921712.75835

Accuracy: 0.8200234879624193

F1: 0.8199986619808408

Confusion Matrix: [[2753, 642], [584, 2833]]

Uncertainties: {'class0': [0.1505737453699112, 0.2887271046638489, 0.40811318159103394, 0.4325878620147705, 0.4565035104751587], 'class1': [0.16791243851184845, 0.2009456306695938, 0.29979678988456726, 0.34776386618614197, 0.4468093514442444]}

Most important rules
-----------------------------

---0---
rule28: median_income < 2.589
probabilities_array:[0.84942627 0.         0.15057375]

rule23: population > 2197.612
probabilities_array:[0.7112729 0.        0.2887271]

rule33: ocean_proximity_INLAND = 1.0
probabilities_array:[0.5918868  0.         0.40811318]

rule3: longitude > -118.220
probabilities_array:[0.56741214 0.         0.43258786]

rule29: 2.589 < median_income < 3.868
probabilities_array:[0.5434965 0.        0.4565035]

rule12: total_rooms < 1166.910
probabilities_array:[0.515122   0.01627355 0.46860442]

rule22: 1423.237 < population < 2197.612
probabilities_array:[0.43179283 0.         0.5682072 ]

rule7: latitude > 37.091
probabilities_array:[0.39857668 0.         0.6014233 ]

rule24: households < 242.241
probabilities_array:[0.37710685 0.         0.62289315]

rule6: 35.646 < latitude < 37.091
probabilities_array:[0.3120867 0.        0.6879133]

rule8: housing_median_age < 20.126
probabilities_array:[0.303422 0.       0.696578]

rule1: -120.926 < longitude < -119.573
probabilities_array:[0.2280673  0.04415879 0.72777396]

rule25: 242.241 < households < 498.074
probabilities_array:[0.20144989 0.         0.7985501 ]


---1---
rule31: median_income > 5.148
probabilities_array:[0.         0.8320876  0.16791244]

rule35: ocean_proximity_ISLAND = 1.0
probabilities_array:[0.         0.7990544  0.20094563]

rule20: population < 648.861
probabilities_array:[0.        0.7002032 0.2997968]

rule32: ocean_proximity_INLAND = 0.0
probabilities_array:[0.         0.6522361  0.34776387]

rule27: households > 753.907
probabilities_array:[0.         0.55319065 0.44680935]

rule0: longitude < -120.926
probabilities_array:[0.         0.51472783 0.48527217]

rule4: latitude < 34.202
probabilities_array:[0.         0.47233605 0.52766395]

rule15: total_rooms > 4099.186
probabilities_array:[0.0404691  0.38407934 0.5754516 ]

rule30: 3.868 < median_income < 5.148
probabilities_array:[0.02499808 0.30785856 0.6671434 ]

rule14: 2633.048 < total_rooms < 4099.186
probabilities_array:[0.02307364 0.26887262 0.7080537 ]

rule19: total_bedrooms > 814.987
probabilities_array:[0.         0.25984055 0.74015945]

rule5: 34.202 < latitude < 35.646
probabilities_array:[0.         0.25729895 0.74270105]

rule26: 498.074 < households < 753.907
probabilities_array:[0.         0.23585947 0.76414055]

