R2: 0.7181922514253961


MAE: 43257.40821479407


MSE: 3676010381.5492268


Accuracy: 0.8205834052931131


F1: 0.8206106870229007


Most important rules
-----------------------------

---0---
rule28: median_income < 2.592
probabilities_array:[0.80006623 0.         0.19993375]

rule33: ocean_proximity_INLAND = 1.0
probabilities_array:[0.7038354  0.         0.29616454]

rule23: population > 2161.406
probabilities_array:[0.5858062 0.        0.4141938]

rule3: longitude > -118.221
probabilities_array:[0.51229745 0.         0.48770258]

rule12: total_rooms < 1156.691
probabilities_array:[0.46415973 0.0220956  0.51374465]

rule24: households < 242.771
probabilities_array:[0.44035318 0.         0.55964684]

rule7: latitude > 37.073
probabilities_array:[0.42050108 0.         0.57949895]

rule29: 2.592 < median_income < 3.888
probabilities_array:[0.39009976 0.         0.60990024]

rule16: total_bedrooms < 254.589
probabilities_array:[0.33256778 0.         0.66743225]

rule22: 1420.760 < population < 2161.406
probabilities_array:[0.31994534 0.         0.68005466]

rule6: 35.635 < latitude < 37.073
probabilities_array:[0.28119978 0.01028668 0.70851356]

rule8: housing_median_age < 20.137
probabilities_array:[0.28103378 0.         0.71896625]

rule1: -120.930 < longitude < -119.575
probabilities_array:[0.24103636 0.00965456 0.7493091 ]

rule17: 254.589 < total_bedrooms < 536.058
probabilities_array:[0.21255654 0.         0.78744346]

rule25: 242.771 < households < 499.375
probabilities_array:[2.0533538e-01 3.1230778e-05 7.9463345e-01]


---1---
rule31: median_income > 5.184
probabilities_array:[0.         0.8920201  0.10797987]

rule35: ocean_proximity_ISLAND = 1.0
probabilities_array:[0.         0.7759787  0.22402132]

rule20: population < 680.115
probabilities_array:[0.        0.7163838 0.2836162]

rule0: longitude < -120.930
probabilities_array:[0.         0.59962934 0.40037066]

rule32: ocean_proximity_INLAND = 0.0
probabilities_array:[0.        0.5626301 0.4373699]

rule4: latitude < 34.198
probabilities_array:[0.         0.42325008 0.5767499 ]

rule15: total_rooms > 4124.417
probabilities_array:[0.03315626 0.40366858 0.56317514]

rule30: 3.888 < median_income < 5.184
probabilities_array:[0.        0.4095098 0.5904902]

rule27: households > 755.979
probabilities_array:[0.        0.3882171 0.6117829]

rule5: 34.198 < latitude < 35.635
probabilities_array:[0.        0.3406275 0.6593725]

rule14: 2640.554 < total_rooms < 4124.417
probabilities_array:[0.02264518 0.30039015 0.67696464]

rule21: 680.115 < population < 1420.760
probabilities_array:[0.        0.2604566 0.7395434]

rule19: total_bedrooms > 817.526
probabilities_array:[0.         0.2514778  0.74852216]

rule2: -119.575 < longitude < -118.221
probabilities_array:[0.05640149 0.19434251 0.749256  ]

