R2: 0.6920842687729268


MAE: 45311.49056109083


MSE: 4049507454.30591


Accuracy: 0.820885372793967


F1: 0.8209042865531415


Most important rules
-----------------------------

---0---
rule28: median_income < 2.589
probabilities_array:[0.79502094 0.         0.20497908]

rule23: population > 2189.279
probabilities_array:[0.7499252  0.         0.25007483]

rule33: ocean_proximity_INLAND = 1.0
probabilities_array:[0.66818655 0.         0.33181345]

rule22: 1421.428 < population < 2189.279
probabilities_array:[0.53870773 0.         0.46129227]

rule3: longitude > -118.225
probabilities_array:[0.50226414 0.         0.49773583]

rule12: total_rooms < 1173.048
probabilities_array:[0.4971839  0.00824631 0.49456975]

rule7: latitude > 37.073
probabilities_array:[0.39877185 0.         0.6012281 ]

rule29: 2.589 < median_income < 3.877
probabilities_array:[0.3986397 0.        0.6013603]

rule8: housing_median_age < 20.172
probabilities_array:[0.2898268 0.        0.7101732]

rule24: households < 241.612
probabilities_array:[0.27468523 0.         0.7253148 ]

rule6: 35.634 < latitude < 37.073
probabilities_array:[0.26183093 0.         0.7381691 ]

rule16: total_bedrooms < 254.638
probabilities_array:[0.25539398 0.         0.744606  ]

rule1: -120.934 < longitude < -119.579
probabilities_array:[0.22309911 0.05291147 0.7239894 ]

rule37: ocean_proximity_NEAR BAY = 1.0
probabilities_array:[0.1735169  0.07572471 0.7507584 ]


---1---
rule31: median_income > 5.165
probabilities_array:[0.         0.87489307 0.12510692]

rule32: ocean_proximity_INLAND = 0.0
probabilities_array:[0.         0.62108773 0.3789123 ]

rule35: ocean_proximity_ISLAND = 1.0
probabilities_array:[0.         0.60095876 0.39904124]

rule20: population < 653.577
probabilities_array:[0.         0.5709435  0.42905656]

rule0: longitude < -120.934
probabilities_array:[0.         0.51253104 0.487469  ]

rule15: total_rooms > 4083.633
probabilities_array:[0.02989362 0.41205916 0.5580472 ]

rule27: households > 753.527
probabilities_array:[0.         0.41211775 0.5878823 ]

rule30: 3.877 < median_income < 5.165
probabilities_array:[0.         0.3838887  0.61611134]

rule19: total_bedrooms > 816.099
probabilities_array:[0.        0.3784566 0.6215434]

rule4: latitude < 34.194
probabilities_array:[0.         0.37843323 0.6215668 ]

rule14: 2628.341 < total_rooms < 4083.633
probabilities_array:[0.01906031 0.29593372 0.6850059 ]

rule5: 34.194 < latitude < 35.634
probabilities_array:[0.       0.260977 0.739023]

rule39: ocean_proximity_NEAR OCEAN = 1.0
probabilities_array:[0.10966163 0.19919504 0.69114333]

