R2: 0.7044733084031565


MAE: 44976.8055463883


MSE: 3972438081.863287


Accuracy: 0.8208687099367402


F1: 0.8209042865531415


Most important rules
-----------------------------

---0---
rule28: median_income < 2.585
probabilities_array:[0.83846277 0.         0.16153723]

rule23: population > 2171.996
probabilities_array:[0.6468922 0.        0.3531078]

rule33: ocean_proximity_INLAND = 1.0
probabilities_array:[0.62722695 0.         0.37277308]

rule29: 2.585 < median_income < 3.863
probabilities_array:[0.551003   0.         0.44899705]

rule12: total_rooms < 1162.948
probabilities_array:[0.52984405 0.02155795 0.44859797]

rule7: latitude > 37.067
probabilities_array:[0.53775597 0.         0.46224406]

rule3: longitude > -118.214
probabilities_array:[0.44370756 0.         0.5562924 ]

rule24: households < 242.834
probabilities_array:[0.37786075 0.         0.6221392 ]

rule6: 35.627 < latitude < 37.067
probabilities_array:[0.37520877 0.         0.6247912 ]

rule22: 1429.166 < population < 2171.996
probabilities_array:[0.367982 0.       0.632018]

rule1: -120.914 < longitude < -119.564
probabilities_array:[0.25684378 0.06599008 0.6771661 ]

rule8: housing_median_age < 20.036
probabilities_array:[0.21662113 0.         0.7833789 ]

rule16: total_bedrooms < 254.559
probabilities_array:[0.2117103  0.         0.78828967]

rule25: 242.834 < households < 501.791
probabilities_array:[0.20734994 0.         0.79265004]


---1---
rule31: median_income > 5.140
probabilities_array:[0.         0.8362713  0.16372871]

rule35: ocean_proximity_ISLAND = 1.0
probabilities_array:[0.        0.7407366 0.2592634]

rule20: population < 686.335
probabilities_array:[0.         0.70335907 0.2966409 ]

rule0: longitude < -120.914
probabilities_array:[0.         0.63878065 0.36121935]

rule32: ocean_proximity_INLAND = 0.0
probabilities_array:[0.        0.5766139 0.4233861]

rule27: households > 760.749
probabilities_array:[0.         0.51120406 0.48879594]

rule4: latitude < 34.187
probabilities_array:[0.         0.43131697 0.568683  ]

rule15: total_rooms > 4133.459
probabilities_array:[0.04605276 0.34076175 0.61318547]

rule5: 34.187 < latitude < 35.627
probabilities_array:[0.         0.33775622 0.6622438 ]

rule30: 3.863 < median_income < 5.140
probabilities_array:[0.01385427 0.31091705 0.67522866]

rule19: total_bedrooms > 824.587
probabilities_array:[0.         0.29393852 0.7060615 ]

rule14: 2648.203 < total_rooms < 4133.459
probabilities_array:[0.02292217 0.25406814 0.72300965]

rule2: -119.564 < longitude < -118.214
probabilities_array:[0.03389096 0.22362986 0.7424792 ]

rule21: 686.335 < population < 1429.166
probabilities_array:[0.        0.2014458 0.7985542]

