R2: 0.7123032210022309


MAE: 43872.48762942277


MSE: 3848333912.1953354


Accuracy: 0.8265817571780475


F1: 0.8266294773928362


Most important rules
-----------------------------

---0---
rule28: median_income < 2.578
probabilities_array:[0.7538786  0.         0.24612139]

rule23: population > 2171.536
probabilities_array:[0.7014222 0.        0.2985778]

rule33: ocean_proximity_INLAND = 1.0
probabilities_array:[0.6129095  0.         0.38709053]

rule7: latitude > 37.072
probabilities_array:[0.48334798 0.         0.51665205]

rule22: 1422.554 < population < 2171.536
probabilities_array:[0.43244585 0.         0.5675542 ]

rule12: total_rooms < 1148.150
probabilities_array:[4.1970596e-01 3.3315566e-05 5.8026069e-01]

rule3: longitude > -118.218
probabilities_array:[0.41566187 0.         0.5843381 ]

rule6: 35.630 < latitude < 37.072
probabilities_array:[0.35000032 0.         0.6499997 ]

rule24: households < 242.015
probabilities_array:[0.31631953 0.         0.6836805 ]

rule29: 2.578 < median_income < 3.855
probabilities_array:[0.28810063 0.         0.7118994 ]

rule8: housing_median_age < 20.125
probabilities_array:[0.28761137 0.         0.71238863]

rule1: -120.913 < longitude < -119.566
probabilities_array:[0.2607422  0.04246577 0.696792  ]

rule16: total_bedrooms < 253.741
probabilities_array:[0.2791923 0.        0.7208077]

rule34: ocean_proximity_ISLAND = 0.0
probabilities_array:[0.24662083 0.         0.75337917]

rule37: ocean_proximity_NEAR BAY = 1.0
probabilities_array:[0.1616212  0.10138413 0.7369947 ]


---1---
rule31: median_income > 5.133
probabilities_array:[0.         0.9114109  0.08858906]

rule35: ocean_proximity_ISLAND = 1.0
probabilities_array:[0.         0.74712384 0.2528762 ]

rule20: population < 673.572
probabilities_array:[0.         0.6617456  0.33825442]

rule32: ocean_proximity_INLAND = 0.0
probabilities_array:[0.         0.62540096 0.374599  ]

rule0: longitude < -120.913
probabilities_array:[0.         0.5595418  0.44045815]

rule27: households > 757.191
probabilities_array:[0.         0.54591477 0.4540852 ]

rule30: 3.855 < median_income < 5.133
probabilities_array:[0.        0.4952179 0.5047821]

rule15: total_rooms > 4115.140
probabilities_array:[0.04212801 0.36773014 0.5901418 ]

rule14: 2631.645 < total_rooms < 4115.140
probabilities_array:[0.01798255 0.3490069  0.63301057]

rule19: total_bedrooms > 820.421
probabilities_array:[0.        0.3547126 0.6452874]

rule4: latitude < 34.188
probabilities_array:[0.         0.28792116 0.71207887]

rule5: 34.188 < latitude < 35.630
probabilities_array:[0.        0.2498175 0.7501825]

rule26: 499.603 < households < 757.191
probabilities_array:[0.         0.22860108 0.7713989 ]

rule2: -119.566 < longitude < -118.218
probabilities_array:[0.02503718 0.20658453 0.76837826]

