R2: 0.717127677284445


MAE: 43878.25852254105


MSE: 3795342499.083712


Accuracy: 0.8243881073283996


F1: 0.8244274809160306


Most important rules
-----------------------------

---0---
rule28: median_income < 2.593
probabilities_array:[0.77782667 0.         0.22217332]

rule23: population > 2211.006
probabilities_array:[0.7122218 0.        0.2877782]

rule33: ocean_proximity_INLAND = 1.0
probabilities_array:[0.57364714 0.         0.42635283]

rule3: longitude > -118.217
probabilities_array:[0.51500213 0.         0.48499787]

rule7: latitude > 37.080
probabilities_array:[0.45904312 0.         0.5409569 ]

rule12: total_rooms < 1130.774
probabilities_array:[0.39171416 0.01512839 0.5931575 ]

rule22: 1423.290 < population < 2211.006
probabilities_array:[0.3974221 0.        0.6025779]

rule29: 2.593 < median_income < 3.877
probabilities_array:[0.36786944 0.         0.63213056]

rule16: total_bedrooms < 247.654
probabilities_array:[0.35119787 0.         0.6488021 ]

rule24: households < 236.289
probabilities_array:[0.33656758 0.         0.6634324 ]

rule6: 35.636 < latitude < 37.080
probabilities_array:[0.33341822 0.         0.6665818 ]

rule1: -120.923 < longitude < -119.570
probabilities_array:[0.24669003 0.0276612  0.72564876]

rule38: ocean_proximity_NEAR OCEAN = 0.0
probabilities_array:[0.24848928 0.00663241 0.74487835]

rule8: housing_median_age < 20.210
probabilities_array:[0.24416775 0.         0.75583225]

rule37: ocean_proximity_NEAR BAY = 1.0
probabilities_array:[0.22572093 0.03687907 0.7374    ]


---1---
rule31: median_income > 5.161
probabilities_array:[0.         0.90939665 0.09060334]

rule20: population < 635.574
probabilities_array:[0.        0.7202047 0.2797953]

rule35: ocean_proximity_ISLAND = 1.0
probabilities_array:[0.         0.6978948  0.30210516]

rule32: ocean_proximity_INLAND = 0.0
probabilities_array:[0.         0.6693873  0.33061272]

rule27: households > 762.234
probabilities_array:[0.        0.5469353 0.4530647]

rule0: longitude < -120.923
probabilities_array:[0.         0.50188124 0.49811876]

rule30: 3.877 < median_income < 5.161
probabilities_array:[0.         0.45838398 0.541616  ]

rule15: total_rooms > 4140.366
probabilities_array:[0.05028635 0.42279682 0.52691686]

rule14: 2635.570 < total_rooms < 4140.366
probabilities_array:[0.03252366 0.33631217 0.63116413]

rule19: total_bedrooms > 825.715
probabilities_array:[0.         0.34414756 0.65585244]

rule4: latitude < 34.193
probabilities_array:[0.         0.33848113 0.6615189 ]

rule5: 34.193 < latitude < 35.636
probabilities_array:[0.         0.21936893 0.78063107]

rule26: 499.262 < households < 762.234
probabilities_array:[0.         0.21884914 0.7811509 ]

