R2: 0.6944640785547858


MAE: 44600.84663841049


MSE: 4001747563.4830194


Accuracy: 0.8227345662662928


F1: 0.8228126834997064


Most important rules
-----------------------------

---0---
rule28: median_income < 2.574
probabilities_array:[0.80359477 0.         0.19640523]

rule23: population > 2193.846
probabilities_array:[0.692928   0.         0.30707198]

rule33: ocean_proximity_INLAND = 1.0
probabilities_array:[0.652543   0.         0.34745696]

rule3: longitude > -118.212
probabilities_array:[0.53005636 0.         0.46994367]

rule12: total_rooms < 1173.805
probabilities_array:[0.4620384  0.00542051 0.5325411 ]

rule7: latitude > 37.072
probabilities_array:[0.41609994 0.         0.5839001 ]

rule29: 2.574 < median_income < 3.852
probabilities_array:[0.41163564 0.         0.58836436]

rule22: 1434.644 < population < 2193.846
probabilities_array:[0.39756668 0.         0.6024333 ]

rule24: households < 243.707
probabilities_array:[0.3658461 0.        0.6341539]

rule16: total_bedrooms < 256.378
probabilities_array:[0.3087025 0.        0.6912975]

rule1: -120.917 < longitude < -119.565
probabilities_array:[2.9922396e-01 1.4583462e-04 7.0063025e-01]

rule6: 35.628 < latitude < 37.072
probabilities_array:[0.27995294 0.03594245 0.6841046 ]

rule8: housing_median_age < 20.105
probabilities_array:[0.22322321 0.         0.7767768 ]

rule37: ocean_proximity_NEAR BAY = 1.0
probabilities_array:[0.1592688  0.10961049 0.7311207 ]


---1---
rule31: median_income > 5.130
probabilities_array:[0.         0.86745566 0.13254434]

rule35: ocean_proximity_ISLAND = 1.0
probabilities_array:[0.         0.80625826 0.19374175]

rule20: population < 675.442
probabilities_array:[0.         0.7032703  0.29672968]

rule32: ocean_proximity_INLAND = 0.0
probabilities_array:[0.        0.6388129 0.3611871]

rule27: households > 761.155
probabilities_array:[0.         0.52749944 0.47250056]

rule0: longitude < -120.917
probabilities_array:[0.        0.4944234 0.5055766]

rule15: total_rooms > 4119.270
probabilities_array:[0.01805433 0.40313584 0.5788098 ]

rule4: latitude < 34.184
probabilities_array:[0.        0.3908134 0.6091866]

rule30: 3.852 < median_income < 5.130
probabilities_array:[6.6397530e-05 3.7173700e-01 6.2819666e-01]

rule5: 34.184 < latitude < 35.628
probabilities_array:[0.         0.34526777 0.6547322 ]

rule14: 2646.538 < total_rooms < 4119.270
probabilities_array:[0.01035333 0.3029701  0.6866766 ]

rule19: total_bedrooms > 823.600
probabilities_array:[0.         0.25462428 0.74537575]

rule26: 502.431 < households < 761.155
probabilities_array:[0.         0.25162962 0.7483704 ]

