R2: 0.6852306849653146


MAE: 46160.184053801066


MSE: 4148495120.3418083


Accuracy: 0.8148759175002112


F1: 0.8148854961832062


Most important rules
-----------------------------

---0---
rule28: median_income < 2.598
probabilities_array:[0.77579325 0.         0.22420672]

rule23: population > 2184.786
probabilities_array:[0.7704423  0.         0.22955771]

rule7: latitude > 37.086
probabilities_array:[0.6194902  0.         0.38050982]

rule33: ocean_proximity_INLAND = 1.0
probabilities_array:[0.60346186 0.         0.39653817]

rule12: total_rooms < 1161.995
probabilities_array:[0.56732345 0.00978953 0.42288706]

rule3: longitude > -118.237
probabilities_array:[0.5690491  0.         0.43095085]

rule22: 1424.770 < population < 2184.786
probabilities_array:[5.2283746e-01 2.8427021e-04 4.7687835e-01]

rule6: 35.646 < latitude < 37.086
probabilities_array:[0.5075504  0.         0.49244955]

rule24: households < 241.952
probabilities_array:[0.38398504 0.         0.61601496]

rule29: 2.598 < median_income < 3.883
probabilities_array:[3.4604508e-01 3.7576044e-06 6.5395117e-01]

rule1: -120.930 < longitude < -119.583
probabilities_array:[0.2115959  0.04989569 0.7385085 ]

rule38: ocean_proximity_NEAR OCEAN = 0.0
probabilities_array:[0.20981956 0.04419494 0.7459855 ]

rule16: total_bedrooms < 254.216
probabilities_array:[0.21248652 0.         0.7875135 ]


---1---
rule31: median_income > 5.167
probabilities_array:[0.         0.878852   0.12114798]

rule35: ocean_proximity_ISLAND = 1.0
probabilities_array:[0.         0.8041331  0.19586685]

rule20: population < 664.754
probabilities_array:[0.         0.6861332  0.31386676]

rule0: longitude < -120.930
probabilities_array:[0.         0.64600307 0.35399693]

rule32: ocean_proximity_INLAND = 0.0
probabilities_array:[0.        0.6278808 0.3721192]

rule27: households > 759.116
probabilities_array:[0.        0.5481943 0.4518057]

rule30: 3.883 < median_income < 5.167
probabilities_array:[0.         0.4782705  0.52172947]

rule4: latitude < 34.206
probabilities_array:[0.        0.4305836 0.5694164]

rule15: total_rooms > 4118.646
probabilities_array:[0.02489109 0.39703873 0.57807016]

rule26: 500.534 < households < 759.116
probabilities_array:[0.        0.3031545 0.6968455]

rule19: total_bedrooms > 820.024
probabilities_array:[0.         0.29985413 0.7001459 ]

rule14: 2640.321 < total_rooms < 4118.646
probabilities_array:[0.03896171 0.2312599  0.7297784 ]

rule2: -119.583 < longitude < -118.237
probabilities_array:[0.06770457 0.2083539  0.72394156]

rule11: housing_median_age > 37.096
probabilities_array:[0.         0.22371686 0.77628314]

rule9: 20.103 < housing_median_age < 28.599
probabilities_array:[0.01385955 0.19373614 0.7924043 ]

