R2: 0.6979069234572832


MAE: 45086.68943621447


MSE: 3973111144.8701544


Accuracy: 0.8189956984735675


F1: 0.8189958896065767


Most important rules
-----------------------------

---0---
rule28: median_income < 2.591
probabilities_array:[0.8515522 0.        0.1484478]

rule23: population > 2213.810
probabilities_array:[0.7079492  0.         0.29205075]

rule33: ocean_proximity_INLAND = 1.0
probabilities_array:[0.5994989  0.         0.40050107]

rule29: 2.591 < median_income < 3.876
probabilities_array:[0.5355007 0.        0.4644993]

rule22: 1427.361 < population < 2213.810
probabilities_array:[0.48480734 0.         0.5151927 ]

rule3: longitude > -118.230
probabilities_array:[0.4723927 0.        0.5276073]

rule12: total_rooms < 1143.381
probabilities_array:[0.44999582 0.02894583 0.52105826]

rule7: latitude > 37.077
probabilities_array:[0.33750272 0.         0.6624973 ]

rule6: 35.640 < latitude < 37.077
probabilities_array:[0.30171925 0.05271995 0.6455608 ]

rule16: total_bedrooms < 249.907
probabilities_array:[0.30378327 0.         0.6962167 ]

rule24: households < 237.906
probabilities_array:[0.2820537 0.        0.7179463]

rule1: -120.920 < longitude < -119.575
probabilities_array:[0.2535067  0.02396113 0.7225321 ]

rule8: housing_median_age < 20.119
probabilities_array:[0.24568863 0.         0.7543114 ]

rule37: ocean_proximity_NEAR BAY = 1.0
probabilities_array:[0.14389247 0.15541928 0.70068824]


---1---
rule31: median_income > 5.161
probabilities_array:[0.         0.81641996 0.18358001]

rule35: ocean_proximity_ISLAND = 1.0
probabilities_array:[0.         0.7797482  0.22025183]

rule32: ocean_proximity_INLAND = 0.0
probabilities_array:[0.         0.66987497 0.33012503]

rule20: population < 640.912
probabilities_array:[0.         0.63059866 0.3694013 ]

rule0: longitude < -120.920
probabilities_array:[0.         0.45971364 0.54028636]

rule27: households > 764.562
probabilities_array:[0.         0.42260578 0.57739425]

rule15: total_rooms > 4146.672
probabilities_array:[0.05416531 0.38477966 0.56105494]

rule30: 3.876 < median_income < 5.161
probabilities_array:[0.04960224 0.33505628 0.6153414 ]

rule19: total_bedrooms > 826.960
probabilities_array:[0.         0.35587975 0.6441203 ]

rule4: latitude < 34.204
probabilities_array:[0.         0.33948058 0.6605194 ]

rule14: 2645.026 < total_rooms < 4146.672
probabilities_array:[0.02648789 0.28079578 0.6927163 ]

rule2: -119.575 < longitude < -118.230
probabilities_array:[0.03610322 0.24128301 0.72261375]

rule26: 501.234 < households < 764.562
probabilities_array:[0.        0.2485543 0.7514457]

rule37: ocean_proximity_NEAR BAY = 1.0
probabilities_array:[0.14389247 0.15541928 0.70068824]

