R2: 0.6987654634580318


MAE: 46402.227417055605


MSE: 4004925583.961184


Accuracy: 0.8149840517318311


F1: 0.8150322959483265


Most important rules
-----------------------------

---0---
rule28: median_income < 2.592
probabilities_array:[0.85444695 0.         0.14555307]

rule23: population > 2186.459
probabilities_array:[0.6777264  0.         0.32227358]

rule33: ocean_proximity_INLAND = 1.0
probabilities_array:[0.6078715  0.         0.39212856]

rule3: longitude > -118.215
probabilities_array:[0.5797848 0.        0.4202152]

rule29: 2.592 < median_income < 3.882
probabilities_array:[0.5520324 0.        0.4479676]

rule7: latitude > 37.082
probabilities_array:[0.49242502 0.         0.507575  ]

rule12: total_rooms < 1186.720
probabilities_array:[0.45573252 0.03363184 0.5106356 ]

rule22: 1427.779 < population < 2186.459
probabilities_array:[0.3823082 0.        0.6176918]

rule24: households < 245.413
probabilities_array:[0.33952814 0.         0.66047186]

rule6: 35.637 < latitude < 37.082
probabilities_array:[0.31446442 0.         0.6855356 ]

rule16: total_bedrooms < 258.276
probabilities_array:[0.3093888 0.        0.6906112]

rule1: -120.926 < longitude < -119.570
probabilities_array:[0.27604255 0.04427331 0.6796841 ]

rule8: housing_median_age < 20.090
probabilities_array:[0.26744002 0.         0.73256   ]

rule25: 245.413 < households < 499.786
probabilities_array:[0.2094009 0.        0.7905991]


---1---
rule31: median_income > 5.171
probabilities_array:[0.         0.8436701  0.15632989]

rule20: population < 669.099
probabilities_array:[0.         0.69839627 0.3016037 ]

rule32: ocean_proximity_INLAND = 0.0
probabilities_array:[0.        0.6508835 0.3491165]

rule0: longitude < -120.926
probabilities_array:[0.         0.5876132  0.41238678]

rule35: ocean_proximity_ISLAND = 1.0
probabilities_array:[0.         0.5627354  0.43726462]

rule27: households > 754.159
probabilities_array:[0.        0.5129342 0.4870658]

rule4: latitude < 34.192
probabilities_array:[0.         0.48044392 0.5195561 ]

rule15: total_rooms > 4094.147
probabilities_array:[0.05195692 0.35804668 0.58999634]

rule19: total_bedrooms > 815.535
probabilities_array:[0.         0.33801314 0.6619869 ]

rule30: 3.882 < median_income < 5.171
probabilities_array:[0.06490592 0.29789603 0.637198  ]

rule5: 34.192 < latitude < 35.637
probabilities_array:[0.         0.3236967  0.67630327]

rule14: 2640.433 < total_rooms < 4094.147
probabilities_array:[0.03004277 0.2747582  0.69519895]

rule21: 669.099 < population < 1427.779
probabilities_array:[6.541293e-05 2.165988e-01 7.833358e-01]

rule26: 499.786 < households < 754.159
probabilities_array:[0.        0.2103931 0.7896069]

