R2: 0.6985368535286103


MAE: 44658.86628070673


MSE: 3989785316.5050955


Accuracy: 0.8129754870725443


F1: 0.8129770992366412


Most important rules
-----------------------------

---0---
rule28: median_income < 2.583
probabilities_array:[0.890923   0.         0.10907695]

rule23: population > 2201.769
probabilities_array:[0.6923451  0.         0.30765495]

rule33: ocean_proximity_INLAND = 1.0
probabilities_array:[0.63316    0.         0.36684003]

rule29: 2.583 < median_income < 3.879
probabilities_array:[0.63236916 0.         0.36763084]

rule12: total_rooms < 1175.418
probabilities_array:[0.56592804 0.01097902 0.423093  ]

rule3: longitude > -118.215
probabilities_array:[0.45003283 0.         0.54996717]

rule22: 1429.334 < population < 2201.769
probabilities_array:[0.3791445 0.        0.6208555]

rule7: latitude > 37.070
probabilities_array:[0.37692663 0.         0.6230734 ]

rule24: households < 243.453
probabilities_array:[0.34749106 0.         0.6525089 ]

rule6: 35.630 < latitude < 37.070
probabilities_array:[0.24945678 0.0137713  0.73677194]

rule25: 243.453 < households < 499.616
probabilities_array:[0.22209449 0.         0.7779055 ]

rule1: -120.922 < longitude < -119.569
probabilities_array:[0.20638259 0.03044198 0.7631755 ]

rule30: 3.879 < median_income < 5.175
probabilities_array:[0.13902998 0.17533438 0.6856356 ]

rule16: total_bedrooms < 255.483
probabilities_array:[0.20255332 0.         0.79744667]


---1---
rule35: ocean_proximity_ISLAND = 1.0
probabilities_array:[0.         0.7744651  0.22553493]

rule31: median_income > 5.175
probabilities_array:[0.         0.7448953  0.25510472]

rule20: population < 656.898
probabilities_array:[0.         0.74171084 0.25828913]

rule32: ocean_proximity_INLAND = 0.0
probabilities_array:[0.         0.62681645 0.37318355]

rule0: longitude < -120.922
probabilities_array:[0.         0.57901686 0.42098317]

rule4: latitude < 34.191
probabilities_array:[0.        0.4531125 0.5468875]

rule19: total_bedrooms > 817.859
probabilities_array:[0.         0.43964016 0.56035984]

rule15: total_rooms > 4094.079
probabilities_array:[0.02338126 0.39204207 0.5845766 ]

rule27: households > 755.778
probabilities_array:[0.         0.39172328 0.6082767 ]

rule5: 34.191 < latitude < 35.630
probabilities_array:[0.         0.36057046 0.63942957]

rule14: 2634.748 < total_rooms < 4094.079
probabilities_array:[0.00946325 0.26113436 0.72940236]

rule30: 3.879 < median_income < 5.175
probabilities_array:[0.13902998 0.17533438 0.6856356 ]

rule11: housing_median_age > 37.071
probabilities_array:[0.         0.23127027 0.76872975]

rule21: 656.898 < population < 1429.334
probabilities_array:[0.         0.22849798 0.771502  ]

rule2: -119.569 < longitude < -118.215
probabilities_array:[0.02819191 0.20478183 0.76702625]

rule9: 20.165 < housing_median_age < 28.618
probabilities_array:[0.01579639 0.19925658 0.78494704]

rule26: 499.616 < households < 755.778
probabilities_array:[0.         0.20303537 0.79696465]

