R2: 0.7171832976682136


MAE: 44401.39693955059


MSE: 3817735214.878411


Accuracy: 0.8251445644509978


F1: 0.8251614797416325


Most important rules
-----------------------------

---0---
rule28: median_income < 2.577
probabilities_array:[0.74404114 0.         0.25595886]

rule23: population > 2197.778
probabilities_array:[0.7414537 0.        0.2585463]

rule7: latitude > 37.072
probabilities_array:[0.61188096 0.         0.38811907]

rule3: longitude > -118.222
probabilities_array:[0.5673227  0.         0.43267733]

rule33: ocean_proximity_INLAND = 1.0
probabilities_array:[0.5634829  0.         0.43651712]

rule12: total_rooms < 1160.883
probabilities_array:[0.5145223  0.01651618 0.4689616 ]

rule22: 1433.486 < population < 2197.778
probabilities_array:[0.5207801  0.         0.47921994]

rule6: 35.635 < latitude < 37.072
probabilities_array:[0.38333628 0.         0.61666375]

rule16: total_bedrooms < 253.432
probabilities_array:[0.3285519 0.        0.6714481]

rule24: households < 240.959
probabilities_array:[0.32615736 0.         0.6738426 ]

rule29: 2.577 < median_income < 3.863
probabilities_array:[0.29396293 0.01786961 0.68816745]

rule1: -120.917 < longitude < -119.570
probabilities_array:[0.25838694 0.02994847 0.71166456]

rule8: housing_median_age < 20.065
probabilities_array:[0.24861683 0.         0.7513832 ]

rule17: 253.432 < total_bedrooms < 538.176
probabilities_array:[0.20798254 0.         0.79201746]


---1---
rule31: median_income > 5.150
probabilities_array:[0.         0.9059126  0.09408741]

rule35: ocean_proximity_ISLAND = 1.0
probabilities_array:[0.         0.68283725 0.31716275]

rule0: longitude < -120.917
probabilities_array:[0.        0.6742264 0.3257736]

rule32: ocean_proximity_INLAND = 0.0
probabilities_array:[0.         0.6542618  0.34573817]

rule20: population < 669.193
probabilities_array:[0.         0.64471704 0.35528296]

rule30: 3.863 < median_income < 5.150
probabilities_array:[0.         0.5422671  0.45773295]

rule15: total_rooms > 4129.070
probabilities_array:[0.03981164 0.48191288 0.47827545]

rule4: latitude < 34.197
probabilities_array:[0.         0.49788088 0.5021191 ]

rule27: households > 761.957
probabilities_array:[0.         0.45548847 0.5445115 ]

rule14: 2644.976 < total_rooms < 4129.070
probabilities_array:[0.03676312 0.31982866 0.6434082 ]

rule5: 34.197 < latitude < 35.635
probabilities_array:[0.         0.31780154 0.68219846]

rule19: total_bedrooms > 822.920
probabilities_array:[0.         0.21876991 0.7812301 ]

rule26: 501.458 < households < 761.957
probabilities_array:[0.         0.20231524 0.7976848 ]

rule9: 20.065 < housing_median_age < 28.566
probabilities_array:[0.         0.20081687 0.79918313]

