R2: 0.7032685062227927


MAE: 44775.22859956246


MSE: 3985887846.0974293


Accuracy: 0.816313113340909


F1: 0.8163534938344099


Most important rules
-----------------------------

---0---
rule28: median_income < 2.596
probabilities_array:[0.88076365 0.         0.11923637]

rule33: ocean_proximity_INLAND = 1.0
probabilities_array:[0.7088821 0.        0.2911179]

rule29: 2.596 < median_income < 3.863
probabilities_array:[0.63184994 0.         0.36815006]

rule23: population > 2218.815
probabilities_array:[0.62086535 0.         0.37913465]

rule3: longitude > -118.213
probabilities_array:[0.4949469 0.        0.5050531]

rule12: total_rooms < 1163.714
probabilities_array:[0.47799549 0.00735065 0.51465386]

rule7: latitude > 37.069
probabilities_array:[0.39598656 0.         0.60401344]

rule22: 1440.869 < population < 2218.815
probabilities_array:[0.3898915 0.        0.6101085]

rule1: -120.920 < longitude < -119.566
probabilities_array:[0.31439793 0.01084292 0.67475915]

rule24: households < 243.167
probabilities_array:[0.31622 0.      0.68378]

rule16: total_bedrooms < 255.849
probabilities_array:[0.3028903 0.        0.6971097]

rule6: 35.628 < latitude < 37.069
probabilities_array:[0.2771415  0.00133337 0.72152513]

rule8: housing_median_age < 20.048
probabilities_array:[0.2173437 0.        0.7826563]


---1---
rule35: ocean_proximity_ISLAND = 1.0
probabilities_array:[0.         0.8093455  0.19065452]

rule31: median_income > 5.131
probabilities_array:[0.         0.7905788  0.20942125]

rule20: population < 662.924
probabilities_array:[0.         0.71869516 0.28130484]

rule32: ocean_proximity_INLAND = 0.0
probabilities_array:[0.         0.5657035  0.43429646]

rule0: longitude < -120.920
probabilities_array:[0.         0.52944523 0.47055477]

rule19: total_bedrooms > 831.323
probabilities_array:[0.         0.41960055 0.58039945]

rule15: total_rooms > 4171.551
probabilities_array:[0.02699313 0.3765942  0.59641266]

rule27: households > 767.288
probabilities_array:[0.        0.3743088 0.6256912]

rule4: latitude < 34.187
probabilities_array:[0.         0.363654   0.63634604]

rule14: 2667.632 < total_rooms < 4171.551
probabilities_array:[0.00439482 0.33085755 0.66474766]

rule5: 34.187 < latitude < 35.628
probabilities_array:[0.        0.2863539 0.7136461]

rule30: 3.863 < median_income < 5.131
probabilities_array:[0.0816799 0.1865694 0.7317507]

rule9: 20.048 < housing_median_age < 28.553
probabilities_array:[0.         0.21588062 0.78411937]

rule21: 662.924 < population < 1440.869
probabilities_array:[5.2526320e-05 2.0837714e-01 7.9157031e-01]

