R2: 0.6977617474502098


MAE: 44934.12257618477


MSE: 4024815790.6849356


Accuracy: 0.8133897945435702


F1: 0.8134174985320024


Most important rules
-----------------------------

---0---
rule28: median_income < 2.586
probabilities_array:[0.8835889 0.        0.1164111]

rule33: ocean_proximity_INLAND = 1.0
probabilities_array:[0.69045204 0.         0.30954796]

rule29: 2.586 < median_income < 3.860
probabilities_array:[0.6414742  0.         0.35852584]

rule23: population > 2140.278
probabilities_array:[0.5747728  0.         0.42522725]

rule3: longitude > -118.213
probabilities_array:[0.49430403 0.         0.505696  ]

rule7: latitude > 37.057
probabilities_array:[0.46763015 0.         0.53236985]

rule12: total_rooms < 1180.624
probabilities_array:[0.4489391  0.03181222 0.5192486 ]

rule24: households < 243.388
probabilities_array:[0.40898988 0.         0.59101015]

rule6: 35.620 < latitude < 37.057
probabilities_array:[0.35306966 0.         0.64693034]

rule16: total_bedrooms < 256.015
probabilities_array:[0.3240535 0.        0.6759465]

rule22: 1412.602 < population < 2140.278
probabilities_array:[0.31643322 0.         0.6835668 ]

rule1: -120.909 < longitude < -119.561
probabilities_array:[0.25841874 0.05932464 0.6822566 ]

rule25: 243.388 < households < 497.785
probabilities_array:[0.23583014 0.         0.7641699 ]


---1---
rule31: median_income > 5.133
probabilities_array:[0.         0.77395445 0.22604553]

rule20: population < 684.925
probabilities_array:[0.         0.72978723 0.27021274]

rule35: ocean_proximity_ISLAND = 1.0
probabilities_array:[0.         0.6964042  0.30359578]

rule32: ocean_proximity_INLAND = 0.0
probabilities_array:[0.         0.56143355 0.43856642]

rule0: longitude < -120.909
probabilities_array:[0.         0.56102556 0.43897444]

rule15: total_rooms > 4049.148
probabilities_array:[0.03360517 0.405592   0.5608028 ]

rule27: households > 752.183
probabilities_array:[0.         0.39014763 0.6098524 ]

rule5: 34.183 < latitude < 35.620
probabilities_array:[0.         0.33763266 0.66236734]

rule4: latitude < 34.183
probabilities_array:[0.        0.3371822 0.6628178]

rule14: 2614.886 < total_rooms < 4049.148
probabilities_array:[0.01875141 0.29828742 0.6829611 ]

rule21: 684.925 < population < 1412.602
probabilities_array:[8.4707854e-06 2.7367654e-01 7.2631502e-01]

rule19: total_bedrooms > 812.622
probabilities_array:[0.         0.26068786 0.7393121 ]

rule11: housing_median_age > 37.169
probabilities_array:[6.1902894e-05 2.4904993e-01 7.5088817e-01]

rule37: ocean_proximity_NEAR BAY = 1.0
probabilities_array:[0.10921208 0.17913207 0.7116558 ]

rule30: 3.860 < median_income < 5.133
probabilities_array:[0.09834772 0.16239366 0.73925865]

rule2: -119.561 < longitude < -118.213
probabilities_array:[0.05441527 0.17658764 0.7689971 ]

