R2: 0.6899390742950149


MAE: 44684.205472119014


MSE: 4074066390.9477587


Accuracy: 0.8195810318835184


F1: 0.8195830886670581


Most important rules
-----------------------------

---0---
rule28: median_income < 2.597
probabilities_array:[0.8307811  0.         0.16921893]

rule23: population > 2186.271
probabilities_array:[0.66429937 0.         0.33570066]

rule33: ocean_proximity_INLAND = 1.0
probabilities_array:[0.6273412  0.         0.37265876]

rule3: longitude > -118.217
probabilities_array:[0.51781476 0.         0.48218524]

rule29: 2.597 < median_income < 3.885
probabilities_array:[0.4926003  0.         0.50739974]

rule24: households < 240.815
probabilities_array:[0.47012445 0.         0.5298755 ]

rule12: total_rooms < 1157.878
probabilities_array:[0.42755455 0.03586071 0.53658473]

rule22: 1428.715 < population < 2186.271
probabilities_array:[3.8150331e-01 4.6139015e-05 6.1845052e-01]

rule7: latitude > 37.071
probabilities_array:[0.34522185 0.         0.6547781 ]

rule16: total_bedrooms < 253.292
probabilities_array:[0.3178945 0.        0.6821055]

rule1: -120.921 < longitude < -119.569
probabilities_array:[0.26857534 0.04248907 0.68893564]

rule17: 253.292 < total_bedrooms < 539.274
probabilities_array:[0.23112506 0.         0.76887494]

rule25: 240.815 < households < 501.640
probabilities_array:[0.21766044 0.         0.7823396 ]

rule8: housing_median_age < 19.994
probabilities_array:[0.21152191 0.         0.7884781 ]

rule6: 35.629 < latitude < 37.071
probabilities_array:[0.19586949 0.01714592 0.78698456]


---1---
rule31: median_income > 5.172
probabilities_array:[0.         0.86961347 0.13038655]

rule35: ocean_proximity_ISLAND = 1.0
probabilities_array:[0.         0.7465054  0.25349462]

rule20: population < 671.159
probabilities_array:[0.        0.6923132 0.3076868]

rule32: ocean_proximity_INLAND = 0.0
probabilities_array:[0.        0.6487852 0.3512148]

rule0: longitude < -120.921
probabilities_array:[0.        0.4695953 0.5304047]

rule27: households > 762.465
probabilities_array:[0.         0.45404032 0.54595965]

rule4: latitude < 34.188
probabilities_array:[0.        0.4515581 0.5484419]

rule5: 34.188 < latitude < 35.629
probabilities_array:[0.        0.4044797 0.5955203]

rule15: total_rooms > 4150.077
probabilities_array:[0.0459116  0.34541917 0.6086693 ]

rule30: 3.885 < median_income < 5.172
probabilities_array:[0.00451544 0.36478025 0.6307043 ]

rule19: total_bedrooms > 825.256
probabilities_array:[0.         0.29318136 0.70681864]

rule26: 501.640 < households < 762.465
probabilities_array:[1.09626366e-04 2.45703667e-01 7.54186690e-01]

rule14: 2653.978 < total_rooms < 4150.077
probabilities_array:[0.04142911 0.22027043 0.73830044]

rule9: 19.994 < housing_median_age < 28.490
probabilities_array:[7.4748074e-05 2.1902177e-01 7.8090352e-01]

rule11: housing_median_age > 36.987
probabilities_array:[0.         0.20711894 0.7928811 ]

