R2: 0.7102438695867916


MAE: 44325.15232728692


MSE: 3942882708.754662


Accuracy: 0.8182588202030233


F1: 0.8182618907809748


Most important rules
-----------------------------

---0---
rule28: median_income < 2.594
probabilities_array:[0.799281 0.       0.200719]

rule23: population > 2207.672
probabilities_array:[0.6304917  0.         0.36950833]

rule33: ocean_proximity_INLAND = 1.0
probabilities_array:[0.62460625 0.         0.37539378]

rule7: latitude > 37.071
probabilities_array:[0.5655672  0.         0.43443277]

rule3: longitude > -118.213
probabilities_array:[0.5482013  0.         0.45179865]

rule12: total_rooms < 1165.902
probabilities_array:[0.48598477 0.00121388 0.51280135]

rule6: 35.630 < latitude < 37.071
probabilities_array:[0.42008474 0.         0.5799153 ]

rule29: 2.594 < median_income < 3.871
probabilities_array:[0.39725164 0.         0.60274833]

rule22: 1429.277 < population < 2207.672
probabilities_array:[0.38340577 0.         0.61659425]

rule24: households < 241.462
probabilities_array:[0.34171692 0.         0.6582831 ]

rule8: housing_median_age < 20.108
probabilities_array:[0.25960326 0.         0.74039674]

rule16: total_bedrooms < 254.500
probabilities_array:[0.25342038 0.         0.74657965]

rule25: 241.462 < households < 500.613
probabilities_array:[0.21711235 0.         0.78288764]


---1---
rule31: median_income > 5.147
probabilities_array:[0.       0.881121 0.118879]

rule35: ocean_proximity_ISLAND = 1.0
probabilities_array:[0.       0.750012 0.249988]

rule20: population < 650.882
probabilities_array:[0.         0.6991914  0.30080858]

rule0: longitude < -120.914
probabilities_array:[0.        0.6395442 0.3604558]

rule32: ocean_proximity_INLAND = 0.0
probabilities_array:[0.         0.60320777 0.39679223]

rule4: latitude < 34.189
probabilities_array:[0.         0.44710872 0.5528913 ]

rule30: 3.871 < median_income < 5.147
probabilities_array:[0.         0.42421326 0.5757867 ]

rule15: total_rooms > 4134.854
probabilities_array:[0.00826766 0.41264096 0.5790914 ]

rule27: households > 759.763
probabilities_array:[0.     0.4113 0.5887]

rule5: 34.189 < latitude < 35.630
probabilities_array:[0.         0.36458045 0.63541955]

rule19: total_bedrooms > 821.978
probabilities_array:[0.       0.272788 0.727212]

rule14: 2650.378 < total_rooms < 4134.854
probabilities_array:[0.01563268 0.24313389 0.74123347]

rule21: 650.882 < population < 1429.277
probabilities_array:[0.         0.22145225 0.77854776]

rule2: -119.563 < longitude < -118.213
probabilities_array:[0.08719258 0.16394612 0.7488613 ]

