R2: 0.6982780163841923


MAE: 45314.249461958425


MSE: 4055524911.6271424


Accuracy: 0.8217566758200523


F1: 0.8217850851438637


Most important rules
-----------------------------

---0---
rule28: median_income < 2.587
probabilities_array:[0.8442592 0.        0.1557408]

rule23: population > 2219.214
probabilities_array:[0.68081385 0.         0.31918618]

rule33: ocean_proximity_INLAND = 1.0
probabilities_array:[0.61584914 0.         0.3841509 ]

rule29: 2.587 < median_income < 3.846
probabilities_array:[0.537779 0.       0.462221]

rule3: longitude > -118.212
probabilities_array:[0.52284974 0.         0.4771503 ]

rule12: total_rooms < 1136.493
probabilities_array:[0.46514794 0.01492965 0.51992244]

rule22: 1430.949 < population < 2219.214
probabilities_array:[4.0958318e-01 5.9294583e-05 5.9035754e-01]

rule7: latitude > 37.068
probabilities_array:[0.3834159 0.        0.6165841]

rule24: households < 240.255
probabilities_array:[0.3636147  0.         0.63638526]

rule1: -120.919 < longitude < -119.565
probabilities_array:[0.27920395 0.00432495 0.7164711 ]

rule38: ocean_proximity_NEAR OCEAN = 0.0
probabilities_array:[0.22391321 0.03442125 0.74166554]

rule6: 35.628 < latitude < 37.068
probabilities_array:[0.23287562 0.00594959 0.7611748 ]

rule25: 240.255 < households < 501.334
probabilities_array:[2.1595460e-01 2.6157155e-05 7.8401923e-01]

rule8: housing_median_age < 20.161
probabilities_array:[0.20667548 0.         0.79332453]


---1---
rule31: median_income > 5.106
probabilities_array:[0.         0.8371533  0.16284668]

rule20: population < 642.685
probabilities_array:[0.         0.68970186 0.31029814]

rule32: ocean_proximity_INLAND = 0.0
probabilities_array:[0.        0.6285339 0.3714661]

rule35: ocean_proximity_ISLAND = 1.0
probabilities_array:[0.        0.5607023 0.4392977]

rule27: households > 762.413
probabilities_array:[0.         0.53439486 0.46560517]

rule0: longitude < -120.919
probabilities_array:[0.         0.51762366 0.48237634]

rule4: latitude < 34.188
probabilities_array:[0.         0.46181613 0.53818387]

rule15: total_rooms > 4147.489
probabilities_array:[0.06596642 0.35620198 0.57783157]

rule14: 2641.991 < total_rooms < 4147.489
probabilities_array:[0.02919966 0.3311103  0.6396901 ]

rule5: 34.188 < latitude < 35.628
probabilities_array:[0.        0.3356673 0.6643327]

rule30: 3.846 < median_income < 5.106
probabilities_array:[0.03341596 0.3130719  0.6535121 ]

rule19: total_bedrooms > 825.557
probabilities_array:[0.         0.30762953 0.6923705 ]

rule26: 501.334 < households < 762.413
probabilities_array:[0.         0.27008843 0.72991157]

rule2: -119.565 < longitude < -118.212
probabilities_array:[0.08478343 0.17387328 0.74134326]

