R2: 0.70288766776285


MAE: 44150.48138809738


MSE: 3962832642.4779534


Accuracy: 0.8191674008558827


F1: 0.8192894891368174


Most important rules
-----------------------------

---0---
rule28: median_income < 2.603
probabilities_array:[0.83236384 0.         0.16763614]

rule23: population > 2171.090
probabilities_array:[0.7363062  0.         0.26369378]

rule33: ocean_proximity_INLAND = 1.0
probabilities_array:[0.6654588  0.         0.33454117]

rule3: longitude > -118.223
probabilities_array:[0.5348425 0.        0.4651575]

rule7: latitude > 37.073
probabilities_array:[0.5133892  0.         0.48661077]

rule29: 2.603 < median_income < 3.890
probabilities_array:[0.493863 0.       0.506137]

rule12: total_rooms < 1201.421
probabilities_array:[0.4727705  0.02421501 0.50301445]

rule22: 1424.730 < population < 2171.090
probabilities_array:[0.47832766 0.         0.52167237]

rule16: total_bedrooms < 257.855
probabilities_array:[0.30990395 0.         0.690096  ]

rule6: 35.634 < latitude < 37.073
probabilities_array:[0.2883735  0.00683438 0.70479214]

rule1: -120.929 < longitude < -119.576
probabilities_array:[0.26603833 0.00428302 0.7296787 ]

rule8: housing_median_age < 20.090
probabilities_array:[0.24838324 0.         0.7516168 ]

rule24: households < 244.008
probabilities_array:[0.22771789 0.         0.7722821 ]


---1---
rule31: median_income > 5.178
probabilities_array:[0.         0.8433947  0.15660527]

rule35: ocean_proximity_ISLAND = 1.0
probabilities_array:[0.         0.77925277 0.22074723]

rule20: population < 678.370
probabilities_array:[0.         0.6577252  0.34227479]

rule0: longitude < -120.929
probabilities_array:[0.         0.6273609  0.37263912]

rule32: ocean_proximity_INLAND = 0.0
probabilities_array:[0.         0.56251055 0.43748948]

rule4: latitude < 34.195
probabilities_array:[0.         0.49716613 0.50283384]

rule27: households > 755.780
probabilities_array:[0.         0.46020502 0.539795  ]

rule15: total_rooms > 4066.607
probabilities_array:[0.03128557 0.42027345 0.548441  ]

rule30: 3.890 < median_income < 5.178
probabilities_array:[0.02786327 0.36336175 0.608775  ]

rule19: total_bedrooms > 815.580
probabilities_array:[0.        0.3685603 0.6314397]

rule39: ocean_proximity_NEAR OCEAN = 1.0
probabilities_array:[0.08251123 0.23404188 0.6834469 ]

rule5: 34.195 < latitude < 35.634
probabilities_array:[0.         0.26862288 0.7313771 ]

rule14: 2634.014 < total_rooms < 4066.607
probabilities_array:[0.02957657 0.23570073 0.7347226 ]

rule2: -119.576 < longitude < -118.223
probabilities_array:[0.09808745 0.18890259 0.71300995]

rule26: 499.894 < households < 755.780
probabilities_array:[0.         0.21560825 0.78439176]

