R2: 0.6835231016804872


MAE: 45655.68913979285


MSE: 4201067120.8320427


Accuracy: 0.8176161916131728


F1: 0.8176746917204932


Most important rules
-----------------------------

---0---
rule28: median_income < 2.593
probabilities_array:[0.8296897  0.         0.17031035]

rule23: population > 2188.120
probabilities_array:[0.7189288  0.         0.28107122]

rule33: ocean_proximity_INLAND = 1.0
probabilities_array:[0.626681   0.         0.37331894]

rule12: total_rooms < 1179.172
probabilities_array:[0.5363643  0.00809175 0.45554394]

rule3: longitude > -118.223
probabilities_array:[0.50951016 0.         0.49048984]

rule7: latitude > 37.070
probabilities_array:[0.5070156  0.         0.49298444]

rule29: 2.593 < median_income < 3.865
probabilities_array:[0.4797968  0.         0.52020323]

rule22: 1427.350 < population < 2188.120
probabilities_array:[0.45129502 0.         0.548705  ]

rule24: households < 243.121
probabilities_array:[0.42906287 0.         0.57093716]

rule6: 35.633 < latitude < 37.070
probabilities_array:[0.33136424 0.         0.6686358 ]

rule1: -120.926 < longitude < -119.574
probabilities_array:[0.24656478 0.0537992  0.6996361 ]

rule8: housing_median_age < 20.220
probabilities_array:[0.25768912 0.         0.7423109 ]

rule25: 243.121 < households < 500.584
probabilities_array:[0.22816433 0.         0.7718357 ]

rule16: total_bedrooms < 254.997
probabilities_array:[0.21348773 0.         0.78651226]


---1---
rule31: median_income > 5.137
probabilities_array:[0.         0.85156816 0.14843184]

rule35: ocean_proximity_ISLAND = 1.0
probabilities_array:[0.         0.82583094 0.17416903]

rule20: population < 666.580
probabilities_array:[0.        0.7223584 0.2776416]

rule32: ocean_proximity_INLAND = 0.0
probabilities_array:[0.         0.6656379  0.33436206]

rule0: longitude < -120.926
probabilities_array:[0.        0.5579704 0.4420296]

rule15: total_rooms > 4094.796
probabilities_array:[0.01525979 0.48896107 0.49577922]

rule27: households > 758.047
probabilities_array:[0.         0.43052325 0.5694768 ]

rule30: 3.865 < median_income < 5.137
probabilities_array:[0.02391744 0.3324739  0.6436087 ]

rule4: latitude < 34.196
probabilities_array:[0.         0.33423027 0.6657697 ]

rule19: total_bedrooms > 822.571
probabilities_array:[0.        0.3153304 0.6846696]

rule14: 2636.984 < total_rooms < 4094.796
probabilities_array:[0.01456097 0.28469262 0.7007464 ]

rule26: 500.584 < households < 758.047
probabilities_array:[0.         0.21380869 0.78619134]

rule5: 34.196 < latitude < 35.633
probabilities_array:[8.1046994e-05 2.0945805e-01 7.9046088e-01]

