R2: 0.709971790648556


MAE: 43823.694410446165


MSE: 3810730443.9790845


Accuracy: 0.8229592390882714


F1: 0.8229594832648268


Most important rules
-----------------------------

---0---
rule28: median_income < 2.602
probabilities_array:[0.81984574 0.         0.18015426]

rule23: population > 2208.117
probabilities_array:[0.7602864 0.        0.2397136]

rule33: ocean_proximity_INLAND = 1.0
probabilities_array:[0.6253686  0.         0.37463143]

rule3: longitude > -118.223
probabilities_array:[0.5305386 0.        0.4694614]

rule22: 1426.954 < population < 2208.117
probabilities_array:[0.52666247 0.         0.47333756]

rule7: latitude > 37.080
probabilities_array:[0.46021286 0.         0.5397872 ]

rule29: 2.602 < median_income < 3.881
probabilities_array:[0.4559905 0.        0.5440095]

rule12: total_rooms < 1155.153
probabilities_array:[0.39336872 0.0064116  0.6002197 ]

rule16: total_bedrooms < 250.527
probabilities_array:[0.33541477 0.         0.66458523]

rule6: 35.637 < latitude < 37.080
probabilities_array:[0.28094268 0.         0.7190573 ]

rule8: housing_median_age < 20.124
probabilities_array:[0.24182923 0.         0.7581708 ]

rule24: households < 238.640
probabilities_array:[0.2416651 0.        0.7583349]

rule1: -120.928 < longitude < -119.576
probabilities_array:[0.20664571 0.02457597 0.7687783 ]

rule25: 238.640 < households < 498.741
probabilities_array:[0.21743499 0.         0.782565  ]

rule34: ocean_proximity_ISLAND = 0.0
probabilities_array:[2.0891446e-01 2.2343011e-05 7.9106319e-01]

rule38: ocean_proximity_NEAR OCEAN = 0.0
probabilities_array:[0.19219835 0.02728763 0.780514  ]


---1---
rule31: median_income > 5.160
probabilities_array:[0.        0.8722505 0.1277495]

rule35: ocean_proximity_ISLAND = 1.0
probabilities_array:[0.        0.7041278 0.2958722]

rule20: population < 645.791
probabilities_array:[0.         0.62759143 0.37240854]

rule0: longitude < -120.928
probabilities_array:[0.         0.60721684 0.39278316]

rule32: ocean_proximity_INLAND = 0.0
probabilities_array:[0.        0.5901294 0.4098706]

rule27: households > 758.842
probabilities_array:[0.         0.52931345 0.47068655]

rule4: latitude < 34.194
probabilities_array:[0.        0.5194425 0.4805575]

rule15: total_rooms > 4112.597
probabilities_array:[0.044672   0.46659046 0.48873752]

rule5: 34.194 < latitude < 35.637
probabilities_array:[0.         0.42016968 0.57983035]

rule19: total_bedrooms > 820.489
probabilities_array:[0.         0.4024988  0.59750116]

rule14: 2633.875 < total_rooms < 4112.597
probabilities_array:[0.02632993 0.38389838 0.5897717 ]

rule30: 3.881 < median_income < 5.160
probabilities_array:[0.         0.37457168 0.6254283 ]

rule2: -119.576 < longitude < -118.223
probabilities_array:[0.08064343 0.18935755 0.72999907]

rule11: housing_median_age > 37.091
probabilities_array:[0.         0.22259557 0.7774044 ]

rule26: 498.741 < households < 758.842
probabilities_array:[0.         0.21354748 0.78645253]

rule13: 1155.153 < total_rooms < 2633.875
probabilities_array:[2.7732327e-04 2.0145729e-01 7.9826534e-01]

