R2: 0.675798484687153


MAE: 45935.20415013546


MSE: 4170954009.0686173


Accuracy: 0.8230978617225635


F1: 0.8231062830299471


Most important rules
-----------------------------

---0---
rule28: median_income < 2.588
probabilities_array:[0.85906094 0.         0.14093904]

rule23: population > 2163.501
probabilities_array:[0.6203184  0.         0.37968156]

rule3: longitude > -118.225
probabilities_array:[0.5854073 0.        0.4145927]

rule29: 2.588 < median_income < 3.881
probabilities_array:[0.56694007 0.         0.43305993]

rule7: latitude > 37.075
probabilities_array:[0.5404549  0.         0.45954505]

rule33: ocean_proximity_INLAND = 1.0
probabilities_array:[0.53266597 0.         0.46733406]

rule12: total_rooms < 1153.795
probabilities_array:[0.46572816 0.03013313 0.50413877]

rule24: households < 241.113
probabilities_array:[0.42044637 0.         0.57955366]

rule6: 35.637 < latitude < 37.075
probabilities_array:[0.3527685  0.         0.64723146]

rule16: total_bedrooms < 253.518
probabilities_array:[0.3118463  0.         0.68815374]

rule22: 1420.354 < population < 2163.501
probabilities_array:[0.29088405 0.         0.7091159 ]

rule25: 241.113 < households < 497.925
probabilities_array:[0.27547887 0.         0.72452116]

rule1: -120.934 < longitude < -119.580
probabilities_array:[0.22108266 0.03862371 0.7402936 ]

rule17: 253.518 < total_bedrooms < 534.367
probabilities_array:[0.23639372 0.         0.7636063 ]

rule8: housing_median_age < 20.148
probabilities_array:[0.21135992 0.         0.7886401 ]

rule35: ocean_proximity_NEAR BAY = 0.0
probabilities_array:[0.17463765 0.0683916  0.75697076]


---1---
rule31: median_income > 5.174
probabilities_array:[0.         0.8289635  0.17103651]

rule20: population < 677.207
probabilities_array:[0.        0.7256943 0.2743057]

rule32: ocean_proximity_INLAND = 0.0
probabilities_array:[0.         0.70040673 0.29959327]

rule0: longitude < -120.934
probabilities_array:[0.        0.6497863 0.3502137]

rule4: latitude < 34.199
probabilities_array:[0.         0.52555996 0.47444   ]

rule15: total_rooms > 4101.666
probabilities_array:[0.04165126 0.36871105 0.58963776]

rule5: 34.199 < latitude < 35.637
probabilities_array:[0.         0.36467254 0.63532746]

rule27: households > 754.737
probabilities_array:[0.        0.3581478 0.6418522]

rule30: 3.881 < median_income < 5.174
probabilities_array:[0.0314419  0.29639137 0.67216676]

rule21: 677.207 < population < 1420.354
probabilities_array:[0.         0.28910142 0.7108986 ]

rule19: total_bedrooms > 815.217
probabilities_array:[0.         0.27586785 0.7241322 ]

rule14: 2627.730 < total_rooms < 4101.666
probabilities_array:[0.02758259 0.25392246 0.71849495]

