R2: 0.7073291678116195


MAE: 44517.93749487297


MSE: 3880902973.055271


Accuracy: 0.8211897323062225


F1: 0.8211978860833823


Most important rules
-----------------------------

---0---
rule28: median_income < 2.589
probabilities_array:[0.8255183  0.         0.17448168]

rule33: ocean_proximity_INLAND = 1.0
probabilities_array:[0.65674555 0.         0.34325448]

rule23: population > 2196.793
probabilities_array:[0.631391   0.         0.36860898]

rule3: longitude > -118.226
probabilities_array:[0.6050991 0.        0.3949009]

rule12: total_rooms < 1140.305
probabilities_array:[0.49120942 0.0294324  0.47935817]

rule29: 2.589 < median_income < 3.865
probabilities_array:[0.4749703  0.         0.52502966]

rule7: latitude > 37.081
probabilities_array:[0.40749297 0.         0.592507  ]

rule22: 1418.522 < population < 2196.793
probabilities_array:[0.35523582 0.         0.6447642 ]

rule24: households < 238.874
probabilities_array:[0.3444183 0.        0.6555817]

rule6: 35.640 < latitude < 37.081
probabilities_array:[0.31440684 0.         0.6855932 ]

rule1: -120.933 < longitude < -119.580
probabilities_array:[0.28212067 0.02581998 0.69205934]

rule8: housing_median_age < 20.170
probabilities_array:[0.26970428 0.         0.7302957 ]

rule16: total_bedrooms < 251.396
probabilities_array:[0.22861649 0.         0.7713835 ]

rule37: ocean_proximity_NEAR BAY = 1.0
probabilities_array:[0.15827158 0.12759484 0.7141336 ]


---1---
rule35: ocean_proximity_ISLAND = 1.0
probabilities_array:[0.         0.87432015 0.12567984]

rule31: median_income > 5.140
probabilities_array:[0.         0.8505516  0.14944836]

rule20: population < 640.251
probabilities_array:[0.         0.7369502  0.26304975]

rule32: ocean_proximity_INLAND = 0.0
probabilities_array:[0.         0.62611926 0.37388074]

rule0: longitude < -120.933
probabilities_array:[0.        0.4887334 0.5112666]

rule4: latitude < 34.199
probabilities_array:[0.         0.45729184 0.54270816]

rule15: total_rooms > 4100.303
probabilities_array:[0.0459794  0.42093182 0.5330888 ]

rule27: households > 754.039
probabilities_array:[0.         0.43487015 0.5651299 ]

rule19: total_bedrooms > 814.805
probabilities_array:[0.         0.3930554  0.60694456]

rule30: 3.865 < median_income < 5.140
probabilities_array:[0.00494122 0.32944322 0.6656155 ]

rule14: 2620.304 < total_rooms < 4100.303
probabilities_array:[0.02554981 0.2905491  0.6839011 ]

rule5: 34.199 < latitude < 35.640
probabilities_array:[0.         0.27616978 0.7238302 ]

rule21: 640.251 < population < 1418.522
probabilities_array:[0.         0.25239903 0.7476009 ]

rule18: 533.101 < total_bedrooms < 814.805
probabilities_array:[0.         0.21184652 0.78815347]

