R2: 0.7105953290087946


MAE: 43935.06483947623


MSE: 3859796154.4076586


Accuracy: 0.8213346713004144


F1: 0.8213446858485026


Most important rules
-----------------------------

---0---
rule28: median_income < 2.586
probabilities_array:[0.81587166 0.         0.18412833]

rule23: population > 2185.053
probabilities_array:[0.6902933 0.        0.3097067]

rule33: ocean_proximity_INLAND = 1.0
probabilities_array:[0.6489206  0.         0.35107943]

rule3: longitude > -118.219
probabilities_array:[0.5876418  0.         0.41235822]

rule7: latitude > 37.075
probabilities_array:[0.5240105  0.         0.47598952]

rule12: total_rooms < 1167.255
probabilities_array:[0.4539501  0.02189626 0.5241536 ]

rule29: 2.586 < median_income < 3.880
probabilities_array:[0.45668298 0.         0.543317  ]

rule22: 1422.781 < population < 2185.053
probabilities_array:[0.42760465 0.         0.5723954 ]

rule24: households < 240.774
probabilities_array:[0.3688266  0.         0.63117343]

rule6: 35.634 < latitude < 37.075
probabilities_array:[0.36039 0.      0.63961]

rule16: total_bedrooms < 252.631
probabilities_array:[0.2718625 0.        0.7281375]

rule1: -120.923 < longitude < -119.571
probabilities_array:[2.3719075e-01 2.2700781e-04 7.6258224e-01]

rule8: housing_median_age < 20.227
probabilities_array:[0.23330396 0.         0.76669604]


---1---
rule31: median_income > 5.173
probabilities_array:[0.         0.86755985 0.13244015]

rule35: ocean_proximity_ISLAND = 1.0
probabilities_array:[0.         0.84179497 0.15820506]

rule20: population < 660.509
probabilities_array:[0.         0.68547815 0.31452185]

rule32: ocean_proximity_INLAND = 0.0
probabilities_array:[0.         0.5993686  0.40063143]

rule0: longitude < -120.923
probabilities_array:[0.         0.5526701  0.44732988]

rule27: households > 755.680
probabilities_array:[0.         0.54875624 0.45124373]

rule4: latitude < 34.192
probabilities_array:[0.        0.4259105 0.5740895]

rule30: 3.880 < median_income < 5.173
probabilities_array:[0.01132416 0.40474826 0.5839276 ]

rule15: total_rooms > 4086.191
probabilities_array:[0.07138553 0.37473902 0.5538754 ]

rule14: 2626.723 < total_rooms < 4086.191
probabilities_array:[0.03236343 0.32464454 0.6429921 ]

rule19: total_bedrooms > 817.980
probabilities_array:[0.       0.263233 0.736767]

rule5: 34.192 < latitude < 35.634
probabilities_array:[0.        0.2519381 0.7480619]

rule9: 20.227 < housing_median_age < 28.708
probabilities_array:[0.         0.21430779 0.7856922 ]

