R2: 0.7005742721348814


MAE: 45089.66991779294


MSE: 4072504358.2586026


Accuracy: 0.8247156258687682


F1: 0.8247210804462712


Most important rules
-----------------------------

---0---
rule28: median_income < 2.576
probabilities_array:[0.81264216 0.         0.18735787]

rule33: ocean_proximity_INLAND = 1.0
probabilities_array:[0.68244267 0.         0.31755733]

rule23: population > 2159.201
probabilities_array:[0.6356522  0.         0.36434785]

rule7: latitude > 37.072
probabilities_array:[0.6028647 0.        0.3971353]

rule24: households < 243.417
probabilities_array:[0.51728487 0.         0.48271513]

rule3: longitude > -118.219
probabilities_array:[0.4604639 0.        0.5395361]

rule29: 2.576 < median_income < 3.857
probabilities_array:[0.45711166 0.         0.54288834]

rule12: total_rooms < 1170.775
probabilities_array:[0.44334337 0.00153319 0.5551234 ]

rule6: 35.632 < latitude < 37.072
probabilities_array:[0.35681283 0.         0.64318717]

rule16: total_bedrooms < 255.319
probabilities_array:[0.33377832 0.         0.6662217 ]

rule22: 1423.251 < population < 2159.201
probabilities_array:[0.33172172 0.         0.6682783 ]

rule25: 243.417 < households < 499.172
probabilities_array:[0.32537848 0.         0.6746215 ]

rule8: housing_median_age < 20.323
probabilities_array:[0.23465851 0.         0.76534146]

rule1: -120.923 < longitude < -119.571
probabilities_array:[0.20266178 0.05256982 0.7447683 ]

rule17: 255.319 < total_bedrooms < 536.693
probabilities_array:[0.20986651 0.         0.7901335 ]

rule37: ocean_proximity_NEAR BAY = 1.0
probabilities_array:[0.13107395 0.17623858 0.6926875 ]


---1---
rule31: median_income > 5.139
probabilities_array:[0.         0.87749225 0.12250774]

rule20: population < 687.301
probabilities_array:[0.         0.7410094  0.25899062]

rule0: longitude < -120.923
probabilities_array:[0.         0.6539657  0.34603426]

rule35: ocean_proximity_ISLAND = 1.0
probabilities_array:[0.         0.56385434 0.43614563]

rule32: ocean_proximity_INLAND = 0.0
probabilities_array:[0.         0.54149556 0.4585044 ]

rule15: total_rooms > 4086.125
probabilities_array:[0.00314225 0.40818164 0.5886761 ]

rule4: latitude < 34.191
probabilities_array:[0.       0.361157 0.638843]

rule30: 3.857 < median_income < 5.139
probabilities_array:[8.7183718e-05 3.6092156e-01 6.3899130e-01]

rule27: households > 754.927
probabilities_array:[0.         0.33210117 0.66789883]

rule14: 2628.450 < total_rooms < 4086.125
probabilities_array:[0.00849477 0.2882964  0.70320886]

rule19: total_bedrooms > 818.066
probabilities_array:[0.         0.29031318 0.7096868 ]

rule21: 687.301 < population < 1423.251
probabilities_array:[0.         0.27501523 0.72498477]

rule11: housing_median_age > 37.312
probabilities_array:[0.        0.2467643 0.7532357]

rule5: 34.191 < latitude < 35.632
probabilities_array:[0.         0.24384229 0.7561577 ]

rule37: ocean_proximity_NEAR BAY = 1.0
probabilities_array:[0.13107395 0.17623858 0.6926875 ]

rule2: -119.571 < longitude < -118.219
probabilities_array:[0.06286424 0.1948101  0.7423257 ]

rule9: 20.323 < housing_median_age < 28.818
probabilities_array:[0.00679679 0.20222452 0.7909787 ]

