R2: 0.6863838875303305


MAE: 45977.287782038526


MSE: 4179839397.7567286


Accuracy: 0.8132621834922128


F1: 0.813270698766882


Most important rules
-----------------------------

---0---
rule28: median_income < 2.589
probabilities_array:[0.8191393  0.         0.18086068]

rule33: ocean_proximity_INLAND = 1.0
probabilities_array:[0.66698086 0.         0.33301914]

rule23: population > 2201.968
probabilities_array:[0.61352205 0.         0.38647798]

rule3: longitude > -118.232
probabilities_array:[0.4927455 0.        0.5072545]

rule12: total_rooms < 1167.952
probabilities_array:[0.48530114 0.00709083 0.50760806]

rule29: 2.589 < median_income < 3.871
probabilities_array:[0.44134304 0.         0.558657  ]

rule24: households < 240.072
probabilities_array:[0.37500954 0.         0.62499046]

rule6: 35.645 < latitude < 37.087
probabilities_array:[0.33114952 0.         0.6688505 ]

rule22: 1424.514 < population < 2201.968
probabilities_array:[0.305944   0.         0.69405603]

rule1: -120.931 < longitude < -119.581
probabilities_array:[0.27562982 0.04590135 0.67846894]

rule7: latitude > 37.087
probabilities_array:[0.29578513 0.         0.7042149 ]

rule8: housing_median_age < 20.205
probabilities_array:[0.21597941 0.         0.7840206 ]

rule16: total_bedrooms < 252.558
probabilities_array:[0.20479362 0.         0.79520637]


---1---
rule31: median_income > 5.152
probabilities_array:[0.         0.876147   0.12385304]

rule35: ocean_proximity_ISLAND = 1.0
probabilities_array:[0.         0.717562   0.28243798]

rule20: population < 647.061
probabilities_array:[0.         0.70870745 0.29129255]

rule32: ocean_proximity_INLAND = 0.0
probabilities_array:[0.         0.6018736  0.39812645]

rule15: total_rooms > 4090.455
probabilities_array:[0.01647977 0.41998276 0.5635375 ]

rule30: 3.871 < median_income < 5.152
probabilities_array:[4.9196933e-05 4.0309709e-01 5.9685367e-01]

rule27: households > 757.313
probabilities_array:[0.         0.38526818 0.61473185]

rule0: longitude < -120.931
probabilities_array:[0.         0.37871018 0.6212898 ]

rule4: latitude < 34.203
probabilities_array:[0.        0.3148229 0.6851771]

rule19: total_bedrooms > 818.660
probabilities_array:[0.         0.29160893 0.7083911 ]

rule14: 2629.203 < total_rooms < 4090.455
probabilities_array:[0.01900847 0.26858443 0.7124071 ]

rule21: 647.061 < population < 1424.514
probabilities_array:[0.        0.2767526 0.7232474]

rule2: -119.581 < longitude < -118.232
probabilities_array:[0.00986396 0.23639074 0.7537453 ]

