R2: 0.646149855569885

MAE: 0.0010580632061099081

MSE: 1.9540819083419087e-06

Accuracy: 0.708373129576568

F1: 0.6385151386638799

Confusion Matrix: [[1446, 76, 41], [248, 306, 300], [52, 199, 473]]

Uncertainties: {'class0': [0.38139042258262634, 0.40634244680404663, 0.4185824692249298, 0.4388122260570526, 0.44655320048332214], 'class1': [0.03975069150328636, 0.10700050741434097, 0.1472412347793579, 0.40634244680404663, 0.4150732457637787], 'class2': [0.03975069150328636, 0.10700050741434097, 0.1472412347793579, 0.4150732457637787, 0.4309302568435669]}

Most important rules
-----------------------------

---0---
rule16: diffClb < -0.119
probabilities_array:[0.6186096  0.         0.         0.38139042]

rule0: climbRate < -3.620
probabilities_array:[0.5472671 0.        0.        0.4527329]

rule8: RollRate < -0.004
probabilities_array:[0.49490753 0.09875003 0.         0.40634245]

rule4: Altitude < -29.620
probabilities_array:[0.4508129  0.13060468 0.         0.41858247]

rule17: -0.119 < diffClb < -0.000
probabilities_array:[0.45907784 0.10210988 0.         0.43881223]

rule15: curRoll > 0.012
probabilities_array:[0.4136964  0.08775888 0.         0.49854466]

rule5: -29.620 < Altitude < -12.489
probabilities_array:[0.4547843 0.        0.        0.5452157]

rule12: curRoll < -0.009
probabilities_array:[0.44347394 0.         0.         0.55652606]

rule1: -3.620 < climbRate < -0.311
probabilities_array:[0.33617216 0.21727462 0.         0.4465532 ]

rule9: -0.004 < RollRate < 0.000
probabilities_array:[0.42586166 0.         0.         0.57413834]

rule14: 0.001 < curRoll < 0.012
probabilities_array:[0.4124388  0.00081553 0.         0.5867456 ]

rule7: Altitude > 4.642
probabilities_array:[0.3301878  0.15283054 0.         0.51698166]

rule13: -0.009 < curRoll < 0.001
probabilities_array:[0.31427935 0.09478731 0.         0.5909333 ]

rule23: diffDiffClb = 0.0
probabilities_array:[0.2929066  0.         0.12626068 0.5808327 ]

rule6: -12.489 < Altitude < 4.642
probabilities_array:[0.33135462 0.00861615 0.         0.66002923]

rule10: 0.000 < RollRate < 0.004
probabilities_array:[0.23783465 0.         0.01226165 0.7499037 ]


---1---
rule2: -0.311 < climbRate < 2.998
probabilities_array:[0.         0.44538796 0.40737087 0.14724123]

rule3: climbRate > 2.998
probabilities_array:[0.         0.39464334 0.56560594 0.03975069]

rule19: diffClb > 0.119
probabilities_array:[0.         0.268502   0.6244975  0.10700051]

rule11: RollRate > 0.004
probabilities_array:[0.         0.36563486 0.21929188 0.41507325]

rule18: -0.000 < diffClb < 0.119
probabilities_array:[0.         0.3337887  0.23528105 0.43093026]

rule1: -3.620 < climbRate < -0.311
probabilities_array:[0.33617216 0.21727462 0.         0.4465532 ]

rule4: Altitude < -29.620
probabilities_array:[0.4508129  0.13060468 0.         0.41858247]

rule7: Altitude > 4.642
probabilities_array:[0.3301878  0.15283054 0.         0.51698166]

rule8: RollRate < -0.004
probabilities_array:[0.49490753 0.09875003 0.         0.40634245]

rule17: -0.119 < diffClb < -0.000
probabilities_array:[0.45907784 0.10210988 0.         0.43881223]

rule15: curRoll > 0.012
probabilities_array:[0.4136964  0.08775888 0.         0.49854466]


---2---
rule19: diffClb > 0.119
probabilities_array:[0.         0.268502   0.6244975  0.10700051]

rule3: climbRate > 2.998
probabilities_array:[0.         0.39464334 0.56560594 0.03975069]

rule2: -0.311 < climbRate < 2.998
probabilities_array:[0.         0.44538796 0.40737087 0.14724123]

rule18: -0.000 < diffClb < 0.119
probabilities_array:[0.         0.3337887  0.23528105 0.43093026]

rule11: RollRate > 0.004
probabilities_array:[0.         0.36563486 0.21929188 0.41507325]

rule23: diffDiffClb = 0.0
probabilities_array:[0.2929066  0.         0.12626068 0.5808327 ]

