R2: 0.6463784855643074

MAE: 0.0010568916063085937

MSE: 1.9528193350666464e-06

Accuracy: 0.7067812798471824

F1: 0.6386025155667351

Confusion Matrix: [[1431, 85, 47], [240, 305, 309], [50, 190, 484]]

Uncertainties: {'class0': [0.2861844003200531, 0.3819683790206909, 0.4341048002243042, 0.43610331416130066, 0.45432552695274353], 'class1': [0.03381488472223282, 0.12237642705440521, 0.13582569360733032, 0.2861844003200531, 0.37636253237724304], 'class2': [0.03381488472223282, 0.12237642705440521, 0.13582569360733032, 0.37636253237724304, 0.4066234529018402]}

Most important rules
-----------------------------

---0---
rule17: -0.119 < diffClb < -0.000
probabilities_array:[0.49666348 0.21715215 0.         0.2861844 ]

rule16: diffClb < -0.119
probabilities_array:[0.5658952 0.        0.        0.4341048]

rule0: climbRate < -3.620
probabilities_array:[0.5638967 0.        0.        0.4361033]

rule4: Altitude < -29.620
probabilities_array:[0.4986027  0.11942895 0.         0.38196838]

rule5: -29.620 < Altitude < -12.489
probabilities_array:[0.52826136 0.         0.         0.4717386 ]

rule8: RollRate < -0.004
probabilities_array:[0.44328657 0.05981603 0.         0.49689737]

rule7: Altitude > 4.642
probabilities_array:[0.3977854  0.14788905 0.         0.45432553]

rule15: curRoll > 0.012
probabilities_array:[0.42098898 0.08132239 0.         0.49768862]

rule12: curRoll < -0.009
probabilities_array:[0.45612866 0.         0.         0.54387134]

rule14: 0.001 < curRoll < 0.012
probabilities_array:[0.4212975  0.00130825 0.         0.57739425]

rule6: -12.489 < Altitude < 4.642
probabilities_array:[0.40966302 0.02225901 0.         0.568078  ]

rule9: -0.004 < RollRate < 0.000
probabilities_array:[0.41893858 0.         0.00256206 0.5784994 ]

rule23: diffDiffClb = 0.0
probabilities_array:[0.30719015 0.         0.14835142 0.54445845]

rule13: -0.009 < curRoll < 0.001
probabilities_array:[0.31981334 0.08818547 0.         0.5920012 ]

rule1: -3.620 < climbRate < -0.311
probabilities_array:[0.27230036 0.17062251 0.         0.55707717]

rule10: 0.000 < RollRate < 0.004
probabilities_array:[0.21104987 0.0302195  0.09675225 0.6619784 ]


---1---
rule2: -0.311 < climbRate < 2.998
probabilities_array:[0.        0.4216733 0.442501  0.1358257]

rule3: climbRate > 2.998
probabilities_array:[0.         0.3690082  0.59717685 0.03381488]

rule19: diffClb > 0.119
probabilities_array:[0.         0.31290898 0.56471455 0.12237643]

rule18: -0.000 < diffClb < 0.119
probabilities_array:[0.         0.41158003 0.18179648 0.40662345]

rule11: RollRate > 0.004
probabilities_array:[0.         0.36046034 0.26317713 0.37636253]

rule17: -0.119 < diffClb < -0.000
probabilities_array:[0.49666348 0.21715215 0.         0.2861844 ]

rule7: Altitude > 4.642
probabilities_array:[0.3977854  0.14788905 0.         0.45432553]

rule1: -3.620 < climbRate < -0.311
probabilities_array:[0.27230036 0.17062251 0.         0.55707717]

rule4: Altitude < -29.620
probabilities_array:[0.4986027  0.11942895 0.         0.38196838]

rule15: curRoll > 0.012
probabilities_array:[0.42098898 0.08132239 0.         0.49768862]


---2---
rule3: climbRate > 2.998
probabilities_array:[0.         0.3690082  0.59717685 0.03381488]

rule19: diffClb > 0.119
probabilities_array:[0.         0.31290898 0.56471455 0.12237643]

rule2: -0.311 < climbRate < 2.998
probabilities_array:[0.        0.4216733 0.442501  0.1358257]

rule11: RollRate > 0.004
probabilities_array:[0.         0.36046034 0.26317713 0.37636253]

rule18: -0.000 < diffClb < 0.119
probabilities_array:[0.         0.41158003 0.18179648 0.40662345]

rule23: diffDiffClb = 0.0
probabilities_array:[0.30719015 0.         0.14835142 0.54445845]

