R2: 0.6464751935383657

MAE: 0.0010559304979728989

MSE: 1.9522852804520745e-06

Accuracy: 0.8274434893346068

F1: 0.7400818951302627

Confusion Matrix: [[2210, 207], [335, 389]]

Uncertainties: {'class0': [0.43652352690696716, 0.48124685883522034, 0.5117787718772888, 0.5141241550445557, 0.5514109134674072], 'class1': [0.3460657298564911, 0.3941972851753235, 0.6959848999977112]}

Most important rules
-----------------------------

---0---
rule0: climbRate < -3.620
probabilities_array:[0.5634765  0.         0.43652353]

rule16: diffClb < -0.119
probabilities_array:[0.5187531  0.         0.48124686]

rule1: -3.620 < climbRate < -0.311
probabilities_array:[0.4882212 0.        0.5117788]

rule17: -0.119 < diffClb < -0.000
probabilities_array:[0.48587587 0.         0.51412416]

rule8: RollRate < -0.004
probabilities_array:[0.44858912 0.         0.5514109 ]

rule4: Altitude < -29.620
probabilities_array:[0.40506122 0.         0.5949388 ]

rule7: Altitude > 4.642
probabilities_array:[0.35173357 0.         0.64826643]

rule15: curRoll > 0.012
probabilities_array:[0.30400926 0.         0.69599074]

rule5: -29.620 < Altitude < -12.489
probabilities_array:[0.28121892 0.         0.71878105]

rule9: -0.004 < RollRate < 0.000
probabilities_array:[0.2708588 0.        0.7291412]

rule14: 0.001 < curRoll < 0.012
probabilities_array:[0.2546289 0.        0.7453711]

rule13: -0.009 < curRoll < 0.001
probabilities_array:[0.23921405 0.         0.76078594]

rule12: curRoll < -0.009
probabilities_array:[0.2305587 0.        0.7694413]

rule6: -12.489 < Altitude < 4.642
probabilities_array:[0.22833987 0.         0.77166015]


---1---
rule3: climbRate > 2.998
probabilities_array:[0.         0.65393424 0.34606573]

rule19: diffClb > 0.119
probabilities_array:[0.        0.6058027 0.3941973]

rule2: -0.311 < climbRate < 2.998
probabilities_array:[0.         0.30401513 0.6959849 ]

