R2: 0.6463308240458945

MAE: 0.0010540138299752438

MSE: 1.953082538324638e-06

Accuracy: 0.828080229226361

F1: 0.7430336973792813

Confusion Matrix: [[2204, 213], [327, 397]]

Uncertainties: {'class0': [0.4139484763145447, 0.4581054151058197, 0.5020323991775513, 0.5198575854301453, 0.5378249883651733], 'class1': [0.3598984181880951, 0.41509580612182617, 0.6593348979949951]}

Most important rules
-----------------------------

---0---
rule16: diffClb < -0.119
probabilities_array:[0.5860515  0.         0.41394848]

rule0: climbRate < -3.620
probabilities_array:[0.54189456 0.         0.45810542]

rule1: -3.620 < climbRate < -0.311
probabilities_array:[0.49796763 0.         0.5020324 ]

rule4: Altitude < -29.620
probabilities_array:[0.4801424 0.        0.5198576]

rule8: RollRate < -0.004
probabilities_array:[0.46217498 0.         0.537825  ]

rule17: -0.119 < diffClb < -0.000
probabilities_array:[0.4445581  0.         0.55544186]

rule7: Altitude > 4.642
probabilities_array:[0.4102265  0.         0.58977354]

rule5: -29.620 < Altitude < -12.489
probabilities_array:[0.34470645 0.         0.6552936 ]

rule6: -12.489 < Altitude < 4.642
probabilities_array:[0.32426843 0.         0.6757316 ]

rule15: curRoll > 0.012
probabilities_array:[0.31205842 0.         0.68794155]

rule9: -0.004 < RollRate < 0.000
probabilities_array:[0.28890875 0.         0.7110913 ]

rule14: 0.001 < curRoll < 0.012
probabilities_array:[0.2729049  0.         0.72709507]

rule12: curRoll < -0.009
probabilities_array:[2.3770899e-01 2.4199573e-05 7.6226681e-01]

rule13: -0.009 < curRoll < 0.001
probabilities_array:[0.22778054 0.         0.7722195 ]

rule10: 0.000 < RollRate < 0.004
probabilities_array:[0.1990152  0.0527617  0.74822307]

rule11: RollRate > 0.004
probabilities_array:[0.19119199 0.05235292 0.75645506]


---1---
rule3: climbRate > 2.998
probabilities_array:[0.         0.64010155 0.35989842]

rule19: diffClb > 0.119
probabilities_array:[0.        0.5849042 0.4150958]

rule2: -0.311 < climbRate < 2.998
probabilities_array:[0.        0.3406651 0.6593349]

