R2: 0.6451787873491766

MAE: 0.0010548125525971063

MSE: 1.959444480243379e-06

Accuracy: 0.828080229226361

F1: 0.7430336973792813

Confusion Matrix: [[2204, 213], [327, 397]]

Uncertainties: {'class0': [0.4371296465396881, 0.47768470644950867, 0.5011029243469238, 0.5287653803825378, 0.5866118669509888], 'class1': [0.3603808879852295, 0.3733690083026886, 0.7067112922668457]}

Most important rules
-----------------------------

---0---
rule0: climbRate < -3.620
probabilities_array:[0.5628704  0.         0.43712965]

rule16: diffClb < -0.119
probabilities_array:[0.52231526 0.         0.4776847 ]

rule17: -0.119 < diffClb < -0.000
probabilities_array:[0.49889708 0.         0.5011029 ]

rule8: RollRate < -0.004
probabilities_array:[0.4712346 0.        0.5287654]

rule4: Altitude < -29.620
probabilities_array:[0.41338813 0.         0.58661187]

rule1: -3.620 < climbRate < -0.311
probabilities_array:[0.41044888 0.         0.5895511 ]

rule15: curRoll > 0.012
probabilities_array:[0.40022394 0.         0.5997761 ]

rule14: 0.001 < curRoll < 0.012
probabilities_array:[0.33256868 0.         0.6674313 ]

rule7: Altitude > 4.642
probabilities_array:[0.31265217 0.         0.6873478 ]

rule9: -0.004 < RollRate < 0.000
probabilities_array:[0.29568228 0.         0.7043177 ]

rule13: -0.009 < curRoll < 0.001
probabilities_array:[0.29152662 0.         0.7084734 ]

rule12: curRoll < -0.009
probabilities_array:[0.28245538 0.         0.7175446 ]

rule5: -29.620 < Altitude < -12.489
probabilities_array:[0.27425912 0.         0.72574085]

rule6: -12.489 < Altitude < 4.642
probabilities_array:[0.24085434 0.         0.7591457 ]

rule10: 0.000 < RollRate < 0.004
probabilities_array:[0.20448318 0.02910778 0.76640904]


---1---
rule19: diffClb > 0.119
probabilities_array:[0.        0.6396191 0.3603809]

rule3: climbRate > 2.998
probabilities_array:[0.       0.626631 0.373369]

rule2: -0.311 < climbRate < 2.998
probabilities_array:[0.         0.29328874 0.7067113 ]

