R2: 0.6501665572762589

MAE: 0.001052133286411799

MSE: 1.931900303334308e-06

Accuracy: 0.7061445399554283

F1: 0.6380640265855967

Confusion Matrix: [[1432, 86, 45], [242, 308, 304], [47, 199, 478]]

Uncertainties: {'class0': [0.36308765411376953, 0.40240010619163513, 0.4066492021083832, 0.408469021320343, 0.46417298913002014], 'class1': [0.04153726249933243, 0.08848744630813599, 0.1636754870414734, 0.3579759895801544, 0.36308765411376953], 'class2': [0.04153726249933243, 0.08848744630813599, 0.1636754870414734, 0.3579759895801544, 0.4246392846107483]}

Most important rules
-----------------------------

---0---
rule0: climbRate < -3.620
probabilities_array:[0.5933508 0.        0.        0.4066492]

rule8: RollRate < -0.004
probabilities_array:[0.49489117 0.0966398  0.         0.40846902]

rule17: -0.119 < diffClb < -0.000
probabilities_array:[0.45474195 0.18217036 0.         0.36308765]

rule4: Altitude < -29.620
probabilities_array:[0.475825   0.12177485 0.         0.4024001 ]

rule16: diffClb < -0.119
probabilities_array:[0.5130815  0.         0.         0.48691854]

rule5: -29.620 < Altitude < -12.489
probabilities_array:[0.47738177 0.         0.         0.52261823]

rule15: curRoll > 0.012
probabilities_array:[0.41522664 0.07306132 0.         0.5117121 ]

rule12: curRoll < -0.009
probabilities_array:[0.4495268 0.        0.        0.5504732]

rule1: -3.620 < climbRate < -0.311
probabilities_array:[0.36059806 0.17522903 0.         0.464173  ]

rule7: Altitude > 4.642
probabilities_array:[0.36136758 0.13665326 0.         0.5019792 ]

rule14: 0.001 < curRoll < 0.012
probabilities_array:[0.41953287 0.         0.         0.5804671 ]

rule9: -0.004 < RollRate < 0.000
probabilities_array:[0.41507587 0.         0.         0.5849241 ]

rule6: -12.489 < Altitude < 4.642
probabilities_array:[0.37090224 0.00684092 0.         0.6222569 ]

rule13: -0.009 < curRoll < 0.001
probabilities_array:[0.32593495 0.08658452 0.         0.58748055]

rule23: diffDiffClb = 0.0
probabilities_array:[0.27085435 0.         0.11371803 0.6154276 ]

rule10: 0.000 < RollRate < 0.004
probabilities_array:[0.2468282  0.00075843 0.02455424 0.72785914]


---1---
rule3: climbRate > 2.998
probabilities_array:[0.         0.37591395 0.5825488  0.04153726]

rule2: -0.311 < climbRate < 2.998
probabilities_array:[0.         0.4188682  0.41745627 0.16367549]

rule19: diffClb > 0.119
probabilities_array:[0.         0.29658675 0.6149258  0.08848745]

rule18: -0.000 < diffClb < 0.119
probabilities_array:[0.         0.39065954 0.25136447 0.357976  ]

rule11: RollRate > 0.004
probabilities_array:[0.         0.3579345  0.21742623 0.42463928]

rule17: -0.119 < diffClb < -0.000
probabilities_array:[0.45474195 0.18217036 0.         0.36308765]

rule1: -3.620 < climbRate < -0.311
probabilities_array:[0.36059806 0.17522903 0.         0.464173  ]

rule4: Altitude < -29.620
probabilities_array:[0.475825   0.12177485 0.         0.4024001 ]

rule7: Altitude > 4.642
probabilities_array:[0.36136758 0.13665326 0.         0.5019792 ]

rule8: RollRate < -0.004
probabilities_array:[0.49489117 0.0966398  0.         0.40846902]


---2---
rule19: diffClb > 0.119
probabilities_array:[0.         0.29658675 0.6149258  0.08848745]

rule3: climbRate > 2.998
probabilities_array:[0.         0.37591395 0.5825488  0.04153726]

rule2: -0.311 < climbRate < 2.998
probabilities_array:[0.         0.4188682  0.41745627 0.16367549]

rule18: -0.000 < diffClb < 0.119
probabilities_array:[0.         0.39065954 0.25136447 0.357976  ]

rule11: RollRate > 0.004
probabilities_array:[0.         0.3579345  0.21742623 0.42463928]

rule23: diffDiffClb = 0.0
probabilities_array:[0.27085435 0.         0.11371803 0.6154276 ]

