R2: 0.6437949027186454

MAE: 0.0010604066090672238

MSE: 1.967086766002817e-06

Accuracy: 0.7077363896848138

F1: 0.6402853193935203

Confusion Matrix: [[1430, 87, 46], [236, 310, 308], [45, 196, 483]]

Uncertainties: {'class0': [0.3268722891807556, 0.3976961672306061, 0.4047299921512604, 0.4214351177215576, 0.4381936490535736], 'class1': [0.03605768084526062, 0.1116798147559166, 0.1471622884273529, 0.3268722891807556, 0.3918361961841583], 'class2': [0.03605768084526062, 0.1116798147559166, 0.1471622884273529, 0.3918361961841583, 0.39372876286506653]}

Most important rules
-----------------------------

---0---
rule16: diffClb < -0.119
probabilities_array:[0.59527004 0.         0.         0.40473   ]

rule0: climbRate < -3.620
probabilities_array:[0.5785649  0.         0.         0.42143512]

rule17: -0.119 < diffClb < -0.000
probabilities_array:[0.47363734 0.19949038 0.         0.3268723 ]

rule4: Altitude < -29.620
probabilities_array:[0.48296303 0.11934084 0.         0.39769617]

rule5: -29.620 < Altitude < -12.489
probabilities_array:[0.50752765 0.         0.         0.49247235]

rule8: RollRate < -0.004
probabilities_array:[0.4729535  0.06887285 0.         0.4581736 ]

rule15: curRoll > 0.012
probabilities_array:[0.40379715 0.08953788 0.         0.50666493]

rule9: -0.004 < RollRate < 0.000
probabilities_array:[0.43904787 0.         0.         0.5609521 ]

rule1: -3.620 < climbRate < -0.311
probabilities_array:[0.33892697 0.22287935 0.         0.43819365]

rule12: curRoll < -0.009
probabilities_array:[0.4343429 0.        0.        0.5656571]

rule7: Altitude > 4.642
probabilities_array:[0.35373408 0.14363687 0.         0.50262904]

rule14: 0.001 < curRoll < 0.012
probabilities_array:[0.40200847 0.00414154 0.         0.59385   ]

rule6: -12.489 < Altitude < 4.642
probabilities_array:[0.3791894  0.01228285 0.         0.6085277 ]

rule23: diffDiffClb = 0.0
probabilities_array:[0.307792   0.         0.14928417 0.5429238 ]

rule13: -0.009 < curRoll < 0.001
probabilities_array:[0.29980642 0.0945974  0.         0.6055962 ]

rule10: 0.000 < RollRate < 0.004
probabilities_array:[0.2358716  0.02867106 0.08199117 0.6534662 ]


---1---
rule3: climbRate > 2.998
probabilities_array:[0.         0.38020995 0.58373237 0.03605768]

rule2: -0.311 < climbRate < 2.998
probabilities_array:[0.         0.42940208 0.42343563 0.14716229]

rule19: diffClb > 0.119
probabilities_array:[0.         0.30340114 0.58491904 0.11167981]

rule18: -0.000 < diffClb < 0.119
probabilities_array:[0.         0.4008473  0.20731658 0.3918362 ]

rule11: RollRate > 0.004
probabilities_array:[0.         0.3533543  0.252917   0.39372876]

rule17: -0.119 < diffClb < -0.000
probabilities_array:[0.47363734 0.19949038 0.         0.3268723 ]

rule1: -3.620 < climbRate < -0.311
probabilities_array:[0.33892697 0.22287935 0.         0.43819365]

rule4: Altitude < -29.620
probabilities_array:[0.48296303 0.11934084 0.         0.39769617]

rule7: Altitude > 4.642
probabilities_array:[0.35373408 0.14363687 0.         0.50262904]

rule15: curRoll > 0.012
probabilities_array:[0.40379715 0.08953788 0.         0.50666493]


---2---
rule3: climbRate > 2.998
probabilities_array:[0.         0.38020995 0.58373237 0.03605768]

rule19: diffClb > 0.119
probabilities_array:[0.         0.30340114 0.58491904 0.11167981]

rule2: -0.311 < climbRate < 2.998
probabilities_array:[0.         0.42940208 0.42343563 0.14716229]

rule11: RollRate > 0.004
probabilities_array:[0.         0.3533543  0.252917   0.39372876]

rule18: -0.000 < diffClb < 0.119
probabilities_array:[0.         0.4008473  0.20731658 0.3918362 ]

rule23: diffDiffClb = 0.0
probabilities_array:[0.307792   0.         0.14928417 0.5429238 ]

