R2: 0.6461338173456529

MAE: 0.0010573479448117583

MSE: 1.9541704769190514e-06

Accuracy: 0.7039159503342884

F1: 0.6338731752632731

Confusion Matrix: [[1434, 81, 48], [245, 297, 312], [52, 192, 480]]

Uncertainties: {'class0': [0.30629536509513855, 0.3874768018722534, 0.4697949290275574, 0.4742244780063629, 0.4806899130344391], 'class1': [0.03205704689025879, 0.10150694102048874, 0.13873490691184998, 0.30629536509513855, 0.3874768018722534], 'class2': [0.03205704689025879, 0.10150694102048874, 0.13873490691184998, 0.40426400303840637, 0.4385671317577362]}

Most important rules
-----------------------------

---0---
rule17: -0.119 < diffClb < -0.000
probabilities_array:[0.5074906  0.1862141  0.         0.30629537]

rule4: Altitude < -29.620
probabilities_array:[0.49083453 0.12168865 0.         0.3874768 ]

rule16: diffClb < -0.119
probabilities_array:[0.5257755  0.         0.         0.47422448]

rule0: climbRate < -3.620
probabilities_array:[0.51931006 0.         0.         0.4806899 ]

rule5: -29.620 < Altitude < -12.489
probabilities_array:[0.49475935 0.         0.         0.5052407 ]

rule8: RollRate < -0.004
probabilities_array:[0.45258483 0.07762025 0.         0.46979493]

rule15: curRoll > 0.012
probabilities_array:[0.40897942 0.07510523 0.         0.5159154 ]

rule12: curRoll < -0.009
probabilities_array:[0.4388377 0.        0.        0.5611623]

rule7: Altitude > 4.642
probabilities_array:[0.37267026 0.12281089 0.         0.50451887]

rule9: -0.004 < RollRate < 0.000
probabilities_array:[0.42497674 0.         0.         0.5750233 ]

rule14: 0.001 < curRoll < 0.012
probabilities_array:[0.41945636 0.00092924 0.         0.5796144 ]

rule6: -12.489 < Altitude < 4.642
probabilities_array:[0.38928792 0.00654013 0.         0.60417193]

rule1: -3.620 < climbRate < -0.311
probabilities_array:[0.29251626 0.18081772 0.         0.526666  ]

rule23: diffDiffClb = 0.0
probabilities_array:[0.3165712  0.         0.10278458 0.58064425]

rule13: -0.009 < curRoll < 0.001
probabilities_array:[0.30667013 0.08797088 0.         0.60535896]

rule10: 0.000 < RollRate < 0.004
probabilities_array:[0.24472949 0.00500567 0.03866874 0.71159613]


---1---
rule2: -0.311 < climbRate < 2.998
probabilities_array:[0.         0.42826703 0.432998   0.1387349 ]

rule3: climbRate > 2.998
probabilities_array:[0.         0.37597033 0.59197265 0.03205705]

rule19: diffClb > 0.119
probabilities_array:[0.         0.2960328  0.60246027 0.10150694]

rule11: RollRate > 0.004
probabilities_array:[0.         0.3610071  0.23472886 0.404264  ]

rule18: -0.000 < diffClb < 0.119
probabilities_array:[0.         0.36789596 0.19353694 0.43856713]

rule17: -0.119 < diffClb < -0.000
probabilities_array:[0.5074906  0.1862141  0.         0.30629537]

rule1: -3.620 < climbRate < -0.311
probabilities_array:[0.29251626 0.18081772 0.         0.526666  ]

rule4: Altitude < -29.620
probabilities_array:[0.49083453 0.12168865 0.         0.3874768 ]

rule7: Altitude > 4.642
probabilities_array:[0.37267026 0.12281089 0.         0.50451887]

rule8: RollRate < -0.004
probabilities_array:[0.45258483 0.07762025 0.         0.46979493]


---2---
rule3: climbRate > 2.998
probabilities_array:[0.         0.37597033 0.59197265 0.03205705]

rule19: diffClb > 0.119
probabilities_array:[0.         0.2960328  0.60246027 0.10150694]

rule2: -0.311 < climbRate < 2.998
probabilities_array:[0.         0.42826703 0.432998   0.1387349 ]

rule11: RollRate > 0.004
probabilities_array:[0.         0.3610071  0.23472886 0.404264  ]

rule18: -0.000 < diffClb < 0.119
probabilities_array:[0.         0.36789596 0.19353694 0.43856713]

rule23: diffDiffClb = 0.0
probabilities_array:[0.3165712  0.         0.10278458 0.58064425]

