R2: 0.6474477544585293

MAE: 0.001056109064370366

MSE: 1.946914465352048e-06

Accuracy: 0.7061445399554283

F1: 0.6373341568497207

Confusion Matrix: [[1433, 82, 48], [245, 302, 307], [51, 190, 483]]

Uncertainties: {'class0': [0.3197481334209442, 0.37548837065696716, 0.4249880909919739, 0.4594120681285858, 0.48989930748939514], 'class1': [0.035807717591524124, 0.09874323010444641, 0.15067388117313385, 0.3197481334209442, 0.35183659195899963], 'class2': [0.035807717591524124, 0.09874323010444641, 0.15067388117313385, 0.35183659195899963, 0.40481486916542053]}

Most important rules
-----------------------------

---0---
rule17: -0.119 < diffClb < -0.000
probabilities_array:[0.49785098 0.18240084 0.         0.31974813]

rule0: climbRate < -3.620
probabilities_array:[0.5750119 0.        0.        0.4249881]

rule4: Altitude < -29.620
probabilities_array:[0.5000332  0.12447837 0.         0.37548837]

rule16: diffClb < -0.119
probabilities_array:[0.54058796 0.         0.         0.45941207]

rule5: -29.620 < Altitude < -12.489
probabilities_array:[0.50703555 0.         0.         0.49296448]

rule12: curRoll < -0.009
probabilities_array:[0.46129027 0.         0.         0.53870976]

rule15: curRoll > 0.012
probabilities_array:[0.42094207 0.07936548 0.         0.49969244]

rule8: RollRate < -0.004
probabilities_array:[0.41819274 0.08393529 0.         0.49787197]

rule7: Altitude > 4.642
probabilities_array:[0.37765366 0.1324471  0.         0.4898993 ]

rule14: 0.001 < curRoll < 0.012
probabilities_array:[0.42131242 0.00072594 0.         0.5779617 ]

rule6: -12.489 < Altitude < 4.642
probabilities_array:[0.40165243 0.01377214 0.         0.5845754 ]

rule1: -3.620 < climbRate < -0.311
probabilities_array:[0.3315455  0.16271034 0.         0.50574416]

rule13: -0.009 < curRoll < 0.001
probabilities_array:[0.33001873 0.09328061 0.         0.5767007 ]

rule23: diffDiffClb = 0.0
probabilities_array:[0.31329772 0.         0.114553   0.5721493 ]

rule9: -0.004 < RollRate < 0.000
probabilities_array:[0.3570549 0.        0.        0.6429451]

rule10: 0.000 < RollRate < 0.004
probabilities_array:[0.17670946 0.01079134 0.04659161 0.7659076 ]


---1---
rule3: climbRate > 2.998
probabilities_array:[0.         0.37581605 0.5883762  0.03580772]

rule2: -0.311 < climbRate < 2.998
probabilities_array:[0.         0.4228212  0.42650497 0.15067388]

rule19: diffClb > 0.119
probabilities_array:[0.         0.29564545 0.6056114  0.09874323]

rule11: RollRate > 0.004
probabilities_array:[0.         0.38444608 0.2637173  0.3518366 ]

rule18: -0.000 < diffClb < 0.119
probabilities_array:[0.         0.3776842  0.21750088 0.40481487]

rule17: -0.119 < diffClb < -0.000
probabilities_array:[0.49785098 0.18240084 0.         0.31974813]

rule1: -3.620 < climbRate < -0.311
probabilities_array:[0.3315455  0.16271034 0.         0.50574416]

rule4: Altitude < -29.620
probabilities_array:[0.5000332  0.12447837 0.         0.37548837]

rule7: Altitude > 4.642
probabilities_array:[0.37765366 0.1324471  0.         0.4898993 ]

rule8: RollRate < -0.004
probabilities_array:[0.41819274 0.08393529 0.         0.49787197]


---2---
rule3: climbRate > 2.998
probabilities_array:[0.         0.37581605 0.5883762  0.03580772]

rule19: diffClb > 0.119
probabilities_array:[0.         0.29564545 0.6056114  0.09874323]

rule2: -0.311 < climbRate < 2.998
probabilities_array:[0.         0.4228212  0.42650497 0.15067388]

rule11: RollRate > 0.004
probabilities_array:[0.         0.38444608 0.2637173  0.3518366 ]

rule18: -0.000 < diffClb < 0.119
probabilities_array:[0.         0.3776842  0.21750088 0.40481487]

rule23: diffDiffClb = 0.0
probabilities_array:[0.31329772 0.         0.114553   0.5721493 ]

