R2: 0.6457032953587825

MAE: 0.001054198839427484

MSE: 1.956547967048501e-06

Accuracy: 0.8283985991722381

F1: 0.7442088501977057

Confusion Matrix: [[2202, 215], [324, 400]]

Uncertainties: {'class0': [0.41306912899017334, 0.458700031042099, 0.47826531529426575, 0.48479384183883667, 0.5451514720916748], 'class1': [0.33685463666915894, 0.43860623240470886, 0.6136243343353271]}

Most important rules
-----------------------------

---0---
rule17: -0.119 < diffClb < -0.000
probabilities_array:[0.5869309  0.         0.41306913]

rule0: climbRate < -3.620
probabilities_array:[0.54129994 0.         0.45870003]

rule16: diffClb < -0.119
probabilities_array:[0.5217347  0.         0.47826532]

rule8: RollRate < -0.004
probabilities_array:[0.51520616 0.         0.48479384]

rule1: -3.620 < climbRate < -0.311
probabilities_array:[0.45484853 0.         0.5451515 ]

rule4: Altitude < -29.620
probabilities_array:[0.42486405 0.         0.57513595]

rule15: curRoll > 0.012
probabilities_array:[0.37091362 0.         0.6290864 ]

rule7: Altitude > 4.642
probabilities_array:[0.3446459 0.        0.6553541]

rule9: -0.004 < RollRate < 0.000
probabilities_array:[0.3270208  0.         0.67297924]

rule14: 0.001 < curRoll < 0.012
probabilities_array:[0.3010466 0.        0.6989534]

rule5: -29.620 < Altitude < -12.489
probabilities_array:[0.280592 0.       0.719408]

rule13: -0.009 < curRoll < 0.001
probabilities_array:[0.27628863 0.         0.7237114 ]

rule12: curRoll < -0.009
probabilities_array:[0.2639015 0.        0.7360985]

rule6: -12.489 < Altitude < 4.642
probabilities_array:[0.25493774 0.         0.74506223]

rule11: RollRate > 0.004
probabilities_array:[0.22110155 0.02908642 0.749812  ]

rule10: 0.000 < RollRate < 0.004
probabilities_array:[0.20784919 0.         0.7921508 ]


---1---
rule3: climbRate > 2.998
probabilities_array:[0.         0.66314536 0.33685464]

rule19: diffClb > 0.119
probabilities_array:[0.         0.56139374 0.43860623]

rule2: -0.311 < climbRate < 2.998
probabilities_array:[0.         0.3863757  0.61362433]

