R2: 0.6457007968299767

MAE: 0.0010559034234221842

MSE: 1.9565617647818455e-06

Accuracy: 0.8283985991722381

F1: 0.7393375042436587

Confusion Matrix: [[2219, 198], [341, 383]]

Uncertainties: {'class0': [0.4361379146575928, 0.5029631853103638, 0.5102089047431946, 0.5134216547012329, 0.5348318815231323], 'class1': [0.3711856007575989, 0.3856258690357208, 0.7170411348342896]}

Most important rules
-----------------------------

---0---
rule0: climbRate < -3.620
probabilities_array:[0.5638621 0.        0.4361379]

rule8: RollRate < -0.004
probabilities_array:[0.4970368 0.        0.5029632]

rule1: -3.620 < climbRate < -0.311
probabilities_array:[0.4897911 0.        0.5102089]

rule17: -0.119 < diffClb < -0.000
probabilities_array:[0.48657838 0.         0.51342165]

rule16: diffClb < -0.119
probabilities_array:[0.4651681 0.        0.5348319]

rule4: Altitude < -29.620
probabilities_array:[0.4413437 0.        0.5586563]

rule7: Altitude > 4.642
probabilities_array:[0.37305215 0.         0.6269478 ]

rule15: curRoll > 0.012
probabilities_array:[0.3331744 0.        0.6668256]

rule9: -0.004 < RollRate < 0.000
probabilities_array:[0.32465717 0.         0.6753428 ]

rule5: -29.620 < Altitude < -12.489
probabilities_array:[0.29558903 0.         0.704411  ]

rule6: -12.489 < Altitude < 4.642
probabilities_array:[0.28759313 0.         0.7124069 ]

rule14: 0.001 < curRoll < 0.012
probabilities_array:[0.27908257 0.         0.72091746]

rule13: -0.009 < curRoll < 0.001
probabilities_array:[0.261711 0.       0.738289]

rule12: curRoll < -0.009
probabilities_array:[0.23709644 0.         0.7629036 ]

rule10: 0.000 < RollRate < 0.004
probabilities_array:[0.21379475 0.01753526 0.76866996]


---1---
rule19: diffClb > 0.119
probabilities_array:[0.        0.6288144 0.3711856]

rule3: climbRate > 2.998
probabilities_array:[0.         0.61437416 0.38562587]

rule2: -0.311 < climbRate < 2.998
probabilities_array:[0.         0.2829589  0.71704113]

