R2: 0.6481521355029425

MAE: 0.0010525196433185666

MSE: 1.943024631542078e-06

Accuracy: 0.8252148997134671

F1: 0.7411489510087468

Confusion Matrix: [[2191, 226], [323, 401]]

Uncertainties: {'class0': [0.4145455062389374, 0.467301607131958, 0.49429360032081604, 0.5206081867218018, 0.549518346786499], 'class1': [0.322498619556427, 0.405464231967926, 0.6410571336746216]}

Most important rules
-----------------------------

---0---
rule16: diffClb < -0.119
probabilities_array:[0.58545446 0.         0.4145455 ]

rule17: -0.119 < diffClb < -0.000
probabilities_array:[0.5326984 0.        0.4673016]

rule0: climbRate < -3.620
probabilities_array:[0.50570637 0.         0.4942936 ]

rule4: Altitude < -29.620
probabilities_array:[0.47939184 0.         0.5206082 ]

rule1: -3.620 < climbRate < -0.311
probabilities_array:[0.45048165 0.         0.54951835]

rule8: RollRate < -0.004
probabilities_array:[0.36993554 0.         0.6300645 ]

rule15: curRoll > 0.012
probabilities_array:[0.36622435 0.         0.63377565]

rule7: Altitude > 4.642
probabilities_array:[0.360045 0.       0.639955]

rule5: -29.620 < Altitude < -12.489
probabilities_array:[0.32038462 0.         0.6796154 ]

rule14: 0.001 < curRoll < 0.012
probabilities_array:[0.30400354 0.         0.69599646]

rule13: -0.009 < curRoll < 0.001
probabilities_array:[0.2925886 0.        0.7074114]

rule6: -12.489 < Altitude < 4.642
probabilities_array:[0.28080794 0.         0.719192  ]

rule12: curRoll < -0.009
probabilities_array:[0.2651313 0.        0.7348687]

rule9: -0.004 < RollRate < 0.000
probabilities_array:[0.2504392  0.         0.74956083]


---1---
rule3: climbRate > 2.998
probabilities_array:[0.         0.6775014  0.32249862]

rule19: diffClb > 0.119
probabilities_array:[0.         0.59453577 0.40546423]

rule2: -0.311 < climbRate < 2.998
probabilities_array:[0.         0.3589429  0.64105713]

