R2: 0.64705987189778

MAE: 0.001052504473180136

MSE: 1.9490564859402884e-06

Accuracy: 0.8271251193887297

F1: 0.7428700134191115

Confusion Matrix: [[2198, 219], [324, 400]]

Uncertainties: {'class0': [0.47807779908180237, 0.502521276473999, 0.5049439072608948, 0.5068215131759644, 0.5370181798934937], 'class1': [0.3064347505569458, 0.4352949261665344, 0.5699162483215332]}

Most important rules
-----------------------------

---0---
rule8: RollRate < -0.004
probabilities_array:[0.52192223 0.         0.4780778 ]

rule17: -0.119 < diffClb < -0.000
probabilities_array:[0.49747872 0.         0.5025213 ]

rule16: diffClb < -0.119
probabilities_array:[0.49505606 0.         0.5049439 ]

rule1: -3.620 < climbRate < -0.311
probabilities_array:[0.4931785 0.        0.5068215]

rule0: climbRate < -3.620
probabilities_array:[0.46298185 0.         0.5370182 ]

rule4: Altitude < -29.620
probabilities_array:[0.43385315 0.         0.56614685]

rule15: curRoll > 0.012
probabilities_array:[0.39427167 0.         0.6057283 ]

rule7: Altitude > 4.642
probabilities_array:[0.3357828  0.         0.66421723]

rule9: -0.004 < RollRate < 0.000
probabilities_array:[0.32777506 0.         0.67222494]

rule14: 0.001 < curRoll < 0.012
probabilities_array:[0.31071517 0.         0.68928486]

rule13: -0.009 < curRoll < 0.001
probabilities_array:[0.2821939 0.        0.7178061]

rule12: curRoll < -0.009
probabilities_array:[0.27101576 0.         0.72898424]

rule5: -29.620 < Altitude < -12.489
probabilities_array:[0.2706945 0.        0.7293055]

rule6: -12.489 < Altitude < 4.642
probabilities_array:[0.2645558 0.        0.7354442]

rule10: 0.000 < RollRate < 0.004
probabilities_array:[0.22526485 0.         0.77473515]

rule11: RollRate > 0.004
probabilities_array:[0.20487854 0.         0.7951215 ]


---1---
rule3: climbRate > 2.998
probabilities_array:[0.         0.69356525 0.30643475]

rule19: diffClb > 0.119
probabilities_array:[0.         0.5647051  0.43529493]

rule2: -0.311 < climbRate < 2.998
probabilities_array:[0.         0.43008372 0.56991625]

