R2: 0.6474820350674364

MAE: 0.0010565178733244536

MSE: 1.9467251560675197e-06

Accuracy: 0.7000955109837631

F1: 0.6289885459299769

Confusion Matrix: [[1431, 80, 52], [239, 294, 321], [50, 200, 474]]

Uncertainties: {'class0': [0.3903592526912689, 0.4055807590484619, 0.46039584279060364, 0.46244317293167114, 0.47241923213005066], 'class1': [0.038589488714933395, 0.08695723116397858, 0.16589809954166412, 0.36468765139579773, 0.3903592526912689], 'class2': [0.038589488714933395, 0.08695723116397858, 0.16589809954166412, 0.36468765139579773, 0.4084204137325287]}

Most important rules
-----------------------------

---0---
rule0: climbRate < -3.620
probabilities_array:[0.59441924 0.         0.         0.40558076]

rule4: Altitude < -29.620
probabilities_array:[0.49163187 0.11800893 0.         0.39035925]

rule16: diffClb < -0.119
probabilities_array:[0.5275808  0.         0.         0.47241923]

rule5: -29.620 < Altitude < -12.489
probabilities_array:[0.5167842 0.        0.        0.4832158]

rule8: RollRate < -0.004
probabilities_array:[0.45379362 0.08376323 0.         0.46244317]

rule17: -0.119 < diffClb < -0.000
probabilities_array:[0.41708815 0.12251599 0.         0.46039584]

rule12: curRoll < -0.009
probabilities_array:[0.44506449 0.         0.         0.5549355 ]

rule7: Altitude > 4.642
probabilities_array:[0.38006967 0.13044745 0.         0.48948288]

rule1: -3.620 < climbRate < -0.311
probabilities_array:[0.35232484 0.15384144 0.         0.49383372]

rule9: -0.004 < RollRate < 0.000
probabilities_array:[0.403145 0.       0.       0.596855]

rule15: curRoll > 0.012
probabilities_array:[0.3726732  0.06106433 0.         0.5662624 ]

rule6: -12.489 < Altitude < 4.642
probabilities_array:[0.38962683 0.00312081 0.         0.60725236]

rule14: 0.001 < curRoll < 0.012
probabilities_array:[0.39028248 0.         0.         0.6097175 ]

rule13: -0.009 < curRoll < 0.001
probabilities_array:[0.2968387  0.08566124 0.         0.61750007]

rule23: diffDiffClb = 0.0
probabilities_array:[0.2958251  0.         0.06597681 0.6381981 ]

rule10: 0.000 < RollRate < 0.004
probabilities_array:[0.23930009 0.00252967 0.03038628 0.727784  ]


---1---
rule3: climbRate > 2.998
probabilities_array:[0.         0.37726402 0.5841465  0.03858949]

rule2: -0.311 < climbRate < 2.998
probabilities_array:[0.         0.4183604  0.41574153 0.1658981 ]

rule19: diffClb > 0.119
probabilities_array:[0.         0.28868082 0.624362   0.08695723]

rule18: -0.000 < diffClb < 0.119
probabilities_array:[0.         0.37675464 0.2585577  0.36468765]

rule11: RollRate > 0.004
probabilities_array:[0.         0.370452   0.22112764 0.4084204 ]

rule1: -3.620 < climbRate < -0.311
probabilities_array:[0.35232484 0.15384144 0.         0.49383372]

rule4: Altitude < -29.620
probabilities_array:[0.49163187 0.11800893 0.         0.39035925]

rule7: Altitude > 4.642
probabilities_array:[0.38006967 0.13044745 0.         0.48948288]

rule17: -0.119 < diffClb < -0.000
probabilities_array:[0.41708815 0.12251599 0.         0.46039584]

rule8: RollRate < -0.004
probabilities_array:[0.45379362 0.08376323 0.         0.46244317]


---2---
rule19: diffClb > 0.119
probabilities_array:[0.         0.28868082 0.624362   0.08695723]

rule3: climbRate > 2.998
probabilities_array:[0.         0.37726402 0.5841465  0.03858949]

rule2: -0.311 < climbRate < 2.998
probabilities_array:[0.         0.4183604  0.41574153 0.1658981 ]

rule18: -0.000 < diffClb < 0.119
probabilities_array:[0.         0.37675464 0.2585577  0.36468765]

rule11: RollRate > 0.004
probabilities_array:[0.         0.370452   0.22112764 0.4084204 ]

