R2: 0.6473628513115235

MAE: 0.0010574984014572097

MSE: 1.9473833296612386e-06

Accuracy: 0.7064629099013053

F1: 0.6372587531763322

Confusion Matrix: [[1435, 81, 47], [242, 302, 310], [50, 192, 482]]

Uncertainties: {'class0': [0.3747911751270294, 0.40034255385398865, 0.4360514283180237, 0.4365193247795105, 0.43930137157440186], 'class1': [0.03787766396999359, 0.09546387195587158, 0.15249034762382507, 0.3747911751270294, 0.3761468827724457], 'class2': [0.03787766396999359, 0.09546387195587158, 0.15249034762382507, 0.3761468827724457, 0.4292691946029663]}

Most important rules
-----------------------------

---0---
rule0: climbRate < -3.620
probabilities_array:[0.5639486  0.         0.         0.43605143]

rule16: diffClb < -0.119
probabilities_array:[0.5634807  0.         0.         0.43651932]

rule4: Altitude < -29.620
probabilities_array:[0.47070384 0.12895355 0.         0.40034255]

rule17: -0.119 < diffClb < -0.000
probabilities_array:[0.45051503 0.17469384 0.         0.37479118]

rule8: RollRate < -0.004
probabilities_array:[0.48869938 0.07199923 0.         0.43930137]

rule5: -29.620 < Altitude < -12.489
probabilities_array:[0.47421136 0.         0.         0.5257886 ]

rule9: -0.004 < RollRate < 0.000
probabilities_array:[0.45271719 0.         0.         0.5472828 ]

rule15: curRoll > 0.012
probabilities_array:[0.4031349  0.08366439 0.         0.5132007 ]

rule12: curRoll < -0.009
probabilities_array:[0.44168273 0.         0.         0.55831724]

rule1: -3.620 < climbRate < -0.311
probabilities_array:[0.335337   0.1673143  0.         0.49734876]

rule7: Altitude > 4.642
probabilities_array:[0.33925992 0.14944056 0.         0.51129955]

rule14: 0.001 < curRoll < 0.012
probabilities_array:[0.38580406 0.         0.         0.61419594]

rule23: diffDiffClb = 0.0
probabilities_array:[0.32062063 0.         0.12219332 0.55718607]

rule13: -0.009 < curRoll < 0.001
probabilities_array:[0.31100398 0.09626829 0.         0.5927277 ]

rule6: -12.489 < Altitude < 4.642
probabilities_array:[0.34763092 0.01053997 0.         0.6418291 ]

rule10: 0.000 < RollRate < 0.004
probabilities_array:[0.26554054 0.00586725 0.04321942 0.6853728 ]


---1---
rule3: climbRate > 2.998
probabilities_array:[0.         0.37697724 0.58514506 0.03787766]

rule2: -0.311 < climbRate < 2.998
probabilities_array:[0.         0.42431375 0.42319587 0.15249035]

rule19: diffClb > 0.119
probabilities_array:[0.         0.30106953 0.60346663 0.09546387]

rule18: -0.000 < diffClb < 0.119
probabilities_array:[0.         0.39572403 0.2281291  0.37614688]

rule11: RollRate > 0.004
probabilities_array:[0.         0.34836838 0.22236243 0.4292692 ]

rule17: -0.119 < diffClb < -0.000
probabilities_array:[0.45051503 0.17469384 0.         0.37479118]

rule1: -3.620 < climbRate < -0.311
probabilities_array:[0.335337   0.1673143  0.         0.49734876]

rule4: Altitude < -29.620
probabilities_array:[0.47070384 0.12895355 0.         0.40034255]

rule7: Altitude > 4.642
probabilities_array:[0.33925992 0.14944056 0.         0.51129955]

rule15: curRoll > 0.012
probabilities_array:[0.4031349  0.08366439 0.         0.5132007 ]

rule8: RollRate < -0.004
probabilities_array:[0.48869938 0.07199923 0.         0.43930137]


---2---
rule3: climbRate > 2.998
probabilities_array:[0.         0.37697724 0.58514506 0.03787766]

rule19: diffClb > 0.119
probabilities_array:[0.         0.30106953 0.60346663 0.09546387]

rule2: -0.311 < climbRate < 2.998
probabilities_array:[0.         0.42431375 0.42319587 0.15249035]

rule18: -0.000 < diffClb < 0.119
probabilities_array:[0.         0.39572403 0.2281291  0.37614688]

rule11: RollRate > 0.004
probabilities_array:[0.         0.34836838 0.22236243 0.4292692 ]

rule23: diffDiffClb = 0.0
probabilities_array:[0.32062063 0.         0.12219332 0.55718607]

