R2: 0.646910474453994

MAE: 0.0010558596286107003

MSE: 1.9498815098851714e-06

Accuracy: 0.7035975803884114

F1: 0.6342524625880436

Confusion Matrix: [[1426, 88, 49], [236, 295, 323], [49, 186, 489]]

Uncertainties: {'class0': [0.35525432229042053, 0.409501850605011, 0.43718230724334717, 0.43846893310546875, 0.4742535352706909], 'class1': [0.03237476944923401, 0.1053844541311264, 0.1475115418434143, 0.35525432229042053, 0.40533459186553955], 'class2': [0.03237476944923401, 0.1053844541311264, 0.1475115418434143, 0.40533459186553955, 0.46150529384613037]}

Most important rules
-----------------------------

---0---
rule0: climbRate < -3.620
probabilities_array:[0.5628177 0.        0.        0.4371823]

rule17: -0.119 < diffClb < -0.000
probabilities_array:[0.4704732  0.17427252 0.         0.35525432]

rule4: Altitude < -29.620
probabilities_array:[0.46832427 0.1221739  0.         0.40950185]

rule8: RollRate < -0.004
probabilities_array:[0.49154094 0.06999011 0.         0.43846893]

rule16: diffClb < -0.119
probabilities_array:[0.51857185 0.         0.         0.48142818]

rule5: -29.620 < Altitude < -12.489
probabilities_array:[0.47753793 0.         0.         0.52246207]

rule9: -0.004 < RollRate < 0.000
probabilities_array:[0.47658136 0.         0.         0.5234186 ]

rule7: Altitude > 4.642
probabilities_array:[0.38116032 0.14458618 0.         0.47425354]

rule15: curRoll > 0.012
probabilities_array:[0.37494335 0.07474912 0.         0.5503075 ]

rule12: curRoll < -0.009
probabilities_array:[0.4049318 0.        0.        0.5950682]

rule1: -3.620 < climbRate < -0.311
probabilities_array:[0.3160324  0.18134794 0.         0.5026196 ]

rule6: -12.489 < Altitude < 4.642
probabilities_array:[0.37732422 0.01239697 0.         0.61027884]

rule14: 0.001 < curRoll < 0.012
probabilities_array:[0.3793362 0.        0.        0.6206638]

rule23: diffDiffClb = 0.0
probabilities_array:[0.3034348  0.         0.08845372 0.6081115 ]

rule10: 0.000 < RollRate < 0.004
probabilities_array:[0.29926807 0.00436745 0.04204637 0.6543181 ]

rule13: -0.009 < curRoll < 0.001
probabilities_array:[0.26071182 0.085853   0.         0.6534352 ]


---1---
rule3: climbRate > 2.998
probabilities_array:[0.         0.3664155  0.6012097  0.03237477]

rule2: -0.311 < climbRate < 2.998
probabilities_array:[0.         0.41240862 0.44007984 0.14751154]

rule19: diffClb > 0.119
probabilities_array:[0.         0.30035552 0.59426004 0.10538445]

rule18: -0.000 < diffClb < 0.119
probabilities_array:[0.         0.38648105 0.20818435 0.4053346 ]

rule11: RollRate > 0.004
probabilities_array:[0.         0.33596897 0.20252575 0.4615053 ]

rule17: -0.119 < diffClb < -0.000
probabilities_array:[0.4704732  0.17427252 0.         0.35525432]

rule1: -3.620 < climbRate < -0.311
probabilities_array:[0.3160324  0.18134794 0.         0.5026196 ]

rule7: Altitude > 4.642
probabilities_array:[0.38116032 0.14458618 0.         0.47425354]

rule4: Altitude < -29.620
probabilities_array:[0.46832427 0.1221739  0.         0.40950185]


---2---
rule3: climbRate > 2.998
probabilities_array:[0.         0.3664155  0.6012097  0.03237477]

rule19: diffClb > 0.119
probabilities_array:[0.         0.30035552 0.59426004 0.10538445]

rule2: -0.311 < climbRate < 2.998
probabilities_array:[0.         0.41240862 0.44007984 0.14751154]

rule18: -0.000 < diffClb < 0.119
probabilities_array:[0.         0.38648105 0.20818435 0.4053346 ]

rule11: RollRate > 0.004
probabilities_array:[0.         0.33596897 0.20252575 0.4615053 ]

