R2: 0.64801987042556

MAE: 0.001054623998115622

MSE: 1.943755044681332e-06

Accuracy: 0.708691499522445

F1: 0.6405077702970184

Confusion Matrix: [[1433, 84, 46], [243, 303, 308], [46, 188, 490]]

Uncertainties: {'class0': [0.3041793704032898, 0.37764883041381836, 0.4042458236217499, 0.42686522006988525, 0.4595412015914917], 'class1': [0.03743288293480873, 0.09799602627754211, 0.15367066860198975, 0.3041793704032898, 0.3762458860874176], 'class2': [0.03743288293480873, 0.09799602627754211, 0.15367066860198975, 0.3762458860874176, 0.4110753536224365]}

Most important rules
-----------------------------

---0---
rule0: climbRate < -3.620
probabilities_array:[0.59575415 0.         0.         0.40424582]

rule17: -0.119 < diffClb < -0.000
probabilities_array:[0.47988608 0.21593456 0.         0.30417937]

rule4: Altitude < -29.620
probabilities_array:[0.5092486  0.11310257 0.         0.37764883]

rule16: diffClb < -0.119
probabilities_array:[0.5404588 0.        0.        0.4595412]

rule8: RollRate < -0.004
probabilities_array:[0.48796573 0.08516908 0.         0.42686522]

rule5: -29.620 < Altitude < -12.489
probabilities_array:[0.51728463 0.         0.         0.4827154 ]

rule15: curRoll > 0.012
probabilities_array:[0.39756143 0.09719445 0.         0.50524414]

rule7: Altitude > 4.642
probabilities_array:[0.37258756 0.12100209 0.         0.50641036]

rule12: curRoll < -0.009
probabilities_array:[0.4212994 0.        0.        0.5787006]

rule6: -12.489 < Altitude < 4.642
probabilities_array:[0.4161125  0.00893995 0.         0.57494754]

rule9: -0.004 < RollRate < 0.000
probabilities_array:[0.4197847  0.         0.         0.58021533]

rule1: -3.620 < climbRate < -0.311
probabilities_array:[0.32645258 0.16292493 0.         0.5106224 ]

rule14: 0.001 < curRoll < 0.012
probabilities_array:[0.36741146 0.         0.         0.6325885 ]

rule23: diffDiffClb = 0.0
probabilities_array:[0.28219494 0.         0.1185425  0.5992626 ]

rule13: -0.009 < curRoll < 0.001
probabilities_array:[0.2836763  0.09741607 0.         0.61890763]

rule10: 0.000 < RollRate < 0.004
probabilities_array:[0.2519276  0.02776165 0.06563118 0.65467966]


---1---
rule3: climbRate > 2.998
probabilities_array:[0.         0.36592048 0.5966466  0.03743288]

rule2: -0.311 < climbRate < 2.998
probabilities_array:[0.         0.41035277 0.43597656 0.15367067]

rule19: diffClb > 0.119
probabilities_array:[0.         0.3083352  0.59366876 0.09799603]

rule18: -0.000 < diffClb < 0.119
probabilities_array:[0.         0.4048647  0.21888939 0.3762459 ]

rule11: RollRate > 0.004
probabilities_array:[0.         0.35553682 0.23338784 0.41107535]

rule17: -0.119 < diffClb < -0.000
probabilities_array:[0.47988608 0.21593456 0.         0.30417937]

rule1: -3.620 < climbRate < -0.311
probabilities_array:[0.32645258 0.16292493 0.         0.5106224 ]

rule4: Altitude < -29.620
probabilities_array:[0.5092486  0.11310257 0.         0.37764883]

rule7: Altitude > 4.642
probabilities_array:[0.37258756 0.12100209 0.         0.50641036]

rule8: RollRate < -0.004
probabilities_array:[0.48796573 0.08516908 0.         0.42686522]

rule15: curRoll > 0.012
probabilities_array:[0.39756143 0.09719445 0.         0.50524414]


---2---
rule3: climbRate > 2.998
probabilities_array:[0.         0.36592048 0.5966466  0.03743288]

rule19: diffClb > 0.119
probabilities_array:[0.         0.3083352  0.59366876 0.09799603]

rule2: -0.311 < climbRate < 2.998
probabilities_array:[0.         0.41035277 0.43597656 0.15367067]

rule11: RollRate > 0.004
probabilities_array:[0.         0.35553682 0.23338784 0.41107535]

rule18: -0.000 < diffClb < 0.119
probabilities_array:[0.         0.4048647  0.21888939 0.3762459 ]

rule23: diffDiffClb = 0.0
probabilities_array:[0.28219494 0.         0.1185425  0.5992626 ]

