R2: 0.645328825234565

MAE: 0.0010554690404683503

MSE: 1.9586159195602242e-06

Accuracy: 0.8252148997134671

F1: 0.7359900055193173

Confusion Matrix: [[2209, 208], [341, 383]]

Uncertainties: {'class0': [0.46309900283813477, 0.47294002771377563, 0.512681782245636, 0.5251287221908569, 0.6010993719100952], 'class1': [0.32721948623657227, 0.3993569314479828, 0.6776736378669739]}

Most important rules
-----------------------------

---0---
rule17: -0.119 < diffClb < -0.000
probabilities_array:[0.536901 0.       0.463099]

rule0: climbRate < -3.620
probabilities_array:[0.52706    0.         0.47294003]

rule1: -3.620 < climbRate < -0.311
probabilities_array:[0.48731822 0.         0.5126818 ]

rule16: diffClb < -0.119
probabilities_array:[0.47487128 0.         0.5251287 ]

rule4: Altitude < -29.620
probabilities_array:[0.3989006 0.        0.6010994]

rule15: curRoll > 0.012
probabilities_array:[0.39526618 0.         0.6047338 ]

rule8: RollRate < -0.004
probabilities_array:[0.38895792 0.         0.6110421 ]

rule7: Altitude > 4.642
probabilities_array:[0.3539009  0.00126355 0.64483553]

rule14: 0.001 < curRoll < 0.012
probabilities_array:[0.3406289  0.         0.65937114]

rule13: -0.009 < curRoll < 0.001
probabilities_array:[0.3183368  0.         0.68166316]

rule9: -0.004 < RollRate < 0.000
probabilities_array:[0.30277598 0.         0.697224  ]

rule12: curRoll < -0.009
probabilities_array:[0.2889107 0.        0.7110893]

rule5: -29.620 < Altitude < -12.489
probabilities_array:[0.2504151 0.        0.7495849]

rule6: -12.489 < Altitude < 4.642
probabilities_array:[0.22391795 0.         0.77608204]


---1---
rule3: climbRate > 2.998
probabilities_array:[0.        0.6727805 0.3272195]

rule19: diffClb > 0.119
probabilities_array:[0.         0.6006431  0.39935693]

rule2: -0.311 < climbRate < 2.998
probabilities_array:[0.         0.32232633 0.67767364]

