R2: 0.6461605485728685

MAE: 0.0010550526640875726

MSE: 1.9540228579105186e-06

Accuracy: 0.82489652976759

F1: 0.7374109883214732

Confusion Matrix: [[2202, 215], [335, 389]]

Uncertainties: {'class0': [0.44383567571640015, 0.5069601535797119, 0.521271824836731, 0.5580884218215942, 0.5612173080444336], 'class1': [0.30855247378349304, 0.4001462757587433, 0.631575345993042]}

Most important rules
-----------------------------

---0---
rule16: diffClb < -0.119
probabilities_array:[0.5561643  0.         0.44383568]

rule17: -0.119 < diffClb < -0.000
probabilities_array:[0.49303988 0.         0.50696015]

rule0: climbRate < -3.620
probabilities_array:[0.47872818 0.         0.5212718 ]

rule4: Altitude < -29.620
probabilities_array:[0.4419116 0.        0.5580884]

rule1: -3.620 < climbRate < -0.311
probabilities_array:[0.43878266 0.         0.5612173 ]

rule8: RollRate < -0.004
probabilities_array:[0.43487906 0.         0.56512094]

rule15: curRoll > 0.012
probabilities_array:[0.36882713 0.         0.63117284]

rule7: Altitude > 4.642
probabilities_array:[0.36027655 0.         0.6397234 ]

rule9: -0.004 < RollRate < 0.000
probabilities_array:[0.3211853 0.        0.6788147]

rule14: 0.001 < curRoll < 0.012
probabilities_array:[0.31705487 0.         0.68294513]

rule13: -0.009 < curRoll < 0.001
probabilities_array:[0.2690216 0.        0.7309784]

rule12: curRoll < -0.009
probabilities_array:[0.26524726 0.         0.7347528 ]

rule5: -29.620 < Altitude < -12.489
probabilities_array:[0.25701717 0.         0.74298286]

rule6: -12.489 < Altitude < 4.642
probabilities_array:[0.2527254  0.         0.74727464]


---1---
rule3: climbRate > 2.998
probabilities_array:[0.         0.69144756 0.30855247]

rule19: diffClb > 0.119
probabilities_array:[0.         0.5998537  0.40014628]

rule2: -0.311 < climbRate < 2.998
probabilities_array:[0.         0.36842468 0.63157535]

