R2: 0.6482582222288479

MAE: 0.001055269939573554

MSE: 1.94243878424183e-06

Accuracy: 0.705507800063674

F1: 0.635795209563904

Confusion Matrix: [[1439, 80, 44], [250, 302, 302], [50, 199, 475]]

Uncertainties: {'class0': [0.2756690979003906, 0.3820364475250244, 0.42951565980911255, 0.43132516741752625, 0.4383731186389923], 'class1': [0.04174386337399483, 0.10300646722316742, 0.15478955209255219, 0.2756690979003906, 0.3820364475250244], 'class2': [0.04174386337399483, 0.10300646722316742, 0.15478955209255219, 0.41413363814353943, 0.41502025723457336]}

Most important rules
-----------------------------

---0---
rule17: -0.119 < diffClb < -0.000
probabilities_array:[0.5092788  0.21505211 0.         0.2756691 ]

rule16: diffClb < -0.119
probabilities_array:[0.5686748  0.         0.         0.43132517]

rule0: climbRate < -3.620
probabilities_array:[0.56162685 0.         0.         0.43837312]

rule4: Altitude < -29.620
probabilities_array:[0.49000996 0.12795362 0.         0.38203645]

rule8: RollRate < -0.004
probabilities_array:[0.49155623 0.07892809 0.         0.42951566]

rule5: -29.620 < Altitude < -12.489
probabilities_array:[0.47001064 0.         0.         0.52998936]

rule9: -0.004 < RollRate < 0.000
probabilities_array:[0.42291075 0.         0.         0.57708925]

rule12: curRoll < -0.009
probabilities_array:[0.4188167  0.         0.00706061 0.5741227 ]

rule1: -3.620 < climbRate < -0.311
probabilities_array:[0.34076533 0.17951156 0.         0.4797231 ]

rule15: curRoll > 0.012
probabilities_array:[0.3768773  0.06872756 0.         0.55439514]

rule7: Altitude > 4.642
probabilities_array:[0.3342839  0.13165939 0.         0.5340567 ]

rule6: -12.489 < Altitude < 4.642
probabilities_array:[0.36679152 0.00974981 0.         0.6234587 ]

rule23: diffDiffClb = 0.0
probabilities_array:[0.29807007 0.         0.15159933 0.5503306 ]

rule14: 0.001 < curRoll < 0.012
probabilities_array:[0.3589044  0.         0.         0.64109564]

rule13: -0.009 < curRoll < 0.001
probabilities_array:[0.27389002 0.08444121 0.         0.6416688 ]

rule10: 0.000 < RollRate < 0.004
probabilities_array:[0.24877168 0.00942322 0.05079706 0.69100803]


---1---
rule3: climbRate > 2.998
probabilities_array:[0.         0.38370985 0.5745463  0.04174386]

rule2: -0.311 < climbRate < 2.998
probabilities_array:[0.         0.43255132 0.41265914 0.15478955]

rule19: diffClb > 0.119
probabilities_array:[0.         0.30054078 0.5964527  0.10300647]

rule18: -0.000 < diffClb < 0.119
probabilities_array:[0.         0.38763946 0.19734028 0.41502026]

rule11: RollRate > 0.004
probabilities_array:[0.         0.35058966 0.2352767  0.41413364]

rule17: -0.119 < diffClb < -0.000
probabilities_array:[0.5092788  0.21505211 0.         0.2756691 ]

rule1: -3.620 < climbRate < -0.311
probabilities_array:[0.34076533 0.17951156 0.         0.4797231 ]

rule4: Altitude < -29.620
probabilities_array:[0.49000996 0.12795362 0.         0.38203645]

rule7: Altitude > 4.642
probabilities_array:[0.3342839  0.13165939 0.         0.5340567 ]

rule8: RollRate < -0.004
probabilities_array:[0.49155623 0.07892809 0.         0.42951566]


---2---
rule3: climbRate > 2.998
probabilities_array:[0.         0.38370985 0.5745463  0.04174386]

rule19: diffClb > 0.119
probabilities_array:[0.         0.30054078 0.5964527  0.10300647]

rule2: -0.311 < climbRate < 2.998
probabilities_array:[0.         0.43255132 0.41265914 0.15478955]

rule11: RollRate > 0.004
probabilities_array:[0.         0.35058966 0.2352767  0.41413364]

rule18: -0.000 < diffClb < 0.119
probabilities_array:[0.         0.38763946 0.19734028 0.41502026]

rule23: diffDiffClb = 0.0
probabilities_array:[0.29807007 0.         0.15159933 0.5503306 ]

