R2: 0.6450794986048543

MAE: 0.0010583642141150497

MSE: 1.9599927867568457e-06

Accuracy: 0.7067812798471824

F1: 0.6374641230975538

Confusion Matrix: [[1437, 80, 46], [237, 306, 311], [44, 203, 477]]

Uncertainties: {'class0': [0.3141527771949768, 0.38648590445518494, 0.4051394760608673, 0.40905943512916565, 0.43956974148750305], 'class1': [0.04222273826599121, 0.11556065082550049, 0.16435076296329498, 0.3141527771949768, 0.3811027705669403], 'class2': [0.04222273826599121, 0.11556065082550049, 0.16435076296329498, 0.3811027705669403, 0.4569801986217499]}

Most important rules
-----------------------------

---0---
rule16: diffClb < -0.119
probabilities_array:[0.6135141 0.        0.        0.3864859]

rule0: climbRate < -3.620
probabilities_array:[0.5948605  0.         0.         0.40513948]

rule17: -0.119 < diffClb < -0.000
probabilities_array:[0.5111329  0.17471434 0.         0.31415278]

rule4: Altitude < -29.620
probabilities_array:[0.48284224 0.10809836 0.         0.40905944]

rule5: -29.620 < Altitude < -12.489
probabilities_array:[0.5068779  0.         0.00555972 0.48756233]

rule8: RollRate < -0.004
probabilities_array:[0.42962596 0.06055833 0.         0.5098157 ]

rule1: -3.620 < climbRate < -0.311
probabilities_array:[0.35818496 0.20224531 0.         0.43956974]

rule15: curRoll > 0.012
probabilities_array:[0.36593276 0.08329458 0.         0.55077267]

rule9: -0.004 < RollRate < 0.000
probabilities_array:[0.40030274 0.         0.         0.5996973 ]

rule12: curRoll < -0.009
probabilities_array:[0.39628997 0.         0.         0.60371006]

rule7: Altitude > 4.642
probabilities_array:[0.33836922 0.11098352 0.         0.55064726]

rule6: -12.489 < Altitude < 4.642
probabilities_array:[0.38054088 0.         0.         0.6194591 ]

rule14: 0.001 < curRoll < 0.012
probabilities_array:[0.37102914 0.         0.         0.62897086]

rule23: diffDiffClb = 0.0
probabilities_array:[0.255552   0.         0.10700374 0.63744426]

rule13: -0.009 < curRoll < 0.001
probabilities_array:[0.25128806 0.08518167 0.         0.6635303 ]

rule10: 0.000 < RollRate < 0.004
probabilities_array:[0.20735715 0.01302136 0.07783826 0.70178324]


---1---
rule3: climbRate > 2.998
probabilities_array:[0.         0.38397315 0.57380414 0.04222274]

rule2: -0.311 < climbRate < 2.998
probabilities_array:[0.         0.42911345 0.40653577 0.16435076]

rule19: diffClb > 0.119
probabilities_array:[0.         0.28710178 0.59733754 0.11556065]

rule11: RollRate > 0.004
probabilities_array:[0.         0.36172962 0.25716758 0.38110277]

rule18: -0.000 < diffClb < 0.119
probabilities_array:[0.         0.35734773 0.18567209 0.4569802 ]

rule17: -0.119 < diffClb < -0.000
probabilities_array:[0.5111329  0.17471434 0.         0.31415278]

rule1: -3.620 < climbRate < -0.311
probabilities_array:[0.35818496 0.20224531 0.         0.43956974]

rule4: Altitude < -29.620
probabilities_array:[0.48284224 0.10809836 0.         0.40905944]

rule7: Altitude > 4.642
probabilities_array:[0.33836922 0.11098352 0.         0.55064726]


---2---
rule3: climbRate > 2.998
probabilities_array:[0.         0.38397315 0.57380414 0.04222274]

rule19: diffClb > 0.119
probabilities_array:[0.         0.28710178 0.59733754 0.11556065]

rule2: -0.311 < climbRate < 2.998
probabilities_array:[0.         0.42911345 0.40653577 0.16435076]

rule11: RollRate > 0.004
probabilities_array:[0.         0.36172962 0.25716758 0.38110277]

rule18: -0.000 < diffClb < 0.119
probabilities_array:[0.         0.35734773 0.18567209 0.4569802 ]

