R2: 0.6472005262413361

MAE: 0.0010544913962342343

MSE: 1.9482797443947536e-06

Accuracy: 0.8274434893346068

F1: 0.7395018649613726

Confusion Matrix: [[2212, 205], [337, 387]]

Uncertainties: {'class0': [0.5195803642272949, 0.5359829068183899, 0.5466053485870361, 0.5528017282485962, 0.5572212934494019], 'class1': [0.30171889066696167, 0.3587273359298706, 0.5960248708724976]}

Most important rules
-----------------------------

---0---
rule0: climbRate < -3.620
probabilities_array:[0.4804196  0.         0.51958036]

rule8: RollRate < -0.004
probabilities_array:[0.4640171 0.        0.5359829]

rule4: Altitude < -29.620
probabilities_array:[0.45339465 0.         0.54660535]

rule16: diffClb < -0.119
probabilities_array:[0.44719824 0.         0.5528017 ]

rule15: curRoll > 0.012
probabilities_array:[0.4427787 0.        0.5572213]

rule17: -0.119 < diffClb < -0.000
probabilities_array:[0.43216705 0.         0.56783295]

rule14: 0.001 < curRoll < 0.012
probabilities_array:[0.37882996 0.         0.62117004]

rule1: -3.620 < climbRate < -0.311
probabilities_array:[0.37105387 0.         0.6289461 ]

rule13: -0.009 < curRoll < 0.001
probabilities_array:[0.3676836 0.        0.6323164]

rule12: curRoll < -0.009
probabilities_array:[0.3591443  0.         0.64085567]

rule7: Altitude > 4.642
probabilities_array:[0.3454342 0.        0.6545658]

rule9: -0.004 < RollRate < 0.000
probabilities_array:[0.31123662 0.         0.6887634 ]

rule5: -29.620 < Altitude < -12.489
probabilities_array:[0.30134922 0.         0.6986508 ]

rule6: -12.489 < Altitude < 4.642
probabilities_array:[0.24920946 0.         0.75079054]

rule10: 0.000 < RollRate < 0.004
probabilities_array:[0.2007122 0.        0.7992878]


---1---
rule3: climbRate > 2.998
probabilities_array:[0.        0.6982811 0.3017189]

rule19: diffClb > 0.119
probabilities_array:[0.         0.64127266 0.35872734]

rule2: -0.311 < climbRate < 2.998
probabilities_array:[0.        0.4039751 0.5960249]

