R2: -57.245793990754265

MAE: 124.72432352941178

MSE: 15772.356816176467

Accuracy: 0.8235294117647058

F1: 0.8235233053046818

Confusion Matrix: [[141, 30], [30, 139]]

Uncertainties: {'class0': [0.0956638753414154, 0.28556132316589355, 0.37478968501091003, 0.39786818623542786, 0.4610932171344757], 'class1': [0.2955821454524994, 0.34789979457855225, 0.42446285486221313, 0.4613560736179352, 0.47982272505760193]}

Most important rules
-----------------------------

---0---
rule28: age < 1.860
probabilities_array:[0.9043361  0.         0.09566388]

rule29: 1.860 < age < 45.228
probabilities_array:[0.7144387  0.         0.28556132]

rule0: cement < 213.082
probabilities_array:[0.6252103  0.         0.37478969]

rule15: water > 196.875
probabilities_array:[0.60213184 0.         0.3978682 ]

rule27: fine_aggregate > 826.464
probabilities_array:[0.53890675 0.         0.46109322]

rule16: superplasticizer < 1.951
probabilities_array:[0.45925072 0.         0.54074925]

rule14: 182.381 < water < 196.875
probabilities_array:[0.41394237 0.         0.58605766]

rule26: 772.177 < fine_aggregate < 826.464
probabilities_array:[0.36796826 0.         0.63203174]

rule1: 213.082 < cement < 283.136
probabilities_array:[0.2138603  0.         0.78613967]


---1---
rule31: age > 88.595
probabilities_array:[0.         0.7044178  0.29558215]

rule3: cement > 353.190
probabilities_array:[0.        0.6521002 0.3478998]

rule30: 45.228 < age < 88.595
probabilities_array:[0.         0.57553715 0.42446285]

rule20: coarse_aggregate < 920.125
probabilities_array:[0.         0.53864396 0.46135607]

rule12: water < 167.886
probabilities_array:[0.         0.5201773  0.47982273]

rule8: fly_ash < 8.699
probabilities_array:[0.         0.47458473 0.52541524]

rule19: superplasticizer > 10.241
probabilities_array:[0.         0.4645836  0.53541636]

rule7: blast_furnace_slag > 131.841
probabilities_array:[0.         0.45495838 0.5450416 ]

rule13: 167.886 < water < 182.381
probabilities_array:[0.         0.44252127 0.5574787 ]

rule24: fine_aggregate < 717.890
probabilities_array:[0.        0.3799348 0.6200652]

rule18: 6.096 < superplasticizer < 10.241
probabilities_array:[0.         0.37275666 0.62724334]

rule2: 283.136 < cement < 353.190
probabilities_array:[0.         0.37142637 0.6285736 ]

rule5: 14.959 < blast_furnace_slag < 73.400
probabilities_array:[0.01595904 0.35236412 0.63167685]

rule10: 51.834 < fly_ash < 94.969
probabilities_array:[0.        0.3096169 0.6903831]

rule21: 920.125 < coarse_aggregate < 972.793
probabilities_array:[0.00403805 0.2907797  0.70518225]

rule6: 73.400 < blast_furnace_slag < 131.841
probabilities_array:[0.       0.286276 0.713724]

rule17: 1.951 < superplasticizer < 6.096
probabilities_array:[0.         0.24978839 0.7502116 ]

