R2: -55.986612181328994

MAE: 122.40958823529412

MSE: 15267.917966470592

Accuracy: 0.8147058823529412

F1: 0.8147042794487842

Confusion Matrix: [[138, 24], [39, 139]]

Uncertainties: {'class0': [0.14551199972629547, 0.30136266350746155, 0.33311524987220764, 0.34330976009368896, 0.36861735582351685], 'class1': [0.2410607784986496, 0.277895987033844, 0.3230358958244324, 0.4413912892341614, 0.45790180563926697]}

Most important rules
-----------------------------

---0---
rule28: age < 1.976
probabilities_array:[0.854488 0.       0.145512]

rule29: 1.976 < age < 46.457
probabilities_array:[0.6986373  0.         0.30136266]

rule0: cement < 210.050
probabilities_array:[0.6668847  0.         0.33311525]

rule27: fine_aggregate > 827.244
probabilities_array:[0.65669024 0.         0.34330976]

rule15: water > 196.102
probabilities_array:[0.63138264 0.         0.36861736]

rule16: superplasticizer < 2.088
probabilities_array:[0.42821634 0.         0.57178366]

rule26: 773.378 < fine_aggregate < 827.244
probabilities_array:[0.37684324 0.         0.6231567 ]

rule14: 181.717 < water < 196.102
probabilities_array:[0.37564254 0.         0.62435746]

rule1: 210.050 < cement < 280.081
probabilities_array:[0.3617115 0.        0.6382885]

rule25: 719.512 < fine_aggregate < 773.378
probabilities_array:[0.32503647 0.         0.67496353]

rule9: 9.509 < fly_ash < 52.992
probabilities_array:[0.23352616 0.05600978 0.710464  ]

rule4: blast_furnace_slag < 15.354
probabilities_array:[0.19346435 0.02387135 0.7826643 ]


---1---
rule31: age > 90.937
probabilities_array:[0.         0.7589392  0.24106078]

rule30: 46.457 < age < 90.937
probabilities_array:[0.       0.722104 0.277896]

rule3: cement > 350.112
probabilities_array:[0.        0.6769641 0.3230359]

rule24: fine_aggregate < 719.512
probabilities_array:[0.        0.5586087 0.4413913]

rule6: 73.978 < blast_furnace_slag < 132.601
probabilities_array:[0.        0.5420982 0.4579018]

rule8: fly_ash < 9.509
probabilities_array:[0.         0.53974354 0.46025646]

rule10: 52.992 < fly_ash < 96.475
probabilities_array:[0.         0.49489748 0.5051025 ]

rule19: superplasticizer > 10.107
probabilities_array:[0.         0.47650546 0.52349454]

rule12: water < 167.333
probabilities_array:[0.         0.47434986 0.52565014]

rule13: 167.333 < water < 181.717
probabilities_array:[0.         0.4230509  0.57694906]

rule20: coarse_aggregate < 924.672
probabilities_array:[0.         0.41097412 0.58902586]

rule18: 6.097 < superplasticizer < 10.107
probabilities_array:[0.         0.40771896 0.59228104]

rule22: 975.346 < coarse_aggregate < 1026.019
probabilities_array:[0.        0.3618627 0.6381373]

rule2: 280.081 < cement < 350.112
probabilities_array:[0.         0.32990167 0.6700983 ]

rule17: 2.088 < superplasticizer < 6.097
probabilities_array:[0.         0.27381864 0.7261814 ]

rule5: 15.354 < blast_furnace_slag < 73.978
probabilities_array:[0.04898474 0.20654248 0.7444728 ]

