R2: -54.45138928134906

MAE: 124.32479411764706

MSE: 15719.289287941174

Accuracy: 0.8147058823529412

F1: 0.8133479727080228

Confusion Matrix: [[124, 31], [32, 153]]

Uncertainties: {'class0': [0.1003735363483429, 0.2829277515411377, 0.3300669193267822, 0.4198054373264313, 0.5141659379005432], 'class1': [0.2170693427324295, 0.3070278465747833, 0.3211526572704315, 0.3270851671695709, 0.35767242312431335]}

Most important rules
-----------------------------

---0---
rule28: age < 2.502
probabilities_array:[0.8996265  0.         0.10037354]

rule15: water > 196.641
probabilities_array:[0.71707225 0.         0.28292775]

rule29: 2.502 < age < 45.028
probabilities_array:[0.6699331  0.         0.33006692]

rule0: cement < 207.782
probabilities_array:[0.58019453 0.         0.41980544]

rule27: fine_aggregate > 827.098
probabilities_array:[0.4858341  0.         0.51416594]

rule9: 9.972 < fly_ash < 52.868
probabilities_array:[0.36077315 0.         0.63922685]

rule14: 182.630 < water < 196.641
probabilities_array:[0.30885527 0.         0.6911447 ]

rule16: superplasticizer < 2.164
probabilities_array:[0.27709943 0.         0.72290057]

rule26: 774.350 < fine_aggregate < 827.098
probabilities_array:[0.27651104 0.         0.7234889 ]

rule11: fly_ash > 95.764
probabilities_array:[0.26921222 0.00771166 0.7230761 ]

rule1: 207.782 < cement < 277.672
probabilities_array:[0.25935876 0.         0.74064124]

rule4: blast_furnace_slag < 18.896
probabilities_array:[0.21799417 0.01378196 0.7682238 ]


---1---
rule31: age > 87.553
probabilities_array:[0.         0.7829307  0.21706934]

rule30: 45.028 < age < 87.553
probabilities_array:[0.         0.6929721  0.30702785]

rule12: water < 168.620
probabilities_array:[0.         0.6788474  0.32115266]

rule24: fine_aggregate < 721.602
probabilities_array:[0.         0.67291486 0.32708517]

rule3: cement > 347.562
probabilities_array:[0.         0.64232755 0.35767242]

rule2: 277.672 < cement < 347.562
probabilities_array:[0.         0.5100981  0.48990187]

rule18: 5.987 < superplasticizer < 9.809
probabilities_array:[0.         0.47579753 0.52420247]

rule13: 168.620 < water < 182.630
probabilities_array:[0.         0.47570312 0.5242969 ]

rule10: 52.868 < fly_ash < 95.764
probabilities_array:[0.       0.436619 0.563381]

rule19: superplasticizer > 9.809
probabilities_array:[0.         0.42924792 0.5707521 ]

rule17: 2.164 < superplasticizer < 5.987
probabilities_array:[0.         0.38977832 0.6102217 ]

rule6: 77.627 < blast_furnace_slag < 136.357
probabilities_array:[0.        0.3503803 0.6496197]

rule20: coarse_aggregate < 918.109
probabilities_array:[0.         0.30215582 0.6978442 ]

rule8: fly_ash < 9.972
probabilities_array:[0.00844545 0.19789562 0.793659  ]

