R2: -55.60081530618826

MAE: 123.25305882352939

MSE: 15490.605560588234

Accuracy: 0.8470588235294118

F1: 0.8470535312640576

Confusion Matrix: [[143, 22], [30, 145]]

Uncertainties: {'class0': [0.1131301298737526, 0.1996779888868332, 0.266499787569046, 0.31127190589904785, 0.46312370896339417], 'class1': [0.058401480317115784, 0.16364087164402008, 0.2797072231769562, 0.3658662438392639, 0.4370849132537842]}

Most important rules
-----------------------------

---0---
rule28: age < 3.075
probabilities_array:[0.88686985 0.         0.11313013]

rule0: cement < 213.061
probabilities_array:[0.800322   0.         0.19967799]

rule27: fine_aggregate > 825.683
probabilities_array:[0.73350024 0.         0.2664998 ]

rule15: water > 196.476
probabilities_array:[0.6887281 0.        0.3112719]

rule9: 11.846 < fly_ash < 55.461
probabilities_array:[0.53687626 0.         0.4631237 ]

rule1: 213.061 < cement < 283.808
probabilities_array:[0.5355908 0.        0.4644092]

rule16: superplasticizer < 2.112
probabilities_array:[0.5022491  0.         0.49775088]

rule14: 181.944 < water < 196.476
probabilities_array:[0.4677627 0.        0.5322373]

rule11: fly_ash > 99.075
probabilities_array:[0.28428054 0.         0.71571946]

rule26: 770.912 < fine_aggregate < 825.683
probabilities_array:[0.2838731  0.         0.71612686]

rule29: 3.075 < age < 45.694
probabilities_array:[0.18177009 0.1306892  0.68754065]

rule5: 13.949 < blast_furnace_slag < 72.346
probabilities_array:[0.14102495 0.164792   0.69418305]


---1---
rule31: age > 88.313
probabilities_array:[0.         0.94159853 0.05840148]

rule30: 45.694 < age < 88.313
probabilities_array:[0.         0.83635914 0.16364087]

rule3: cement > 354.554
probabilities_array:[0.         0.7202928  0.27970722]

rule12: water < 167.411
probabilities_array:[0.         0.63413376 0.36586624]

rule24: fine_aggregate < 716.142
probabilities_array:[0.        0.5629151 0.4370849]

rule13: 167.411 < water < 181.944
probabilities_array:[0.       0.528773 0.471227]

rule19: superplasticizer > 9.963
probabilities_array:[0.         0.43580756 0.5641924 ]

rule17: 2.112 < superplasticizer < 6.037
probabilities_array:[0.         0.42512447 0.57487553]

rule10: 55.461 < fly_ash < 99.075
probabilities_array:[0.         0.42153844 0.5784616 ]

rule6: 72.346 < blast_furnace_slag < 130.742
probabilities_array:[0.        0.3730386 0.6269614]

rule18: 6.037 < superplasticizer < 9.963
probabilities_array:[0.        0.3484971 0.6515029]

rule8: fly_ash < 11.846
probabilities_array:[0.07844836 0.26369986 0.6578518 ]

rule20: coarse_aggregate < 920.284
probabilities_array:[0.00959984 0.21988724 0.770513  ]

rule5: 13.949 < blast_furnace_slag < 72.346
probabilities_array:[0.14102495 0.164792   0.69418305]

rule22: 972.922 < coarse_aggregate < 1025.560
probabilities_array:[0.        0.2233563 0.7766437]

rule7: blast_furnace_slag > 130.742
probabilities_array:[0.         0.21648033 0.7835197 ]

rule29: 3.075 < age < 45.694
probabilities_array:[0.18177009 0.1306892  0.68754065]

