R2: -54.338396490746575

MAE: 126.40126470588233

MSE: 16211.204564999996

Accuracy: 0.8411764705882353

F1: 0.839375699888018

Confusion Matrix: [[161, 31], [23, 125]]

Uncertainties: {'class0': [0.2820080816745758, 0.3138173818588257, 0.35866665840148926, 0.4408903419971466, 0.49647077918052673], 'class1': [0.33088186383247375, 0.35766419768333435, 0.4277518093585968, 0.4451442360877991, 0.4730033576488495]}

Most important rules
-----------------------------

---0---
rule29: 2.781 < age < 47.380
probabilities_array:[0.7179919  0.         0.28200808]

rule27: fine_aggregate > 829.746
probabilities_array:[0.6861826  0.         0.31381738]

rule15: water > 196.453
probabilities_array:[0.64133334 0.         0.35866666]

rule0: cement < 211.206
probabilities_array:[0.5591097  0.         0.44089034]

rule16: superplasticizer < 2.229
probabilities_array:[0.50352925 0.         0.49647078]

rule14: 181.552 < water < 196.453
probabilities_array:[0.35999602 0.         0.640004  ]

rule26: 774.504 < fine_aggregate < 829.746
probabilities_array:[0.2674377  0.00308813 0.7294742 ]

rule11: fly_ash > 97.449
probabilities_array:[0.26801813 0.         0.7319819 ]

rule25: 719.262 < fine_aggregate < 774.504
probabilities_array:[0.21552718 0.         0.7844728 ]


---1---
rule31: age > 91.979
probabilities_array:[0.         0.66911817 0.33088186]

rule24: fine_aggregate < 719.262
probabilities_array:[0.        0.6423358 0.3576642]

rule20: coarse_aggregate < 916.959
probabilities_array:[0.        0.5722482 0.4277518]

rule12: water < 166.650
probabilities_array:[0.         0.55485576 0.44514424]

rule3: cement > 351.786
probabilities_array:[0.         0.5269967  0.47300336]

rule30: 47.380 < age < 91.979
probabilities_array:[0.         0.51655114 0.4834489 ]

rule22: 969.069 < coarse_aggregate < 1021.180
probabilities_array:[0.         0.50601995 0.49398002]

rule8: fly_ash < 11.578
probabilities_array:[0.        0.4392389 0.5607611]

rule6: 76.019 < blast_furnace_slag < 133.570
probabilities_array:[0.         0.41201398 0.587986  ]

rule19: superplasticizer > 10.471
probabilities_array:[0.        0.4015559 0.5984441]

rule2: 281.496 < cement < 351.786
probabilities_array:[4.5133036e-04 3.4973952e-01 6.4980918e-01]

rule13: 166.650 < water < 181.552
probabilities_array:[0.         0.34261033 0.65738964]

rule21: 916.959 < coarse_aggregate < 969.069
probabilities_array:[0.         0.34218812 0.6578119 ]

rule18: 6.350 < superplasticizer < 10.471
probabilities_array:[0.         0.33218488 0.6678151 ]

rule10: 54.513 < fly_ash < 97.449
probabilities_array:[0.         0.26146612 0.73853385]

rule9: 11.578 < fly_ash < 54.513
probabilities_array:[0.02268756 0.21271773 0.7645947 ]

rule17: 2.229 < superplasticizer < 6.350
probabilities_array:[0.         0.21360865 0.7863914 ]

rule5: 18.468 < blast_furnace_slag < 76.019
probabilities_array:[0.03359726 0.19287889 0.7735238 ]

