R2: -58.989116760354364

MAE: 127.15279411764705

MSE: 16428.800065588235

Accuracy: 0.8382352941176471

F1: 0.837919826652221

Confusion Matrix: [[150, 24], [31, 135]]

Uncertainties: {'class0': [0.09159999340772629, 0.2931278347969055, 0.2961519658565521, 0.432509183883667, 0.5450118780136108], 'class1': [0.09608239680528641, 0.24104216694831848, 0.30148860812187195, 0.3397126793861389, 0.37427622079849243]}

Most important rules
-----------------------------

---0---
rule28: age < 4.941
probabilities_array:[0.9084     0.         0.09159999]

rule0: cement < 208.221
probabilities_array:[0.70687217 0.         0.29312783]

rule15: water > 195.848
probabilities_array:[0.70384806 0.         0.29615197]

rule27: fine_aggregate > 826.520
probabilities_array:[0.5674908  0.         0.43250918]

rule16: superplasticizer < 2.381
probabilities_array:[0.45498812 0.         0.5450119 ]

rule29: 4.941 < age < 44.849
probabilities_array:[0.40579495 0.02181789 0.5723871 ]

rule14: 181.265 < water < 195.848
probabilities_array:[0.36056688 0.         0.6394331 ]

rule1: 208.221 < cement < 278.491
probabilities_array:[0.32826722 0.         0.6717328 ]

rule4: blast_furnace_slag < 15.651
probabilities_array:[0.23352616 0.         0.7664738 ]

rule11: fly_ash > 101.995
probabilities_array:[0.22206427 0.00333753 0.77459824]

rule5: 15.651 < blast_furnace_slag < 74.451
probabilities_array:[0.13441053 0.18439855 0.68119085]


---1---
rule31: age > 84.757
probabilities_array:[0.        0.9039176 0.0960824]

rule30: 44.849 < age < 84.757
probabilities_array:[0.         0.7589578  0.24104217]

rule3: cement > 348.762
probabilities_array:[0.        0.6985114 0.3014886]

rule24: fine_aggregate < 719.394
probabilities_array:[0.         0.6602873  0.33971268]

rule12: water < 166.683
probabilities_array:[0.         0.6257238  0.37427622]

rule2: 278.491 < cement < 348.762
probabilities_array:[0.         0.44321007 0.55678993]

rule19: superplasticizer > 10.174
probabilities_array:[0.         0.4319699  0.56803006]

rule6: 74.451 < blast_furnace_slag < 133.252
probabilities_array:[0.         0.39431033 0.6056897 ]

rule13: 166.683 < water < 181.265
probabilities_array:[0.         0.3186362  0.68136376]

rule20: coarse_aggregate < 919.472
probabilities_array:[0.         0.3027915  0.69720846]

rule18: 6.278 < superplasticizer < 10.174
probabilities_array:[5.1830753e-05 2.8478834e-01 7.1515977e-01]

rule9: 13.837 < fly_ash < 57.916
probabilities_array:[0.06610874 0.22384012 0.7100511 ]

rule5: 15.651 < blast_furnace_slag < 74.451
probabilities_array:[0.13441053 0.18439855 0.68119085]

rule8: fly_ash < 13.837
probabilities_array:[0.04399487 0.21374854 0.7422565 ]

rule17: 2.381 < superplasticizer < 6.278
probabilities_array:[0.         0.22598895 0.7740111 ]

