R2: -55.09650283740681

MAE: 126.43732352941177

MSE: 16202.974396764708

Accuracy: 0.8588235294117647

F1: 0.8587012987012987

Confusion Matrix: [[151, 23], [25, 141]]

Uncertainties: {'class0': [0.03880753368139267, 0.3150382339954376, 0.3614879846572876, 0.419259637594223, 0.45905885100364685], 'class1': [0.19238905608654022, 0.21218107640743256, 0.23309208452701569, 0.4031394422054291, 0.429660826921463]}

Most important rules
-----------------------------

---0---
rule28: age < 4.281
probabilities_array:[0.9611925  0.         0.03880753]

rule15: water > 195.475
probabilities_array:[0.68496174 0.         0.31503823]

rule0: cement < 211.330
probabilities_array:[0.638512   0.         0.36148798]

rule27: fine_aggregate > 828.312
probabilities_array:[0.5807404  0.         0.41925964]

rule29: 4.281 < age < 43.284
probabilities_array:[0.5409411  0.         0.45905885]

rule16: superplasticizer < 2.176
probabilities_array:[0.42267063 0.         0.5773294 ]

rule14: 181.022 < water < 195.475
probabilities_array:[0.37198117 0.         0.62801886]

rule4: blast_furnace_slag < 16.937
probabilities_array:[0.29870152 0.         0.7012985 ]

rule26: 773.091 < fine_aggregate < 828.312
probabilities_array:[0.19767241 0.0116424  0.7906852 ]

rule7: blast_furnace_slag > 134.867
probabilities_array:[0.1705253  0.07075451 0.75872016]


---1---
rule31: age > 82.287
probabilities_array:[0.         0.8076109  0.19238906]

rule30: 43.284 < age < 82.287
probabilities_array:[0.         0.7878189  0.21218108]

rule3: cement > 352.327
probabilities_array:[0.         0.76690793 0.23309208]

rule24: fine_aggregate < 717.870
probabilities_array:[0.         0.5968605  0.40313944]

rule12: water < 166.569
probabilities_array:[0.         0.5703392  0.42966083]

rule19: superplasticizer > 10.466
probabilities_array:[0.         0.50693905 0.49306092]

rule6: 75.902 < blast_furnace_slag < 134.867
probabilities_array:[0.         0.49089897 0.50910103]

rule18: 6.321 < superplasticizer < 10.466
probabilities_array:[0.         0.4501222  0.54987776]

rule8: fly_ash < 10.403
probabilities_array:[0.         0.41042656 0.58957344]

rule9: 10.403 < fly_ash < 53.039
probabilities_array:[0.01448639 0.38630888 0.5992047 ]

rule2: 281.828 < cement < 352.327
probabilities_array:[0.         0.38586247 0.61413753]

rule21: 921.737 < coarse_aggregate < 973.745
probabilities_array:[0.         0.35333675 0.64666325]

rule20: coarse_aggregate < 921.737
probabilities_array:[0.         0.34586856 0.6541314 ]

rule13: 166.569 < water < 181.022
probabilities_array:[0.         0.27406543 0.72593457]

rule17: 2.176 < superplasticizer < 6.321
probabilities_array:[0.        0.2394793 0.7605207]

rule10: 53.039 < fly_ash < 95.675
probabilities_array:[0.00545006 0.20747226 0.78707767]

