R2: -56.757386672258804

MAE: 125.18517647058826

MSE: 15915.254920000003

Accuracy: 0.8441176470588235

F1: 0.8440839281851612

Confusion Matrix: [[141, 25], [28, 146]]

Uncertainties: {'class0': [0.25305628776550293, 0.3389700949192047, 0.3950037956237793, 0.4181036949157715, 0.42474591732025146], 'class1': [0.30413562059402466, 0.3804172873497009, 0.4137323796749115, 0.4210430383682251, 0.4424971640110016]}

Most important rules
-----------------------------

---0---
rule29: 1.782 < age < 45.948
probabilities_array:[0.7469437 0.        0.2530563]

rule27: fine_aggregate > 827.402
probabilities_array:[0.6610299 0.        0.3389701]

rule15: water > 195.467
probabilities_array:[0.6049962 0.        0.3950038]

rule16: superplasticizer < 2.083
probabilities_array:[0.5818963 0.        0.4181037]

rule0: cement < 210.806
probabilities_array:[0.5752541  0.         0.42474592]

rule11: fly_ash > 96.344
probabilities_array:[0.3544988  0.00214904 0.64335215]

rule14: 181.175 < water < 195.467
probabilities_array:[0.24360317 0.03609576 0.72030103]

rule1: 210.806 < cement < 282.462
probabilities_array:[0.22864074 0.         0.77135926]


---1---
rule31: age > 90.113
probabilities_array:[0.         0.6958644  0.30413562]

rule30: 45.948 < age < 90.113
probabilities_array:[0.        0.6195827 0.3804173]

rule3: cement > 354.119
probabilities_array:[0.         0.5862676  0.41373238]

rule24: fine_aggregate < 716.283
probabilities_array:[0.         0.57895696 0.42104304]

rule20: coarse_aggregate < 917.790
probabilities_array:[0.         0.55750287 0.44249716]

rule12: water < 166.882
probabilities_array:[0.         0.5130602  0.48693982]

rule19: superplasticizer > 10.393
probabilities_array:[0.         0.50146496 0.498535  ]

rule5: 17.538 < blast_furnace_slag < 77.408
probabilities_array:[0.        0.4660971 0.5339029]

rule6: 77.408 < blast_furnace_slag < 137.277
probabilities_array:[0.         0.4644864  0.53551364]

rule8: fly_ash < 9.992
probabilities_array:[0.         0.44446003 0.55553997]

rule13: 166.882 < water < 181.175
probabilities_array:[0.         0.41979322 0.58020675]

rule2: 282.462 < cement < 354.119
probabilities_array:[0.         0.38550162 0.6144984 ]

rule9: 9.992 < fly_ash < 53.168
probabilities_array:[0.00772713 0.34346303 0.64880985]

rule21: 917.790 < coarse_aggregate < 970.894
probabilities_array:[0.         0.31442434 0.68557566]

rule4: blast_furnace_slag < 17.538
probabilities_array:[0.         0.31439716 0.68560284]

rule7: blast_furnace_slag > 137.277
probabilities_array:[0.         0.26592588 0.7340741 ]

rule22: 970.894 < coarse_aggregate < 1023.998
probabilities_array:[0.        0.2504124 0.7495876]

rule10: 53.168 < fly_ash < 96.344
probabilities_array:[0.         0.22980313 0.77019686]

rule18: 6.238 < superplasticizer < 10.393
probabilities_array:[0.         0.20664993 0.7933501 ]

