R2: -54.28872614125315

MAE: 125.89864705882356

MSE: 16106.84214470588

Accuracy: 0.8294117647058824

F1: 0.8290331530031905

Confusion Matrix: [[133, 23], [35, 149]]

Uncertainties: {'class0': [0.11274036020040512, 0.23543378710746765, 0.2858966588973999, 0.33505523204803467, 0.45964890718460083], 'class1': [0.3147987425327301, 0.34469279646873474, 0.4160524010658264, 0.4211726188659668, 0.43191418051719666]}

Most important rules
-----------------------------

---0---
rule28: age < 2.314
probabilities_array:[0.88725966 0.         0.11274036]

rule29: 2.314 < age < 45.877
probabilities_array:[0.7645662  0.         0.23543379]

rule15: water > 196.411
probabilities_array:[0.71410334 0.         0.28589666]

rule27: fine_aggregate > 829.971
probabilities_array:[0.66494477 0.         0.33505523]

rule0: cement < 210.546
probabilities_array:[0.5403511 0.        0.4596489]

rule14: 181.818 < water < 196.411
probabilities_array:[0.47096038 0.         0.5290396 ]

rule16: superplasticizer < 2.146
probabilities_array:[0.40527079 0.         0.5947292 ]

rule9: 11.070 < fly_ash < 54.412
probabilities_array:[0.3790819 0.        0.6209181]

rule26: 774.877 < fine_aggregate < 829.971
probabilities_array:[0.23781882 0.         0.76218116]


---1---
rule3: cement > 351.778
probabilities_array:[0.         0.6852013  0.31479874]

rule31: age > 89.440
probabilities_array:[0.         0.65530723 0.3446928 ]

rule24: fine_aggregate < 719.783
probabilities_array:[0.        0.5839476 0.4160524]

rule30: 45.877 < age < 89.440
probabilities_array:[0.         0.5788274  0.42117262]

rule10: 54.412 < fly_ash < 97.755
probabilities_array:[0.         0.5680858  0.43191418]

rule6: 72.649 < blast_furnace_slag < 130.324
probabilities_array:[0.         0.47276768 0.5272323 ]

rule20: coarse_aggregate < 918.195
probabilities_array:[0.         0.46033537 0.5396646 ]

rule8: fly_ash < 11.070
probabilities_array:[0.         0.40203765 0.5979623 ]

rule19: superplasticizer > 10.198
probabilities_array:[0.        0.3868565 0.6131435]

rule12: water < 167.225
probabilities_array:[0.         0.37753513 0.6224649 ]

rule22: 971.012 < coarse_aggregate < 1023.829
probabilities_array:[0.         0.36897525 0.6310247 ]

rule5: 14.974 < blast_furnace_slag < 72.649
probabilities_array:[0.         0.36426008 0.6357399 ]

rule17: 2.146 < superplasticizer < 6.172
probabilities_array:[0.        0.3573988 0.6426012]

rule13: 167.225 < water < 181.818
probabilities_array:[0.        0.3484424 0.6515576]

rule7: blast_furnace_slag > 130.324
probabilities_array:[0.        0.3423296 0.6576704]

rule2: 281.162 < cement < 351.778
probabilities_array:[0.         0.30814168 0.6918583 ]

rule21: 918.195 < coarse_aggregate < 971.012
probabilities_array:[0.        0.3012574 0.6987426]

rule18: 6.172 < superplasticizer < 10.198
probabilities_array:[0.         0.28860998 0.71139   ]

rule4: blast_furnace_slag < 14.974
probabilities_array:[0.        0.2330181 0.7669819]

