R2: -54.39681000408157

MAE: 125.20591176470592

MSE: 15907.008579117648

Accuracy: 0.8205882352941176

F1: 0.820512154806103

Confusion Matrix: [[136, 27], [34, 143]]

Uncertainties: {'class0': [0.0787915363907814, 0.23111125826835632, 0.36956191062927246, 0.37560972571372986, 0.37821251153945923], 'class1': [0.42158645391464233, 0.43741515278816223, 0.4511466324329376, 0.45146065950393677, 0.4661431312561035]}

Most important rules
-----------------------------

---0---
rule28: age < 1.701
probabilities_array:[0.92120844 0.         0.07879154]

rule29: 1.701 < age < 43.735
probabilities_array:[0.7688887  0.         0.23111126]

rule27: fine_aggregate > 828.891
probabilities_array:[0.6304381 0.        0.3695619]

rule0: cement < 211.100
probabilities_array:[0.62439024 0.         0.37560973]

rule15: water > 195.089
probabilities_array:[0.6217875 0.        0.3782125]

rule16: superplasticizer < 2.183
probabilities_array:[0.48290437 0.         0.5170956 ]

rule14: 180.959 < water < 195.089
probabilities_array:[0.3937739 0.        0.6062261]

rule26: 775.296 < fine_aggregate < 828.891
probabilities_array:[0.30545315 0.00102129 0.69352555]


---1---
rule3: cement > 351.763
probabilities_array:[0.         0.57841355 0.42158645]

rule31: age > 85.769
probabilities_array:[0.         0.5625849  0.43741515]

rule20: coarse_aggregate < 919.820
probabilities_array:[0.         0.5488534  0.45114663]

rule24: fine_aggregate < 721.701
probabilities_array:[0.         0.54853934 0.45146066]

rule30: 43.735 < age < 85.769
probabilities_array:[0.         0.53385687 0.46614313]

rule6: 73.404 < blast_furnace_slag < 131.407
probabilities_array:[0.        0.5247757 0.4752243]

rule8: fly_ash < 11.233
probabilities_array:[0.         0.4977315  0.50226843]

rule2: 281.432 < cement < 351.763
probabilities_array:[0.        0.4900143 0.5099857]

rule19: superplasticizer > 10.409
probabilities_array:[0.        0.4834098 0.5165902]

rule12: water < 166.828
probabilities_array:[0.         0.46631157 0.5336884 ]

rule10: 54.269 < fly_ash < 97.305
probabilities_array:[0.        0.4611689 0.5388311]

rule7: blast_furnace_slag > 131.407
probabilities_array:[0.        0.3845414 0.6154586]

rule21: 919.820 < coarse_aggregate < 972.924
probabilities_array:[0.         0.37418893 0.6258111 ]

rule22: 972.924 < coarse_aggregate < 1026.028
probabilities_array:[0.         0.3718824  0.62811756]

rule18: 6.296 < superplasticizer < 10.409
probabilities_array:[0.         0.34163254 0.65836746]

rule13: 166.828 < water < 180.959
probabilities_array:[0.00068244 0.3221111  0.67720646]

rule5: 15.402 < blast_furnace_slag < 73.404
probabilities_array:[0.0407887  0.29724696 0.6619643 ]

rule9: 11.233 < fly_ash < 54.269
probabilities_array:[0.         0.28896892 0.7110311 ]

