R2: -58.522964505169114

MAE: 125.75

MSE: 16027.201411764707

Accuracy: 0.8411764705882353

F1: 0.8409783813747227

Confusion Matrix: [[137, 23], [31, 149]]

Uncertainties: {'class0': [0.08662912994623184, 0.2976760268211365, 0.3803338408470154, 0.4274947941303253, 0.46410003304481506], 'class1': [0.25807926058769226, 0.30252155661582947, 0.3515605032444, 0.41093337535858154, 0.43325257301330566]}

Most important rules
-----------------------------

---0---
rule28: age < 1.756
probabilities_array:[0.91337085 0.         0.08662913]

rule29: 1.756 < age < 46.161
probabilities_array:[0.702324   0.         0.29767603]

rule27: fine_aggregate > 826.814
probabilities_array:[0.61966616 0.         0.38033384]

rule15: water > 195.991
probabilities_array:[0.5725052 0.        0.4274948]

rule0: cement < 212.509
probabilities_array:[0.53589994 0.         0.46410003]

rule16: superplasticizer < 2.070
probabilities_array:[0.3811198  0.00255221 0.616328  ]

rule14: 181.655 < water < 195.991
probabilities_array:[0.27802545 0.         0.72197455]


---1---
rule31: age > 90.566
probabilities_array:[0.         0.74192077 0.25807926]

rule3: cement > 352.192
probabilities_array:[0.         0.6974785  0.30252156]

rule30: 46.161 < age < 90.566
probabilities_array:[0.        0.6484395 0.3515605]

rule24: fine_aggregate < 718.924
probabilities_array:[0.         0.5890666  0.41093338]

rule12: water < 167.319
probabilities_array:[0.         0.5667474  0.43325257]

rule20: coarse_aggregate < 919.943
probabilities_array:[0.         0.46974468 0.5302553 ]

rule18: 6.087 < superplasticizer < 10.104
probabilities_array:[0.         0.41893694 0.5810631 ]

rule8: fly_ash < 10.106
probabilities_array:[0.00728885 0.4069812  0.5857299 ]

rule19: superplasticizer > 10.104
probabilities_array:[0.         0.39521703 0.604783  ]

rule6: 73.371 < blast_furnace_slag < 131.870
probabilities_array:[0.         0.39436457 0.60563546]

rule17: 2.070 < superplasticizer < 6.087
probabilities_array:[0.         0.38425848 0.61574155]

rule10: 53.547 < fly_ash < 96.988
probabilities_array:[0.        0.3562795 0.6437205]

rule13: 167.319 < water < 181.655
probabilities_array:[0.         0.35236987 0.64763016]

rule2: 282.350 < cement < 352.192
probabilities_array:[0.         0.33128774 0.66871226]

