R2: -55.796093115283036

MAE: 125.15847058823529

MSE: 16045.238347058823

Accuracy: 0.8470588235294118

F1: 0.8470535312640576

Confusion Matrix: [[145, 32], [20, 143]]

Uncertainties: {'class0': [0.036589402705430984, 0.27624616026878357, 0.39857372641563416, 0.41860994696617126, 0.4304616451263428], 'class1': [0.17898888885974884, 0.24769899249076843, 0.25429385900497437, 0.28900885581970215, 0.35436663031578064]}

Most important rules
-----------------------------

---0---
rule28: age < 3.446
probabilities_array:[0.9634106 0.        0.0365894]

rule15: water > 196.571
probabilities_array:[0.72375387 0.         0.27624616]

rule29: 3.446 < age < 46.046
probabilities_array:[0.6014263  0.         0.39857373]

rule0: cement < 208.676
probabilities_array:[0.58139    0.         0.41860995]

rule27: fine_aggregate > 826.241
probabilities_array:[0.56953835 0.         0.43046165]

rule14: 182.114 < water < 196.571
probabilities_array:[0.54194367 0.         0.45805636]

rule16: superplasticizer < 2.215
probabilities_array:[0.48800847 0.         0.51199156]

rule10: 52.629 < fly_ash < 95.353
probabilities_array:[0.34643003 0.01214835 0.6414216 ]

rule9: 9.906 < fly_ash < 52.629
probabilities_array:[0.20159489 0.11544205 0.6829631 ]

rule4: blast_furnace_slag < 18.669
probabilities_array:[0.23707435 0.01215679 0.75076884]

rule7: blast_furnace_slag > 135.790
probabilities_array:[0.20508616 0.04838739 0.7465264 ]


---1---
rule31: age > 88.647
probabilities_array:[0.         0.8210111  0.17898889]

rule30: 46.046 < age < 88.647
probabilities_array:[0.         0.75230104 0.24769899]

rule24: fine_aggregate < 717.169
probabilities_array:[0.         0.74570614 0.25429386]

rule3: cement > 351.856
probabilities_array:[0.         0.71099114 0.28900886]

rule12: water < 167.656
probabilities_array:[0.         0.64563334 0.35436663]

rule20: coarse_aggregate < 920.476
probabilities_array:[0.         0.4973385  0.50266147]

rule6: 77.229 < blast_furnace_slag < 135.790
probabilities_array:[0.         0.48509347 0.5149065 ]

rule8: fly_ash < 9.906
probabilities_array:[0.         0.48087212 0.51912785]

rule2: 280.266 < cement < 351.856
probabilities_array:[0.         0.4459528  0.55404717]

rule19: superplasticizer > 10.099
probabilities_array:[0.         0.42886245 0.57113755]

rule17: 2.215 < superplasticizer < 6.157
probabilities_array:[0.         0.3580033  0.64199674]

rule18: 6.157 < superplasticizer < 10.099
probabilities_array:[0.         0.35427347 0.64572656]

rule13: 167.656 < water < 182.114
probabilities_array:[0.         0.29799363 0.7020064 ]

rule21: 920.476 < coarse_aggregate < 972.934
probabilities_array:[0.        0.2638115 0.7361885]

rule5: 18.669 < blast_furnace_slag < 77.229
probabilities_array:[0.10283892 0.17145418 0.72570693]

