R2: -59.26746474861813

MAE: 125.45367647058822

MSE: 15988.519687941174

Accuracy: 0.861764705882353

F1: 0.8617348042396712

Confusion Matrix: [[149, 18], [29, 144]]

Uncertainties: {'class0': [0.09271572530269623, 0.235421285033226, 0.3894748389720917, 0.4175029397010803, 0.4382357895374298], 'class1': [0.3369162082672119, 0.36588531732559204, 0.42569637298583984, 0.42750662565231323, 0.45748260617256165]}

Most important rules
-----------------------------

---0---
rule28: age < 1.307
probabilities_array:[0.90728426 0.         0.09271573]

rule29: 1.307 < age < 47.970
probabilities_array:[0.7645787  0.         0.23542129]

rule15: water > 196.981
probabilities_array:[0.61052513 0.         0.38947484]

rule27: fine_aggregate > 828.114
probabilities_array:[0.58249706 0.         0.41750294]

rule0: cement < 211.699
probabilities_array:[0.56176424 0.         0.4382358 ]

rule16: superplasticizer < 2.193
probabilities_array:[0.4716174 0.        0.5283826]

rule14: 182.044 < water < 196.981
probabilities_array:[0.33253133 0.         0.66746867]

rule1: 211.699 < cement < 281.735
probabilities_array:[0.24644102 0.         0.753559  ]


---1---
rule31: age > 94.632
probabilities_array:[0.        0.6630838 0.3369162]

rule3: cement > 351.771
probabilities_array:[0.         0.6341147  0.36588532]

rule24: fine_aggregate < 717.544
probabilities_array:[0.         0.5743036  0.42569637]

rule20: coarse_aggregate < 918.784
probabilities_array:[0.         0.5724934  0.42750663]

rule30: 47.970 < age < 94.632
probabilities_array:[0.         0.54251736 0.4574826 ]

rule12: water < 167.107
probabilities_array:[0.         0.46745735 0.53254265]

rule21: 918.784 < coarse_aggregate < 971.964
probabilities_array:[0.         0.4370757  0.56292427]

rule8: fly_ash < 10.917
probabilities_array:[0.         0.43609262 0.5639074 ]

rule22: 971.964 < coarse_aggregate < 1025.144
probabilities_array:[0.         0.40230635 0.5976936 ]

rule13: 167.107 < water < 182.044
probabilities_array:[0.         0.37329495 0.62670505]

rule6: 73.210 < blast_furnace_slag < 131.731
probabilities_array:[0.         0.35993052 0.6400695 ]

rule10: 53.939 < fly_ash < 96.961
probabilities_array:[0.        0.3598023 0.6401977]

rule2: 281.735 < cement < 351.771
probabilities_array:[0.        0.3437217 0.6562783]

rule19: superplasticizer > 10.033
probabilities_array:[0.         0.31895357 0.6810464 ]

rule18: 6.113 < superplasticizer < 10.033
probabilities_array:[0.         0.31361482 0.6863852 ]

rule5: 14.690 < blast_furnace_slag < 73.210
probabilities_array:[0.0358126  0.27589083 0.6882965 ]

