R2: -55.54627649308981

MAE: 124.71750000000002

MSE: 15792.16630970588

Accuracy: 0.7970588235294118

F1: 0.7951288522500022

Confusion Matrix: [[119, 43], [26, 152]]

Uncertainties: {'class0': [0.33214715123176575, 0.3428814113140106, 0.36049142479896545, 0.37612420320510864, 0.5498672723770142], 'class1': [0.17400982975959778, 0.31517675518989563, 0.3752491772174835, 0.4615764617919922, 0.47643572092056274]}

Most important rules
-----------------------------

---0---
rule27: fine_aggregate > 826.897
probabilities_array:[0.6678529  0.         0.33214715]

rule0: cement < 210.964
probabilities_array:[0.65711856 0.         0.3428814 ]

rule29: 2.958 < age < 46.167
probabilities_array:[0.6395086  0.         0.36049142]

rule15: water > 197.660
probabilities_array:[0.6238758 0.        0.3761242]

rule16: superplasticizer < 1.812
probabilities_array:[0.4501327 0.        0.5498673]

rule14: 182.792 < water < 197.660
probabilities_array:[0.44559783 0.         0.5544022 ]

rule26: 772.378 < fine_aggregate < 826.897
probabilities_array:[0.3848453 0.        0.6151547]

rule25: 717.859 < fine_aggregate < 772.378
probabilities_array:[0.31471068 0.         0.6852893 ]


---1---
rule31: age > 89.375
probabilities_array:[0.         0.8259902  0.17400983]

rule30: 46.167 < age < 89.375
probabilities_array:[0.         0.6848232  0.31517676]

rule3: cement > 353.656
probabilities_array:[0.         0.62475085 0.37524918]

rule24: fine_aggregate < 717.859
probabilities_array:[0.         0.53842354 0.46157646]

rule12: water < 167.923
probabilities_array:[0.         0.5235643  0.47643572]

rule19: superplasticizer > 9.908
probabilities_array:[0.         0.49291378 0.5070862 ]

rule8: fly_ash < 8.927
probabilities_array:[0.         0.48094007 0.5190599 ]

rule20: coarse_aggregate < 919.408
probabilities_array:[0.         0.47112226 0.52887774]

rule6: 72.511 < blast_furnace_slag < 130.684
probabilities_array:[0.         0.45521057 0.54478943]

rule21: 919.408 < coarse_aggregate < 972.846
probabilities_array:[0.         0.4188291  0.58117086]

rule17: 1.812 < superplasticizer < 5.860
probabilities_array:[0.         0.38375917 0.6162408 ]

rule18: 5.860 < superplasticizer < 9.908
probabilities_array:[0.         0.36783206 0.63216794]

rule22: 972.846 < coarse_aggregate < 1026.284
probabilities_array:[0.         0.28566456 0.71433544]

rule5: 14.338 < blast_furnace_slag < 72.511
probabilities_array:[0.02311169 0.265069   0.7118193 ]

rule7: blast_furnace_slag > 130.684
probabilities_array:[0.         0.26033676 0.73966324]

rule13: 167.923 < water < 182.792
probabilities_array:[0.         0.25498834 0.7450117 ]

