R2: -53.2581171453857

MAE: 123.57064705882354

MSE: 15528.724324705881

Accuracy: 0.8705882352941177

F1: 0.87022450466706

Confusion Matrix: [[157, 13], [31, 139]]

Uncertainties: {'class0': [0.01487073302268982, 0.18830831348896027, 0.2626766264438629, 0.46050673723220825, 0.466987282037735], 'class1': [0.11449918150901794, 0.18190538883209229, 0.24160124361515045, 0.28842583298683167, 0.33675631880760193]}

Most important rules
-----------------------------

---0---
rule28: age < 3.253
probabilities_array:[0.9851293  0.         0.01487073]

rule0: cement < 215.048
probabilities_array:[0.8116917  0.         0.18830831]

rule15: water > 197.020
probabilities_array:[0.7373234  0.         0.26267663]

rule29: 3.253 < age < 46.962
probabilities_array:[0.53949326 0.         0.46050674]

rule27: fine_aggregate > 823.740
probabilities_array:[0.5164565  0.01655621 0.46698728]

rule14: 182.742 < water < 197.020
probabilities_array:[0.51392657 0.         0.48607346]

rule1: 215.048 < cement < 284.859
probabilities_array:[0.4834532 0.        0.5165468]

rule16: superplasticizer < 2.141
probabilities_array:[0.43463758 0.         0.56536245]

rule26: 769.608 < fine_aggregate < 823.740
probabilities_array:[0.34410185 0.02730319 0.628595  ]

rule25: 715.476 < fine_aggregate < 769.608
probabilities_array:[0.2610408  0.05601465 0.68294454]


---1---
rule31: age > 90.672
probabilities_array:[0.         0.88550085 0.11449918]

rule9: 9.593 < fly_ash < 52.809
probabilities_array:[0.         0.8180946  0.18190539]

rule30: 46.962 < age < 90.672
probabilities_array:[0.         0.7583988  0.24160124]

rule3: cement > 354.670
probabilities_array:[0.         0.71157414 0.28842583]

rule12: water < 168.464
probabilities_array:[0.         0.66324365 0.33675632]

rule6: 72.893 < blast_furnace_slag < 131.244
probabilities_array:[0.         0.5863892  0.41361082]

rule7: blast_furnace_slag > 131.244
probabilities_array:[0.         0.5374162  0.46258375]

rule20: coarse_aggregate < 919.748
probabilities_array:[0.         0.44026923 0.55973077]

rule8: fly_ash < 9.593
probabilities_array:[0.         0.43849617 0.5615038 ]

rule24: fine_aggregate < 715.476
probabilities_array:[0.        0.4100042 0.5899958]

rule19: superplasticizer > 10.029
probabilities_array:[0.         0.38416037 0.6158396 ]

rule21: 919.748 < coarse_aggregate < 971.816
probabilities_array:[0.         0.37908104 0.6209189 ]

rule5: 14.543 < blast_furnace_slag < 72.893
probabilities_array:[0.         0.37674588 0.6232541 ]

rule10: 52.809 < fly_ash < 96.024
probabilities_array:[0.         0.32391757 0.67608243]

rule11: fly_ash > 96.024
probabilities_array:[0.         0.28485984 0.71514016]

rule18: 6.085 < superplasticizer < 10.029
probabilities_array:[0.         0.28425077 0.7157492 ]

rule13: 168.464 < water < 182.742
probabilities_array:[0.01300264 0.26698342 0.7200139 ]

rule22: 971.816 < coarse_aggregate < 1023.883
probabilities_array:[0.         0.24454063 0.75545937]

rule17: 2.141 < superplasticizer < 6.085
probabilities_array:[0.00407968 0.22592612 0.7699942 ]

rule23: coarse_aggregate > 1023.883
probabilities_array:[0.         0.21840361 0.7815964 ]

rule2: 284.859 < cement < 354.670
probabilities_array:[0.04441817 0.18747424 0.7681076 ]

