R2: -59.166941222850234

MAE: 123.5924705882353

MSE: 15539.952021176472

Accuracy: 0.8558823529411764

F1: 0.8556013001083425

Confusion Matrix: [[138, 22], [27, 153]]

Uncertainties: {'class0': [0.12950918078422546, 0.3068414330482483, 0.3394952714443207, 0.3616830110549927, 0.45371904969215393], 'class1': [0.3439634442329407, 0.36769813299179077, 0.4182029664516449, 0.462142676115036, 0.47520333528518677]}

Most important rules
-----------------------------

---0---
rule28: age < 2.948
probabilities_array:[0.87049085 0.         0.12950918]

rule29: 2.948 < age < 45.278
probabilities_array:[0.69315857 0.         0.30684143]

rule27: fine_aggregate > 827.944
probabilities_array:[0.6605047  0.         0.33949527]

rule0: cement < 210.915
probabilities_array:[0.638317 0.       0.361683]

rule15: water > 195.482
probabilities_array:[0.5462809  0.         0.45371905]

rule16: superplasticizer < 2.078
probabilities_array:[0.43167096 0.         0.56832904]

rule26: 773.622 < fine_aggregate < 827.944
probabilities_array:[0.38088936 0.         0.61911064]

rule1: 210.915 < cement < 281.688
probabilities_array:[0.32530504 0.         0.67469496]

rule14: 181.330 < water < 195.482
probabilities_array:[0.30674073 0.         0.69325924]

rule25: 719.300 < fine_aggregate < 773.622
probabilities_array:[0.27045932 0.         0.72954065]


---1---
rule31: age > 87.608
probabilities_array:[0.         0.65603656 0.34396344]

rule3: cement > 352.460
probabilities_array:[0.         0.63230187 0.36769813]

rule30: 45.278 < age < 87.608
probabilities_array:[0.         0.581797   0.41820297]

rule24: fine_aggregate < 719.300
probabilities_array:[0.         0.5378573  0.46214268]

rule8: fly_ash < 10.352
probabilities_array:[0.         0.52479666 0.47520334]

rule19: superplasticizer > 10.048
probabilities_array:[0.         0.5094709  0.49052912]

rule12: water < 167.178
probabilities_array:[0.        0.5012427 0.4987573]

rule10: 53.014 < fly_ash < 95.676
probabilities_array:[0.         0.45667195 0.54332805]

rule6: 73.828 < blast_furnace_slag < 133.373
probabilities_array:[0.        0.4382265 0.5617735]

rule17: 2.078 < superplasticizer < 6.063
probabilities_array:[0.        0.4375975 0.5624025]

rule22: 974.855 < coarse_aggregate < 1028.051
probabilities_array:[0.        0.3904407 0.6095593]

rule20: coarse_aggregate < 921.660
probabilities_array:[0.         0.37989843 0.6201016 ]

rule13: 167.178 < water < 181.330
probabilities_array:[0.         0.32434112 0.6756589 ]

rule2: 281.688 < cement < 352.460
probabilities_array:[0.        0.3170139 0.6829861]

rule9: 10.352 < fly_ash < 53.014
probabilities_array:[0.        0.2915861 0.7084139]

rule18: 6.063 < superplasticizer < 10.048
probabilities_array:[0.         0.28351673 0.71648324]

rule21: 921.660 < coarse_aggregate < 974.855
probabilities_array:[0.         0.26954374 0.7304563 ]

rule7: blast_furnace_slag > 133.373
probabilities_array:[0.         0.20462394 0.79537606]

