R2: -54.126848824841815

MAE: 125.26105882352942

MSE: 15931.761995294115

Accuracy: 0.8441176470588235

F1: 0.843889423118573

Confusion Matrix: [[150, 33], [20, 137]]

Uncertainties: {'class0': [0.10702574253082275, 0.32902565598487854, 0.3355861008167267, 0.37064293026924133, 0.4158954620361328], 'class1': [0.21509809792041779, 0.28052544593811035, 0.4315479099750519, 0.4346758723258972, 0.4855160713195801]}

Most important rules
-----------------------------

---0---
rule28: age < 2.322
probabilities_array:[0.89297426 0.         0.10702574]

rule29: 2.322 < age < 46.284
probabilities_array:[0.6709744  0.         0.32902566]

rule0: cement < 211.042
probabilities_array:[0.66441387 0.         0.3355861 ]

rule27: fine_aggregate > 828.422
probabilities_array:[0.62935704 0.         0.37064293]

rule15: water > 196.934
probabilities_array:[0.58410454 0.         0.41589546]

rule16: superplasticizer < 2.235
probabilities_array:[0.38922444 0.         0.61077553]

rule1: 211.042 < cement < 280.998
probabilities_array:[0.31060523 0.         0.6893948 ]

rule14: 182.307 < water < 196.934
probabilities_array:[0.2643691  0.01328408 0.7223468 ]

rule26: 772.734 < fine_aggregate < 828.422
probabilities_array:[0.22632173 0.00319392 0.7704844 ]


---1---
rule31: age > 90.246
probabilities_array:[0.        0.7849019 0.2150981]

rule30: 46.284 < age < 90.246
probabilities_array:[0.         0.71947455 0.28052545]

rule24: fine_aggregate < 717.045
probabilities_array:[0.        0.5684521 0.4315479]

rule12: water < 167.681
probabilities_array:[0.         0.5653241  0.43467587]

rule3: cement > 350.954
probabilities_array:[0.         0.5144839  0.48551607]

rule20: coarse_aggregate < 918.717
probabilities_array:[0.         0.5020723  0.49792773]

rule8: fly_ash < 10.922
probabilities_array:[0.       0.465095 0.534905]

rule13: 167.681 < water < 182.307
probabilities_array:[0.      0.42544 0.57456]

rule5: 16.556 < blast_furnace_slag < 76.098
probabilities_array:[0.         0.41411236 0.5858876 ]

rule19: superplasticizer > 10.218
probabilities_array:[0.         0.36846954 0.63153046]

rule9: 10.922 < fly_ash < 53.673
probabilities_array:[0.         0.33727193 0.6627281 ]

rule18: 6.227 < superplasticizer < 10.218
probabilities_array:[0.         0.33574703 0.664253  ]

rule10: 53.673 < fly_ash < 96.424
probabilities_array:[0.        0.3163506 0.6836494]

rule6: 76.098 < blast_furnace_slag < 135.640
probabilities_array:[0.         0.31486544 0.68513453]

rule22: 971.247 < coarse_aggregate < 1023.777
probabilities_array:[0.         0.30562624 0.6943738 ]

rule21: 918.717 < coarse_aggregate < 971.247
probabilities_array:[0.         0.28568447 0.71431553]

rule17: 2.235 < superplasticizer < 6.227
probabilities_array:[0.        0.2444493 0.7555507]

