R2: -56.70166971397777

MAE: 125.8835

MSE: 16126.12980382353

Accuracy: 0.8705882352941177

F1: 0.8703010126231099

Confusion Matrix: [[140, 16], [28, 156]]

Uncertainties: {'class0': [0.05836860463023186, 0.2223561406135559, 0.27477991580963135, 0.36483868956565857, 0.4591333568096161], 'class1': [0.17957915365695953, 0.25622397661209106, 0.30272436141967773, 0.41846132278442383, 0.4501326382160187]}

Most important rules
-----------------------------

---0---
rule28: age < 3.389
probabilities_array:[0.9416314 0.        0.0583686]

rule15: water > 195.531
probabilities_array:[0.77764386 0.         0.22235614]

rule0: cement < 207.801
probabilities_array:[0.7252201  0.         0.27477992]

rule27: fine_aggregate > 827.669
probabilities_array:[0.6351613 0.        0.3648387]

rule29: 3.389 < age < 44.171
probabilities_array:[0.5408666  0.         0.45913336]

rule14: 181.023 < water < 195.531
probabilities_array:[0.5266993 0.        0.4733007]

rule16: superplasticizer < 2.186
probabilities_array:[0.45399538 0.         0.54600465]

rule1: 207.801 < cement < 277.384
probabilities_array:[0.29354346 0.         0.70645654]

rule26: 774.100 < fine_aggregate < 827.669
probabilities_array:[0.24825211 0.02142447 0.7303234 ]


---1---
rule31: age > 84.953
probabilities_array:[0.         0.82042086 0.17957915]

rule3: cement > 346.967
probabilities_array:[0.         0.743776   0.25622398]

rule30: 44.171 < age < 84.953
probabilities_array:[0.         0.69727564 0.30272436]

rule9: 11.910 < fly_ash < 55.380
probabilities_array:[0.         0.5815387  0.41846132]

rule24: fine_aggregate < 720.530
probabilities_array:[0.         0.5498674  0.45013264]

rule19: superplasticizer > 10.245
probabilities_array:[0.         0.49902353 0.5009765 ]

rule12: water < 166.515
probabilities_array:[0.         0.47326335 0.5267366 ]

rule10: 55.380 < fly_ash < 98.850
probabilities_array:[0.         0.47104746 0.52895254]

rule6: 74.103 < blast_furnace_slag < 132.787
probabilities_array:[0.        0.4693398 0.5306602]

rule18: 6.216 < superplasticizer < 10.245
probabilities_array:[0.         0.46314907 0.5368509 ]

rule8: fly_ash < 11.910
probabilities_array:[0.         0.45292622 0.5470738 ]

rule20: coarse_aggregate < 922.819
probabilities_array:[0.         0.43834403 0.561656  ]

rule2: 277.384 < cement < 346.967
probabilities_array:[0.         0.42384335 0.5761566 ]

rule17: 2.186 < superplasticizer < 6.216
probabilities_array:[0.         0.33511207 0.66488796]

rule11: fly_ash > 98.850
probabilities_array:[0.         0.26623192 0.73376805]

rule5: 15.419 < blast_furnace_slag < 74.103
probabilities_array:[0.04511255 0.21038494 0.74450254]

rule21: 922.819 < coarse_aggregate < 975.047
probabilities_array:[0.         0.21022914 0.78977084]

rule7: blast_furnace_slag > 132.787
probabilities_array:[0.         0.20816258 0.79183745]

