R2: -53.29137375687984

MAE: 125.46897058823528

MSE: 16016.636919117647

Accuracy: 0.8441176470588235

F1: 0.8440083449475844

Confusion Matrix: [[148, 23], [30, 139]]

Uncertainties: {'class0': [0.12292207032442093, 0.3049513101577759, 0.32800549268722534, 0.35838884115219116, 0.4232546091079712], 'class1': [0.33054718375205994, 0.3650793731212616, 0.43483802676200867, 0.47411713004112244, 0.49388715624809265]}

Most important rules
-----------------------------

---0---
rule28: age < 2.384
probabilities_array:[0.87707794 0.         0.12292207]

rule0: cement < 212.775
probabilities_array:[0.6950487 0.        0.3049513]

rule29: 2.384 < age < 45.632
probabilities_array:[0.6719945 0.        0.3280055]

rule27: fine_aggregate > 827.219
probabilities_array:[0.64161116 0.         0.35838884]

rule15: water > 195.852
probabilities_array:[0.5767454 0.        0.4232546]

rule16: superplasticizer < 2.218
probabilities_array:[0.5494835  0.         0.45051652]

rule14: 181.384 < water < 195.852
probabilities_array:[0.29880324 0.04550061 0.65569615]

rule1: 212.775 < cement < 284.001
probabilities_array:[0.2549551 0.        0.7450449]

rule25: 718.955 < fine_aggregate < 773.087
probabilities_array:[2.5028536e-01 1.5127355e-04 7.4956334e-01]

rule26: 773.087 < fine_aggregate < 827.219
probabilities_array:[0.2481393 0.00258   0.7492807]


---1---
rule31: age > 88.880
probabilities_array:[0.         0.6694528  0.33054718]

rule9: 9.263 < fly_ash < 51.894
probabilities_array:[0.         0.63492066 0.36507937]

rule24: fine_aggregate < 718.955
probabilities_array:[0.         0.56516194 0.43483803]

rule3: cement > 355.226
probabilities_array:[0.         0.5258829  0.47411713]

rule20: coarse_aggregate < 919.299
probabilities_array:[0.         0.5061129  0.49388716]

rule8: fly_ash < 9.263
probabilities_array:[0.        0.4834828 0.5165172]

rule19: superplasticizer > 10.153
probabilities_array:[0.         0.45115268 0.5488473 ]

rule30: 45.632 < age < 88.880
probabilities_array:[0.         0.44164586 0.55835414]

rule13: 166.916 < water < 181.384
probabilities_array:[0.         0.44137162 0.5586284 ]

rule12: water < 166.916
probabilities_array:[0.         0.43689916 0.5631008 ]

rule17: 2.218 < superplasticizer < 6.185
probabilities_array:[0.         0.39435306 0.6056469 ]

rule6: 74.372 < blast_furnace_slag < 131.735
probabilities_array:[0.         0.37760767 0.6223923 ]

rule2: 284.001 < cement < 355.226
probabilities_array:[0.01149312 0.35193104 0.6365759 ]

rule21: 919.299 < coarse_aggregate < 972.399
probabilities_array:[0.         0.33854732 0.66145265]

rule18: 6.185 < superplasticizer < 10.153
probabilities_array:[0.         0.31885946 0.68114054]

rule10: 51.894 < fly_ash < 94.525
probabilities_array:[0.        0.3021594 0.6978406]

rule5: 17.008 < blast_furnace_slag < 74.372
probabilities_array:[0.01012852 0.22912695 0.76074463]

rule22: 972.399 < coarse_aggregate < 1025.500
probabilities_array:[0.         0.20142666 0.7985734 ]

