R2: -49.98399653254785

MAE: 125.2450294117647

MSE: 15939.773507941174

Accuracy: 0.8794117647058823

F1: 0.879109538552263

Confusion Matrix: [[141, 19], [22, 158]]

Uncertainties: {'class0': [0.04916971176862717, 0.2028006762266159, 0.29379624128341675, 0.3998219966888428, 0.5010315775871277], 'class1': [0.14905937016010284, 0.2237771600484848, 0.22454455494880676, 0.4692869186401367, 0.47095030546188354]}

Most important rules
-----------------------------

---0---
rule28: age < 3.085
probabilities_array:[0.9508303  0.         0.04916971]

rule15: water > 195.751
probabilities_array:[0.7971993  0.         0.20280068]

rule27: fine_aggregate > 828.549
probabilities_array:[7.0619422e-01 9.5574542e-06 2.9379624e-01]

rule0: cement < 211.518
probabilities_array:[0.600178 0.       0.399822]

rule16: superplasticizer < 2.080
probabilities_array:[0.4989684 0.        0.5010316]

rule29: 3.085 < age < 44.233
probabilities_array:[0.4782121  0.         0.52178794]

rule14: 181.523 < water < 195.751
probabilities_array:[0.46718454 0.         0.53281546]

rule26: 774.483 < fine_aggregate < 828.549
probabilities_array:[0.3785395  0.02230363 0.5991569 ]

rule25: 720.418 < fine_aggregate < 774.483
probabilities_array:[0.27528858 0.02353896 0.7011725 ]

rule11: fly_ash > 97.167
probabilities_array:[0.23622064 0.04211699 0.7216623 ]


---1---
rule31: age > 85.382
probabilities_array:[0.         0.85094064 0.14905937]

rule30: 44.233 < age < 85.382
probabilities_array:[0.         0.7762228  0.22377716]

rule3: cement > 352.110
probabilities_array:[0.         0.7754554  0.22454455]

rule24: fine_aggregate < 720.418
probabilities_array:[0.         0.5307131  0.46928692]

rule12: water < 167.296
probabilities_array:[0.        0.5290497 0.4709503]

rule20: coarse_aggregate < 922.429
probabilities_array:[0.         0.52520424 0.47479576]

rule19: superplasticizer > 10.292
probabilities_array:[0.         0.5220038  0.47799617]

rule6: 71.682 < blast_furnace_slag < 130.015
probabilities_array:[0.         0.5201393  0.47986072]

rule9: 10.170 < fly_ash < 53.668
probabilities_array:[0.        0.4968569 0.5031431]

rule2: 281.814 < cement < 352.110
probabilities_array:[0.        0.4681729 0.5318271]

rule17: 2.080 < superplasticizer < 6.186
probabilities_array:[0.         0.42949876 0.57050127]

rule8: fly_ash < 10.170
probabilities_array:[0.01717957 0.392133   0.5906874 ]

rule18: 6.186 < superplasticizer < 10.292
probabilities_array:[0.         0.34125286 0.65874714]

rule21: 922.429 < coarse_aggregate < 975.050
probabilities_array:[0.         0.33199602 0.668004  ]

rule10: 53.668 < fly_ash < 97.167
probabilities_array:[0.        0.3248909 0.6751091]

rule13: 167.296 < water < 181.523
probabilities_array:[0.         0.31919134 0.68080866]

rule22: 975.050 < coarse_aggregate < 1027.672
probabilities_array:[0.00539196 0.24808289 0.74652517]

rule5: 13.349 < blast_furnace_slag < 71.682
probabilities_array:[0.09711127 0.17695765 0.72593117]

