R2: -59.13060020717015

MAE: 126.38352941176473

MSE: 16177.774919411768

Accuracy: 0.8294117647058824

F1: 0.8270175438596491

Confusion Matrix: [[161, 26], [32, 121]]

Uncertainties: {'class0': [0.010568502359092236, 0.19050103425979614, 0.2634652554988861, 0.2953261733055115, 0.4410794973373413], 'class1': [0.22909364104270935, 0.31052401661872864, 0.33887508511543274, 0.34288960695266724, 0.4095670282840729]}

Most important rules
-----------------------------

---0---
rule28: age < 5.069
probabilities_array:[0.9894315 0.        0.0105685]

rule15: water > 196.019
probabilities_array:[0.80949897 0.         0.19050103]

rule29: 5.069 < age < 46.272
probabilities_array:[0.7365347  0.         0.26346526]

rule0: cement < 206.714
probabilities_array:[0.7046738  0.         0.29532617]

rule27: fine_aggregate > 829.519
probabilities_array:[0.54798836 0.01093214 0.4410795 ]

rule14: 181.410 < water < 196.019
probabilities_array:[0.4810004  0.         0.51899964]

rule16: superplasticizer < 2.491
probabilities_array:[0.4187872  0.         0.58121276]

rule4: blast_furnace_slag < 16.839
probabilities_array:[0.27227485 0.01096381 0.71676135]

rule1: 206.714 < cement < 276.819
probabilities_array:[0.22442888 0.         0.7755711 ]


---1---
rule31: age > 87.476
probabilities_array:[0.         0.7709064  0.22909364]

rule30: 46.272 < age < 87.476
probabilities_array:[0.         0.68947595 0.31052402]

rule3: cement > 346.924
probabilities_array:[0.         0.66112494 0.3388751 ]

rule24: fine_aggregate < 719.248
probabilities_array:[0.        0.6571104 0.3428896]

rule12: water < 166.802
probabilities_array:[0.         0.59043294 0.40956703]

rule20: coarse_aggregate < 916.283
probabilities_array:[0.        0.5876251 0.4123749]

rule6: 76.212 < blast_furnace_slag < 135.585
probabilities_array:[0.         0.51450014 0.4854999 ]

rule22: 968.274 < coarse_aggregate < 1020.266
probabilities_array:[0.         0.5041867  0.49581334]

rule21: 916.283 < coarse_aggregate < 968.274
probabilities_array:[0.         0.46359435 0.5364056 ]

rule9: 14.620 < fly_ash < 58.432
probabilities_array:[0.         0.46234113 0.5376589 ]

rule8: fly_ash < 14.620
probabilities_array:[0.        0.4337532 0.5662468]

rule19: superplasticizer > 10.326
probabilities_array:[0.         0.43156624 0.56843376]

rule2: 276.819 < cement < 346.924
probabilities_array:[0.         0.37608153 0.6239185 ]

rule5: 16.839 < blast_furnace_slag < 76.212
probabilities_array:[0.         0.34881935 0.6511807 ]

rule23: coarse_aggregate > 1020.266
probabilities_array:[0.        0.3449632 0.6550368]

rule18: 6.408 < superplasticizer < 10.326
probabilities_array:[0.         0.32607752 0.6739225 ]

rule17: 2.491 < superplasticizer < 6.408
probabilities_array:[0.         0.32600075 0.67399925]

rule13: 166.802 < water < 181.410
probabilities_array:[0.         0.26871836 0.73128164]

