R2: -56.71281349173569

MAE: 125.79894117647059

MSE: 16078.556559411765

Accuracy: 0.8529411764705882

F1: 0.8510809769087915

Confusion Matrix: [[164, 31], [19, 126]]

Uncertainties: {'class0': [0.012823479250073433, 0.23719149827957153, 0.2578966021537781, 0.3062092959880829, 0.4014109671115875], 'class1': [0.14114785194396973, 0.2397874891757965, 0.25554758310317993, 0.40209338068962097, 0.4464319348335266]}

Most important rules
-----------------------------

---0---
rule28: age < 3.025
probabilities_array:[0.98717654 0.         0.01282348]

rule15: water > 196.582
probabilities_array:[0.7628085 0.        0.2371915]

rule27: fine_aggregate > 826.516
probabilities_array:[0.7421034 0.        0.2578966]

rule0: cement < 210.406
probabilities_array:[0.69379073 0.         0.3062093 ]

rule29: 3.025 < age < 46.957
probabilities_array:[0.59858906 0.         0.40141097]

rule16: superplasticizer < 2.193
probabilities_array:[0.4334556 0.        0.5665444]

rule26: 772.574 < fine_aggregate < 826.516
probabilities_array:[0.42515448 0.         0.5748455 ]

rule25: 718.632 < fine_aggregate < 772.574
probabilities_array:[0.41470227 0.         0.5852977 ]

rule14: 181.961 < water < 196.582
probabilities_array:[0.37694708 0.         0.62305295]


---1---
rule31: age > 90.888
probabilities_array:[0.         0.85885215 0.14114785]

rule3: cement > 352.534
probabilities_array:[0.         0.76021254 0.23978749]

rule30: 46.957 < age < 90.888
probabilities_array:[0.         0.7444524  0.25554758]

rule12: water < 167.340
probabilities_array:[0.         0.59790665 0.40209338]

rule6: 74.511 < blast_furnace_slag < 132.543
probabilities_array:[0.         0.55356807 0.44643193]

rule20: coarse_aggregate < 919.676
probabilities_array:[0.        0.5164226 0.4835774]

rule24: fine_aggregate < 718.632
probabilities_array:[0.         0.50857705 0.49142295]

rule19: superplasticizer > 10.238
probabilities_array:[0.         0.47251922 0.5274808 ]

rule8: fly_ash < 11.340
probabilities_array:[0.        0.4420069 0.5579931]

rule22: 971.950 < coarse_aggregate < 1024.223
probabilities_array:[0.         0.42689234 0.57310766]

rule7: blast_furnace_slag > 132.543
probabilities_array:[0.         0.35452527 0.64547473]

rule18: 6.216 < superplasticizer < 10.238
probabilities_array:[0.         0.35260206 0.64739794]

rule21: 919.676 < coarse_aggregate < 971.950
probabilities_array:[0.         0.33720577 0.66279423]

rule13: 167.340 < water < 181.961
probabilities_array:[0.        0.3189566 0.6810434]

rule2: 281.470 < cement < 352.534
probabilities_array:[0.00195031 0.29398304 0.7040667 ]

rule5: 16.479 < blast_furnace_slag < 74.511
probabilities_array:[0.00626326 0.26357588 0.7301609 ]

rule10: 54.861 < fly_ash < 98.383
probabilities_array:[0.         0.23924372 0.7607563 ]

rule17: 2.193 < superplasticizer < 6.216
probabilities_array:[6.0804014e-05 2.3918942e-01 7.6074976e-01]

