R2: -56.39839285750923

MAE: 125.03797058823531

MSE: 15861.806313235296

Accuracy: 0.8147058823529412

F1: 0.8145117294053464

Confusion Matrix: [[144, 31], [32, 133]]

Uncertainties: {'class0': [0.016256075352430344, 0.26572972536087036, 0.3348141610622406, 0.3383599519729614, 0.36625605821609497], 'class1': [0.1872793734073639, 0.22510039806365967, 0.2820732891559601, 0.2996528148651123, 0.34066107869148254]}

Most important rules
-----------------------------

---0---
rule28: age < 5.390
probabilities_array:[0.9837439  0.         0.01625608]

rule15: water > 195.634
probabilities_array:[0.7342703  0.         0.26572973]

rule0: cement < 212.079
probabilities_array:[0.6651858  0.         0.33481416]

rule27: fine_aggregate > 827.249
probabilities_array:[0.66164005 0.         0.33835995]

rule29: 5.390 < age < 45.671
probabilities_array:[0.63374394 0.         0.36625606]

rule16: superplasticizer < 2.126
probabilities_array:[0.46457246 0.         0.5354275 ]

rule14: 181.311 < water < 195.634
probabilities_array:[0.40722433 0.         0.5927757 ]

rule26: 774.006 < fine_aggregate < 827.249
probabilities_array:[0.33408895 0.00473747 0.6611736 ]

rule1: 212.079 < cement < 281.698
probabilities_array:[0.3067149 0.        0.6932851]

rule11: fly_ash > 99.814
probabilities_array:[0.2555021  0.04550758 0.6989903 ]


---1---
rule31: age > 85.952
probabilities_array:[0.         0.8127206  0.18727937]

rule9: 12.239 < fly_ash < 56.027
probabilities_array:[0.        0.7748996 0.2251004]

rule30: 45.671 < age < 85.952
probabilities_array:[0.         0.71792674 0.2820733 ]

rule12: water < 166.988
probabilities_array:[0.        0.7003472 0.2996528]

rule3: cement > 351.317
probabilities_array:[0.         0.65933895 0.34066108]

rule20: coarse_aggregate < 919.077
probabilities_array:[0.         0.56594765 0.43405238]

rule24: fine_aggregate < 720.763
probabilities_array:[0.         0.55791426 0.44208574]

rule6: 72.036 < blast_furnace_slag < 130.781
probabilities_array:[0.         0.5325221  0.46747795]

rule19: superplasticizer > 10.085
probabilities_array:[0.         0.52229965 0.47770038]

rule18: 6.106 < superplasticizer < 10.085
probabilities_array:[0.        0.5114739 0.4885261]

rule17: 2.126 < superplasticizer < 6.106
probabilities_array:[0.         0.502384   0.49761602]

rule8: fly_ash < 12.239
probabilities_array:[0.         0.46167684 0.53832316]

rule21: 919.077 < coarse_aggregate < 972.151
probabilities_array:[0.         0.4464936  0.55350643]

rule2: 281.698 < cement < 351.317
probabilities_array:[0.         0.29980543 0.7001946 ]

rule7: blast_furnace_slag > 130.781
probabilities_array:[0.         0.24120723 0.75879276]

rule13: 166.988 < water < 181.311
probabilities_array:[0.03208771 0.21573763 0.7521747 ]

rule5: 13.290 < blast_furnace_slag < 72.036
probabilities_array:[0.         0.22823893 0.77176106]

