R2: -54.36878890748942

MAE: 125.79717647058824

MSE: 16071.413862941175

Accuracy: 0.8558823529411764

F1: 0.8550989345509894

Confusion Matrix: [[158, 26], [23, 133]]

Uncertainties: {'class0': [0.2647438943386078, 0.34015873074531555, 0.382974773645401, 0.47634395956993103, 0.5690422654151917], 'class1': [0.2759539783000946, 0.3652307987213135, 0.3692399263381958, 0.3701261281967163, 0.48085692524909973]}

Most important rules
-----------------------------

---0---
rule29: 0.987 < age < 45.694
probabilities_array:[0.7352561 0.        0.2647439]

rule15: water > 195.850
probabilities_array:[0.65984124 0.         0.34015873]

rule0: cement < 213.040
probabilities_array:[0.6170252  0.         0.38297477]

rule27: fine_aggregate > 826.042
probabilities_array:[0.523656   0.         0.47634396]

rule16: superplasticizer < 2.352
probabilities_array:[0.4309577  0.         0.56904227]

rule14: 181.101 < water < 195.850
probabilities_array:[0.34579727 0.         0.65420276]

rule1: 213.040 < cement < 284.446
probabilities_array:[0.28810877 0.         0.71189123]

rule4: blast_furnace_slag < 16.453
probabilities_array:[0.21655141 0.01946784 0.76398075]


---1---
rule31: age > 90.401
probabilities_array:[0.         0.72404605 0.27595398]

rule30: 45.694 < age < 90.401
probabilities_array:[0.        0.6347692 0.3652308]

rule24: fine_aggregate < 717.537
probabilities_array:[0.         0.6307601  0.36923993]

rule3: cement > 355.851
probabilities_array:[0.         0.6298739  0.37012613]

rule12: water < 166.353
probabilities_array:[0.         0.5191431  0.48085693]

rule20: coarse_aggregate < 921.194
probabilities_array:[0.         0.50724906 0.49275094]

rule8: fly_ash < 11.194
probabilities_array:[0.        0.5012964 0.4987036]

rule19: superplasticizer > 10.463
probabilities_array:[0.         0.45565724 0.54434276]

rule18: 6.408 < superplasticizer < 10.463
probabilities_array:[0.         0.44564545 0.55435455]

rule9: 11.194 < fly_ash < 54.222
probabilities_array:[0.        0.4117205 0.5882795]

rule6: 74.414 < blast_furnace_slag < 132.375
probabilities_array:[0.         0.35514337 0.64485663]

rule2: 284.446 < cement < 355.851
probabilities_array:[0.         0.32756215 0.67243785]

rule17: 2.352 < superplasticizer < 6.408
probabilities_array:[0.         0.32193896 0.678061  ]

rule10: 54.222 < fly_ash < 97.251
probabilities_array:[0.         0.29484215 0.7051578 ]

