R2: -53.23045569406813

MAE: 123.59232352941176

MSE: 15591.404783823527

Accuracy: 0.8264705882352941

F1: 0.8263970021895094

Confusion Matrix: [[137, 23], [36, 144]]

Uncertainties: {'class0': [0.1015329658985138, 0.19504760205745697, 0.43333563208580017, 0.44650641083717346, 0.4679904580116272], 'class1': [0.382213830947876, 0.3958031237125397, 0.4282363951206207, 0.4333227872848511, 0.49961337447166443]}

Most important rules
-----------------------------

---0---
rule28: age < 2.206
probabilities_array:[0.898467   0.         0.10153297]

rule29: 2.206 < age < 46.481
probabilities_array:[0.8049524 0.        0.1950476]

rule0: cement < 210.425
probabilities_array:[0.5666644  0.         0.43333563]

rule27: fine_aggregate > 825.169
probabilities_array:[0.55349356 0.         0.4465064 ]

rule15: water > 196.147
probabilities_array:[0.53200954 0.         0.46799046]

rule9: 11.551 < fly_ash < 55.298
probabilities_array:[0.4697015  0.         0.53029853]

rule16: superplasticizer < 2.164
probabilities_array:[0.46398625 0.         0.5360138 ]

rule14: 181.727 < water < 196.147
probabilities_array:[0.31464437 0.         0.68535566]

rule1: 210.425 < cement < 278.626
probabilities_array:[0.31175828 0.         0.6882417 ]

rule26: 772.381 < fine_aggregate < 825.169
probabilities_array:[0.24666795 0.00705833 0.74627364]

rule11: fly_ash > 99.045
probabilities_array:[0.20795232 0.0251297  0.766918  ]


---1---
rule3: cement > 346.828
probabilities_array:[0.         0.61778617 0.38221383]

rule30: 46.481 < age < 90.756
probabilities_array:[0.         0.60419685 0.39580312]

rule24: fine_aggregate < 719.594
probabilities_array:[0.        0.5717636 0.4282364]

rule31: age > 90.756
probabilities_array:[0.        0.5666772 0.4333228]

rule10: 55.298 < fly_ash < 99.045
probabilities_array:[0.         0.50038666 0.49961337]

rule12: water < 167.307
probabilities_array:[0.        0.4875006 0.5124994]

rule19: superplasticizer > 9.971
probabilities_array:[0.         0.48673517 0.51326483]

rule8: fly_ash < 11.551
probabilities_array:[0.         0.48417544 0.51582456]

rule18: 6.067 < superplasticizer < 9.971
probabilities_array:[0.       0.465766 0.534234]

rule6: 72.691 < blast_furnace_slag < 130.445
probabilities_array:[0.        0.4506914 0.5493086]

rule20: coarse_aggregate < 924.435
probabilities_array:[0.        0.3935203 0.6064797]

rule22: 975.662 < coarse_aggregate < 1026.889
probabilities_array:[0.         0.38625327 0.61374676]

rule13: 167.307 < water < 181.727
probabilities_array:[0.         0.37183657 0.6281634 ]

rule21: 924.435 < coarse_aggregate < 975.662
probabilities_array:[0.         0.36257944 0.63742054]

rule2: 278.626 < cement < 346.828
probabilities_array:[0.         0.35740954 0.64259046]

rule5: 14.937 < blast_furnace_slag < 72.691
probabilities_array:[0.00202978 0.31821996 0.6797503 ]

rule7: blast_furnace_slag > 130.445
probabilities_array:[0.         0.2938048  0.70619524]

