R2: -61.37129801511219

MAE: 125.6204705882353

MSE: 15998.078905882352

Accuracy: 0.8235294117647058

F1: 0.8233766233766233

Confusion Matrix: [[145, 26], [34, 135]]

Uncertainties: {'class0': [0.017401928082108498, 0.238495871424675, 0.2656080424785614, 0.3160592019557953, 0.42805543541908264], 'class1': [0.14588461816310883, 0.2339048981666565, 0.2494245022535324, 0.39202553033828735, 0.46391522884368896]}

Most important rules
-----------------------------

---0---
rule28: age < 3.501
probabilities_array:[0.98259807 0.         0.01740193]

rule15: water > 196.183
probabilities_array:[0.7615041  0.         0.23849587]

rule0: cement < 212.422
probabilities_array:[0.7343919  0.         0.26560804]

rule27: fine_aggregate > 827.106
probabilities_array:[0.6839408 0.        0.3160592]

rule29: 3.501 < age < 48.048
probabilities_array:[0.57194453 0.         0.42805544]

rule14: 181.751 < water < 196.183
probabilities_array:[0.5336909  0.         0.46630907]

rule16: superplasticizer < 2.138
probabilities_array:[0.45700088 0.         0.54299915]

rule1: 212.422 < cement < 284.103
probabilities_array:[0.30136657 0.         0.69863343]


---1---
rule31: age > 92.594
probabilities_array:[0.         0.85411537 0.14588462]

rule3: cement > 355.785
probabilities_array:[0.        0.7660951 0.2339049]

rule30: 48.048 < age < 92.594
probabilities_array:[0.        0.7505755 0.2494245]

rule24: fine_aggregate < 719.792
probabilities_array:[0.         0.60797447 0.39202553]

rule6: 68.886 < blast_furnace_slag < 124.187
probabilities_array:[0.         0.5360848  0.46391523]

rule12: water < 167.319
probabilities_array:[0.         0.52852625 0.47147378]

rule19: superplasticizer > 10.238
probabilities_array:[0.        0.4946933 0.5053067]

rule7: blast_furnace_slag > 124.187
probabilities_array:[0.         0.48908702 0.51091295]

rule10: 54.118 < fly_ash < 97.703
probabilities_array:[0.        0.4605875 0.5394125]

rule20: coarse_aggregate < 920.899
probabilities_array:[0.         0.44284007 0.5571599 ]

rule21: 920.899 < coarse_aggregate < 974.836
probabilities_array:[0.         0.39971164 0.60028833]

rule2: 284.103 < cement < 355.785
probabilities_array:[0.         0.38819906 0.6118009 ]

rule8: fly_ash < 10.533
probabilities_array:[0.         0.3797938  0.62020624]

rule22: 974.836 < coarse_aggregate < 1028.772
probabilities_array:[0.       0.348376 0.651624]

rule9: 10.533 < fly_ash < 54.118
probabilities_array:[0.         0.33294937 0.66705066]

rule17: 2.138 < superplasticizer < 6.188
probabilities_array:[0.         0.30607894 0.6939211 ]

rule18: 6.188 < superplasticizer < 10.238
probabilities_array:[0.         0.29869938 0.7013006 ]

rule13: 167.319 < water < 181.751
probabilities_array:[0.00540226 0.22163148 0.7729662 ]

