R2: -59.18814845466497

MAE: 125.37517647058823

MSE: 15954.472881764708

Accuracy: 0.8382352941176471

F1: 0.8379984579532361

Confusion Matrix: [[149, 25], [30, 136]]

Uncertainties: {'class0': [0.12668050825595856, 0.392768919467926, 0.40390628576278687, 0.4144524037837982, 0.46685275435447693], 'class1': [0.21531476080417633, 0.3157016932964325, 0.319499671459198, 0.42112967371940613, 0.4329685866832733]}

Most important rules
-----------------------------

---0---
rule28: age < 2.659
probabilities_array:[0.8733195  0.         0.12668051]

rule29: 2.659 < age < 46.739
probabilities_array:[0.6072311  0.         0.39276892]

rule15: water > 195.164
probabilities_array:[0.5960937 0.        0.4039063]

rule27: fine_aggregate > 827.543
probabilities_array:[0.58554757 0.         0.4144524 ]

rule16: superplasticizer < 2.381
probabilities_array:[0.5331473  0.         0.46685275]

rule0: cement < 207.633
probabilities_array:[0.51504755 0.         0.48495245]

rule4: blast_furnace_slag < 16.638
probabilities_array:[0.34730256 0.         0.65269744]

rule14: 181.146 < water < 195.164
probabilities_array:[0.2316818  0.02419851 0.74411964]

rule11: fly_ash > 100.910
probabilities_array:[0.21981454 0.01029451 0.76989096]

rule23: coarse_aggregate > 1023.086
probabilities_array:[0.20036101 0.         0.799639  ]


---1---
rule31: age > 90.819
probabilities_array:[0.         0.78468525 0.21531476]

rule30: 46.739 < age < 90.819
probabilities_array:[0.         0.68429834 0.3157017 ]

rule3: cement > 343.311
probabilities_array:[0.         0.6805003  0.31949967]

rule24: fine_aggregate < 723.424
probabilities_array:[0.         0.5788703  0.42112967]

rule12: water < 167.127
probabilities_array:[0.         0.56703144 0.4329686 ]

rule2: 275.472 < cement < 343.311
probabilities_array:[0.         0.46500623 0.53499377]

rule13: 167.127 < water < 181.146
probabilities_array:[0.        0.4252928 0.5747072]

rule19: superplasticizer > 10.311
probabilities_array:[0.         0.42016396 0.5798361 ]

rule8: fly_ash < 14.105
probabilities_array:[0.         0.38122138 0.61877865]

rule6: 75.966 < blast_furnace_slag < 135.294
probabilities_array:[0.         0.36915794 0.6308421 ]

rule18: 6.346 < superplasticizer < 10.311
probabilities_array:[0.         0.29227036 0.70772964]

rule20: coarse_aggregate < 920.202
probabilities_array:[0.         0.25657696 0.74342304]

rule17: 2.381 < superplasticizer < 6.346
probabilities_array:[0.        0.2069357 0.7930643]

