R2: -61.904094052348256

MAE: 126.82738235294117

MSE: 16281.11519205882

Accuracy: 0.8176470588235294

F1: 0.8129281885627063

Confusion Matrix: [[166, 37], [25, 112]]

Uncertainties: {'class0': [0.010423176921904087, 0.20475506782531738, 0.3426381051540375, 0.35955503582954407, 0.36956384778022766], 'class1': [0.20638523995876312, 0.26750853657722473, 0.34872570633888245, 0.4113970398902893, 0.43649762868881226]}

Most important rules
-----------------------------

---0---
rule28: age < 4.413
probabilities_array:[0.9895768  0.         0.01042318]

rule15: water > 195.805
probabilities_array:[0.79524493 0.         0.20475507]

rule27: fine_aggregate > 828.844
probabilities_array:[0.65736187 0.         0.3426381 ]

rule0: cement < 212.935
probabilities_array:[0.640445   0.         0.35955504]

rule29: 4.413 < age < 46.386
probabilities_array:[0.6304361  0.         0.36956385]

rule16: superplasticizer < 2.273
probabilities_array:[0.39794904 0.         0.60205096]

rule14: 181.419 < water < 195.805
probabilities_array:[0.31469455 0.         0.6853055 ]

rule23: coarse_aggregate > 1023.603
probabilities_array:[0.28777853 0.         0.7122215 ]

rule4: blast_furnace_slag < 17.414
probabilities_array:[0.20782337 0.         0.7921766 ]


---1---
rule31: age > 88.358
probabilities_array:[0.         0.79361475 0.20638524]

rule3: cement > 350.445
probabilities_array:[0.         0.7324915  0.26750854]

rule24: fine_aggregate < 721.401
probabilities_array:[0.        0.6512743 0.3487257]

rule9: 10.109 < fly_ash < 52.909
probabilities_array:[0.         0.58860296 0.41139704]

rule12: water < 167.033
probabilities_array:[0.         0.5635024  0.43649763]

rule30: 46.386 < age < 88.358
probabilities_array:[0.         0.5451652  0.45483482]

rule20: coarse_aggregate < 921.097
probabilities_array:[0.        0.4886167 0.5113833]

rule18: 6.179 < superplasticizer < 10.085
probabilities_array:[0.         0.48597455 0.51402545]

rule19: superplasticizer > 10.085
probabilities_array:[0.         0.43869284 0.5613072 ]

rule6: 74.863 < blast_furnace_slag < 132.312
probabilities_array:[0.         0.43604773 0.56395227]

rule8: fly_ash < 10.109
probabilities_array:[0.         0.38996914 0.61003083]

rule17: 2.273 < superplasticizer < 6.179
probabilities_array:[0.         0.38326967 0.61673033]

rule2: 281.690 < cement < 350.445
probabilities_array:[0.       0.339583 0.660417]

rule10: 52.909 < fly_ash < 95.709
probabilities_array:[0.         0.27927387 0.72072613]

rule21: 921.097 < coarse_aggregate < 972.350
probabilities_array:[0.         0.25086334 0.7491366 ]

rule7: blast_furnace_slag > 132.312
probabilities_array:[0.         0.23945977 0.76054025]

rule13: 167.033 < water < 181.419
probabilities_array:[3.1855199e-04 2.3037252e-01 7.6930892e-01]

rule5: 17.414 < blast_furnace_slag < 74.863
probabilities_array:[0.0433078  0.19332781 0.7633644 ]

