R2: -51.955586006538255

MAE: 126.6390294117647

MSE: 16363.620736764702

Accuracy: 0.8264705882352941

F1: 0.8236499019788837

Confusion Matrix: [[162, 27], [32, 119]]

Uncertainties: {'class0': [0.11572732031345367, 0.19795538485050201, 0.2868290841579437, 0.3952031135559082, 0.4222237467765808], 'class1': [0.0821576714515686, 0.12869058549404144, 0.26088762283325195, 0.325468510389328, 0.43875762820243835]}

Most important rules
-----------------------------

---0---
rule28: age < 3.314
probabilities_array:[0.8842727  0.         0.11572732]

rule15: water > 196.958
probabilities_array:[0.80204463 0.         0.19795538]

rule27: fine_aggregate > 826.263
probabilities_array:[0.71317095 0.         0.28682908]

rule0: cement < 211.261
probabilities_array:[0.6047969 0.        0.3952031]

rule9: 11.484 < fly_ash < 54.299
probabilities_array:[0.57777625 0.         0.42222375]

rule14: 182.328 < water < 196.958
probabilities_array:[0.5019375 0.        0.4980625]

rule16: superplasticizer < 2.193
probabilities_array:[0.42908674 0.         0.57091326]

rule29: 3.314 < age < 48.054
probabilities_array:[0.3126782  0.06279968 0.62452215]

rule25: 715.209 < fine_aggregate < 770.736
probabilities_array:[0.34019238 0.         0.6598076 ]

rule7: blast_furnace_slag > 133.076
probabilities_array:[0.31618243 0.01222312 0.6715944 ]

rule4: blast_furnace_slag < 17.375
probabilities_array:[0.3107365  0.         0.68926346]

rule26: 770.736 < fine_aggregate < 826.263
probabilities_array:[0.25127313 0.         0.7487269 ]

rule23: coarse_aggregate > 1025.285
probabilities_array:[0.2350776 0.        0.7649224]

rule11: fly_ash > 97.113
probabilities_array:[2.2570881e-01 6.6369772e-05 7.7422476e-01]


---1---
rule31: age > 92.793
probabilities_array:[0.         0.9178423  0.08215767]

rule30: 48.054 < age < 92.793
probabilities_array:[0.         0.8713094  0.12869059]

rule3: cement > 352.118
probabilities_array:[0.         0.7391124  0.26088762]

rule24: fine_aggregate < 715.209
probabilities_array:[0.         0.67453146 0.3254685 ]

rule12: water < 167.698
probabilities_array:[0.         0.5612424  0.43875763]

rule2: 281.689 < cement < 352.118
probabilities_array:[0.         0.49792162 0.50207835]

rule19: superplasticizer > 10.250
probabilities_array:[0.         0.45336497 0.54663503]

rule13: 167.698 < water < 182.328
probabilities_array:[0.       0.400521 0.599479]

rule17: 2.193 < superplasticizer < 6.222
probabilities_array:[0.         0.3748543  0.62514573]

rule6: 75.226 < blast_furnace_slag < 133.076
probabilities_array:[0.         0.36892152 0.6310785 ]

rule8: fly_ash < 11.484
probabilities_array:[0.03934846 0.338381   0.62227064]

rule20: coarse_aggregate < 919.852
probabilities_array:[0.        0.3184853 0.6815147]

rule18: 6.222 < superplasticizer < 10.250
probabilities_array:[0.02311811 0.28143075 0.6954512 ]

rule22: 972.569 < coarse_aggregate < 1025.285
probabilities_array:[0.         0.22566661 0.7743334 ]

