R2: -53.6979080792925

MAE: 126.74570588235295

MSE: 16345.99313647059

Accuracy: 0.8411764705882353

F1: 0.840625

Confusion Matrix: [[133, 27], [27, 153]]

Uncertainties: {'class0': [0.3168433606624603, 0.36675599217414856, 0.4188409745693207, 0.43898555636405945, 0.5322285890579224], 'class1': [0.16636373102664948, 0.337065190076828, 0.39785873889923096, 0.4048460125923157, 0.4564306437969208]}

Most important rules
-----------------------------

---0---
rule15: water > 196.941
probabilities_array:[0.68315667 0.         0.31684336]

rule29: 2.697 < age < 46.755
probabilities_array:[0.63324404 0.         0.366756  ]

rule0: cement < 208.112
probabilities_array:[0.581159   0.         0.41884097]

rule27: fine_aggregate > 827.861
probabilities_array:[0.5610145  0.         0.43898556]

rule16: superplasticizer < 2.071
probabilities_array:[0.46777144 0.         0.5322286 ]

rule14: 182.098 < water < 196.941
probabilities_array:[0.39504415 0.         0.60495585]

rule9: 10.086 < fly_ash < 52.523
probabilities_array:[0.32533377 0.00720204 0.6674642 ]

rule26: 773.498 < fine_aggregate < 827.861
probabilities_array:[0.29819536 0.0019848  0.6998198 ]

rule25: 719.135 < fine_aggregate < 773.498
probabilities_array:[0.20683953 0.         0.79316044]


---1---
rule31: age > 90.813
probabilities_array:[0.         0.8336363  0.16636373]

rule30: 46.755 < age < 90.813
probabilities_array:[0.         0.66293484 0.3370652 ]

rule24: fine_aggregate < 719.135
probabilities_array:[0.         0.60214126 0.39785874]

rule3: cement > 351.005
probabilities_array:[0.       0.595154 0.404846]

rule6: 78.020 < blast_furnace_slag < 137.841
probabilities_array:[0.         0.5435693  0.45643064]

rule19: superplasticizer > 10.229
probabilities_array:[0.         0.50371397 0.496286  ]

rule8: fly_ash < 10.086
probabilities_array:[0.         0.44047096 0.55952907]

rule12: water < 167.254
probabilities_array:[0.         0.43050158 0.5694984 ]

rule20: coarse_aggregate < 920.728
probabilities_array:[0.         0.39336553 0.60663444]

rule17: 2.071 < superplasticizer < 6.150
probabilities_array:[0.         0.37041244 0.6295876 ]

rule18: 6.150 < superplasticizer < 10.229
probabilities_array:[0.         0.3513995  0.64860046]

rule2: 279.558 < cement < 351.005
probabilities_array:[0.        0.3339486 0.6660514]

rule13: 167.254 < water < 182.098
probabilities_array:[0.         0.27825397 0.721746  ]

rule10: 52.523 < fly_ash < 94.961
probabilities_array:[0.         0.27772048 0.72227955]

rule21: 920.728 < coarse_aggregate < 972.137
probabilities_array:[0.0032546  0.2087097  0.78803575]

rule7: blast_furnace_slag > 137.841
probabilities_array:[0.         0.20847099 0.791529  ]

