R2: 0.919895638315099


MAE: 3.1546650525822355


Accuracy: 0.8528953653386868


F1: 0.8529411764705882


Most important rules
-----------------------------

---0---
rule28: age < 4.584
probabilities_array:[0.9459789  0.         0.05402111]

rule15: water > 195.437
probabilities_array:[0.77905524 0.         0.22094475]

rule0: cement < 209.673
probabilities_array:[0.6977361 0.        0.3022639]

rule27: fine_aggregate > 829.249
probabilities_array:[0.58096385 0.         0.41903618]

rule14: 181.487 < water < 195.437
probabilities_array:[0.51727396 0.         0.48272604]

rule16: superplasticizer < 2.077
probabilities_array:[0.45069036 0.         0.5493096 ]

rule29: 4.584 < age < 44.378
probabilities_array:[0.35822442 0.05173108 0.5900445 ]

rule1: 209.673 < cement < 280.373
probabilities_array:[0.32868582 0.         0.6713142 ]

rule4: blast_furnace_slag < 15.236
probabilities_array:[0.22000745 0.         0.7799926 ]


---1---
rule31: age > 84.172
probabilities_array:[0.         0.89113706 0.10886296]

rule30: 44.378 < age < 84.172
probabilities_array:[0.         0.8162913  0.18370876]

rule3: cement > 351.074
probabilities_array:[0.         0.68294495 0.31705502]

rule24: fine_aggregate < 721.491
probabilities_array:[0.         0.57084066 0.42915937]

rule9: 10.819 < fly_ash < 53.628
probabilities_array:[0.        0.5646055 0.4353945]

rule12: water < 167.537
probabilities_array:[0.         0.53908515 0.46091488]

rule19: superplasticizer > 9.887
probabilities_array:[0.         0.52962315 0.47037688]

rule5: 15.236 < blast_furnace_slag < 73.911
probabilities_array:[0.       0.468324 0.531676]

rule17: 2.077 < superplasticizer < 5.982
probabilities_array:[0.         0.45387033 0.54612964]

rule18: 5.982 < superplasticizer < 9.887
probabilities_array:[0.         0.35540247 0.64459753]

rule8: fly_ash < 10.819
probabilities_array:[0.05099477 0.31877506 0.6302302 ]

rule6: 73.911 < blast_furnace_slag < 132.586
probabilities_array:[0.         0.32023928 0.6797607 ]

rule10: 53.628 < fly_ash < 96.436
probabilities_array:[0.         0.31889817 0.6811018 ]

rule13: 167.537 < water < 181.487
probabilities_array:[0.05389009 0.24917576 0.69693416]

rule21: 921.342 < coarse_aggregate < 973.542
probabilities_array:[0.         0.27231666 0.72768337]

rule20: coarse_aggregate < 921.342
probabilities_array:[0.00415307 0.26782918 0.72801775]

rule2: 280.373 < cement < 351.074
probabilities_array:[0.         0.24561127 0.75438875]

rule7: blast_furnace_slag > 132.586
probabilities_array:[0.       0.204794 0.795206]

