R2: 0.9184614080410661


MAE: 3.426822380037869


Accuracy: 0.8307586170760888


F1: 0.8323529411764706


Most important rules
-----------------------------

---0---
rule28: age < 2.837
probabilities_array:[0.82592714 0.         0.17407288]

rule15: water > 196.350
probabilities_array:[0.7399123  0.         0.26008773]

rule29: 2.837 < age < 44.728
probabilities_array:[0.73761463 0.         0.26238537]

rule27: fine_aggregate > 828.380
probabilities_array:[0.6251855  0.         0.37481448]

rule0: cement < 208.516
probabilities_array:[0.55671144 0.         0.4432886 ]

rule9: 9.920 < fly_ash < 53.524
probabilities_array:[0.51099414 0.         0.48900586]

rule16: superplasticizer < 2.085
probabilities_array:[0.45706022 0.         0.5429398 ]

rule14: 181.873 < water < 196.350
probabilities_array:[0.42769662 0.         0.57230335]

rule26: 774.444 < fine_aggregate < 828.380
probabilities_array:[2.6156798e-01 2.7052947e-05 7.3840493e-01]


---1---
rule24: fine_aggregate < 720.508
probabilities_array:[0.         0.63606966 0.36393034]

rule31: age > 86.618
probabilities_array:[0.         0.6260049  0.37399513]

rule3: cement > 347.865
probabilities_array:[0.         0.59962964 0.40037033]

rule12: water < 167.396
probabilities_array:[0.         0.564971   0.43502894]

rule30: 44.728 < age < 86.618
probabilities_array:[0.         0.55013883 0.44986117]

rule8: fly_ash < 9.920
probabilities_array:[0.         0.4843566  0.51564336]

rule6: 75.925 < blast_furnace_slag < 134.625
probabilities_array:[0.        0.4833476 0.5166524]

rule17: 2.085 < superplasticizer < 6.172
probabilities_array:[0.         0.46092713 0.5390729 ]

rule20: coarse_aggregate < 918.024
probabilities_array:[0.         0.44825172 0.5517483 ]

rule10: 53.524 < fly_ash < 97.129
probabilities_array:[0.        0.4308685 0.5691315]

rule2: 278.191 < cement < 347.865
probabilities_array:[0.         0.41717404 0.58282596]

rule19: superplasticizer > 10.259
probabilities_array:[0.         0.39026916 0.60973084]

rule13: 167.396 < water < 181.873
probabilities_array:[0.         0.3355178  0.66448224]

rule18: 6.172 < superplasticizer < 10.259
probabilities_array:[0.         0.29445273 0.7055473 ]

rule7: blast_furnace_slag > 134.625
probabilities_array:[0.        0.2912429 0.7087571]

rule21: 918.024 < coarse_aggregate < 971.478
probabilities_array:[0.         0.26953012 0.7304699 ]

rule22: 971.478 < coarse_aggregate < 1024.932
probabilities_array:[0.         0.21629381 0.7837062 ]

rule5: 17.225 < blast_furnace_slag < 75.925
probabilities_array:[0.02452442 0.19698243 0.77849317]

