R2: 0.9093173665921732


MAE: 3.558383729317609


Accuracy: 0.8329824561403509


F1: 0.8352941176470589


Most important rules
-----------------------------

---0---
rule28: age < 2.617
probabilities_array:[0.9044     0.         0.09559999]

rule29: 2.617 < age < 46.470
probabilities_array:[0.75160015 0.         0.24839982]

rule15: water > 195.625
probabilities_array:[0.6088608 0.        0.3911392]

rule27: fine_aggregate > 824.763
probabilities_array:[0.58114266 0.         0.4188573 ]

rule0: cement < 212.205
probabilities_array:[0.5443427 0.        0.4556573]

rule16: superplasticizer < 2.161
probabilities_array:[0.382004 0.       0.617996]

rule14: 181.422 < water < 195.625
probabilities_array:[0.36162883 0.         0.63837117]

rule26: 770.923 < fine_aggregate < 824.763
probabilities_array:[0.26420105 0.00557036 0.7302286 ]


---1---
rule31: age > 90.322
probabilities_array:[0.        0.6796552 0.3203448]

rule3: cement > 354.684
probabilities_array:[0.         0.606983   0.39301702]

rule30: 46.470 < age < 90.322
probabilities_array:[0.         0.56148857 0.4385114 ]

rule24: fine_aggregate < 717.083
probabilities_array:[0.         0.55595416 0.4440458 ]

rule20: coarse_aggregate < 923.101
probabilities_array:[0.         0.54990685 0.45009315]

rule9: 10.278 < fly_ash < 53.121
probabilities_array:[0.         0.4845328  0.51546717]

rule22: 974.685 < coarse_aggregate < 1026.268
probabilities_array:[0.         0.47941306 0.5205869 ]

rule6: 75.753 < blast_furnace_slag < 135.453
probabilities_array:[0.         0.47373995 0.52626   ]

rule2: 283.444 < cement < 354.684
probabilities_array:[0.         0.4354503  0.56454974]

rule12: water < 167.218
probabilities_array:[0.         0.41503564 0.58496433]

rule8: fly_ash < 10.278
probabilities_array:[0.         0.39706612 0.6029339 ]

rule19: superplasticizer > 10.175
probabilities_array:[0.         0.37435535 0.6256446 ]

rule13: 167.218 < water < 181.422
probabilities_array:[0.         0.35828245 0.64171755]

rule18: 6.168 < superplasticizer < 10.175
probabilities_array:[0.        0.3315575 0.6684425]

rule21: 923.101 < coarse_aggregate < 974.685
probabilities_array:[0.       0.305734 0.694266]

rule23: coarse_aggregate > 1026.268
probabilities_array:[0.         0.28423104 0.715769  ]

rule17: 2.161 < superplasticizer < 6.168
probabilities_array:[0.         0.28248185 0.71751815]

