R2: 0.9227642519260304


MAE: 3.09620941285526


Accuracy: 0.8080914214260283


F1: 0.8088235294117647


Most important rules
-----------------------------

---0---
rule28: age < 2.796
probabilities_array:[0.9416654  0.         0.05833457]

rule29: 2.796 < age < 43.494
probabilities_array:[0.8020668 0.        0.1979332]

rule0: cement < 210.965
probabilities_array:[0.7117722  0.         0.28822783]

rule27: fine_aggregate > 829.339
probabilities_array:[0.7062543  0.         0.29374573]

rule15: water > 195.498
probabilities_array:[0.5985245  0.         0.40147552]

rule1: 210.965 < cement < 282.514
probabilities_array:[0.4073214 0.        0.5926786]

rule26: 774.752 < fine_aggregate < 829.339
probabilities_array:[0.3806343 0.        0.6193657]

rule16: superplasticizer < 2.232
probabilities_array:[0.3470088  0.         0.65299124]

rule14: 181.463 < water < 195.498
probabilities_array:[0.32740575 0.0042525  0.66834176]


---1---
rule10: 54.126 < fly_ash < 97.009
probabilities_array:[0.         0.62909764 0.37090233]

rule6: 73.470 < blast_furnace_slag < 132.320
probabilities_array:[0.         0.62355924 0.37644076]

rule30: 43.494 < age < 84.193
probabilities_array:[0.        0.5934345 0.4065655]

rule31: age > 84.193
probabilities_array:[0.         0.5877649  0.41223508]

rule12: water < 167.428
probabilities_array:[0.         0.5689589  0.43104115]

rule17: 2.232 < superplasticizer < 6.253
probabilities_array:[0.         0.55177355 0.44822642]

rule20: coarse_aggregate < 918.782
probabilities_array:[0.         0.54726917 0.4527308 ]

rule19: superplasticizer > 10.275
probabilities_array:[0.         0.53247344 0.46752656]

rule9: 11.243 < fly_ash < 54.126
probabilities_array:[0.         0.5300745  0.46992552]

rule3: cement > 354.063
probabilities_array:[0.         0.5069999  0.49300006]

rule24: fine_aggregate < 720.166
probabilities_array:[0.       0.490582 0.509418]

rule13: 167.428 < water < 181.463
probabilities_array:[0.         0.48521528 0.51478475]

rule8: fly_ash < 11.243
probabilities_array:[0.         0.47502518 0.5249748 ]

rule7: blast_furnace_slag > 132.320
probabilities_array:[0.         0.42716837 0.57283163]

rule21: 918.782 < coarse_aggregate < 971.581
probabilities_array:[0.         0.41038594 0.58961403]

rule18: 6.253 < superplasticizer < 10.275
probabilities_array:[0.         0.37221715 0.6277828 ]

rule22: 971.581 < coarse_aggregate < 1024.381
probabilities_array:[0.         0.36552352 0.6344765 ]

rule2: 282.514 < cement < 354.063
probabilities_array:[0.02743041 0.3015864  0.6709832 ]

rule4: blast_furnace_slag < 14.621
probabilities_array:[0.        0.2235719 0.7764281]

rule5: 14.621 < blast_furnace_slag < 73.470
probabilities_array:[0.07089157 0.17248678 0.75662166]

