R2: 0.92083474653931


MAE: 3.2032582666733687


Accuracy: 0.8087424600392901


F1: 0.8088235294117647


Most important rules
-----------------------------

---0---
rule28: age < 2.942
probabilities_array:[0.80455595 0.         0.19544402]

rule0: cement < 212.671
probabilities_array:[0.7395358  0.         0.26046416]

rule29: 2.942 < age < 46.120
probabilities_array:[0.7383792  0.         0.26162085]

rule27: fine_aggregate > 826.663
probabilities_array:[0.6632612  0.         0.33673885]

rule15: water > 195.895
probabilities_array:[0.5500073 0.        0.4499927]

rule25: 718.539 < fine_aggregate < 772.601
probabilities_array:[0.4484505 0.        0.5515495]

rule26: 772.601 < fine_aggregate < 826.663
probabilities_array:[0.38883498 0.         0.61116505]

rule16: superplasticizer < 2.149
probabilities_array:[0.37007415 0.         0.62992585]

rule14: 181.512 < water < 195.895
probabilities_array:[0.31066984 0.04309558 0.6462346 ]

rule1: 212.671 < cement < 283.159
probabilities_array:[0.3257357 0.        0.6742643]


---1---
rule31: age > 89.298
probabilities_array:[0.         0.75459933 0.24540068]

rule3: cement > 353.647
probabilities_array:[0.         0.5952534  0.40474662]

rule30: 46.120 < age < 89.298
probabilities_array:[0.         0.5739065  0.42609352]

rule20: coarse_aggregate < 919.705
probabilities_array:[0.         0.5725567  0.42744336]

rule12: water < 167.129
probabilities_array:[0.         0.56135225 0.43864778]

rule6: 73.714 < blast_furnace_slag < 131.831
probabilities_array:[0.         0.5041109  0.49588916]

rule19: superplasticizer > 10.304
probabilities_array:[0.        0.4884757 0.5115243]

rule24: fine_aggregate < 718.539
probabilities_array:[0.         0.45691353 0.54308647]

rule10: 53.530 < fly_ash < 95.626
probabilities_array:[0.         0.45257157 0.5474284 ]

rule7: blast_furnace_slag > 131.831
probabilities_array:[0.         0.43533015 0.56466985]

rule21: 919.705 < coarse_aggregate < 972.843
probabilities_array:[0.         0.41640797 0.58359206]

rule9: 11.434 < fly_ash < 53.530
probabilities_array:[0.         0.40749657 0.5925034 ]

rule13: 167.129 < water < 181.512
probabilities_array:[0.         0.38468435 0.6153157 ]

rule18: 6.226 < superplasticizer < 10.304
probabilities_array:[0.        0.3523469 0.6476531]

rule8: fly_ash < 11.434
probabilities_array:[0.00610224 0.34474385 0.64915395]

rule11: fly_ash > 95.626
probabilities_array:[0.         0.33551428 0.66448575]

rule22: 972.843 < coarse_aggregate < 1025.981
probabilities_array:[0.         0.32712424 0.67287576]

rule2: 283.159 < cement < 353.647
probabilities_array:[0.03508632 0.3027199  0.6621937 ]

rule5: 15.598 < blast_furnace_slag < 73.714
probabilities_array:[0.00785392 0.29383203 0.698314  ]

rule17: 2.149 < superplasticizer < 6.226
probabilities_array:[0.         0.29559642 0.7044036 ]

