R2: 0.9351767411925817


MAE: 2.939260056551764


Accuracy: 0.8407300739095735


F1: 0.8411764705882353


Most important rules
-----------------------------

---0---
rule28: age < 2.527
probabilities_array:[0.75391835 0.         0.24608167]

rule29: 2.527 < age < 48.084
probabilities_array:[0.6786957  0.         0.32130435]

rule27: fine_aggregate > 827.210
probabilities_array:[0.6000875  0.         0.39991248]

rule0: cement < 212.745
probabilities_array:[0.58861816 0.         0.41138184]

rule15: water > 196.712
probabilities_array:[0.5723364  0.         0.42766365]

rule16: superplasticizer < 2.061
probabilities_array:[0.39205307 0.         0.60794693]

rule25: 716.710 < fine_aggregate < 771.960
probabilities_array:[0.3557165 0.        0.6442835]

rule14: 182.177 < water < 196.712
probabilities_array:[0.2878956 0.0012812 0.7108232]

rule1: 212.745 < cement < 282.467
probabilities_array:[0.24558572 0.         0.75441426]

rule26: 771.960 < fine_aggregate < 827.210
probabilities_array:[0.21548027 0.00088728 0.7836324 ]

rule23: coarse_aggregate > 1026.223
probabilities_array:[0.20965946 0.         0.79034054]


---1---
rule31: age > 93.641
probabilities_array:[0.         0.7446224  0.25537762]

rule30: 48.084 < age < 93.641
probabilities_array:[0.         0.67045027 0.32954973]

rule3: cement > 352.188
probabilities_array:[0.         0.6032421  0.39675787]

rule12: water < 167.643
probabilities_array:[0.        0.5714742 0.4285258]

rule24: fine_aggregate < 716.710
probabilities_array:[0.         0.5408642  0.45913577]

rule6: 74.314 < blast_furnace_slag < 131.880
probabilities_array:[0.         0.47908044 0.52091956]

rule19: superplasticizer > 9.972
probabilities_array:[0.         0.45580405 0.54419595]

rule2: 282.467 < cement < 352.188
probabilities_array:[0.         0.43688348 0.56311655]

rule7: blast_furnace_slag > 131.880
probabilities_array:[0.        0.4005514 0.5994486]

rule8: fly_ash < 9.994
probabilities_array:[0.         0.39383945 0.6061606 ]

rule13: 167.643 < water < 182.177
probabilities_array:[0.         0.39199492 0.6080051 ]

rule18: 6.017 < superplasticizer < 9.972
probabilities_array:[0.         0.35791802 0.642082  ]

rule10: 52.421 < fly_ash < 94.848
probabilities_array:[0.         0.35652155 0.64347845]

rule20: coarse_aggregate < 920.611
probabilities_array:[0.         0.33814517 0.66185486]

rule9: 9.994 < fly_ash < 52.421
probabilities_array:[0.         0.31639728 0.68360275]

rule5: 16.748 < blast_furnace_slag < 74.314
probabilities_array:[0.05417001 0.2272497  0.71858037]

rule17: 2.061 < superplasticizer < 6.017
probabilities_array:[0.         0.25270066 0.7472993 ]

