R2: 0.9028908005193115


MAE: 3.4532381941290464


Accuracy: 0.8556713534492468


F1: 0.8558823529411764


Most important rules
-----------------------------

---0---
rule28: age < 3.345
probabilities_array:[0.95076096 0.         0.04923902]

rule0: cement < 210.364
probabilities_array:[0.8322502 0.        0.1677498]

rule15: water > 196.747
probabilities_array:[0.71512365 0.         0.28487635]

rule1: 210.364 < cement < 280.693
probabilities_array:[0.63165784 0.         0.36834216]

rule27: fine_aggregate > 826.659
probabilities_array:[0.6047578  0.00181468 0.3934275 ]

rule14: 182.610 < water < 196.747
probabilities_array:[0.56353474 0.         0.43646526]

rule29: 3.345 < age < 45.001
probabilities_array:[0.4861903  0.         0.51380974]

rule16: superplasticizer < 2.023
probabilities_array:[0.4023426  0.         0.59765744]

rule4: blast_furnace_slag < 16.064
probabilities_array:[0.29805827 0.         0.7019417 ]

rule5: 16.064 < blast_furnace_slag < 74.461
probabilities_array:[0.18852441 0.10654259 0.704933  ]

rule26: 773.430 < fine_aggregate < 826.659
probabilities_array:[0.20107043 0.01951832 0.7794112 ]


---1---
rule31: age > 86.658
probabilities_array:[0.         0.87962633 0.12037367]

rule30: 45.001 < age < 86.658
probabilities_array:[0.         0.7887474  0.21125266]

rule3: cement > 351.022
probabilities_array:[0.        0.6820143 0.3179857]

rule12: water < 168.473
probabilities_array:[0.         0.58866477 0.41133523]

rule8: fly_ash < 11.055
probabilities_array:[0.         0.5855346  0.41446546]

rule17: 2.023 < superplasticizer < 6.003
probabilities_array:[0.         0.5588434  0.44115663]

rule6: 74.461 < blast_furnace_slag < 132.857
probabilities_array:[0.         0.5207796  0.47922036]

rule24: fine_aggregate < 720.200
probabilities_array:[0.         0.47974116 0.52025884]

rule19: superplasticizer > 9.982
probabilities_array:[0.         0.47698617 0.52301383]

rule10: 53.987 < fly_ash < 96.919
probabilities_array:[0.         0.47317746 0.52682257]

rule18: 6.003 < superplasticizer < 9.982
probabilities_array:[0.         0.42581677 0.5741832 ]

rule20: coarse_aggregate < 917.748
probabilities_array:[0.        0.3995207 0.6004793]

rule21: 917.748 < coarse_aggregate < 970.224
probabilities_array:[0.         0.39862144 0.60137856]

rule9: 11.055 < fly_ash < 53.987
probabilities_array:[0.         0.35697016 0.6430298 ]

rule22: 970.224 < coarse_aggregate < 1022.699
probabilities_array:[0.         0.34933302 0.65066695]

rule11: fly_ash > 96.919
probabilities_array:[0.         0.3079262  0.69207376]

