R2: 0.9163716143246282


MAE: 3.2746972627078788


Accuracy: 0.8533127889060093


F1: 0.8558823529411764


Most important rules
-----------------------------

---0---
rule28: age < 3.229
probabilities_array:[0.9714376 0.        0.0285624]

rule15: water > 195.669
probabilities_array:[0.71789336 0.         0.28210664]

rule0: cement < 210.846
probabilities_array:[0.71676594 0.         0.28323406]

rule29: 3.229 < age < 46.580
probabilities_array:[0.56335634 0.         0.4366437 ]

rule27: fine_aggregate > 832.186
probabilities_array:[0.55466115 0.         0.44533882]

rule16: superplasticizer < 2.221
probabilities_array:[0.46460983 0.         0.53539014]

rule14: 181.352 < water < 195.669
probabilities_array:[0.34970897 0.         0.650291  ]

rule25: 723.233 < fine_aggregate < 777.710
probabilities_array:[0.2995228  0.00226689 0.6982103 ]

rule4: blast_furnace_slag < 16.374
probabilities_array:[0.29686785 0.         0.70313215]


---1---
rule31: age > 89.930
probabilities_array:[0.         0.8179138  0.18208626]

rule3: cement > 352.568
probabilities_array:[0.         0.76479185 0.23520814]

rule30: 46.580 < age < 89.930
probabilities_array:[0.         0.71703124 0.28296876]

rule24: fine_aggregate < 723.233
probabilities_array:[0.         0.59188074 0.40811923]

rule12: water < 167.036
probabilities_array:[0.        0.4905539 0.5094461]

rule20: coarse_aggregate < 916.143
probabilities_array:[0.       0.440034 0.559966]

rule6: 73.882 < blast_furnace_slag < 131.390
probabilities_array:[0.         0.42335615 0.5766439 ]

rule2: 281.707 < cement < 352.568
probabilities_array:[0.         0.38931233 0.6106877 ]

rule19: superplasticizer > 10.409
probabilities_array:[0.         0.38272786 0.61727214]

rule22: 968.545 < coarse_aggregate < 1020.946
probabilities_array:[0.00095613 0.3693069  0.62973696]

rule9: 11.125 < fly_ash < 54.086
probabilities_array:[0.         0.36326078 0.63673925]

rule13: 167.036 < water < 181.352
probabilities_array:[0.        0.3449208 0.6550792]

rule8: fly_ash < 11.125
probabilities_array:[0.        0.3435202 0.6564798]

rule10: 54.086 < fly_ash < 97.048
probabilities_array:[0.        0.3065768 0.6934232]

rule7: blast_furnace_slag > 131.390
probabilities_array:[0.         0.29321247 0.7067875 ]

rule18: 6.315 < superplasticizer < 10.409
probabilities_array:[0.        0.2907999 0.7092001]

rule5: 16.374 < blast_furnace_slag < 73.882
probabilities_array:[0.10297595 0.15791386 0.73911023]

