R2: 0.9177497703027222


MAE: 3.166450097925523


Accuracy: 0.8645887445887446


F1: 0.8647058823529412


Most important rules
-----------------------------

---0---
rule28: age < 4.605
probabilities_array:[0.96692693 0.         0.03307309]

rule0: cement < 208.192
probabilities_array:[0.75421554 0.         0.24578446]

rule15: water > 196.172
probabilities_array:[0.68268687 0.         0.31731316]

rule29: 4.605 < age < 44.270
probabilities_array:[0.53045213 0.         0.46954784]

rule27: fine_aggregate > 828.383
probabilities_array:[0.5062618  0.         0.49373814]

rule14: 181.640 < water < 196.172
probabilities_array:[0.49314395 0.         0.506856  ]

rule16: superplasticizer < 2.183
probabilities_array:[0.48704445 0.         0.51295555]

rule4: blast_furnace_slag < 16.096
probabilities_array:[0.30006748 0.00557835 0.6943542 ]


---1---
rule31: age > 83.934
probabilities_array:[0.         0.79261696 0.20738304]

rule3: cement > 348.305
probabilities_array:[0.         0.67164135 0.32835865]

rule24: fine_aggregate < 719.963
probabilities_array:[0.        0.6448354 0.3551646]

rule30: 44.270 < age < 83.934
probabilities_array:[0.         0.60282063 0.39717937]

rule19: superplasticizer > 10.320
probabilities_array:[0.         0.56956434 0.43043566]

rule12: water < 167.108
probabilities_array:[0.         0.49675083 0.50324917]

rule8: fly_ash < 11.662
probabilities_array:[0.         0.42040727 0.57959276]

rule13: 167.108 < water < 181.640
probabilities_array:[0.         0.41849414 0.5815059 ]

rule10: 55.028 < fly_ash < 98.394
probabilities_array:[0.         0.41770256 0.58229744]

rule6: 74.673 < blast_furnace_slag < 133.251
probabilities_array:[0.         0.41021812 0.5897819 ]

rule2: 278.249 < cement < 348.305
probabilities_array:[0.        0.4057517 0.5942483]

rule9: 11.662 < fly_ash < 55.028
probabilities_array:[0.         0.38827282 0.6117272 ]

rule20: coarse_aggregate < 920.145
probabilities_array:[0.         0.34312642 0.6568736 ]

rule21: 920.145 < coarse_aggregate < 972.715
probabilities_array:[0.         0.33553728 0.6644627 ]

rule22: 972.715 < coarse_aggregate < 1025.284
probabilities_array:[0.        0.2749347 0.7250653]

rule18: 6.252 < superplasticizer < 10.320
probabilities_array:[0.         0.25584054 0.74415946]

rule7: blast_furnace_slag > 133.251
probabilities_array:[0.         0.21603696 0.783963  ]

