R2: 0.8981331731840506


MAE: 3.374739185445449


Accuracy: 0.8155795072788354


F1: 0.8176470588235294


Most important rules
-----------------------------

---0---
rule28: age < 1.282
probabilities_array:[0.8274829  0.         0.17251709]

rule29: 1.282 < age < 46.080
probabilities_array:[0.61378616 0.         0.38621384]

rule15: water > 195.719
probabilities_array:[0.6082208  0.         0.39177918]

rule27: fine_aggregate > 826.445
probabilities_array:[0.5737138  0.         0.42628622]

rule0: cement < 210.992
probabilities_array:[0.4667998 0.        0.5332002]

rule16: superplasticizer < 2.384
probabilities_array:[0.45812812 0.         0.5418719 ]

rule26: 773.584 < fine_aggregate < 826.445
probabilities_array:[0.24722481 0.         0.7527752 ]

rule11: fly_ash > 96.748
probabilities_array:[0.21285538 0.01536966 0.7717749 ]

rule10: 54.261 < fly_ash < 96.748
probabilities_array:[0.20202139 0.00163828 0.79634035]


---1---
rule31: age > 90.877
probabilities_array:[0.        0.8090705 0.1909295]

rule30: 46.080 < age < 90.877
probabilities_array:[0.         0.70509624 0.29490376]

rule24: fine_aggregate < 720.724
probabilities_array:[0.         0.6399771  0.36002293]

rule3: cement > 350.238
probabilities_array:[0.         0.61961293 0.38038707]

rule20: coarse_aggregate < 918.769
probabilities_array:[0.         0.5401859  0.45981404]

rule6: 76.716 < blast_furnace_slag < 135.006
probabilities_array:[0.         0.53376883 0.46623114]

rule12: water < 166.959
probabilities_array:[0.         0.5097273  0.49027267]

rule2: 280.615 < cement < 350.238
probabilities_array:[0.         0.45824054 0.5417595 ]

rule13: 166.959 < water < 181.339
probabilities_array:[0.         0.42574275 0.57425725]

rule19: superplasticizer > 10.399
probabilities_array:[0.         0.41200128 0.5879987 ]

rule5: 18.426 < blast_furnace_slag < 76.716
probabilities_array:[0.05133135 0.23819488 0.7104738 ]

rule18: 6.392 < superplasticizer < 10.399
probabilities_array:[0.         0.24776307 0.75223696]

rule17: 2.384 < superplasticizer < 6.392
probabilities_array:[0.         0.21568033 0.78431964]

