R2: 0.9138053930924022


MAE: 3.1656320675120635


Accuracy: 0.8260356774288664


F1: 0.8264705882352941


Most important rules
-----------------------------

---0---
rule28: age < 1.936
probabilities_array:[0.8272853  0.         0.17271471]

rule15: water > 195.610
probabilities_array:[0.7098625  0.         0.29013753]

rule29: 1.936 < age < 46.004
probabilities_array:[0.67568934 0.         0.32431066]

rule0: cement < 209.750
probabilities_array:[0.57598144 0.         0.42401853]

rule27: fine_aggregate > 827.129
probabilities_array:[0.5122013  0.         0.48779872]

rule9: 11.915 < fly_ash < 55.297
probabilities_array:[0.47995698 0.         0.520043  ]

rule14: 181.749 < water < 195.610
probabilities_array:[0.42561236 0.         0.57438767]

rule16: superplasticizer < 2.252
probabilities_array:[0.3438021 0.        0.6561979]

rule4: blast_furnace_slag < 15.733
probabilities_array:[0.20066015 0.         0.79933983]


---1---
rule31: age > 90.073
probabilities_array:[0.         0.75363225 0.24636775]

rule3: cement > 348.479
probabilities_array:[0.         0.68115616 0.31884387]

rule30: 46.004 < age < 90.073
probabilities_array:[0.         0.63698685 0.36301315]

rule2: 279.114 < cement < 348.479
probabilities_array:[0.         0.6069453  0.39305472]

rule24: fine_aggregate < 720.652
probabilities_array:[0.         0.59314996 0.40685   ]

rule19: superplasticizer > 10.415
probabilities_array:[0.         0.5241915  0.47580853]

rule17: 2.252 < superplasticizer < 6.333
probabilities_array:[0.        0.5096261 0.4903739]

rule12: water < 167.888
probabilities_array:[0.        0.4829787 0.5170213]

rule10: 55.297 < fly_ash < 98.678
probabilities_array:[0.         0.46421087 0.53578913]

rule6: 74.100 < blast_furnace_slag < 132.467
probabilities_array:[0.         0.44376594 0.55623406]

rule13: 167.888 < water < 181.749
probabilities_array:[0.         0.35878018 0.6412198 ]

rule20: coarse_aggregate < 919.888
probabilities_array:[0.         0.32666335 0.6733366 ]

rule18: 6.333 < superplasticizer < 10.415
probabilities_array:[0.         0.31475025 0.68524975]

rule8: fly_ash < 11.915
probabilities_array:[0.         0.24626847 0.75373155]

rule7: blast_furnace_slag > 132.467
probabilities_array:[0.         0.20179519 0.7982048 ]

