R2: 0.9006065821752263


MAE: 3.3014631204044114


Accuracy: 0.8170138888888888


F1: 0.8176470588235294


Most important rules
-----------------------------

---0---
rule28: age < 2.084
probabilities_array:[0.89667666 0.         0.10332335]

rule29: 2.084 < age < 46.928
probabilities_array:[0.75177187 0.         0.24822816]

rule15: water > 196.545
probabilities_array:[0.71176565 0.         0.28823435]

rule0: cement < 210.556
probabilities_array:[0.6557705 0.        0.3442295]

rule27: fine_aggregate > 826.129
probabilities_array:[0.5898727  0.         0.41012728]

rule16: superplasticizer < 2.083
probabilities_array:[0.46090242 0.         0.5390976 ]

rule14: 182.171 < water < 196.545
probabilities_array:[0.383399 0.       0.616601]

rule4: blast_furnace_slag < 16.561
probabilities_array:[0.30241266 0.         0.6975874 ]

rule1: 210.556 < cement < 281.648
probabilities_array:[0.2399686 0.        0.7600314]

rule5: 16.561 < blast_furnace_slag < 74.230
probabilities_array:[0.14953156 0.13624671 0.7142217 ]


---1---
rule3: cement > 352.740
probabilities_array:[0.        0.7224725 0.2775275]

rule30: 46.928 < age < 91.771
probabilities_array:[0.         0.693319   0.30668095]

rule31: age > 91.771
probabilities_array:[0.         0.69101095 0.30898905]

rule24: fine_aggregate < 716.981
probabilities_array:[0.         0.55096346 0.4490365 ]

rule20: coarse_aggregate < 919.768
probabilities_array:[0.         0.52185047 0.47814956]

rule19: superplasticizer > 10.255
probabilities_array:[0.         0.51338315 0.48661685]

rule12: water < 167.798
probabilities_array:[0.         0.48944002 0.51056   ]

rule10: 53.131 < fly_ash < 96.384
probabilities_array:[0.         0.47981715 0.52018285]

rule6: 74.230 < blast_furnace_slag < 131.900
probabilities_array:[0.        0.4766917 0.5233083]

rule2: 281.648 < cement < 352.740
probabilities_array:[0.         0.44665784 0.55334216]

rule21: 919.768 < coarse_aggregate < 972.721
probabilities_array:[0.         0.42871004 0.57128996]

rule7: blast_furnace_slag > 131.900
probabilities_array:[0.         0.42770782 0.57229215]

rule13: 167.798 < water < 182.171
probabilities_array:[0.         0.39784926 0.60215074]

rule22: 972.721 < coarse_aggregate < 1025.673
probabilities_array:[0.         0.39393514 0.60606486]

rule23: coarse_aggregate > 1025.673
probabilities_array:[0.         0.37297493 0.62702507]

rule8: fly_ash < 9.878
probabilities_array:[0.        0.3687588 0.6312412]

rule17: 2.083 < superplasticizer < 6.169
probabilities_array:[0.00113898 0.20608312 0.79277796]

