R2: 0.9112476114905258


MAE: 3.4275660336999336


Accuracy: 0.8233093126385809


F1: 0.8235294117647058


Most important rules
-----------------------------

---0---
rule28: age < 1.430
probabilities_array:[0.89859384 0.         0.10140616]

rule29: 1.430 < age < 44.262
probabilities_array:[0.69666797 0.         0.30333203]

rule15: water > 196.446
probabilities_array:[0.6394653  0.         0.36053473]

rule27: fine_aggregate > 824.517
probabilities_array:[0.6114799  0.         0.38852012]

rule0: cement < 211.476
probabilities_array:[0.588593 0.       0.411407]

rule16: superplasticizer < 2.374
probabilities_array:[0.45353204 0.         0.54646796]

rule14: 181.983 < water < 196.446
probabilities_array:[0.41069546 0.         0.58930457]

rule4: blast_furnace_slag < 13.986
probabilities_array:[0.20392083 0.07626768 0.71981144]

rule26: 770.407 < fine_aggregate < 824.517
probabilities_array:[0.23544726 0.0021486  0.76240414]

rule23: coarse_aggregate > 1023.623
probabilities_array:[0.2187406  0.00224736 0.779012  ]

rule1: 211.476 < cement < 280.447
probabilities_array:[0.2015963 0.        0.7984037]


---1---
rule31: age > 87.094
probabilities_array:[0.         0.71755326 0.28244674]

rule30: 44.262 < age < 87.094
probabilities_array:[0.         0.59403217 0.40596783]

rule8: fly_ash < 14.806
probabilities_array:[0.         0.5921455  0.40785453]

rule3: cement > 349.419
probabilities_array:[0.         0.559551   0.44044897]

rule12: water < 167.520
probabilities_array:[0.         0.55922955 0.44077042]

rule6: 72.858 < blast_furnace_slag < 131.729
probabilities_array:[0.         0.49890083 0.5010992 ]

rule24: fine_aggregate < 716.297
probabilities_array:[0.         0.49733368 0.5026663 ]

rule10: 58.496 < fly_ash < 102.187
probabilities_array:[0.        0.4800999 0.5199001]

rule2: 280.447 < cement < 349.419
probabilities_array:[0.         0.47003207 0.52996796]

rule19: superplasticizer > 10.426
probabilities_array:[0.        0.4671117 0.5328883]

rule20: coarse_aggregate < 918.498
probabilities_array:[0.         0.42532513 0.5746749 ]

rule21: 918.498 < coarse_aggregate < 971.060
probabilities_array:[0.04567573 0.24594125 0.70838296]

rule13: 167.520 < water < 181.983
probabilities_array:[0.         0.25949436 0.74050564]

rule7: blast_furnace_slag > 131.729
probabilities_array:[0.         0.25599116 0.74400884]

rule18: 6.400 < superplasticizer < 10.426
probabilities_array:[0.       0.234149 0.765851]

rule5: 13.986 < blast_furnace_slag < 72.858
probabilities_array:[0.01739245 0.20794445 0.7746631 ]

rule11: fly_ash > 102.187
probabilities_array:[0.       0.201787 0.798213]

