R2: 0.8905415777042147


MAE: 3.8518975791650667


Accuracy: 0.8190842557942759


F1: 0.8205882352941176


Most important rules
-----------------------------

---0---
rule28: age < 3.313
probabilities_array:[0.8944683 0.        0.1055317]

rule15: water > 195.743
probabilities_array:[0.8285786  0.         0.17142144]

rule0: cement < 212.152
probabilities_array:[0.75073224 0.         0.24926776]

rule27: fine_aggregate > 828.634
probabilities_array:[0.6395098  0.         0.36049017]

rule16: superplasticizer < 2.145
probabilities_array:[0.5082221  0.         0.49177787]

rule14: 181.569 < water < 195.743
probabilities_array:[0.48334163 0.         0.51665837]

rule29: 3.313 < age < 43.509
probabilities_array:[0.4438514  0.01896329 0.53718525]

rule11: fly_ash > 96.458
probabilities_array:[3.4958190e-01 2.6925234e-04 6.5014881e-01]

rule1: 212.152 < cement < 282.051
probabilities_array:[0.22718114 0.         0.77281886]


---1---
rule31: age > 83.705
probabilities_array:[0.         0.92493385 0.07506616]

rule30: 43.509 < age < 83.705
probabilities_array:[0.         0.7578694  0.24213058]

rule3: cement > 351.949
probabilities_array:[0.         0.7376325  0.26236752]

rule24: fine_aggregate < 723.140
probabilities_array:[0.         0.6627359  0.33726412]

rule9: 10.823 < fly_ash < 53.641
probabilities_array:[0.         0.5669287  0.43307132]

rule12: water < 167.395
probabilities_array:[0.         0.56223166 0.43776834]

rule17: 2.145 < superplasticizer < 6.253
probabilities_array:[0.        0.5240172 0.4759828]

rule13: 167.395 < water < 181.569
probabilities_array:[0.         0.44833538 0.55166465]

rule19: superplasticizer > 10.361
probabilities_array:[0.         0.43197492 0.56802505]

rule2: 282.051 < cement < 351.949
probabilities_array:[0.        0.4033605 0.5966395]

rule18: 6.253 < superplasticizer < 10.361
probabilities_array:[0.        0.3725529 0.6274471]

rule10: 53.641 < fly_ash < 96.458
probabilities_array:[0.         0.36401752 0.63598245]

rule20: coarse_aggregate < 919.729
probabilities_array:[0.         0.35664475 0.64335525]

rule6: 71.077 < blast_furnace_slag < 128.636
probabilities_array:[0.00892932 0.29489738 0.6961733 ]

rule22: 972.422 < coarse_aggregate < 1025.116
probabilities_array:[0.        0.2828266 0.7171734]

rule7: blast_furnace_slag > 128.636
probabilities_array:[0.         0.28085813 0.7191419 ]

rule21: 919.729 < coarse_aggregate < 972.422
probabilities_array:[0.02558804 0.23309758 0.7413144 ]

