R2: 0.925557214169555


MAE: 3.344847353093764


Accuracy: 0.8522047572680485


F1: 0.8529411764705882


Most important rules
-----------------------------

---0---
rule28: age < 3.495
probabilities_array:[0.9546879  0.         0.04531208]

rule15: water > 195.620
probabilities_array:[0.7647677  0.         0.23523226]

rule27: fine_aggregate > 825.630
probabilities_array:[0.67988604 0.         0.32011396]

rule0: cement < 209.958
probabilities_array:[0.67406625 0.         0.32593378]

rule29: 3.495 < age < 46.461
probabilities_array:[0.5048053  0.         0.49519467]

rule16: superplasticizer < 2.132
probabilities_array:[0.46491957 0.         0.53508043]

rule4: blast_furnace_slag < 16.610
probabilities_array:[0.33129314 0.         0.6687069 ]

rule14: 181.521 < water < 195.620
probabilities_array:[0.2810801 0.        0.7189199]

rule25: 720.151 < fine_aggregate < 772.891
probabilities_array:[0.23133299 0.00276841 0.7658986 ]

rule10: 54.273 < fly_ash < 97.384
probabilities_array:[0.204173   0.02176217 0.77406484]

rule11: fly_ash > 97.384
probabilities_array:[0.18393348 0.04694967 0.7691169 ]


---1---
rule30: 46.461 < age < 89.426
probabilities_array:[0.        0.8580808 0.1419192]

rule31: age > 89.426
probabilities_array:[0.         0.85248893 0.14751108]

rule3: cement > 352.670
probabilities_array:[0.         0.77840006 0.22159994]

rule12: water < 167.422
probabilities_array:[0.         0.62705094 0.3729491 ]

rule24: fine_aggregate < 720.151
probabilities_array:[0.         0.5760764  0.42392358]

rule19: superplasticizer > 10.044
probabilities_array:[0.         0.53456736 0.46543264]

rule6: 73.774 < blast_furnace_slag < 130.937
probabilities_array:[0.         0.45085198 0.549148  ]

rule18: 6.088 < superplasticizer < 10.044
probabilities_array:[0.         0.39924344 0.6007566 ]

rule20: coarse_aggregate < 921.799
probabilities_array:[0.        0.3422633 0.6577367]

rule8: fly_ash < 11.161
probabilities_array:[0.02431924 0.3299593  0.64572144]

rule13: 167.422 < water < 181.521
probabilities_array:[0.         0.31331998 0.68668   ]

rule2: 281.314 < cement < 352.670
probabilities_array:[0.         0.31136304 0.68863696]

rule17: 2.132 < superplasticizer < 6.088
probabilities_array:[0.         0.28150555 0.7184945 ]

rule5: 16.610 < blast_furnace_slag < 73.774
probabilities_array:[0.11392426 0.22016339 0.66591233]

rule21: 921.799 < coarse_aggregate < 974.473
probabilities_array:[0.         0.20232703 0.797673  ]

