R2: 0.9079898968507711


MAE: 3.8392093814962047


Accuracy: 0.843889423118573


F1: 0.8441176470588235


Most important rules
-----------------------------

---0---
rule28: age < 4.018
probabilities_array:[0.98032415 0.         0.01967587]

rule0: cement < 210.895
probabilities_array:[0.82655025 0.         0.17344977]

rule15: water > 195.760
probabilities_array:[0.67704886 0.         0.32295114]

rule27: fine_aggregate > 830.318
probabilities_array:[0.6225626 0.        0.3774374]

rule29: 4.018 < age < 45.236
probabilities_array:[0.49201506 0.         0.50798494]

rule16: superplasticizer < 1.984
probabilities_array:[0.47967586 0.         0.5203241 ]

rule1: 210.895 < cement < 281.341
probabilities_array:[0.45490998 0.         0.54509   ]

rule14: 181.480 < water < 195.760
probabilities_array:[0.3899012 0.        0.6100988]

rule25: 722.548 < fine_aggregate < 776.433
probabilities_array:[0.28390193 0.00258807 0.71351004]

rule4: blast_furnace_slag < 12.733
probabilities_array:[0.2742986 0.        0.7257014]

rule5: 12.733 < blast_furnace_slag < 71.544
probabilities_array:[0.25287986 0.         0.74712014]

rule26: 776.433 < fine_aggregate < 830.318
probabilities_array:[0.226156   0.04862932 0.7252146 ]


---1---
rule31: age > 86.455
probabilities_array:[0.         0.8762356  0.12376438]

rule3: cement > 351.787
probabilities_array:[0.         0.82678753 0.17321247]

rule30: 45.236 < age < 86.455
probabilities_array:[0.         0.8100011  0.18999894]

rule24: fine_aggregate < 722.548
probabilities_array:[0.         0.57871056 0.42128944]

rule19: superplasticizer > 10.027
probabilities_array:[0.         0.55927193 0.44072807]

rule12: water < 167.201
probabilities_array:[0.         0.50553346 0.49446654]

rule17: 1.984 < superplasticizer < 6.006
probabilities_array:[0.         0.48445392 0.5155461 ]

rule18: 6.006 < superplasticizer < 10.027
probabilities_array:[0.         0.46747088 0.5325291 ]

rule9: 10.071 < fly_ash < 53.173
probabilities_array:[0.         0.46381813 0.53618187]

rule7: blast_furnace_slag > 130.355
probabilities_array:[0.       0.446879 0.553121]

rule2: 281.341 < cement < 351.787
probabilities_array:[0.         0.41153628 0.5884637 ]

rule22: 974.677 < coarse_aggregate < 1027.355
probabilities_array:[0.         0.40033463 0.5996654 ]

rule21: 921.998 < coarse_aggregate < 974.677
probabilities_array:[0.         0.36163524 0.6383648 ]

rule6: 71.544 < blast_furnace_slag < 130.355
probabilities_array:[0.         0.35998687 0.64001316]

rule13: 167.201 < water < 181.480
probabilities_array:[0.         0.34370056 0.6562994 ]

rule20: coarse_aggregate < 921.998
probabilities_array:[0.         0.30864388 0.6913561 ]

rule10: 53.173 < fly_ash < 96.276
probabilities_array:[0.         0.30149066 0.69850934]

rule23: coarse_aggregate > 1027.355
probabilities_array:[0.         0.25757176 0.74242824]

rule8: fly_ash < 10.071
probabilities_array:[0.0401078  0.21405593 0.7458363 ]

