R2: 0.9147063806392397


MAE: 3.479131618780248


Accuracy: 0.8579931084890884


F1: 0.8588235294117647


Most important rules
-----------------------------

---0---
rule28: age < 2.228
probabilities_array:[0.89136195 0.         0.10863803]

rule29: 2.228 < age < 46.190
probabilities_array:[0.6594697  0.         0.34053025]

rule15: water > 195.798
probabilities_array:[0.6390578  0.         0.36094216]

rule27: fine_aggregate > 827.089
probabilities_array:[0.60497797 0.         0.39502203]

rule0: cement < 212.111
probabilities_array:[0.46849394 0.         0.53150606]

rule14: 181.541 < water < 195.798
probabilities_array:[0.43426272 0.         0.5657373 ]

rule16: superplasticizer < 2.257
probabilities_array:[0.41910353 0.         0.58089644]

rule11: fly_ash > 99.095
probabilities_array:[0.2077582  0.00854759 0.7836942 ]


---1---
rule31: age > 90.152
probabilities_array:[0.         0.74895203 0.25104797]

rule3: cement > 351.321
probabilities_array:[0.        0.6399483 0.3600517]

rule30: 46.190 < age < 90.152
probabilities_array:[0.         0.6144146  0.38558543]

rule12: water < 167.285
probabilities_array:[0.         0.56414187 0.43585813]

rule24: fine_aggregate < 721.183
probabilities_array:[0.         0.49721876 0.5027812 ]

rule2: 281.716 < cement < 351.321
probabilities_array:[0.        0.4549085 0.5450915]

rule20: coarse_aggregate < 918.539
probabilities_array:[0.         0.42856443 0.5714356 ]

rule17: 2.257 < superplasticizer < 6.179
probabilities_array:[0.         0.42558205 0.57441795]

rule6: 73.066 < blast_furnace_slag < 130.849
probabilities_array:[0.         0.38515696 0.614843  ]

rule18: 6.179 < superplasticizer < 10.101
probabilities_array:[0.         0.38393533 0.61606467]

rule19: superplasticizer > 10.101
probabilities_array:[0.00069844 0.37571654 0.62358505]

rule7: blast_furnace_slag > 130.849
probabilities_array:[0.        0.3613883 0.6386117]

rule8: fly_ash < 12.895
probabilities_array:[0.        0.3477733 0.6522267]

rule13: 167.285 < water < 181.541
probabilities_array:[0.         0.29015586 0.7098441 ]

rule9: 12.895 < fly_ash < 55.995
probabilities_array:[0.        0.2726698 0.7273302]

rule10: 55.995 < fly_ash < 99.095
probabilities_array:[0.         0.27211598 0.72788405]

rule5: 15.282 < blast_furnace_slag < 73.066
probabilities_array:[0.07362107 0.20049414 0.72588474]

