R2: 0.8898771748629145


MAE: 3.463203288863687


Accuracy: 0.8320260021668472


F1: 0.8323529411764706


Most important rules
-----------------------------

---0---
rule27: fine_aggregate > 828.776
probabilities_array:[0.7131404  0.         0.28685954]

rule29: 2.303 < age < 42.791
probabilities_array:[0.6649183 0.        0.3350817]

rule15: water > 195.889
probabilities_array:[0.6189861  0.         0.38101384]

rule0: cement < 214.172
probabilities_array:[0.5641734 0.        0.4358266]

rule16: superplasticizer < 2.178
probabilities_array:[0.47975123 0.         0.5202488 ]

rule11: fly_ash > 98.442
probabilities_array:[0.30297446 0.         0.69702554]

rule14: 181.604 < water < 195.889
probabilities_array:[0.25300637 0.05163166 0.695362  ]

rule1: 214.172 < cement < 284.461
probabilities_array:[0.27096584 0.         0.7290342 ]

rule26: 774.914 < fine_aggregate < 828.776
probabilities_array:[0.23971653 0.         0.76028347]


---1---
rule31: age > 83.280
probabilities_array:[0.         0.76792234 0.23207764]

rule9: 11.954 < fly_ash < 55.198
probabilities_array:[0.         0.72189957 0.27810046]

rule30: 42.791 < age < 83.280
probabilities_array:[0.        0.6528615 0.3471385]

rule19: superplasticizer > 10.233
probabilities_array:[0.         0.58610874 0.41389126]

rule13: 167.319 < water < 181.604
probabilities_array:[0.         0.56365913 0.43634087]

rule3: cement > 354.750
probabilities_array:[0.         0.53002197 0.469978  ]

rule24: fine_aggregate < 721.052
probabilities_array:[0.         0.52675813 0.4732419 ]

rule18: 6.206 < superplasticizer < 10.233
probabilities_array:[0.         0.49981123 0.5001888 ]

rule12: water < 167.319
probabilities_array:[0.         0.48299187 0.5170081 ]

rule10: 55.198 < fly_ash < 98.442
probabilities_array:[0.         0.46590492 0.5340951 ]

rule20: coarse_aggregate < 919.623
probabilities_array:[0.         0.44602495 0.55397505]

rule8: fly_ash < 11.954
probabilities_array:[0.         0.44002625 0.5599738 ]

rule17: 2.178 < superplasticizer < 6.206
probabilities_array:[0.         0.35999975 0.6400002 ]

rule5: 12.202 < blast_furnace_slag < 69.989
probabilities_array:[0.00951573 0.2873551  0.7031292 ]

rule6: 69.989 < blast_furnace_slag < 127.775
probabilities_array:[0.        0.2535229 0.7464771]

rule2: 284.461 < cement < 354.750
probabilities_array:[0.         0.21056205 0.78943795]

rule21: 919.623 < coarse_aggregate < 970.887
probabilities_array:[0.01800003 0.19212502 0.7898749 ]

