R2: 0.9248733545529294


MAE: 3.2475121884626508


Accuracy: 0.8587453261321146


F1: 0.8588235294117647


Most important rules
-----------------------------

---0---
rule28: age < 3.333
probabilities_array:[0.94763887 0.         0.05236111]

rule0: cement < 212.606
probabilities_array:[0.70538354 0.         0.2946165 ]

rule15: water > 195.749
probabilities_array:[0.704005   0.         0.29599497]

rule27: fine_aggregate > 829.261
probabilities_array:[0.6225368  0.         0.37746325]

rule29: 3.333 < age < 45.339
probabilities_array:[0.4802631  0.00973728 0.50999963]

rule16: superplasticizer < 2.218
probabilities_array:[0.4334104 0.        0.5665896]

rule14: 181.397 < water < 195.749
probabilities_array:[0.37344795 0.         0.62655205]

rule26: 774.887 < fine_aggregate < 829.261
probabilities_array:[0.23843847 0.         0.7615615 ]

rule5: 15.975 < blast_furnace_slag < 73.594
probabilities_array:[0.16521215 0.12384392 0.71094394]

rule23: coarse_aggregate > 1025.016
probabilities_array:[0.20845802 0.         0.791542  ]


---1---
rule31: age > 87.346
probabilities_array:[0.         0.89649945 0.10350055]

rule30: 45.339 < age < 87.346
probabilities_array:[0.         0.7781742  0.22182576]

rule3: cement > 350.368
probabilities_array:[0.         0.76408863 0.23591137]

rule9: 11.518 < fly_ash < 54.000
probabilities_array:[0.         0.616526   0.38347396]

rule24: fine_aggregate < 720.512
probabilities_array:[0.         0.61404526 0.38595474]

rule19: superplasticizer > 10.288
probabilities_array:[0.        0.5280949 0.4719051]

rule12: water < 167.045
probabilities_array:[0.         0.5231538  0.47684622]

rule13: 167.045 < water < 181.397
probabilities_array:[0.         0.4449292  0.55507076]

rule18: 6.253 < superplasticizer < 10.288
probabilities_array:[3.5378267e-04 3.9941102e-01 6.0023516e-01]

rule10: 54.000 < fly_ash < 96.483
probabilities_array:[0.         0.3688471  0.63115287]

rule8: fly_ash < 11.518
probabilities_array:[0.04954761 0.340662   0.6097904 ]

rule17: 2.218 < superplasticizer < 6.253
probabilities_array:[0.         0.32662925 0.6733708 ]

rule2: 281.487 < cement < 350.368
probabilities_array:[0.         0.30767775 0.69232225]

rule6: 73.594 < blast_furnace_slag < 131.214
probabilities_array:[0.         0.30474755 0.6952524 ]

rule21: 921.353 < coarse_aggregate < 973.184
probabilities_array:[0.        0.2244383 0.7755617]

rule20: coarse_aggregate < 921.353
probabilities_array:[0.         0.20299508 0.79700494]

