R2: 0.8971284656641377


MAE: 3.846733712140251


Accuracy: 0.8555211558307534


F1: 0.8558823529411764


Most important rules
-----------------------------

---0---
rule28: age < 3.267
probabilities_array:[0.96014404 0.         0.03985594]

rule0: cement < 213.168
probabilities_array:[0.7189791  0.         0.28102088]

rule15: water > 196.388
probabilities_array:[0.68493414 0.         0.31506586]

rule27: fine_aggregate > 828.998
probabilities_array:[0.67557555 0.         0.32442442]

rule29: 3.267 < age < 46.758
probabilities_array:[0.46777573 0.         0.5322243 ]

rule16: superplasticizer < 2.114
probabilities_array:[0.4624827 0.        0.5375173]

rule14: 181.952 < water < 196.388
probabilities_array:[0.38413846 0.         0.61586154]

rule1: 213.168 < cement < 283.335
probabilities_array:[0.36705333 0.         0.63294667]

rule25: 718.481 < fine_aggregate < 773.739
probabilities_array:[0.2576083 0.        0.7423917]


---1---
rule31: age > 90.249
probabilities_array:[0.         0.8927964  0.10720361]

rule30: 46.758 < age < 90.249
probabilities_array:[0.         0.7611855  0.23881444]

rule3: cement > 353.502
probabilities_array:[0.         0.71550524 0.28449476]

rule12: water < 167.516
probabilities_array:[0.        0.5513809 0.4486191]

rule24: fine_aggregate < 718.481
probabilities_array:[0.        0.4898729 0.5101271]

rule18: 6.131 < superplasticizer < 10.147
probabilities_array:[0.         0.48927793 0.5107221 ]

rule19: superplasticizer > 10.147
probabilities_array:[0.         0.45886704 0.5411329 ]

rule20: coarse_aggregate < 921.186
probabilities_array:[0.        0.4018365 0.5981635]

rule6: 73.171 < blast_furnace_slag < 130.716
probabilities_array:[0.         0.35755116 0.64244884]

rule8: fly_ash < 10.374
probabilities_array:[0.        0.3562829 0.6437171]

rule21: 921.186 < coarse_aggregate < 972.990
probabilities_array:[0.         0.3442864  0.65571356]

rule7: blast_furnace_slag > 130.716
probabilities_array:[0.         0.30924085 0.6907591 ]

rule9: 10.374 < fly_ash < 53.029
probabilities_array:[0.10983746 0.22355382 0.6666087 ]

rule17: 2.114 < superplasticizer < 6.131
probabilities_array:[0.         0.24904868 0.7509513 ]

rule13: 167.516 < water < 181.952
probabilities_array:[0.         0.24413767 0.75586236]

rule22: 972.990 < coarse_aggregate < 1024.794
probabilities_array:[0.         0.23824933 0.76175064]

rule5: 15.626 < blast_furnace_slag < 73.171
probabilities_array:[0.06579924 0.20486188 0.7293389 ]

