R2: 0.914284714283416


MAE: 3.394615626054652


Accuracy: 0.8459693537641573


F1: 0.85


Most important rules
-----------------------------

---0---
rule28: age < 4.890
probabilities_array:[0.99381435 0.         0.00618565]

rule0: cement < 216.506
probabilities_array:[0.7651838  0.         0.23481618]

rule15: water > 195.891
probabilities_array:[0.76162106 0.         0.23837894]

rule27: fine_aggregate > 826.989
probabilities_array:[0.58406425 0.00100093 0.41493478]

rule16: superplasticizer < 2.404
probabilities_array:[0.5473374  0.         0.45266262]

rule29: 4.890 < age < 48.628
probabilities_array:[0.4762391 0.        0.5237609]

rule1: 216.506 < cement < 285.643
probabilities_array:[0.41289872 0.         0.5871013 ]

rule14: 181.479 < water < 195.891
probabilities_array:[0.39026538 0.         0.60973465]

rule4: blast_furnace_slag < 12.882
probabilities_array:[0.21397632 0.         0.7860237 ]


---1---
rule31: age > 92.365
probabilities_array:[0.         0.89318836 0.10681166]

rule30: 48.628 < age < 92.365
probabilities_array:[0.         0.797106   0.20289399]

rule3: cement > 354.780
probabilities_array:[0.         0.7076534  0.29234663]

rule9: 10.279 < fly_ash < 52.291
probabilities_array:[0.         0.7006972  0.29930285]

rule24: fine_aggregate < 719.536
probabilities_array:[0.         0.6165172  0.38348278]

rule12: water < 167.066
probabilities_array:[0.        0.5909348 0.4090652]

rule20: coarse_aggregate < 923.934
probabilities_array:[0.         0.50846916 0.49153084]

rule19: superplasticizer > 10.203
probabilities_array:[0.       0.455333 0.544667]

rule7: blast_furnace_slag > 128.316
probabilities_array:[0.         0.44267127 0.5573287 ]

rule18: 6.303 < superplasticizer < 10.203
probabilities_array:[0.00108487 0.39254913 0.606366  ]

rule8: fly_ash < 10.279
probabilities_array:[0.         0.38540536 0.61459464]

rule21: 923.934 < coarse_aggregate < 975.869
probabilities_array:[0.        0.3834222 0.6165778]

rule6: 70.599 < blast_furnace_slag < 128.316
probabilities_array:[0.         0.3638269  0.63617307]

rule22: 975.869 < coarse_aggregate < 1027.804
probabilities_array:[0.         0.32812986 0.6718701 ]

rule10: 52.291 < fly_ash < 94.304
probabilities_array:[0.02128113 0.25065154 0.72806734]

rule5: 12.882 < blast_furnace_slag < 70.599
probabilities_array:[0.         0.24318567 0.75681436]

