R2: 0.9061697168027649


MAE: 3.8476380519305957


Accuracy: 0.8705479214980443


F1: 0.8705882352941177


Most important rules
-----------------------------

---0---
rule28: age < 4.938
probabilities_array:[0.966193   0.         0.03380696]

rule0: cement < 209.246
probabilities_array:[0.7825899 0.        0.2174101]

rule27: fine_aggregate > 829.952
probabilities_array:[0.6692156  0.         0.33078438]

rule15: water > 196.149
probabilities_array:[0.6621812 0.        0.3378188]

rule29: 4.938 < age < 45.486
probabilities_array:[0.6459198  0.         0.35408017]

rule14: 181.392 < water < 196.149
probabilities_array:[0.436514 0.       0.563486]

rule16: superplasticizer < 2.279
probabilities_array:[0.35359558 0.         0.64640445]

rule1: 209.246 < cement < 279.407
probabilities_array:[0.32711056 0.         0.6728894 ]

rule25: 720.825 < fine_aggregate < 775.389
probabilities_array:[0.29729268 0.01901762 0.6836897 ]


---1---
rule31: age > 86.033
probabilities_array:[0.         0.7561894  0.24381056]

rule30: 45.486 < age < 86.033
probabilities_array:[0.         0.6890762  0.31092378]

rule12: water < 166.635
probabilities_array:[0.         0.62669533 0.37330467]

rule3: cement > 349.569
probabilities_array:[0.         0.59647787 0.40352216]

rule6: 76.196 < blast_furnace_slag < 133.936
probabilities_array:[0.         0.5856908  0.41430923]

rule24: fine_aggregate < 720.825
probabilities_array:[0.         0.526314   0.47368595]

rule8: fly_ash < 12.000
probabilities_array:[0.         0.46872836 0.53127164]

rule10: 54.950 < fly_ash < 97.900
probabilities_array:[0.         0.45350516 0.54649484]

rule19: superplasticizer > 10.468
probabilities_array:[0.      0.43315 0.56685]

rule18: 6.374 < superplasticizer < 10.468
probabilities_array:[0.         0.40862933 0.59137064]

rule13: 166.635 < water < 181.392
probabilities_array:[0.         0.37285358 0.6271464 ]

rule21: 917.825 < coarse_aggregate < 970.134
probabilities_array:[0.        0.3659047 0.6340953]

rule17: 2.279 < superplasticizer < 6.374
probabilities_array:[0.         0.34828845 0.6517115 ]

rule5: 18.456 < blast_furnace_slag < 76.196
probabilities_array:[0.01285235 0.3355542  0.6515934 ]

rule7: blast_furnace_slag > 133.936
probabilities_array:[0.         0.33830735 0.6616926 ]

rule20: coarse_aggregate < 917.825
probabilities_array:[0.         0.32021946 0.67978054]

rule22: 970.134 < coarse_aggregate < 1022.444
probabilities_array:[0.        0.2863404 0.7136596]

rule2: 279.407 < cement < 349.569
probabilities_array:[0.02622628 0.26512045 0.7086533 ]

rule9: 12.000 < fly_ash < 54.950
probabilities_array:[0.         0.26092345 0.73907655]

