R2: 0.8980811116349451


MAE: 3.606316423416138


Accuracy: 0.8203255624572254


F1: 0.8205882352941176


Most important rules
-----------------------------

---0---
rule29: 2.492 < age < 44.755
probabilities_array:[0.68907905 0.         0.31092098]

rule15: water > 196.040
probabilities_array:[0.63327265 0.         0.36672738]

rule27: fine_aggregate > 829.467
probabilities_array:[0.52633995 0.         0.47366002]

rule0: cement < 212.095
probabilities_array:[0.469358   0.         0.53064203]

rule16: superplasticizer < 2.184
probabilities_array:[0.45537052 0.         0.5446295 ]

rule14: 181.402 < water < 196.040
probabilities_array:[0.40091574 0.         0.59908426]

rule26: 775.011 < fine_aggregate < 829.467
probabilities_array:[0.25103998 0.00953469 0.7394253 ]

rule11: fly_ash > 98.451
probabilities_array:[0.24726568 0.         0.7527343 ]


---1---
rule30: 44.755 < age < 87.018
probabilities_array:[0.         0.66556495 0.33443505]

rule31: age > 87.018
probabilities_array:[0.        0.6628732 0.3371268]

rule3: cement > 354.241
probabilities_array:[0.         0.6579988  0.34200117]

rule9: 11.841 < fly_ash < 55.146
probabilities_array:[0.         0.6309416  0.36905834]

rule24: fine_aggregate < 720.555
probabilities_array:[0.         0.57041687 0.42958313]

rule12: water < 166.765
probabilities_array:[0.         0.52394795 0.47605205]

rule20: coarse_aggregate < 920.661
probabilities_array:[0.         0.47746557 0.52253443]

rule10: 55.146 < fly_ash < 98.451
probabilities_array:[0.         0.4621949  0.53780514]

rule8: fly_ash < 11.841
probabilities_array:[0.00184835 0.45075613 0.5473955 ]

rule18: 6.272 < superplasticizer < 10.359
probabilities_array:[0.        0.4266429 0.5733571]

rule19: superplasticizer > 10.359
probabilities_array:[0.         0.40177915 0.5982208 ]

rule2: 283.168 < cement < 354.241
probabilities_array:[0.         0.37902778 0.6209722 ]

rule5: 14.096 < blast_furnace_slag < 71.803
probabilities_array:[0.03528412 0.26681685 0.69789904]

rule22: 971.796 < coarse_aggregate < 1022.932
probabilities_array:[0.         0.25722662 0.74277335]

rule17: 2.184 < superplasticizer < 6.272
probabilities_array:[0.         0.25067675 0.74932325]

rule6: 71.803 < blast_furnace_slag < 129.509
probabilities_array:[0.        0.2479144 0.7520856]

rule7: blast_furnace_slag > 129.509
probabilities_array:[0.         0.22565036 0.77434963]

