R2: 0.6590222524951351


MAE: 22864485.036758013


Accuracy: 0.7591008405288383


F1: 0.7603787327021122


Most important rules
-----------------------------

---0---
rule9: -1898.340 < num_voted_users < 100615.061
probabilities_array:[0.51643807 0.         0.48356196]

rule16: num_user_for_reviews < 44.524
probabilities_array:[0.47105923 0.         0.5289408 ]

rule49: -129630561.608 < budget < 46953453.602
probabilities_array:[0.37375775 0.         0.6262422 ]

rule3: imdb_score > 7.224
probabilities_array:[0.34215903 0.         0.65784097]

rule51: budget > 223537468.812
probabilities_array:[0.3213893 0.        0.6786107]

rule12: num_critic_for_reviews < 78.362
probabilities_array:[0.3120647 0.        0.6879353]

rule6: 2003.250 < title_year < 2009.989
probabilities_array:[0.23196177 0.         0.7680382 ]

rule22: 753.532 < director_facebook_likes < 2763.702
probabilities_array:[0.22584063 0.         0.7741594 ]

rule45: 94.130 < duration < 109.773
probabilities_array:[2.1973497e-01 7.6782715e-04 7.7949721e-01]


---1---
rule4: title_year < 1996.510
probabilities_array:[0.         0.57832646 0.42167354]

rule19: num_user_for_reviews > 599.327
probabilities_array:[0.         0.42546192 0.57453805]

rule50: 46953453.602 < budget < 223537468.812
probabilities_array:[0.         0.38988638 0.6101136 ]

rule1: 5.746 < imdb_score < 6.485
probabilities_array:[0.        0.3411244 0.6588756]

rule30: 1942.158 < actor_2_facebook_likes < 5093.142
probabilities_array:[0.         0.33236963 0.6676304 ]

rule0: imdb_score < 5.746
probabilities_array:[0.       0.327372 0.672628]

rule11: num_voted_users > 203128.462
probabilities_array:[0.         0.31199658 0.6880034 ]

rule18: 321.925 < num_user_for_reviews < 599.327
probabilities_array:[0.         0.29980105 0.70019895]

rule31: actor_2_facebook_likes > 5093.142
probabilities_array:[0.01600752 0.27948275 0.7045098 ]

rule10: 100615.061 < num_voted_users < 203128.462
probabilities_array:[0.         0.28239778 0.71760225]

rule14: 161.722 < num_critic_for_reviews < 245.082
probabilities_array:[0.         0.27448493 0.72551507]

rule15: num_critic_for_reviews > 245.082
probabilities_array:[0.         0.25212827 0.74787176]

rule34: 765.110 < actor_3_facebook_likes < 2081.356
probabilities_array:[0.01336867 0.23619507 0.75043625]

rule35: actor_3_facebook_likes > 2081.356
probabilities_array:[0.         0.22528976 0.77471024]

rule23: director_facebook_likes > 2763.702
probabilities_array:[0.       0.214234 0.785766]

rule47: duration > 125.416
probabilities_array:[6.9701119e-04 2.0875601e-01 7.9054701e-01]

rule46: 109.773 < duration < 125.416
probabilities_array:[0.00850111 0.1982789  0.79322   ]

