R2: 0.8990548667923178

MAE: 3.654757258807912

MSE: 30.181723820958787

Accuracy: 0.8588235294117647

F1: 0.858229959345356

Confusion Matrix: [[157, 23], [25, 135]]

Uncertainties: {'class0': [0.159331813454628, 0.17954792082309723, 0.19170045852661133, 0.28878483176231384, 0.4137798547744751], 'class1': [0.13276322185993195, 0.15255315601825714, 0.21980498731136322, 0.22708991169929504, 0.302083283662796]}

Most important rules
-----------------------------

---0---
rule43: -16.500 < age < 18.483
probabilities_array:[0.8406682  0.         0.15933181]

rule0: cement < 183.335
probabilities_array:[0.8204521  0.         0.17954792]

rule23: water > 201.884
probabilities_array:[0.80829954 0.         0.19170046]

rule41: fine_aggregate > 854.988
probabilities_array:[0.7112152  0.         0.28878483]

rule15: 53.035 < fly_ash < 80.565
probabilities_array:[0.58622015 0.         0.41377985]

rule22: 190.318 < water < 201.884
probabilities_array:[0.5664874  0.         0.43351263]

rule40: 811.791 < fine_aggregate < 854.988
probabilities_array:[0.4523995 0.        0.5476005]

rule1: 183.335 < cement < 238.872
probabilities_array:[0.43949717 0.         0.5605028 ]

rule35: coarse_aggregate > 1045.872
probabilities_array:[0.41431552 0.00209437 0.5835901 ]

rule24: superplasticizer < 0.496
probabilities_array:[0.3856024 0.0079342 0.6064634]

rule33: 971.370 < coarse_aggregate < 1004.540
probabilities_array:[0.3236817  0.02661951 0.64969873]

rule38: 742.455 < fine_aggregate < 777.123
probabilities_array:[0.29544142 0.         0.7045586 ]

rule32: 938.199 < coarse_aggregate < 971.370
probabilities_array:[2.9123470e-01 8.7535416e-05 7.0867777e-01]

rule37: 699.258 < fine_aggregate < 742.455
probabilities_array:[0.24654321 0.         0.7534568 ]

rule7: -10.308 < blast_furnace_slag < 35.043
probabilities_array:[0.22754595 0.00341964 0.7690344 ]


---1---
rule47: age > 109.616
probabilities_array:[0.         0.8672368  0.13276322]

rule46: 74.633 < age < 109.616
probabilities_array:[0.         0.84744686 0.15255316]

rule5: cement > 383.552
probabilities_array:[0.         0.780195   0.21980499]

rule45: 46.558 < age < 74.633
probabilities_array:[0.         0.77291006 0.22708991]

rule19: 160.186 < water < 171.752
probabilities_array:[0.         0.69791675 0.30208328]

rule18: water < 160.186
probabilities_array:[0.         0.68438786 0.3156121 ]

rule36: fine_aggregate < 699.258
probabilities_array:[0.         0.6449517  0.35504833]

rule4: 328.015 < cement < 383.552
probabilities_array:[0.         0.54106945 0.45893052]

rule10: 107.837 < blast_furnace_slag < 153.188
probabilities_array:[0.         0.5369172  0.46308276]

rule28: 8.862 < superplasticizer < 12.074
probabilities_array:[0.         0.50754833 0.49245167]

rule11: blast_furnace_slag > 153.188
probabilities_array:[0.        0.4881521 0.5118479]

rule13: -8.798 < fly_ash < 25.505
probabilities_array:[0.         0.41322318 0.5867768 ]

rule30: coarse_aggregate < 896.867
probabilities_array:[0.         0.40691844 0.5930816 ]

rule9: 71.440 < blast_furnace_slag < 107.837
probabilities_array:[0.         0.36913857 0.63086146]

rule25: 0.496 < superplasticizer < 3.708
probabilities_array:[0.         0.36394122 0.63605875]

rule26: 3.708 < superplasticizer < 6.285
probabilities_array:[0.01200948 0.29899988 0.6889906 ]

rule31: 896.867 < coarse_aggregate < 938.199
probabilities_array:[0.02029997 0.29225904 0.68744105]

rule8: 35.043 < blast_furnace_slag < 71.440
probabilities_array:[0.01685363 0.28488106 0.6982654 ]

rule16: 80.565 < fly_ash < 114.868
probabilities_array:[0.         0.25357288 0.7464271 ]

rule27: 6.285 < superplasticizer < 8.862
probabilities_array:[0.02689393 0.23707762 0.7360284 ]

rule34: 1004.540 < coarse_aggregate < 1045.872
probabilities_array:[0.         0.23793341 0.7620666 ]

rule20: 171.752 < water < 181.035
probabilities_array:[0.         0.21496299 0.785037  ]

