R2: 0.9024629569494149

MAE: 3.293858898555532

MSE: 24.514163925665457

Accuracy: 0.861764705882353

F1: 0.8616677775950277

Confusion Matrix: [[151, 23], [24, 142]]

Uncertainties: {'class0': [0.11993885040283203, 0.175936758518219, 0.2071090191602707, 0.3382394313812256, 0.369678258895874], 'class1': [0.15223988890647888, 0.18529479205608368, 0.19899213314056396, 0.25659477710723877, 0.36837881803512573]}

Most important rules
-----------------------------

---0---
rule43: -13.277 < age < 18.423
probabilities_array:[0.88006115 0.         0.11993885]

rule23: water > 201.675
probabilities_array:[0.82406324 0.         0.17593676]

rule0: cement < 178.671
probabilities_array:[0.79289097 0.         0.20710902]

rule22: 190.453 < water < 201.675
probabilities_array:[0.66176057 0.         0.33823943]

rule41: fine_aggregate > 852.684
probabilities_array:[0.63032174 0.         0.36967826]

rule24: superplasticizer < 0.619
probabilities_array:[0.5059251  0.         0.49407485]

rule40: 809.064 < fine_aggregate < 852.684
probabilities_array:[0.44000012 0.         0.5599999 ]

rule1: 178.671 < cement < 234.963
probabilities_array:[0.4074322 0.        0.5925678]

rule35: coarse_aggregate > 1047.147
probabilities_array:[3.8309047e-01 5.7829829e-04 6.1633116e-01]

rule38: 739.051 < fine_aggregate < 774.058
probabilities_array:[0.34758526 0.         0.65241474]

rule21: 181.446 < water < 190.453
probabilities_array:[0.32305375 0.         0.6769462 ]

rule37: 695.432 < fine_aggregate < 739.051
probabilities_array:[0.25842056 0.         0.7415795 ]

rule7: -9.630 < blast_furnace_slag < 37.313
probabilities_array:[0.24386789 0.         0.7561321 ]


---1---
rule46: 69.305 < age < 101.004
probabilities_array:[0.         0.84776014 0.15223989]

rule47: age > 101.004
probabilities_array:[0.         0.8147052  0.18529479]

rule5: cement > 381.608
probabilities_array:[0.         0.80100787 0.19899213]

rule45: 43.864 < age < 69.305
probabilities_array:[0.         0.7434052  0.25659478]

rule36: fine_aggregate < 695.432
probabilities_array:[0.         0.6316212  0.36837882]

rule18: water < 161.216
probabilities_array:[0.         0.6169208  0.38307917]

rule28: 8.861 < superplasticizer < 12.025
probabilities_array:[0.        0.5882693 0.4117307]

rule4: 325.317 < cement < 381.608
probabilities_array:[0.         0.57182205 0.42817792]

rule13: -6.110 < fly_ash < 28.208
probabilities_array:[0.00181615 0.52192223 0.4762617 ]

rule8: 37.313 < blast_furnace_slag < 74.987
probabilities_array:[0.         0.49712253 0.5028775 ]

rule31: 897.901 < coarse_aggregate < 939.300
probabilities_array:[1.4344107e-04 4.3951681e-01 5.6033975e-01]

rule19: 161.216 < water < 172.439
probabilities_array:[0.        0.4375443 0.5624557]

rule11: blast_furnace_slag > 159.604
probabilities_array:[0.         0.4276009  0.57239914]

rule25: 0.619 < superplasticizer < 3.783
probabilities_array:[0.         0.39542237 0.60457766]

rule3: 280.140 < cement < 325.317
probabilities_array:[0.         0.37467405 0.6253259 ]

rule34: 1005.748 < coarse_aggregate < 1047.147
probabilities_array:[0.         0.37183502 0.628165  ]

rule30: coarse_aggregate < 897.901
probabilities_array:[0.         0.35689494 0.6431051 ]

rule16: 83.291 < fly_ash < 117.608
probabilities_array:[0.         0.31969526 0.68030477]

rule10: 112.661 < blast_furnace_slag < 159.604
probabilities_array:[0.         0.29230815 0.70769185]

rule9: 74.987 < blast_furnace_slag < 112.661
probabilities_array:[0.         0.265498   0.73450196]

rule27: 6.322 < superplasticizer < 8.861
probabilities_array:[0.01764565 0.2131082  0.7692461 ]

rule26: 3.783 < superplasticizer < 6.322
probabilities_array:[0.00634519 0.21130611 0.78234875]

