R2: 0.8699581928131372


MAE: 4.463939393096971


MSE: 36.958625250293075


Accuracy: 0.8587453261321146


F1: 0.8588235294117647


Most important rules
-----------------------------

---0---
rule28: age < 3.800
probabilities_array:[0.9525479  0.         0.04745206]

rule0: cement < 208.186
probabilities_array:[0.7424973  0.         0.25750265]

rule27: fine_aggregate > 829.395
probabilities_array:[0.72704315 0.         0.27295685]

rule15: water > 195.769
probabilities_array:[0.6583405  0.         0.34165952]

rule29: 3.800 < age < 45.871
probabilities_array:[0.6035461 0.        0.3964539]

rule16: superplasticizer < 1.994
probabilities_array:[0.41464895 0.         0.58535105]

rule14: 181.530 < water < 195.769
probabilities_array:[0.3969215 0.        0.6030785]

rule26: 775.455 < fine_aggregate < 829.395
probabilities_array:[0.3903224 0.        0.6096776]

rule25: 721.515 < fine_aggregate < 775.455
probabilities_array:[0.339079   0.         0.66092104]

rule1: 208.186 < cement < 278.179
probabilities_array:[0.31956252 0.         0.68043745]

rule4: blast_furnace_slag < 12.519
probabilities_array:[0.2084418  0.00594578 0.7856124 ]


---1---
rule31: age > 87.942
probabilities_array:[0.         0.8342216  0.16577838]

rule3: cement > 348.172
probabilities_array:[0.        0.7410357 0.2589643]

rule30: 45.871 < age < 87.942
probabilities_array:[0.         0.7193398  0.28066024]

rule9: 9.988 < fly_ash < 53.569
probabilities_array:[0.         0.57687163 0.4231284 ]

rule12: water < 167.291
probabilities_array:[0.        0.5634715 0.4365285]

rule22: 976.112 < coarse_aggregate < 1029.047
probabilities_array:[0.         0.5424581  0.45754188]

rule21: 923.176 < coarse_aggregate < 976.112
probabilities_array:[0.         0.50234133 0.49765864]

rule19: superplasticizer > 10.072
probabilities_array:[0.         0.49061897 0.50938106]

rule20: coarse_aggregate < 923.176
probabilities_array:[0.         0.48770025 0.5122997 ]

rule10: 53.569 < fly_ash < 97.150
probabilities_array:[0.         0.46064606 0.5393539 ]

rule6: 71.559 < blast_furnace_slag < 130.599
probabilities_array:[0.         0.42970368 0.5702963 ]

rule24: fine_aggregate < 721.515
probabilities_array:[0.         0.42849493 0.57150507]

rule8: fly_ash < 9.988
probabilities_array:[0.00107596 0.37531602 0.62360805]

rule17: 1.994 < superplasticizer < 6.033
probabilities_array:[0.        0.3430281 0.6569719]

rule18: 6.033 < superplasticizer < 10.072
probabilities_array:[0.         0.33455482 0.66544515]

rule7: blast_furnace_slag > 130.599
probabilities_array:[0.        0.3345526 0.6654474]

rule2: 278.179 < cement < 348.172
probabilities_array:[0.        0.3178398 0.6821602]

rule5: 12.519 < blast_furnace_slag < 71.559
probabilities_array:[0.04407539 0.28781256 0.66811204]

rule13: 167.291 < water < 181.530
probabilities_array:[0.         0.30649236 0.6935077 ]

rule23: coarse_aggregate > 1029.047
probabilities_array:[0.         0.2776843  0.72231567]

