R2: 0.8877355864309916


MAE: 4.0931989077895725


MSE: 29.792584591082573


Accuracy: 1.0


F1: 1.0


Most important rules
-----------------------------

---0---
