R2: 0.848354537074526


MAE: 4.579411469680638


MSE: 41.49315146170722


Accuracy: 0.8382226989990571


F1: 0.8382352941176471


Most important rules
-----------------------------

---0---
rule28: age < 2.289
probabilities_array:[0.86439276 0.         0.13560726]

rule27: fine_aggregate > 825.023
probabilities_array:[0.6969228 0.        0.3030772]

rule15: water > 197.218
probabilities_array:[0.68399376 0.         0.31600624]

rule29: 2.289 < age < 45.619
probabilities_array:[0.66186374 0.         0.3381363 ]

rule0: cement < 211.159
probabilities_array:[0.6440606 0.        0.3559394]

rule14: 182.694 < water < 197.218
probabilities_array:[0.45646414 0.         0.5435359 ]

rule26: 769.563 < fine_aggregate < 825.023
probabilities_array:[0.44655675 0.         0.55344325]

rule1: 211.159 < cement < 282.449
probabilities_array:[0.3958614 0.        0.6041386]

rule16: superplasticizer < 2.062
probabilities_array:[0.34938    0.01128912 0.6393309 ]

rule9: 9.318 < fly_ash < 52.403
probabilities_array:[0.304239   0.04345166 0.6523093 ]

rule25: 714.104 < fine_aggregate < 769.563
probabilities_array:[0.2913091  0.         0.70869094]


---1---
rule31: age > 88.948
probabilities_array:[0.         0.7591873  0.24081272]

rule6: 76.761 < blast_furnace_slag < 135.469
probabilities_array:[0.         0.62140673 0.3785933 ]

rule30: 45.619 < age < 88.948
probabilities_array:[0.         0.54710335 0.45289665]

rule17: 2.062 < superplasticizer < 5.987
probabilities_array:[0.        0.5381934 0.4618066]

rule24: fine_aggregate < 714.104
probabilities_array:[0.         0.50738    0.49262002]

rule3: cement > 353.739
probabilities_array:[0.         0.49739707 0.50260293]

rule12: water < 168.171
probabilities_array:[0.         0.48399368 0.51600635]

rule20: coarse_aggregate < 920.306
probabilities_array:[0.         0.45696434 0.5430357 ]

rule8: fly_ash < 9.318
probabilities_array:[0.         0.45140138 0.5485986 ]

rule19: superplasticizer > 9.911
probabilities_array:[0.         0.42179748 0.57820255]

rule18: 5.987 < superplasticizer < 9.911
probabilities_array:[0.         0.35790563 0.6420944 ]

rule2: 282.449 < cement < 353.739
probabilities_array:[0.00152177 0.35146472 0.64701355]

rule21: 920.306 < coarse_aggregate < 972.575
probabilities_array:[0.00356027 0.34561694 0.6508227 ]

rule13: 168.171 < water < 182.694
probabilities_array:[0.         0.34433392 0.6556661 ]

rule10: 52.403 < fly_ash < 95.488
probabilities_array:[0.         0.33919674 0.66080326]

rule5: 18.052 < blast_furnace_slag < 76.761
probabilities_array:[0.         0.28308842 0.71691155]

rule7: blast_furnace_slag > 135.469
probabilities_array:[0.        0.2344868 0.7655132]

rule22: 972.575 < coarse_aggregate < 1024.844
probabilities_array:[0.        0.2253425 0.7746575]

