R2: 0.879878888369505


MAE: 4.634268493591137


MSE: 34.289586176216915


Accuracy: 1.0


F1: 1.0


Most important rules
-----------------------------

---0---
