R2: 0.8279481684722636


MAE: 5.122260213132489


MSE: 46.32820584736967


Accuracy: 0.8499363917231352


F1: 0.85


Most important rules
-----------------------------

---0---
rule28: age < 3.665
probabilities_array:[0.94164956 0.         0.05835045]

rule15: water > 195.715
probabilities_array:[0.68828773 0.         0.3117123 ]

rule0: cement < 212.505
probabilities_array:[0.6453286  0.         0.35467142]

rule27: fine_aggregate > 826.774
probabilities_array:[0.6112     0.         0.38880002]

rule16: superplasticizer < 2.176
probabilities_array:[0.54036474 0.         0.45963526]

rule29: 3.665 < age < 44.642
probabilities_array:[0.51926273 0.         0.48073727]

rule26: 772.144 < fine_aggregate < 826.774
probabilities_array:[0.39346173 0.         0.60653824]

rule14: 181.416 < water < 195.715
probabilities_array:[0.3855619  0.         0.61443806]

rule1: 212.505 < cement < 284.520
probabilities_array:[0.2804274 0.        0.7195726]


---1---
rule31: age > 85.619
probabilities_array:[0.         0.8604362  0.13956381]

rule30: 44.642 < age < 85.619
probabilities_array:[0.         0.76399374 0.23600629]

rule3: cement > 356.535
probabilities_array:[0.         0.6930784  0.30692157]

rule9: 10.871 < fly_ash < 54.154
probabilities_array:[0.         0.6543898  0.34561023]

rule24: fine_aggregate < 717.514
probabilities_array:[0.         0.61793476 0.38206527]

rule12: water < 167.116
probabilities_array:[0.         0.58326495 0.41673505]

rule10: 54.154 < fly_ash < 97.437
probabilities_array:[0.         0.50795704 0.49204296]

rule13: 167.116 < water < 181.416
probabilities_array:[0.         0.47515222 0.52484775]

rule8: fly_ash < 10.871
probabilities_array:[0.02148311 0.43110618 0.5474107 ]

rule19: superplasticizer > 10.379
probabilities_array:[0.         0.41343895 0.586561  ]

rule2: 284.520 < cement < 356.535
probabilities_array:[0.         0.41023347 0.5897665 ]

rule6: 72.962 < blast_furnace_slag < 130.206
probabilities_array:[0.         0.37194794 0.62805206]

rule5: 15.719 < blast_furnace_slag < 72.962
probabilities_array:[0.04633978 0.32792988 0.62573034]

rule20: coarse_aggregate < 921.612
probabilities_array:[0.         0.31478122 0.68521875]

rule21: 921.612 < coarse_aggregate < 974.367
probabilities_array:[0.         0.28442508 0.7155749 ]

rule7: blast_furnace_slag > 130.206
probabilities_array:[0.         0.26481336 0.73518664]

rule18: 6.278 < superplasticizer < 10.379
probabilities_array:[0.         0.26263273 0.7373673 ]

