R2: 0.8822742317483696


MAE: 4.219538662339794


MSE: 30.935779638127432


Accuracy: 1.0


F1: 1.0


Most important rules
-----------------------------

---0---
