R2: 0.8758643937913044


MAE: 4.495706365934218


MSE: 38.02480888296055


Accuracy: 0.8529360877539015


F1: 0.8529411764705882


Most important rules
-----------------------------

---0---
rule28: age < 2.799
probabilities_array:[0.87889534 0.         0.12110464]

rule0: cement < 208.237
probabilities_array:[0.597543 0.       0.402457]

rule29: 2.799 < age < 46.771
probabilities_array:[0.5781429 0.        0.4218571]

rule15: water > 196.591
probabilities_array:[0.56906897 0.         0.43093103]

rule27: fine_aggregate > 826.374
probabilities_array:[0.5266562 0.        0.4733438]

rule26: 771.981 < fine_aggregate < 826.374
probabilities_array:[0.4077977 0.        0.5922023]

rule14: 182.203 < water < 196.591
probabilities_array:[0.36243927 0.         0.6375607 ]

rule16: superplasticizer < 2.107
probabilities_array:[0.34489718 0.         0.6551028 ]

rule25: 717.589 < fine_aggregate < 771.981
probabilities_array:[0.2603768 0.        0.7396232]

rule9: 10.915 < fly_ash < 53.871
probabilities_array:[0.20637812 0.02115693 0.772465  ]

rule1: 208.237 < cement < 279.002
probabilities_array:[0.21146663 0.         0.7885334 ]


---1---
rule31: age > 90.743
probabilities_array:[0.         0.78666884 0.21333115]

rule30: 46.771 < age < 90.743
probabilities_array:[0.         0.6993364  0.30066356]

rule3: cement > 349.767
probabilities_array:[0.        0.6400423 0.3599577]

rule24: fine_aggregate < 717.589
probabilities_array:[0.         0.59648865 0.40351132]

rule12: water < 167.814
probabilities_array:[0.         0.57063234 0.4293677 ]

rule17: 2.107 < superplasticizer < 5.977
probabilities_array:[0.         0.4834912  0.51650876]

rule19: superplasticizer > 9.848
probabilities_array:[0.        0.4824085 0.5175915]

rule6: 75.031 < blast_furnace_slag < 133.095
probabilities_array:[0.         0.45443422 0.5455658 ]

rule18: 5.977 < superplasticizer < 9.848
probabilities_array:[0.        0.4308393 0.5691607]

rule20: coarse_aggregate < 920.749
probabilities_array:[0.         0.40288025 0.59711975]

rule2: 279.002 < cement < 349.767
probabilities_array:[0.         0.3746951  0.62530494]

rule13: 167.814 < water < 182.203
probabilities_array:[0.         0.35911366 0.64088637]

rule8: fly_ash < 10.915
probabilities_array:[0.         0.3229836  0.67701644]

rule21: 920.749 < coarse_aggregate < 973.253
probabilities_array:[0.        0.2411997 0.7588003]

