R2: 0.8741533417185852


MAE: 4.568260410099313


MSE: 36.567400381852096


Accuracy: 1.0


F1: 1.0


Most important rules
-----------------------------

---0---
