R2: 0.85440502778664


MAE: 4.664608094599385


MSE: 39.643095503536955


Accuracy: 0.8172423359689277


F1: 0.8176470588235294


Most important rules
-----------------------------

---0---
rule28: age < 2.961
probabilities_array:[0.8802615 0.        0.1197385]

rule29: 2.961 < age < 46.135
probabilities_array:[0.6457428  0.         0.35425723]

rule27: fine_aggregate > 831.635
probabilities_array:[0.5989668 0.        0.4010332]

rule15: water > 195.998
probabilities_array:[0.5889876  0.         0.41101244]

rule0: cement < 209.379
probabilities_array:[0.5881648 0.        0.4118352]

rule16: superplasticizer < 2.276
probabilities_array:[0.5367521  0.         0.46324787]

rule9: 10.381 < fly_ash < 53.984
probabilities_array:[0.3162623 0.        0.6837377]

rule14: 181.385 < water < 195.998
probabilities_array:[0.2618094  0.05625295 0.68193763]

rule11: fly_ash > 97.587
probabilities_array:[0.23337065 0.01671425 0.7499151 ]


---1---
rule31: age > 89.309
probabilities_array:[0.         0.77186185 0.22813816]

rule3: cement > 349.533
probabilities_array:[0.         0.7047438  0.29525623]

rule30: 46.135 < age < 89.309
probabilities_array:[0.         0.6752707  0.32472932]

rule24: fine_aggregate < 722.269
probabilities_array:[0.         0.61545944 0.3845406 ]

rule19: superplasticizer > 10.344
probabilities_array:[0.         0.56931615 0.43068382]

rule12: water < 166.773
probabilities_array:[0.         0.5255127  0.47448727]

rule6: 74.282 < blast_furnace_slag < 131.857
probabilities_array:[0.         0.46213898 0.53786105]

rule18: 6.310 < superplasticizer < 10.344
probabilities_array:[0.        0.4159156 0.5840844]

rule8: fly_ash < 10.381
probabilities_array:[0.         0.41114086 0.58885914]

rule20: coarse_aggregate < 918.594
probabilities_array:[0.         0.34651548 0.6534845 ]

rule2: 279.456 < cement < 349.533
probabilities_array:[0.         0.32595265 0.67404735]

rule17: 2.276 < superplasticizer < 6.310
probabilities_array:[0.         0.27649513 0.7235049 ]

rule7: blast_furnace_slag > 131.857
probabilities_array:[0.         0.27299818 0.72700185]

rule13: 166.773 < water < 181.385
probabilities_array:[0.         0.25235036 0.74764967]

