R2: 0.8611016948822061


MAE: 4.9128447593499525


MSE: 41.9346384827574


Accuracy: 1.0


F1: 1.0


Most important rules
-----------------------------

---0---
