R2: 0.7287221379801428


MAE: 40821.66334828088


MSE: 3607429989.7486787


Accuracy: 0.8233957379873026


F1: 0.8233998825601879


Most important rules
-----------------------------

---0---
rule28: median_income < 2.595
probabilities_array:[0.85954213 0.         0.1404579 ]

rule23: population > 2182.274
probabilities_array:[0.6723058  0.         0.32769418]

rule33: ocean_proximity_INLAND = 1.0
probabilities_array:[0.6049951  0.         0.39500493]

rule29: 2.595 < median_income < 3.872
probabilities_array:[0.5798981 0.        0.4201019]

rule3: longitude > -118.225
probabilities_array:[0.497061 0.       0.502939]

rule7: latitude > 37.077
probabilities_array:[0.47842002 0.         0.52158   ]

rule12: total_rooms < 1173.979
probabilities_array:[0.44058514 0.02678982 0.532625  ]

rule22: 1426.062 < population < 2182.274
probabilities_array:[0.42870146 0.         0.57129854]

rule24: households < 245.433
probabilities_array:[0.37619194 0.         0.6238081 ]

rule6: 35.637 < latitude < 37.077
probabilities_array:[0.32908636 0.         0.67091364]

rule16: total_bedrooms < 257.901
probabilities_array:[0.31442365 0.         0.6855764 ]

rule8: housing_median_age < 20.152
probabilities_array:[0.24711238 0.         0.7528876 ]

rule25: 245.433 < households < 499.660
probabilities_array:[0.22797585 0.         0.77202415]

rule1: -120.930 < longitude < -119.578
probabilities_array:[0.20993741 0.03234918 0.75771344]


---1---
rule31: median_income > 5.149
probabilities_array:[0.         0.8315101  0.16848989]

rule20: population < 669.850
probabilities_array:[0.         0.6947458  0.30525425]

rule35: ocean_proximity_ISLAND = 1.0
probabilities_array:[0.         0.6272152  0.37278482]

rule32: ocean_proximity_INLAND = 0.0
probabilities_array:[0.        0.6193192 0.3806808]

rule0: longitude < -120.930
probabilities_array:[0.         0.60272026 0.39727977]

rule27: households > 753.888
probabilities_array:[0.         0.58816314 0.4118369 ]

rule4: latitude < 34.197
probabilities_array:[0.         0.41178235 0.5882177 ]

rule15: total_rooms > 4099.283
probabilities_array:[0.05840695 0.3823571  0.559236  ]

rule14: 2636.631 < total_rooms < 4099.283
probabilities_array:[0.02805508 0.31431568 0.65762925]

rule26: 499.660 < households < 753.888
probabilities_array:[0.         0.28528166 0.71471834]

rule5: 34.197 < latitude < 35.637
probabilities_array:[0.         0.28491613 0.71508384]

rule30: 3.872 < median_income < 5.149
probabilities_array:[0.04897892 0.23644763 0.7145735 ]

rule21: 669.850 < population < 1426.062
probabilities_array:[0.         0.24116243 0.7588376 ]

rule2: -119.578 < longitude < -118.225
probabilities_array:[0.0354292  0.19396767 0.7706031 ]

