R2: 0.7355203276623965


MAE: 39628.61835839911


MSE: 3455271925.192818


Accuracy: 0.8195765526765711


F1: 0.8195830886670581


Most important rules
-----------------------------

---0---
rule28: median_income < 2.591
probabilities_array:[0.77690154 0.         0.22309847]

rule23: population > 2191.328
probabilities_array:[0.6784859  0.         0.32151416]

rule7: latitude > 37.078
probabilities_array:[0.64767736 0.         0.3523226 ]

rule33: ocean_proximity_INLAND = 1.0
probabilities_array:[0.63984156 0.         0.36015844]

rule3: longitude > -118.226
probabilities_array:[0.58195853 0.         0.41804144]

rule12: total_rooms < 1175.789
probabilities_array:[0.50950515 0.02613167 0.46436322]

rule6: 35.640 < latitude < 37.078
probabilities_array:[0.5147134 0.        0.4852866]

rule24: households < 243.282
probabilities_array:[0.45018783 0.         0.5498122 ]

rule22: 1423.031 < population < 2191.328
probabilities_array:[0.35470316 0.         0.6452968 ]

rule16: total_bedrooms < 256.976
probabilities_array:[0.34554902 0.         0.654451  ]

rule29: 2.591 < median_income < 3.868
probabilities_array:[0.30104825 0.         0.6989517 ]

rule1: -120.930 < longitude < -119.578
probabilities_array:[0.22861435 0.06037048 0.71101516]

rule25: 243.282 < households < 497.694
probabilities_array:[0.24557054 0.         0.75442946]

rule37: ocean_proximity_NEAR BAY = 1.0
probabilities_array:[0.15010412 0.1433319  0.706564  ]


---1---
rule31: median_income > 5.146
probabilities_array:[0.         0.8959998  0.10400021]

rule35: ocean_proximity_ISLAND = 1.0
probabilities_array:[0.         0.79623765 0.20376235]

rule20: population < 654.733
probabilities_array:[0.         0.78677636 0.21322364]

rule0: longitude < -120.930
probabilities_array:[0.         0.64567405 0.35432598]

rule32: ocean_proximity_INLAND = 0.0
probabilities_array:[0.        0.6075504 0.3924496]

rule27: households > 752.106
probabilities_array:[0.         0.50709385 0.49290612]

rule30: 3.868 < median_income < 5.146
probabilities_array:[0.        0.4809422 0.5190578]

rule4: latitude < 34.202
probabilities_array:[0.         0.40445566 0.59554434]

rule15: total_rooms > 4076.782
probabilities_array:[0.0695408  0.34248933 0.5879698 ]

rule21: 654.733 < population < 1423.031
probabilities_array:[5.9961931e-05 2.6924965e-01 7.3069042e-01]

rule14: 2626.286 < total_rooms < 4076.782
probabilities_array:[0.03437336 0.25198516 0.71364146]

rule19: total_bedrooms > 812.592
probabilities_array:[0.        0.2278905 0.7721095]

rule9: 20.183 < housing_median_age < 28.634
probabilities_array:[0.03347353 0.20094462 0.76558185]

rule37: ocean_proximity_NEAR BAY = 1.0
probabilities_array:[0.15010412 0.1433319  0.706564  ]

