R2: 0.7478079992334858


MAE: 39864.27292870522


MSE: 3370794511.5312433


Accuracy: 0.8176399672133607


F1: 0.8176746917204932


Most important rules
-----------------------------

---0---
rule28: median_income < 2.580
probabilities_array:[0.727842   0.         0.27215806]

rule23: population > 2201.390
probabilities_array:[0.7076703  0.         0.29232976]

rule33: ocean_proximity_INLAND = 1.0
probabilities_array:[0.6432674 0.        0.3567326]

rule12: total_rooms < 1159.888
probabilities_array:[0.4969258  0.01687643 0.48619777]

rule22: 1429.246 < population < 2201.390
probabilities_array:[0.49013135 0.         0.5098686 ]

rule24: households < 241.185
probabilities_array:[0.44675517 0.         0.5532448 ]

rule3: longitude > -118.206
probabilities_array:[0.41760072 0.         0.58239925]

rule7: latitude > 37.063
probabilities_array:[0.39139232 0.         0.6086077 ]

rule16: total_bedrooms < 254.761
probabilities_array:[0.33778796 0.         0.662212  ]

rule1: -120.908 < longitude < -119.557
probabilities_array:[0.32951096 0.         0.670489  ]

rule6: 35.623 < latitude < 37.063
probabilities_array:[0.28724867 0.01187614 0.70087516]

rule8: housing_median_age < 20.101
probabilities_array:[0.25646538 0.         0.7435346 ]

rule29: 2.580 < median_income < 3.867
probabilities_array:[0.24234535 0.00244512 0.7552095 ]

rule25: 241.185 < households < 501.295
probabilities_array:[0.2230267 0.        0.7769733]

rule37: ocean_proximity_NEAR BAY = 1.0
probabilities_array:[0.14600855 0.14347197 0.7105195 ]


---1---
rule31: median_income > 5.154
probabilities_array:[0.         0.91994935 0.08005066]

rule35: ocean_proximity_ISLAND = 1.0
probabilities_array:[0.         0.8287395  0.17126046]

rule20: population < 657.101
probabilities_array:[0.         0.6817693  0.31823072]

rule32: ocean_proximity_INLAND = 0.0
probabilities_array:[0.         0.6541978  0.34580222]

rule30: 3.867 < median_income < 5.154
probabilities_array:[0.         0.54936594 0.45063403]

rule27: households > 761.406
probabilities_array:[0.        0.4446498 0.5553502]

rule0: longitude < -120.908
probabilities_array:[0.        0.4426334 0.5573666]

rule15: total_rooms > 4124.538
probabilities_array:[0.05586362 0.35408482 0.5900516 ]

rule19: total_bedrooms > 822.191
probabilities_array:[0.         0.29154062 0.7084594 ]

rule14: 2642.213 < total_rooms < 4124.538
probabilities_array:[0.03590082 0.25466996 0.70942914]

rule5: 34.183 < latitude < 35.623
probabilities_array:[0.         0.24946515 0.75053483]

rule4: latitude < 34.183
probabilities_array:[0.         0.24468291 0.7553171 ]

rule37: ocean_proximity_NEAR BAY = 1.0
probabilities_array:[0.14600855 0.14347197 0.7105195 ]

