R2: 0.732518357294184


MAE: 40879.68382947445


MSE: 3571466436.952243


Accuracy: 0.8156175718479423


F1: 0.815619495008808


Most important rules
-----------------------------

---0---
rule28: median_income < 2.590
probabilities_array:[0.7769723  0.         0.22302772]

rule23: population > 2178.822
probabilities_array:[0.702777   0.         0.29722297]

rule33: ocean_proximity_INLAND = 1.0
probabilities_array:[0.6140533  0.         0.38594672]

rule3: longitude > -118.220
probabilities_array:[0.5476945 0.        0.4523055]

rule12: total_rooms < 1190.377
probabilities_array:[0.51792747 0.02991057 0.45216194]

rule7: latitude > 37.076
probabilities_array:[0.5200398  0.         0.47996017]

rule24: households < 242.867
probabilities_array:[0.4370949 0.        0.5629051]

rule22: 1422.142 < population < 2178.822
probabilities_array:[0.42215428 0.         0.5778457 ]

rule6: 35.635 < latitude < 37.076
probabilities_array:[0.35559797 0.         0.644402  ]

rule29: 2.590 < median_income < 3.873
probabilities_array:[0.3157314 0.        0.6842686]

rule1: -120.923 < longitude < -119.572
probabilities_array:[0.25964037 0.02662641 0.7137332 ]

rule8: housing_median_age < 20.114
probabilities_array:[0.2504661 0.        0.7495339]

rule16: total_bedrooms < 256.358
probabilities_array:[0.24498573 0.         0.7550143 ]

rule25: 242.867 < households < 497.423
probabilities_array:[0.21275255 0.         0.7872474 ]

rule36: ocean_proximity_NEAR BAY = 0.0
probabilities_array:[0.18159983 0.0593527  0.75904745]


---1---
rule31: median_income > 5.156
probabilities_array:[0.         0.88349015 0.11650984]

rule35: ocean_proximity_ISLAND = 1.0
probabilities_array:[0.         0.85502213 0.14497788]

rule20: population < 665.462
probabilities_array:[0.        0.6834193 0.3165807]

rule32: ocean_proximity_INLAND = 0.0
probabilities_array:[0.         0.6640527  0.33594728]

rule0: longitude < -120.923
probabilities_array:[0.         0.55682755 0.44317243]

rule30: 3.873 < median_income < 5.156
probabilities_array:[0.        0.4694487 0.5305513]

rule15: total_rooms > 4054.625
probabilities_array:[0.03665435 0.44458124 0.51876444]

rule4: latitude < 34.194
probabilities_array:[0.         0.42380783 0.5761922 ]

rule27: households > 751.978
probabilities_array:[0.         0.38098276 0.61901724]

rule19: total_bedrooms > 811.513
probabilities_array:[0.         0.34548908 0.6545109 ]

rule14: 2622.501 < total_rooms < 4054.625
probabilities_array:[0.05419374 0.24539283 0.7004134 ]

rule5: 34.194 < latitude < 35.635
probabilities_array:[0.         0.26324052 0.7367595 ]

