R2: 0.7261160387747658


MAE: 41886.01348828255


MSE: 3588060485.8297997


Accuracy: 1.0


F1: 1.0


Most important rules
-----------------------------

---0---
