R2: 0.7202355196146046


MAE: 42323.88678791463


MSE: 3766975858.737236


Accuracy: 1.0


F1: 1.0


Most important rules
-----------------------------

---0---
