R2: 0.739624703927958


MAE: 41451.97212621255


MSE: 3486314537.177595


Accuracy: 1.0


F1: 1.0


Most important rules
-----------------------------

---0---
