R2: 0.7175866490963143


MAE: 42641.67507369077


MSE: 3806372131.071995


Accuracy: 1.0


F1: 1.0


Most important rules
-----------------------------

---0---
