R2: 0.7392673537587833


MAE: 40116.10481043882


MSE: 3511850715.7650833


Accuracy: 0.8211956666033371


F1: 0.8211978860833823


Most important rules
-----------------------------

---0---
rule28: median_income < 2.601
probabilities_array:[0.8273517  0.         0.17264833]

rule23: population > 2182.135
probabilities_array:[0.69022834 0.         0.30977163]

rule33: ocean_proximity_INLAND = 1.0
probabilities_array:[0.6004249  0.         0.39957514]

rule7: latitude > 37.090
probabilities_array:[0.5717371  0.         0.42826292]

rule12: total_rooms < 1186.142
probabilities_array:[0.5170239  0.02668558 0.45629042]

rule3: longitude > -118.224
probabilities_array:[0.5212838 0.        0.4787162]

rule29: 2.601 < median_income < 3.879
probabilities_array:[0.45285386 0.         0.54714614]

rule22: 1420.304 < population < 2182.135
probabilities_array:[0.4339635 0.        0.5660365]

rule6: 35.642 < latitude < 37.090
probabilities_array:[0.42680973 0.         0.5731903 ]

rule16: total_bedrooms < 257.014
probabilities_array:[0.35874748 0.         0.6412525 ]

rule24: households < 244.479
probabilities_array:[0.35115093 0.         0.64884907]

rule8: housing_median_age < 20.058
probabilities_array:[0.3384769 0.        0.6615231]

rule25: 244.479 < households < 497.582
probabilities_array:[0.20973617 0.         0.79026383]

rule1: -120.933 < longitude < -119.579
probabilities_array:[0.17903681 0.04626255 0.7747006 ]


---1---
rule31: median_income > 5.156
probabilities_array:[0.         0.84602755 0.15397246]

rule35: ocean_proximity_ISLAND = 1.0
probabilities_array:[0.        0.8258106 0.1741894]

rule20: population < 658.473
probabilities_array:[0.       0.739072 0.260928]

rule0: longitude < -120.933
probabilities_array:[0.         0.65478814 0.34521186]

rule32: ocean_proximity_INLAND = 0.0
probabilities_array:[0.         0.6269799  0.37302008]

rule27: households > 750.685
probabilities_array:[0.        0.5381626 0.4618374]

rule4: latitude < 34.195
probabilities_array:[0.         0.46399698 0.53600305]

rule15: total_rooms > 4068.870
probabilities_array:[0.0581987  0.37721854 0.5645827 ]

rule30: 3.879 < median_income < 5.156
probabilities_array:[0.00967656 0.38178417 0.6085393 ]

rule14: 2627.506 < total_rooms < 4068.870
probabilities_array:[0.02829107 0.29551384 0.6761951 ]

rule2: -119.579 < longitude < -118.224
probabilities_array:[0.05811799 0.21983692 0.72204506]

rule39: ocean_proximity_NEAR OCEAN = 1.0
probabilities_array:[0.0804416  0.18194737 0.73761106]

rule26: 497.582 < households < 750.685
probabilities_array:[0.        0.2175378 0.7824622]

rule5: 34.195 < latitude < 35.642
probabilities_array:[0.         0.21380842 0.7861916 ]

rule19: total_bedrooms > 812.500
probabilities_array:[0.         0.21172823 0.7882718 ]

