R2: 0.723714927970768


MAE: 42045.11626635755


MSE: 3670387442.1309733


Accuracy: 1.0


F1: 1.0


Most important rules
-----------------------------

---0---
