R2: 0.36832215285060366

MAE: 66777.15883734587

MSE: 8427759467.514092

Accuracy: 0.8244274809160306

F1: 0.8244249231531255

Confusion Matrix: [[2795, 592], [604, 2821]]

Uncertainties: {'class0': [0.21851478517055511, 0.32239848375320435, 0.3546030819416046, 0.4222773015499115, 0.45699185132980347], 'class1': [0.133775994181633, 0.18933621048927307, 0.2689744830131531, 0.3811020255088806, 0.3974316418170929]}

Most important rules
-----------------------------

---0---
rule28: median_income < 2.585
probabilities_array:[0.7814852  0.         0.21851479]

rule23: population > 2203.768
probabilities_array:[0.6776015  0.         0.32239848]

rule33: ocean_proximity_INLAND = 1.0
probabilities_array:[0.64539695 0.         0.35460308]

rule12: total_rooms < 1166.614
probabilities_array:[0.55526626 0.02245649 0.4222773 ]

rule3: longitude > -118.220
probabilities_array:[0.54300815 0.         0.45699185]

rule7: latitude > 37.071
probabilities_array:[0.51920766 0.         0.48079237]

rule24: households < 241.449
probabilities_array:[0.42055616 0.         0.5794438 ]

rule29: 2.585 < median_income < 3.868
probabilities_array:[0.41127583 0.         0.58872414]

rule22: 1427.967 < population < 2203.768
probabilities_array:[0.36625206 0.         0.63374794]

rule6: 35.633 < latitude < 37.071
probabilities_array:[0.3574061 0.        0.6425939]

rule1: -120.922 < longitude < -119.571
probabilities_array:[0.27112266 0.06800126 0.66087615]

rule8: housing_median_age < 20.056
probabilities_array:[0.25281733 0.         0.74718267]

rule25: 241.449 < households < 500.495
probabilities_array:[0.22100347 0.         0.7789965 ]


---1---
rule31: median_income > 5.151
probabilities_array:[0.       0.866224 0.133776]

rule35: ocean_proximity_ISLAND = 1.0
probabilities_array:[0.         0.8106638  0.18933621]

rule20: population < 652.166
probabilities_array:[0.         0.7310255  0.26897448]

rule32: ocean_proximity_INLAND = 0.0
probabilities_array:[0.         0.618898   0.38110203]

rule0: longitude < -120.922
probabilities_array:[0.         0.6025684  0.39743164]

rule4: latitude < 34.195
probabilities_array:[0.        0.4529838 0.5470162]

rule30: 3.868 < median_income < 5.151
probabilities_array:[0.         0.44850844 0.55149156]

rule15: total_rooms > 4115.032
probabilities_array:[0.04440202 0.41635558 0.5392423 ]

rule27: households > 759.541
probabilities_array:[0.         0.41470778 0.5852922 ]

rule5: 34.195 < latitude < 35.633
probabilities_array:[0.         0.30047724 0.6995228 ]

rule19: total_bedrooms > 822.526
probabilities_array:[0.         0.29860756 0.7013925 ]

rule14: 2640.823 < total_rooms < 4115.032
probabilities_array:[0.03141272 0.2411946  0.72739273]

rule21: 652.166 < population < 1427.967
probabilities_array:[1.8983753e-04 2.3647785e-01 7.6333231e-01]

rule18: 538.406 < total_bedrooms < 822.526
probabilities_array:[0.         0.20447998 0.79552   ]

