R2: 0.36853183134554646

MAE: 67110.32237228421

MSE: 8411569688.713447

Accuracy: 0.8197298884321785

F1: 0.8196955553446111

Confusion Matrix: [[2839, 602], [626, 2745]]

Uncertainties: {'class0': [0.16596344113349915, 0.333903044462204, 0.3403667211532593, 0.38248950242996216, 0.4117044508457184], 'class1': [0.145233154296875, 0.16141392290592194, 0.2585427463054657, 0.40876057744026184, 0.44231894612312317]}

Most important rules
-----------------------------

---0---
rule28: median_income < 2.604
probabilities_array:[0.8340365  0.         0.16596344]

rule23: population > 2225.503
probabilities_array:[0.6660969  0.         0.33390304]

rule33: ocean_proximity_INLAND = 1.0
probabilities_array:[0.6596333  0.         0.34036672]

rule3: longitude > -118.225
probabilities_array:[0.6175105 0.        0.3824895]

rule12: total_rooms < 1148.150
probabilities_array:[0.5696869  0.01860861 0.41170445]

rule29: 2.604 < median_income < 3.882
probabilities_array:[0.4990834 0.        0.5009166]

rule7: latitude > 37.093
probabilities_array:[0.4824448 0.        0.5175552]

rule24: households < 238.577
probabilities_array:[0.42470723 0.         0.57529277]

rule22: 1434.313 < population < 2225.503
probabilities_array:[0.33440074 0.         0.6655993 ]

rule8: housing_median_age < 20.038
probabilities_array:[0.2812788 0.        0.7187212]

rule16: total_bedrooms < 251.097
probabilities_array:[0.27486154 0.         0.7251384 ]

rule1: -120.932 < longitude < -119.579
probabilities_array:[0.26351878 0.02095663 0.7155246 ]

rule6: 35.648 < latitude < 37.093
probabilities_array:[0.2502179  0.00455088 0.7452312 ]

rule13: 1148.150 < total_rooms < 2662.270
probabilities_array:[0.22288749 0.02344214 0.75367033]

rule25: 238.577 < households < 503.166
probabilities_array:[0.22673161 0.         0.7732684 ]


---1---
rule31: median_income > 5.159
probabilities_array:[0.         0.85476685 0.14523315]

rule35: ocean_proximity_ISLAND = 1.0
probabilities_array:[0.         0.8385861  0.16141392]

rule20: population < 643.124
probabilities_array:[0.         0.7414573  0.25854275]

rule32: ocean_proximity_INLAND = 0.0
probabilities_array:[0.         0.5912394  0.40876058]

rule0: longitude < -120.932
probabilities_array:[0.         0.5576811  0.44231895]

rule4: latitude < 34.203
probabilities_array:[0.        0.5191043 0.4808957]

rule19: total_bedrooms > 832.117
probabilities_array:[0.         0.3759723  0.62402767]

rule30: 3.882 < median_income < 5.159
probabilities_array:[0.03272181 0.34251344 0.6247647 ]

rule15: total_rooms > 4176.390
probabilities_array:[0.0207493  0.34496284 0.6342879 ]

rule27: households > 767.754
probabilities_array:[0.         0.35067973 0.6493203 ]

rule5: 34.203 < latitude < 35.648
probabilities_array:[0.         0.30331063 0.69668937]

rule21: 643.124 < population < 1434.313
probabilities_array:[0.        0.2724537 0.7275463]

