R2: 0.3572165291363646

MAE: 67880.47739283617

MSE: 8554592812.054023

Accuracy: 0.8165002935995302

F1: 0.8164354810058689

Confusion Matrix: [[2717, 616], [634, 2845]]

Uncertainties: {'class0': [0.14109623432159424, 0.3418087065219879, 0.3873792588710785, 0.4155976474285126, 0.43900343775749207], 'class1': [0.17961955070495605, 0.23395106196403503, 0.39206936955451965, 0.39229315519332886, 0.4192473292350769]}

Most important rules
-----------------------------

---0---
rule28: median_income < 2.590
probabilities_array:[0.85890377 0.         0.14109623]

rule23: population > 2207.672
probabilities_array:[0.6581913 0.        0.3418087]

rule3: longitude > -118.216
probabilities_array:[0.6126208  0.         0.38737926]

rule33: ocean_proximity_INLAND = 1.0
probabilities_array:[0.5844023  0.         0.41559765]

rule29: 2.590 < median_income < 3.870
probabilities_array:[0.5609966  0.         0.43900344]

rule7: latitude > 37.073
probabilities_array:[0.5426789  0.         0.45732108]

rule12: total_rooms < 1165.986
probabilities_array:[0.51126677 0.01931393 0.46941927]

rule24: households < 239.698
probabilities_array:[0.4724335 0.        0.5275665]

rule6: 35.635 < latitude < 37.073
probabilities_array:[0.36411598 0.         0.63588405]

rule22: 1427.671 < population < 2207.672
probabilities_array:[3.1547779e-01 3.0800683e-04 6.8421429e-01]

rule1: -120.922 < longitude < -119.569
probabilities_array:[0.3044781 0.        0.6955219]

rule16: total_bedrooms < 253.277
probabilities_array:[0.3042178 0.        0.6957822]

rule25: 239.698 < households < 499.915
probabilities_array:[0.2602722 0.        0.7397278]

rule2: -119.569 < longitude < -118.216
probabilities_array:[0.16869564 0.09962237 0.731682  ]


---1---
rule31: median_income > 5.151
probabilities_array:[0.         0.82038045 0.17961955]

rule20: population < 647.670
probabilities_array:[0.         0.76604897 0.23395106]

rule0: longitude < -120.922
probabilities_array:[0.         0.6079306  0.39206937]

rule32: ocean_proximity_INLAND = 0.0
probabilities_array:[0.         0.60770684 0.39229316]

rule35: ocean_proximity_ISLAND = 1.0
probabilities_array:[0.         0.5807527  0.41924733]

rule27: households > 760.133
probabilities_array:[0.         0.5123727  0.48762733]

rule4: latitude < 34.197
probabilities_array:[0.         0.50170076 0.49829927]

rule15: total_rooms > 4108.983
probabilities_array:[0.02640232 0.3606888  0.6129089 ]

rule5: 34.197 < latitude < 35.635
probabilities_array:[0.         0.35216802 0.6478319 ]

rule30: 3.870 < median_income < 5.151
probabilities_array:[0.06853395 0.29575738 0.63570863]

rule21: 647.670 < population < 1427.671
probabilities_array:[0.         0.29752007 0.70247996]

rule14: 2637.484 < total_rooms < 4108.983
probabilities_array:[0.02399555 0.2321153  0.74388915]

rule19: total_bedrooms > 820.695
probabilities_array:[0.         0.23516294 0.7648371 ]

rule11: housing_median_age > 37.147
probabilities_array:[0.         0.22743039 0.7725696 ]

