R2: 0.7180991566661685


MAE: 6.851280285787771


MSE: 78.34489027467808


Accuracy: 0.861129215875416


F1: 0.861764705882353


Most important rules
-----------------------------

---0---
rule28: age < 3.390
probabilities_array:[0.93544364 0.         0.06455633]

rule15: water > 195.859
probabilities_array:[0.68300647 0.         0.31699353]

rule27: fine_aggregate > 827.446
probabilities_array:[0.63841015 0.         0.36158985]

rule0: cement < 207.955
probabilities_array:[0.5602664 0.        0.4397336]

rule29: 3.390 < age < 42.961
probabilities_array:[0.44183737 0.         0.5581626 ]

rule16: superplasticizer < 2.307
probabilities_array:[0.3851408  0.         0.61485916]

rule14: 181.468 < water < 195.859
probabilities_array:[0.3591254 0.        0.6408746]

rule11: fly_ash > 97.720
probabilities_array:[0.33996323 0.         0.66003674]

rule4: blast_furnace_slag < 16.948
probabilities_array:[0.3246872 0.        0.6753128]

rule23: coarse_aggregate > 1025.358
probabilities_array:[0.3071443 0.        0.6928557]

rule26: 774.045 < fine_aggregate < 827.446
probabilities_array:[0.26534098 0.         0.734659  ]


---1---
rule31: age > 82.531
probabilities_array:[0.         0.83229786 0.16770215]

rule30: 42.961 < age < 82.531
probabilities_array:[0.         0.7779683  0.22203171]

rule3: cement > 347.820
probabilities_array:[0.        0.7778668 0.2221332]

rule12: water < 167.076
probabilities_array:[0.         0.62514436 0.37485564]

rule24: fine_aggregate < 720.645
probabilities_array:[0.         0.6221157  0.37788436]

rule2: 277.888 < cement < 347.820
probabilities_array:[0.        0.5914725 0.4085275]

rule9: 11.198 < fly_ash < 54.459
probabilities_array:[0.         0.56938964 0.43061033]

rule19: superplasticizer > 10.374
probabilities_array:[0.        0.5137507 0.4862493]

rule13: 167.076 < water < 181.468
probabilities_array:[0.         0.4489158  0.55108416]

rule20: coarse_aggregate < 919.974
probabilities_array:[0.         0.3725154  0.62748456]

rule18: 6.340 < superplasticizer < 10.374
probabilities_array:[0.         0.34335127 0.6566487 ]

rule6: 74.939 < blast_furnace_slag < 132.931
probabilities_array:[0.        0.2956748 0.7043252]

rule5: 16.948 < blast_furnace_slag < 74.939
probabilities_array:[0.07821003 0.2504934  0.67129654]

rule17: 2.307 < superplasticizer < 6.340
probabilities_array:[0.        0.2583671 0.7416329]

