R2: 0.78061676966746


MAE: 5.7294643925340845


MSE: 57.348525393526195


Accuracy: 1.0


F1: 1.0


Most important rules
-----------------------------

---0---
