R2: 0.7356003505898987


MAE: 7.114110886335496


MSE: 76.87538955601813


Accuracy: 1.0


F1: 1.0


Most important rules
-----------------------------

---0---
