R2: 0.7579535743905386


MAE: 6.580151596420033


MSE: 69.88597448273912


Accuracy: 1.0


F1: 1.0


Most important rules
-----------------------------

---0---
