R2: 0.8385590246323575


MAE: 5.082200212591428


MSE: 43.951472696103856


Accuracy: 0.8490480626093618


F1: 0.85


Most important rules
-----------------------------

---0---
rule28: age < 2.708
probabilities_array:[0.7929183  0.         0.20708165]

rule29: 2.708 < age < 45.420
probabilities_array:[0.68051755 0.         0.31948245]

rule15: water > 195.527
probabilities_array:[0.6243989 0.        0.3756011]

rule27: fine_aggregate > 830.983
probabilities_array:[0.52574754 0.         0.4742525 ]

rule0: cement < 210.573
probabilities_array:[0.47931203 0.         0.520688  ]

rule16: superplasticizer < 2.299
probabilities_array:[0.46910423 0.         0.53089577]

rule14: 181.271 < water < 195.527
probabilities_array:[0.34871417 0.         0.6512858 ]

rule11: fly_ash > 95.886
probabilities_array:[0.1967558  0.00672453 0.79651976]


---1---
rule31: age > 88.132
probabilities_array:[0.        0.6646696 0.3353304]

rule24: fine_aggregate < 722.552
probabilities_array:[0.         0.58955646 0.4104435 ]

rule3: cement > 353.548
probabilities_array:[0.        0.5822099 0.4177901]

rule30: 45.420 < age < 88.132
probabilities_array:[0.         0.525794   0.47420597]

rule8: fly_ash < 10.036
probabilities_array:[0.        0.4690777 0.5309223]

rule2: 282.060 < cement < 353.548
probabilities_array:[0.         0.46893102 0.531069  ]

rule12: water < 167.016
probabilities_array:[0.         0.45320377 0.5467962 ]

rule19: superplasticizer > 10.405
probabilities_array:[0.        0.4521595 0.5478405]

rule9: 10.036 < fly_ash < 52.961
probabilities_array:[0.         0.43844774 0.5615523 ]

rule17: 2.299 < superplasticizer < 6.352
probabilities_array:[0.         0.41523546 0.58476454]

rule18: 6.352 < superplasticizer < 10.405
probabilities_array:[0.        0.3856064 0.6143936]

rule6: 76.805 < blast_furnace_slag < 135.229
probabilities_array:[0.         0.36531496 0.63468504]

rule20: coarse_aggregate < 915.326
probabilities_array:[0.         0.35016435 0.64983565]

rule5: 18.381 < blast_furnace_slag < 76.805
probabilities_array:[0.0450481  0.32196122 0.63299066]

rule10: 52.961 < fly_ash < 95.886
probabilities_array:[0.         0.25311878 0.7468812 ]

rule13: 167.016 < water < 181.271
probabilities_array:[0.00785952 0.23474202 0.7573985 ]

