R2: 0.8342395701217586


MAE: 5.2873369039711955


MSE: 44.95913601571749


Accuracy: 1.0


F1: 1.0


Most important rules
-----------------------------

---0---
