R2: 0.8430275457280167


MAE: 5.393238086570014


MSE: 47.68494134501344


Accuracy: 1.0


F1: 1.0


Most important rules
-----------------------------

---0---
