R2: 0.7927169190937251


MAE: 5.366738445230006


MSE: 54.07655331098386


Accuracy: 1.0


F1: 1.0


Most important rules
-----------------------------

---0---
