R2: 0.8012313562436684


MAE: 5.624250546875942


MSE: 54.66017441580981


Accuracy: 1.0


F1: 1.0


Most important rules
-----------------------------

---0---
