R2: 0.8266176687308695


MAE: 5.364224912501654


MSE: 47.76444422840111


Accuracy: 1.0


F1: 1.0


Most important rules
-----------------------------

---0---
