R2: 0.8021186134494493


MAE: 5.257043869774324


MSE: 49.19088424062958


Accuracy: 1.0


F1: 1.0


Most important rules
-----------------------------

---0---
