R2: 0.8444418095102879


MAE: 5.293948079852323


MSE: 45.747134489235215


Accuracy: 0.8647012007335894


F1: 0.8647058823529412


Most important rules
-----------------------------

---0---
rule28: age < 2.975
probabilities_array:[0.7998906  0.         0.20010945]

rule29: 2.975 < age < 44.096
probabilities_array:[0.70309687 0.         0.2969031 ]

rule15: water > 196.317
probabilities_array:[0.6279207  0.         0.37207928]

rule0: cement < 213.672
probabilities_array:[0.59092253 0.         0.4090775 ]

rule27: fine_aggregate > 828.354
probabilities_array:[0.5846275  0.         0.41537246]

rule16: superplasticizer < 2.114
probabilities_array:[0.440607 0.       0.559393]

rule26: 773.629 < fine_aggregate < 828.354
probabilities_array:[0.3390637 0.        0.6609363]

rule25: 718.905 < fine_aggregate < 773.629
probabilities_array:[0.31927228 0.         0.6807277 ]

rule14: 181.633 < water < 196.317
probabilities_array:[0.31160396 0.         0.68839604]

rule1: 213.672 < cement < 284.613
probabilities_array:[0.29552183 0.         0.7044782 ]


---1---
rule31: age > 85.217
probabilities_array:[0.         0.70682293 0.29317707]

rule9: 10.539 < fly_ash < 52.877
probabilities_array:[0.         0.62187874 0.37812126]

rule8: fly_ash < 10.539
probabilities_array:[0.         0.55432564 0.44567433]

rule3: cement > 355.555
probabilities_array:[0.         0.51626754 0.4837325 ]

rule30: 44.096 < age < 85.217
probabilities_array:[0.         0.5085     0.49150002]

rule24: fine_aggregate < 718.905
probabilities_array:[0.        0.4817063 0.5182937]

rule12: water < 166.950
probabilities_array:[0.         0.4774314  0.52256864]

rule20: coarse_aggregate < 920.074
probabilities_array:[0.        0.4544777 0.5455223]

rule19: superplasticizer > 10.320
probabilities_array:[0.         0.41000655 0.5899934 ]

rule6: 73.313 < blast_furnace_slag < 131.259
probabilities_array:[0.         0.39227793 0.60772204]

rule21: 920.074 < coarse_aggregate < 972.193
probabilities_array:[0.         0.37864107 0.62135893]

rule18: 6.217 < superplasticizer < 10.320
probabilities_array:[0.        0.3767834 0.6232166]

rule13: 166.950 < water < 181.633
probabilities_array:[0.         0.37032658 0.6296734 ]

rule5: 15.366 < blast_furnace_slag < 73.313
probabilities_array:[0.03065552 0.3199174  0.6494271 ]

rule11: fly_ash > 95.215
probabilities_array:[0.        0.3231509 0.6768491]

rule10: 52.877 < fly_ash < 95.215
probabilities_array:[0.         0.30653524 0.69346476]

rule2: 284.613 < cement < 355.555
probabilities_array:[0.         0.27136523 0.7286348 ]

rule7: blast_furnace_slag > 131.259
probabilities_array:[0.         0.22797047 0.7720295 ]

