R2: 0.8327674212207732


MAE: 5.402333879847985


MSE: 44.287096780854164


Accuracy: 1.0


F1: 1.0


Most important rules
-----------------------------

---0---
