R2: 0.8077699424966833


MAE: 5.3123721682205405


MSE: 54.009405403413794


Accuracy: 1.0


F1: 1.0


Most important rules
-----------------------------

---0---
