R2: 0.7742997658851172


MAE: 6.0789323385830585


MSE: 56.884379443722246


Accuracy: 1.0


F1: 1.0


Most important rules
-----------------------------

---0---
