R2: 0.8044418257417459


MAE: 5.352210029013835


MSE: 52.57774386229456


Accuracy: 0.8499675535366644


F1: 0.85


Most important rules
-----------------------------

---0---
rule28: age < 2.937
probabilities_array:[0.90006363 0.         0.09993638]

rule29: 2.937 < age < 47.142
probabilities_array:[0.70732987 0.         0.29267016]

rule0: cement < 213.817
probabilities_array:[0.66187114 0.         0.33812883]

rule15: water > 197.227
probabilities_array:[0.6593815  0.         0.34061852]

rule27: fine_aggregate > 827.914
probabilities_array:[0.4955279 0.        0.5044721]

rule1: 213.817 < cement < 284.208
probabilities_array:[0.4342171 0.        0.5657829]

rule14: 182.887 < water < 197.227
probabilities_array:[0.40940493 0.         0.59059507]

rule16: superplasticizer < 2.004
probabilities_array:[0.37124914 0.         0.62875086]

rule4: blast_furnace_slag < 14.272
probabilities_array:[0.2799721  0.         0.72002786]

rule9: 9.647 < fly_ash < 52.345
probabilities_array:[0.21008132 0.         0.78991866]


---1---
rule31: age > 91.347
probabilities_array:[0.         0.7948924  0.20510763]

rule30: 47.142 < age < 91.347
probabilities_array:[0.         0.63774145 0.36225855]

rule3: cement > 354.599
probabilities_array:[0.        0.6331281 0.3668719]

rule24: fine_aggregate < 717.245
probabilities_array:[0.         0.5271944  0.47280562]

rule20: coarse_aggregate < 917.324
probabilities_array:[0.         0.5099254  0.49007457]

rule10: 52.345 < fly_ash < 95.043
probabilities_array:[0.         0.45280465 0.5471953 ]

rule8: fly_ash < 9.647
probabilities_array:[0.         0.44934428 0.5506557 ]

rule12: water < 168.548
probabilities_array:[0.         0.43639183 0.56360817]

rule6: 72.945 < blast_furnace_slag < 131.617
probabilities_array:[0.         0.42291456 0.57708544]

rule17: 2.004 < superplasticizer < 6.124
probabilities_array:[0.         0.39736596 0.6026341 ]

rule19: superplasticizer > 10.244
probabilities_array:[0.         0.34432372 0.6556763 ]

rule22: 970.437 < coarse_aggregate < 1023.551
probabilities_array:[0.         0.33747968 0.6625203 ]

rule21: 917.324 < coarse_aggregate < 970.437
probabilities_array:[0.        0.3296634 0.6703366]

rule23: coarse_aggregate > 1023.551
probabilities_array:[0.         0.32198295 0.6780171 ]

rule11: fly_ash > 95.043
probabilities_array:[0.         0.30604717 0.6939528 ]

rule13: 168.548 < water < 182.887
probabilities_array:[0.        0.2953149 0.7046851]

rule7: blast_furnace_slag > 131.617
probabilities_array:[0.         0.2935457  0.70645434]

rule18: 6.124 < superplasticizer < 10.244
probabilities_array:[5.5662764e-04 2.7087715e-01 7.2856617e-01]

