R2: 0.8158710469363226


MAE: 5.477919125781701


MSE: 49.187135731994644


Accuracy: 0.8256728454606288


F1: 0.8264705882352941


Most important rules
-----------------------------

---0---
rule28: age < 2.702
probabilities_array:[0.9421244 0.        0.0578756]

rule15: water > 196.506
probabilities_array:[0.70343846 0.         0.29656157]

rule27: fine_aggregate > 830.042
probabilities_array:[0.6999589  0.         0.30004108]

rule29: 2.702 < age < 46.048
probabilities_array:[0.6784153 0.        0.3215847]

rule0: cement < 208.690
probabilities_array:[0.61911666 0.         0.3808833 ]

rule16: superplasticizer < 2.093
probabilities_array:[0.45433787 0.         0.54566216]

rule14: 181.676 < water < 196.506
probabilities_array:[0.34756538 0.         0.6524346 ]

rule26: 774.470 < fine_aggregate < 830.042
probabilities_array:[0.32630625 0.         0.6736938 ]

rule1: 208.690 < cement < 280.385
probabilities_array:[0.21359831 0.         0.7864017 ]


---1---
rule31: age > 89.393
probabilities_array:[0.         0.7014676  0.29853243]

rule9: 10.971 < fly_ash < 53.984
probabilities_array:[0.         0.66645783 0.3335422 ]

rule30: 46.048 < age < 89.393
probabilities_array:[0.         0.6239691  0.37603092]

rule3: cement > 352.079
probabilities_array:[0.         0.5750325  0.42496753]

rule24: fine_aggregate < 718.898
probabilities_array:[0.         0.5542164  0.44578362]

rule20: coarse_aggregate < 919.483
probabilities_array:[0.         0.54724336 0.45275664]

rule8: fly_ash < 10.971
probabilities_array:[0.        0.5430687 0.4569313]

rule12: water < 166.845
probabilities_array:[0.         0.49482164 0.5051784 ]

rule19: superplasticizer > 10.263
probabilities_array:[0.         0.47081247 0.52918756]

rule21: 919.483 < coarse_aggregate < 972.619
probabilities_array:[0.        0.4548669 0.5451331]

rule6: 73.119 < blast_furnace_slag < 131.417
probabilities_array:[0.       0.433624 0.566376]

rule17: 2.093 < superplasticizer < 6.178
probabilities_array:[0.         0.42071846 0.57928157]

rule10: 53.984 < fly_ash < 96.998
probabilities_array:[0.        0.4078766 0.5921234]

rule22: 972.619 < coarse_aggregate < 1025.754
probabilities_array:[0.         0.40634555 0.59365445]

rule18: 6.178 < superplasticizer < 10.263
probabilities_array:[0.         0.37786672 0.62213326]

rule5: 14.822 < blast_furnace_slag < 73.119
probabilities_array:[0.00289448 0.28370252 0.713403  ]

rule13: 166.845 < water < 181.676
probabilities_array:[0.02576106 0.2341773  0.74006164]

rule2: 280.385 < cement < 352.079
probabilities_array:[0.01320275 0.23131093 0.75548637]

