R2: 0.8040431046420256


MAE: 5.781841386320577


MSE: 57.2524433033063


Accuracy: 0.8144345972918887


F1: 0.8147058823529412


Most important rules
-----------------------------

---0---
rule28: age < 3.822
probabilities_array:[0.9634255  0.         0.03657446]

rule15: water > 195.365
probabilities_array:[0.77077854 0.         0.22922146]

rule27: fine_aggregate > 826.730
probabilities_array:[0.7083053  0.         0.29169467]

rule29: 3.822 < age < 44.065
probabilities_array:[0.6938951  0.         0.30610493]

rule0: cement < 207.417
probabilities_array:[0.63428724 0.         0.36571273]

rule16: superplasticizer < 2.406
probabilities_array:[0.47145104 0.         0.52854896]

rule26: 773.966 < fine_aggregate < 826.730
probabilities_array:[0.43449104 0.         0.56550896]

rule14: 181.247 < water < 195.365
probabilities_array:[0.34457058 0.         0.6554294 ]

rule25: 721.203 < fine_aggregate < 773.966
probabilities_array:[0.25961787 0.009263   0.73111916]

rule11: fly_ash > 99.703
probabilities_array:[0.23202641 0.0531542  0.71481943]


---1---
rule31: age > 84.308
probabilities_array:[0.         0.8347013  0.16529873]

rule3: cement > 347.391
probabilities_array:[0.         0.7550625  0.24493746]

rule30: 44.065 < age < 84.308
probabilities_array:[0.         0.74294156 0.25705847]

rule12: water < 167.130
probabilities_array:[0.         0.627301   0.37269905]

rule6: 75.361 < blast_furnace_slag < 133.631
probabilities_array:[0.         0.5807455  0.41925448]

rule19: superplasticizer > 10.530
probabilities_array:[0.         0.55600184 0.4439982 ]

rule20: coarse_aggregate < 920.282
probabilities_array:[0.         0.5207946  0.47920546]

rule21: 920.282 < coarse_aggregate < 972.625
probabilities_array:[0.         0.511759   0.48824102]

rule2: 277.404 < cement < 347.391
probabilities_array:[0.         0.50219905 0.49780095]

rule24: fine_aggregate < 721.203
probabilities_array:[0.        0.5014544 0.4985456]

rule13: 167.130 < water < 181.247
probabilities_array:[0.         0.48680726 0.5131928 ]

rule8: fly_ash < 12.652
probabilities_array:[0.         0.38479784 0.6152021 ]

rule18: 6.468 < superplasticizer < 10.530
probabilities_array:[0.         0.34116158 0.6588384 ]

rule5: 17.092 < blast_furnace_slag < 75.361
probabilities_array:[0.03090747 0.2803754  0.6887172 ]

rule10: 56.178 < fly_ash < 99.703
probabilities_array:[0.        0.2878059 0.7121941]

rule9: 12.652 < fly_ash < 56.178
probabilities_array:[0.        0.2869306 0.7130694]

rule22: 972.625 < coarse_aggregate < 1024.967
probabilities_array:[0.        0.2496748 0.7503252]

