R2: 0.7930394636525826


MAE: 5.956858790896089


MSE: 55.8435405006538


Accuracy: 1.0


F1: 1.0


Most important rules
-----------------------------

---0---
