R2: 0.8352209326818011


MAE: 5.344773260081099


MSE: 47.82182373935858


Accuracy: 1.0


F1: 1.0


Most important rules
-----------------------------

---0---
