R2: 0.7197589650111325


MAE: 6.1109346949920855


MSE: 82.89197620350839


Accuracy: 0.838233894756875


F1: 0.8382352941176471


Most important rules
-----------------------------

---0---
rule28: age < 2.067
probabilities_array:[0.90326554 0.         0.09673447]

rule29: 2.067 < age < 44.429
probabilities_array:[0.7488239 0.        0.2511761]

rule15: water > 196.184
probabilities_array:[0.68016005 0.         0.31983995]

rule27: fine_aggregate > 826.453
probabilities_array:[0.59235185 0.         0.40764818]

rule0: cement < 213.564
probabilities_array:[0.51823986 0.         0.48176017]

rule14: 181.705 < water < 196.184
probabilities_array:[0.4179747 0.        0.5820253]

rule16: superplasticizer < 2.093
probabilities_array:[0.3685242 0.        0.6314758]

rule26: 772.915 < fine_aggregate < 826.453
probabilities_array:[0.23921092 0.         0.7607891 ]

rule25: 719.377 < fine_aggregate < 772.915
probabilities_array:[0.23706618 0.         0.76293385]

rule1: 213.564 < cement < 284.129
probabilities_array:[0.23505288 0.         0.7649471 ]


---1---
rule3: cement > 354.693
probabilities_array:[0.        0.6337431 0.3662569]

rule24: fine_aggregate < 719.377
probabilities_array:[0.         0.60260516 0.39739484]

rule31: age > 86.791
probabilities_array:[0.         0.5713619  0.42863807]

rule30: 44.429 < age < 86.791
probabilities_array:[0.        0.5600133 0.4399867]

rule12: water < 167.226
probabilities_array:[0.         0.5301368  0.46986318]

rule6: 72.575 < blast_furnace_slag < 130.834
probabilities_array:[0.         0.49134344 0.50865656]

rule20: coarse_aggregate < 920.773
probabilities_array:[0.         0.4678627  0.53213733]

rule21: 920.773 < coarse_aggregate < 973.827
probabilities_array:[0.        0.4440556 0.5559444]

rule19: superplasticizer > 10.363
probabilities_array:[0.         0.44030926 0.5596908 ]

rule8: fly_ash < 10.351
probabilities_array:[0.       0.425488 0.574512]

rule18: 6.228 < superplasticizer < 10.363
probabilities_array:[0.         0.3664969  0.63350314]

rule9: 10.351 < fly_ash < 53.036
probabilities_array:[0.03001104 0.32491222 0.64507675]

rule13: 167.226 < water < 181.705
probabilities_array:[0.         0.32225958 0.67774045]

rule2: 284.129 < cement < 354.693
probabilities_array:[0.00525745 0.2816783  0.71306425]

rule4: blast_furnace_slag < 14.315
probabilities_array:[0.         0.27898604 0.72101396]

rule17: 2.093 < superplasticizer < 6.228
probabilities_array:[0.         0.26129624 0.7387038 ]

rule7: blast_furnace_slag > 130.834
probabilities_array:[0.         0.25992963 0.7400704 ]

rule5: 14.315 < blast_furnace_slag < 72.575
probabilities_array:[0.03310971 0.23878433 0.728106  ]

rule22: 973.827 < coarse_aggregate < 1026.880
probabilities_array:[0.         0.21873018 0.7812698 ]

