R2: 0.4982918641648615


MAE: 7.067032018481617


MSE: 126.40893291637275


Accuracy: 0.817640748814838


F1: 0.8176470588235294


Most important rules
-----------------------------

---0---
rule28: age < 2.290
probabilities_array:[0.8702154  0.         0.12978457]

rule27: fine_aggregate > 827.525
probabilities_array:[0.7296009  0.         0.27039912]

rule0: cement < 209.080
probabilities_array:[0.7048636  0.         0.29513636]

rule29: 2.290 < age < 45.625
probabilities_array:[0.7021505  0.         0.29784948]

rule15: water > 195.494
probabilities_array:[0.6171733  0.         0.38282666]

rule16: superplasticizer < 2.187
probabilities_array:[0.47120875 0.         0.52879125]

rule25: 721.476 < fine_aggregate < 774.501
probabilities_array:[0.32389373 0.         0.6761063 ]

rule26: 774.501 < fine_aggregate < 827.525
probabilities_array:[0.31668636 0.         0.6833136 ]

rule14: 181.363 < water < 195.494
probabilities_array:[0.26806232 0.         0.73193765]

rule1: 209.080 < cement < 279.992
probabilities_array:[0.22659023 0.         0.7734098 ]

rule4: blast_furnace_slag < 16.594
probabilities_array:[0.16947736 0.09051964 0.740003  ]


---1---
rule31: age > 88.960
probabilities_array:[0.        0.7341986 0.2658014]

rule30: 45.625 < age < 88.960
probabilities_array:[0.         0.61470735 0.38529265]

rule19: superplasticizer > 10.076
probabilities_array:[0.         0.60374945 0.39625055]

rule3: cement > 350.904
probabilities_array:[0.         0.58101994 0.41898006]

rule24: fine_aggregate < 721.476
probabilities_array:[0.         0.5364264  0.46357358]

rule8: fly_ash < 11.075
probabilities_array:[0.         0.50753486 0.49246514]

rule20: coarse_aggregate < 921.079
probabilities_array:[0.         0.50480133 0.49519867]

rule21: 921.079 < coarse_aggregate < 973.961
probabilities_array:[0.         0.47572902 0.524271  ]

rule9: 11.075 < fly_ash < 53.330
probabilities_array:[0.        0.4515823 0.5484177]

rule6: 74.517 < blast_furnace_slag < 132.441
probabilities_array:[0.         0.43535236 0.5646477 ]

rule12: water < 167.232
probabilities_array:[0.         0.42023286 0.5797671 ]

rule13: 167.232 < water < 181.363
probabilities_array:[0.         0.36680654 0.6331935 ]

rule17: 2.187 < superplasticizer < 6.132
probabilities_array:[0.         0.36324105 0.636759  ]

rule22: 973.961 < coarse_aggregate < 1026.842
probabilities_array:[0.         0.34772158 0.6522784 ]

rule18: 6.132 < superplasticizer < 10.076
probabilities_array:[0.         0.32559246 0.67440754]

rule10: 53.330 < fly_ash < 95.586
probabilities_array:[0.         0.31165808 0.6883419 ]

rule2: 279.992 < cement < 350.904
probabilities_array:[0.03615906 0.24267434 0.7211666 ]

rule5: 16.594 < blast_furnace_slag < 74.517
probabilities_array:[0.        0.2427419 0.7572581]

rule11: fly_ash > 95.586
probabilities_array:[0.         0.20238802 0.797612  ]

rule7: blast_furnace_slag > 132.441
probabilities_array:[0.         0.20081449 0.7991855 ]

