R2: 0.8401174881767383


MAE: 5.278199658704415


MSE: 43.68167757935706


Accuracy: 1.0


F1: 1.0


Most important rules
-----------------------------

---0---
