R2: 0.7990256326854787


MAE: 5.384409158409139


MSE: 53.8988862992641


Accuracy: 0.8293881506090808


F1: 0.8294117647058824


Most important rules
-----------------------------

---0---
rule28: age < 2.450
probabilities_array:[0.8497976  0.         0.15020242]

rule29: 2.450 < age < 46.870
probabilities_array:[0.7153914 0.        0.2846086]

rule27: fine_aggregate > 826.722
probabilities_array:[0.65764266 0.         0.34235737]

rule15: water > 196.226
probabilities_array:[0.6437263  0.         0.35627374]

rule0: cement < 212.392
probabilities_array:[0.6129672  0.         0.38703278]

rule14: 182.167 < water < 196.226
probabilities_array:[0.48459643 0.         0.51540357]

rule16: superplasticizer < 2.128
probabilities_array:[0.4365319 0.        0.5634681]

rule26: 772.043 < fine_aggregate < 826.722
probabilities_array:[3.9498568e-01 1.2466597e-04 6.0488963e-01]

rule25: 717.364 < fine_aggregate < 772.043
probabilities_array:[0.3802984 0.        0.6197016]


---1---
rule31: age > 91.289
probabilities_array:[0.         0.73346823 0.2665318 ]

rule30: 46.870 < age < 91.289
probabilities_array:[0.         0.69090754 0.30909243]

rule3: cement > 352.052
probabilities_array:[0.         0.6678421  0.33215788]

rule7: blast_furnace_slag > 132.360
probabilities_array:[0.       0.529651 0.470349]

rule17: 2.128 < superplasticizer < 6.105
probabilities_array:[0.         0.47642624 0.52357376]

rule12: water < 168.108
probabilities_array:[0.        0.4732625 0.5267375]

rule2: 282.222 < cement < 352.052
probabilities_array:[0.        0.4559666 0.5440334]

rule10: 54.418 < fly_ash < 97.652
probabilities_array:[0.         0.44859198 0.55140805]

rule6: 74.082 < blast_furnace_slag < 132.360
probabilities_array:[0.        0.4405465 0.5594535]

rule24: fine_aggregate < 717.364
probabilities_array:[0.         0.43349686 0.5665031 ]

rule8: fly_ash < 11.184
probabilities_array:[0.01733541 0.40405637 0.5786083 ]

rule20: coarse_aggregate < 918.777
probabilities_array:[0.         0.41169068 0.58830935]

rule18: 6.105 < superplasticizer < 10.083
probabilities_array:[1.6227210e-05 3.8048550e-01 6.1949825e-01]

rule19: superplasticizer > 10.083
probabilities_array:[0.         0.37165952 0.6283405 ]

rule21: 918.777 < coarse_aggregate < 970.912
probabilities_array:[0.         0.31351975 0.6864802 ]

rule13: 168.108 < water < 182.167
probabilities_array:[0.         0.26256472 0.7374353 ]

rule9: 11.184 < fly_ash < 54.418
probabilities_array:[0.02235441 0.23018108 0.74746454]

rule22: 970.912 < coarse_aggregate < 1023.048
probabilities_array:[0.         0.22018756 0.77981246]

