R2: 0.8299788827703984


MAE: 5.422501618191846


MSE: 45.3284402568609


Accuracy: 1.0


F1: 1.0


Most important rules
-----------------------------

---0---
