R2: 0.8393731433375985


MAE: 5.079217697745525


MSE: 45.429509160834456


Accuracy: 0.8512737961926091


F1: 0.8529411764705882


Most important rules
-----------------------------

---0---
rule28: age < 3.422
probabilities_array:[0.94829005 0.         0.05170992]

rule0: cement < 205.194
probabilities_array:[0.6437212  0.         0.35627875]

rule27: fine_aggregate > 826.917
probabilities_array:[0.63212764 0.         0.36787233]

rule15: water > 195.505
probabilities_array:[0.5542703  0.         0.44572964]

rule16: superplasticizer < 2.186
probabilities_array:[0.47053552 0.         0.5294645 ]

rule29: 3.422 < age < 43.455
probabilities_array:[0.4310487 0.        0.5689513]

rule26: 774.081 < fine_aggregate < 826.917
probabilities_array:[0.35251692 0.         0.6474831 ]

rule14: 181.347 < water < 195.505
probabilities_array:[0.3168914 0.        0.6831086]

rule4: blast_furnace_slag < 16.002
probabilities_array:[0.23701067 0.         0.76298934]


---1---
rule31: age > 83.488
probabilities_array:[0.         0.8294986  0.17050141]

rule3: cement > 345.157
probabilities_array:[0.         0.7877364  0.21226358]

rule30: 43.455 < age < 83.488
probabilities_array:[0.        0.7849782 0.2150218]

rule12: water < 167.189
probabilities_array:[0.        0.6418748 0.3581252]

rule6: 75.163 < blast_furnace_slag < 134.324
probabilities_array:[0.        0.6148599 0.3851401]

rule24: fine_aggregate < 721.245
probabilities_array:[0.        0.5294416 0.4705584]

rule13: 167.189 < water < 181.347
probabilities_array:[0.         0.50174505 0.49825493]

rule2: 275.175 < cement < 345.157
probabilities_array:[0.         0.46023858 0.5397614 ]

rule9: 12.826 < fly_ash < 56.459
probabilities_array:[0.06295103 0.3892894  0.5477596 ]

rule19: superplasticizer > 10.176
probabilities_array:[0.         0.40126967 0.5987303 ]

rule20: coarse_aggregate < 922.848
probabilities_array:[0.0035046  0.39481404 0.60168135]

rule5: 16.002 < blast_furnace_slag < 75.163
probabilities_array:[0.07961217 0.23979728 0.68059057]

rule17: 2.186 < superplasticizer < 6.181
probabilities_array:[0.         0.25894853 0.74105144]

rule18: 6.181 < superplasticizer < 10.176
probabilities_array:[4.8980801e-05 2.1776265e-01 7.8218836e-01]

rule22: 974.598 < coarse_aggregate < 1026.349
probabilities_array:[0.         0.20526099 0.794739  ]

rule8: fly_ash < 12.826
probabilities_array:[0.03486454 0.18576944 0.77936596]

