R2: 0.830399890514153


MAE: 5.460515134692425


MSE: 50.16617973657258


Accuracy: 1.0


F1: 1.0


Most important rules
-----------------------------

---0---
