R2: 0.837936788000871


MAE: 5.282151004280213


MSE: 46.711977877060704


Accuracy: 0.841154485049834


F1: 0.8411764705882353


Most important rules
-----------------------------

---0---
rule28: age < 3.044
probabilities_array:[0.9008187  0.         0.09918129]

rule0: cement < 207.796
probabilities_array:[0.7084979  0.         0.29150215]

rule27: fine_aggregate > 829.606
probabilities_array:[0.6882281  0.         0.31177193]

rule15: water > 195.774
probabilities_array:[0.68297863 0.         0.3170214 ]

rule16: superplasticizer < 2.209
probabilities_array:[0.54711473 0.         0.45288524]

rule1: 207.796 < cement < 277.642
probabilities_array:[0.49714437 0.         0.50285566]

rule29: 3.044 < age < 45.732
probabilities_array:[0.4937926 0.        0.5062074]

rule14: 181.454 < water < 195.774
probabilities_array:[0.35258782 0.         0.6474122 ]

rule11: fly_ash > 100.061
probabilities_array:[0.2586995  0.00646963 0.7348309 ]

rule26: 774.923 < fine_aggregate < 829.606
probabilities_array:[0.20749073 0.01619495 0.7763143 ]

rule25: 720.240 < fine_aggregate < 774.923
probabilities_array:[0.20121387 0.00638232 0.7924039 ]

rule23: coarse_aggregate > 1024.491
probabilities_array:[0.20109983 0.         0.7989002 ]


---1---
rule31: age > 88.420
probabilities_array:[0.         0.89836866 0.10163133]

rule30: 45.732 < age < 88.420
probabilities_array:[0.         0.7812795  0.21872047]

rule3: cement > 347.489
probabilities_array:[0.         0.6860903  0.31390968]

rule9: 13.517 < fly_ash < 56.789
probabilities_array:[0.         0.67533463 0.3246654 ]

rule12: water < 167.134
probabilities_array:[0.         0.60479695 0.39520305]

rule24: fine_aggregate < 720.240
probabilities_array:[0.        0.5823767 0.4176233]

rule17: 2.209 < superplasticizer < 6.156
probabilities_array:[0.         0.5185403  0.48145968]

rule19: superplasticizer > 10.102
probabilities_array:[0.         0.49896684 0.5010332 ]

rule13: 167.134 < water < 181.454
probabilities_array:[0.        0.4474979 0.5525021]

rule2: 277.642 < cement < 347.489
probabilities_array:[0.         0.43882254 0.56117743]

rule6: 73.773 < blast_furnace_slag < 131.894
probabilities_array:[0.         0.40849516 0.5915048 ]

rule18: 6.156 < superplasticizer < 10.102
probabilities_array:[0.         0.38888085 0.61111915]

rule22: 972.270 < coarse_aggregate < 1024.491
probabilities_array:[0.         0.38286826 0.6171317 ]

rule8: fly_ash < 13.517
probabilities_array:[0.01230995 0.28987586 0.6978142 ]

rule20: coarse_aggregate < 920.049
probabilities_array:[0.         0.28767514 0.71232486]

rule5: 15.652 < blast_furnace_slag < 73.773
probabilities_array:[0.10324699 0.20961286 0.6871401 ]

rule10: 56.789 < fly_ash < 100.061
probabilities_array:[0.        0.2411272 0.7588728]

rule21: 920.049 < coarse_aggregate < 972.270
probabilities_array:[0.         0.20959581 0.7904042 ]

