R2: 0.8344114635933068


MAE: 5.158385522526436


MSE: 46.74945339586712


Accuracy: 0.8146273074226964


F1: 0.8147058823529412


Most important rules
-----------------------------

---0---
rule28: age < 2.979
probabilities_array:[0.90805906 0.         0.09194094]

rule29: 2.979 < age < 45.409
probabilities_array:[0.72028404 0.         0.27971596]

rule27: fine_aggregate > 827.428
probabilities_array:[0.58826566 0.         0.41173434]

rule0: cement < 209.923
probabilities_array:[0.54382837 0.         0.45617163]

rule15: water > 196.141
probabilities_array:[0.52666444 0.         0.47333556]

rule16: superplasticizer < 2.270
probabilities_array:[0.45325786 0.         0.54674214]

rule14: 181.783 < water < 196.141
probabilities_array:[0.3349762 0.        0.6650238]

rule26: 774.582 < fine_aggregate < 827.428
probabilities_array:[0.25966138 0.         0.7403386 ]

rule11: fly_ash > 98.080
probabilities_array:[0.2436964 0.        0.7563036]


---1---
rule31: age > 87.839
probabilities_array:[0.         0.72615826 0.27384177]

rule30: 45.409 < age < 87.839
probabilities_array:[0.         0.69832295 0.30167702]

rule3: cement > 348.301
probabilities_array:[0.         0.6742108  0.32578918]

rule12: water < 167.425
probabilities_array:[0.         0.582141   0.41785902]

rule24: fine_aggregate < 721.736
probabilities_array:[0.         0.5731109  0.42688912]

rule8: fly_ash < 12.074
probabilities_array:[0.00376502 0.4746449  0.5215901 ]

rule2: 279.112 < cement < 348.301
probabilities_array:[0.         0.46851394 0.53148603]

rule17: 2.270 < superplasticizer < 6.261
probabilities_array:[0.         0.46807006 0.53192997]

rule20: coarse_aggregate < 919.935
probabilities_array:[0.         0.4333723  0.56662774]

rule10: 55.077 < fly_ash < 98.080
probabilities_array:[0.        0.4333134 0.5666866]

rule13: 167.425 < water < 181.783
probabilities_array:[0.        0.4212562 0.5787438]

rule19: superplasticizer > 10.251
probabilities_array:[0.        0.4175442 0.5824558]

rule18: 6.261 < superplasticizer < 10.251
probabilities_array:[0.        0.3699531 0.6300469]

rule6: 74.054 < blast_furnace_slag < 131.957
probabilities_array:[0.         0.34668648 0.6533135 ]

rule5: 16.151 < blast_furnace_slag < 74.054
probabilities_array:[0.03692015 0.24371791 0.7193619 ]

