R2: 0.8516222557592724


MAE: 5.0022979569341715


MSE: 42.15207469847616


Accuracy: 0.8735283177190114


F1: 0.8735294117647059


Most important rules
-----------------------------

---0---
rule28: age < 3.009
probabilities_array:[0.9419537  0.         0.05804627]

rule15: water > 196.235
probabilities_array:[0.7383626  0.         0.26163736]

rule0: cement < 210.898
probabilities_array:[0.7251468  0.         0.27485323]

rule27: fine_aggregate > 827.188
probabilities_array:[0.7018576  0.         0.29814237]

rule16: superplasticizer < 2.248
probabilities_array:[0.537006   0.         0.46299398]

rule14: 181.850 < water < 196.235
probabilities_array:[0.5132747  0.         0.48672524]

rule29: 3.009 < age < 44.342
probabilities_array:[0.42749587 0.02041303 0.5520911 ]

rule1: 210.898 < cement < 280.872
probabilities_array:[0.38281244 0.         0.61718756]

rule9: 11.944 < fly_ash < 55.287
probabilities_array:[0.35136998 0.02912484 0.6195052 ]

rule11: fly_ash > 98.629
probabilities_array:[0.34391844 0.01226484 0.6438167 ]

rule23: coarse_aggregate > 1026.552
probabilities_array:[0.23254462 0.00114144 0.7663139 ]


---1---
rule31: age > 85.675
probabilities_array:[0.         0.89630926 0.10369075]

rule30: 44.342 < age < 85.675
probabilities_array:[0.         0.80517066 0.19482934]

rule3: cement > 350.846
probabilities_array:[0.         0.6863545  0.31364548]

rule24: fine_aggregate < 717.664
probabilities_array:[0.         0.6512896  0.34871042]

rule12: water < 167.465
probabilities_array:[0.         0.5779824  0.42201757]

rule19: superplasticizer > 9.901
probabilities_array:[0.         0.43675828 0.5632417 ]

rule18: 6.074 < superplasticizer < 9.901
probabilities_array:[0.         0.41034698 0.589653  ]

rule20: coarse_aggregate < 918.894
probabilities_array:[0.         0.38839126 0.61160874]

rule10: 55.287 < fly_ash < 98.629
probabilities_array:[0.         0.34315133 0.65684867]

rule22: 972.723 < coarse_aggregate < 1026.552
probabilities_array:[0.         0.34046388 0.6595361 ]

rule17: 2.248 < superplasticizer < 6.074
probabilities_array:[0.        0.3386898 0.6613102]

rule7: blast_furnace_slag > 132.797
probabilities_array:[0.       0.331976 0.668024]

rule8: fly_ash < 11.944
probabilities_array:[0.00135439 0.32505426 0.6735913 ]

rule6: 73.688 < blast_furnace_slag < 132.797
probabilities_array:[0.         0.28092366 0.71907634]

rule21: 918.894 < coarse_aggregate < 972.723
probabilities_array:[0.        0.2460652 0.7539348]

rule5: 14.578 < blast_furnace_slag < 73.688
probabilities_array:[0.12281425 0.16177602 0.71540964]

rule2: 280.872 < cement < 350.846
probabilities_array:[0.06849273 0.17049493 0.7610124 ]

rule13: 167.465 < water < 181.850
probabilities_array:[0.01544698 0.19282459 0.7917285 ]

