R2: 0.8443894873294437


MAE: 4.9331683515274545


MSE: 42.256749464792534


Accuracy: 1.0


F1: 1.0


Most important rules
-----------------------------

---0---
