R2: 0.7541747023983466


MAE: 6.049891539360913


MSE: 60.308901371840555


Accuracy: 0.811706067633519


F1: 0.8117647058823529


Most important rules
-----------------------------

---0---
rule28: age < 2.798
probabilities_array:[0.84926265 0.         0.15073736]

rule29: 2.798 < age < 45.897
probabilities_array:[0.6844053  0.         0.31559467]

rule15: water > 195.447
probabilities_array:[0.65293753 0.         0.34706247]

rule0: cement < 210.792
probabilities_array:[0.60805345 0.         0.39194655]

rule16: superplasticizer < 2.110
probabilities_array:[0.56241703 0.         0.437583  ]

rule27: fine_aggregate > 828.520
probabilities_array:[0.4445587  0.         0.55544126]

rule14: 181.454 < water < 195.447
probabilities_array:[0.3664677 0.        0.6335323]

rule1: 210.792 < cement < 280.639
probabilities_array:[0.25142625 0.         0.7485737 ]

rule11: fly_ash > 96.747
probabilities_array:[0.2075456  0.01284605 0.77960837]


---1---
rule31: age > 88.996
probabilities_array:[0.         0.7907273  0.20927267]

rule3: cement > 350.487
probabilities_array:[0.         0.6877962  0.31220382]

rule24: fine_aggregate < 723.381
probabilities_array:[0.         0.6699335  0.33006653]

rule30: 45.897 < age < 88.996
probabilities_array:[0.         0.6461238  0.35387617]

rule12: water < 167.462
probabilities_array:[0.        0.5112555 0.4887445]

rule19: superplasticizer > 10.100
probabilities_array:[0.         0.43157318 0.5684268 ]

rule7: blast_furnace_slag > 131.866
probabilities_array:[0.         0.42829007 0.57170993]

rule20: coarse_aggregate < 921.478
probabilities_array:[0.         0.42459643 0.5754036 ]

rule2: 280.639 < cement < 350.487
probabilities_array:[0.         0.41977954 0.58022046]

rule6: 73.517 < blast_furnace_slag < 131.866
probabilities_array:[0.         0.41738465 0.5826153 ]

rule10: 53.467 < fly_ash < 96.747
probabilities_array:[0.         0.38089442 0.6191056 ]

rule13: 167.462 < water < 181.454
probabilities_array:[0.0065735  0.28470275 0.7087238 ]

rule9: 10.188 < fly_ash < 53.467
probabilities_array:[0.       0.287108 0.712892]

rule25: 723.381 < fine_aggregate < 775.950
probabilities_array:[0.         0.28315243 0.7168476 ]

rule8: fly_ash < 10.188
probabilities_array:[0.00464592 0.23478647 0.7605676 ]

rule5: 15.168 < blast_furnace_slag < 73.517
probabilities_array:[0.08663887 0.17080694 0.74255425]

rule17: 2.110 < superplasticizer < 6.105
probabilities_array:[0.         0.20502117 0.7949788 ]

