R2: 0.8435480505525361


MAE: 5.172940986221208


MSE: 44.31348458309399


Accuracy: 1.0


F1: 1.0


Most important rules
-----------------------------

---0---
