R2: 0.6887734924474271


MAE: 6.637965402756698


MSE: 85.68217508582775


Accuracy: 0.8264330521306511


F1: 0.8264705882352941


Most important rules
-----------------------------

---0---
rule28: age < 2.812
probabilities_array:[0.9203081  0.         0.07969188]

rule29: 2.812 < age < 45.425
probabilities_array:[0.7032073 0.        0.2967927]

rule0: cement < 212.897
probabilities_array:[0.66652054 0.         0.33347946]

rule15: water > 196.019
probabilities_array:[0.59187204 0.         0.408128  ]

rule27: fine_aggregate > 826.564
probabilities_array:[0.5701913  0.         0.42980868]

rule16: superplasticizer < 2.211
probabilities_array:[0.51472956 0.         0.48527047]

rule9: 10.969 < fly_ash < 54.210
probabilities_array:[0.48823076 0.         0.51176924]

rule14: 181.778 < water < 196.019
probabilities_array:[0.43787706 0.         0.56212294]

rule1: 212.897 < cement < 282.925
probabilities_array:[0.34931448 0.         0.65068555]

rule26: 772.554 < fine_aggregate < 826.564
probabilities_array:[0.23102832 0.         0.7689717 ]


---1---
rule31: age > 88.037
probabilities_array:[0.         0.75116974 0.24883027]

rule30: 45.425 < age < 88.037
probabilities_array:[0.         0.64248836 0.3575116 ]

rule3: cement > 352.952
probabilities_array:[0.        0.6051219 0.3948781]

rule24: fine_aggregate < 718.545
probabilities_array:[0.         0.5609851  0.43901488]

rule6: 72.835 < blast_furnace_slag < 130.609
probabilities_array:[0.         0.51635885 0.48364115]

rule19: superplasticizer > 9.992
probabilities_array:[0.         0.4862953  0.51370466]

rule5: 15.062 < blast_furnace_slag < 72.835
probabilities_array:[0.        0.4400273 0.5599727]

rule2: 282.925 < cement < 352.952
probabilities_array:[0.         0.42593226 0.5740677 ]

rule20: coarse_aggregate < 921.681
probabilities_array:[0.         0.42493418 0.5750658 ]

rule18: 6.101 < superplasticizer < 9.992
probabilities_array:[0.         0.40845832 0.59154165]

rule8: fly_ash < 10.969
probabilities_array:[0.         0.40137506 0.59862494]

rule12: water < 167.536
probabilities_array:[0.        0.3929664 0.6070336]

rule17: 2.211 < superplasticizer < 6.101
probabilities_array:[0.         0.36746797 0.632532  ]

rule7: blast_furnace_slag > 130.609
probabilities_array:[0.         0.35111964 0.64888036]

rule13: 167.536 < water < 181.778
probabilities_array:[0.         0.30700576 0.69299424]

rule21: 921.681 < coarse_aggregate < 972.931
probabilities_array:[0.        0.2709484 0.7290516]

rule10: 54.210 < fly_ash < 97.451
probabilities_array:[0.         0.2639549  0.73604506]

