R2: 0.8374645745189988


MAE: 5.121540534007372


MSE: 46.88573387781163


Accuracy: 0.8465277777777778


F1: 0.8470588235294118


Most important rules
-----------------------------

---0---
rule28: age < 4.327
probabilities_array:[0.8288642  0.         0.17113575]

rule15: water > 195.686
probabilities_array:[0.71859044 0.         0.2814096 ]

rule27: fine_aggregate > 825.553
probabilities_array:[0.63675374 0.         0.36324626]

rule0: cement < 209.587
probabilities_array:[0.53192264 0.         0.4680774 ]

rule16: superplasticizer < 2.245
probabilities_array:[0.53079444 0.         0.46920553]

rule14: 181.374 < water < 195.686
probabilities_array:[0.42446914 0.         0.5755308 ]

rule4: blast_furnace_slag < 16.524
probabilities_array:[0.37491044 0.         0.6250895 ]

rule11: fly_ash > 99.222
probabilities_array:[0.3620488 0.        0.6379512]

rule23: coarse_aggregate > 1025.144
probabilities_array:[0.35598123 0.         0.64401877]

rule29: 4.327 < age < 47.091
probabilities_array:[0.32463276 0.04949245 0.62587476]

rule5: 16.524 < blast_furnace_slag < 75.252
probabilities_array:[0.17475957 0.10386515 0.7213753 ]


---1---
rule31: age > 89.855
probabilities_array:[0.         0.89892566 0.10107435]

rule30: 47.091 < age < 89.855
probabilities_array:[0.         0.7808135  0.21918648]

rule3: cement > 349.318
probabilities_array:[0.         0.706166   0.29383397]

rule24: fine_aggregate < 719.186
probabilities_array:[0.         0.67644876 0.32355124]

rule12: water < 167.061
probabilities_array:[0.         0.61622506 0.3837749 ]

rule2: 279.452 < cement < 349.318
probabilities_array:[0.         0.48952967 0.51047033]

rule13: 167.061 < water < 181.374
probabilities_array:[0.         0.40574518 0.59425485]

rule19: superplasticizer > 10.251
probabilities_array:[0.         0.38576618 0.61423385]

rule8: fly_ash < 11.387
probabilities_array:[0.02916129 0.35817593 0.61266285]

rule9: 11.387 < fly_ash < 55.304
probabilities_array:[0.         0.36359727 0.6364027 ]

rule6: 75.252 < blast_furnace_slag < 133.980
probabilities_array:[0.         0.36213604 0.63786393]

rule18: 6.248 < superplasticizer < 10.251
probabilities_array:[0.00442728 0.35101113 0.6445615 ]

rule20: coarse_aggregate < 920.879
probabilities_array:[0.0031507 0.3510128 0.6458366]

rule17: 2.245 < superplasticizer < 6.248
probabilities_array:[0.00106908 0.23863722 0.7602937 ]

