R2: 0.8166113462061502


MAE: 5.497600777703061


MSE: 48.71978572964741


Accuracy: 1.0


F1: 1.0


Most important rules
-----------------------------

---0---
