R2: 0.8276010829463961


MAE: 5.142119765622905


MSE: 45.72824943634915


Accuracy: 0.8402354797811882


F1: 0.8441176470588235


Most important rules
-----------------------------

---0---
rule28: age < 3.424
probabilities_array:[0.99122286 0.         0.00877713]

rule15: water > 196.004
probabilities_array:[0.70854944 0.         0.2914506 ]

rule0: cement < 209.744
probabilities_array:[0.61432636 0.         0.38567367]

rule27: fine_aggregate > 825.584
probabilities_array:[0.60250145 0.         0.39749858]

rule29: 3.424 < age < 47.313
probabilities_array:[0.5472757  0.         0.45272428]

rule16: superplasticizer < 2.339
probabilities_array:[0.5134986  0.         0.48650143]

rule25: 717.824 < fine_aggregate < 771.704
probabilities_array:[0.29196602 0.01808015 0.68995386]

rule14: 181.394 < water < 196.004
probabilities_array:[0.2805337  0.         0.71946627]

rule4: blast_furnace_slag < 15.561
probabilities_array:[0.27526027 0.         0.72473973]

rule23: coarse_aggregate > 1025.047
probabilities_array:[0.27146816 0.         0.72853184]

rule11: fly_ash > 98.321
probabilities_array:[0.18093683 0.06532229 0.75374097]


---1---
rule31: age > 91.202
probabilities_array:[0.        0.8824461 0.1175539]

rule30: 47.313 < age < 91.202
probabilities_array:[0.         0.76348835 0.23651162]

rule3: cement > 352.259
probabilities_array:[0.         0.755364   0.24463601]

rule12: water < 166.784
probabilities_array:[0.         0.5813689  0.41863108]

rule24: fine_aggregate < 717.824
probabilities_array:[0.         0.55270016 0.44729984]

rule6: 75.700 < blast_furnace_slag < 135.840
probabilities_array:[0.         0.5105665  0.48943353]

rule19: superplasticizer > 10.204
probabilities_array:[0.         0.50849754 0.4915025 ]

rule20: coarse_aggregate < 919.658
probabilities_array:[0.         0.49937904 0.50062096]

rule9: 11.632 < fly_ash < 54.977
probabilities_array:[0.         0.47887048 0.5211295 ]

rule8: fly_ash < 11.632
probabilities_array:[0.         0.44917583 0.55082417]

rule13: 166.784 < water < 181.394
probabilities_array:[0.00301233 0.3622276  0.6347601 ]

rule2: 281.001 < cement < 352.259
probabilities_array:[0.         0.35755125 0.6424488 ]

rule18: 6.271 < superplasticizer < 10.204
probabilities_array:[0.00115255 0.3289161  0.6699314 ]

rule22: 972.353 < coarse_aggregate < 1025.047
probabilities_array:[0.         0.30856842 0.6914316 ]

rule5: 15.561 < blast_furnace_slag < 75.700
probabilities_array:[0.06438787 0.23198946 0.70362264]

rule21: 919.658 < coarse_aggregate < 972.353
probabilities_array:[0.         0.25001803 0.749982  ]

