R2: 0.7864864776190444


MAE: 5.7502984251716125


MSE: 61.08466697163436


Accuracy: 0.8235233053046818


F1: 0.8235294117647058


Most important rules
-----------------------------

---0---
rule28: age < 2.229
probabilities_array:[0.8854947  0.         0.11450531]

rule29: 2.229 < age < 46.054
probabilities_array:[0.682409 0.       0.317591]

rule15: water > 196.362
probabilities_array:[0.64932656 0.         0.35067344]

rule27: fine_aggregate > 826.830
probabilities_array:[0.5997674  0.         0.40023258]

rule16: superplasticizer < 2.382
probabilities_array:[0.55550224 0.         0.44449773]

rule0: cement < 210.992
probabilities_array:[0.5530404 0.        0.4469596]

rule14: 181.748 < water < 196.362
probabilities_array:[0.42042938 0.         0.57957065]

rule9: 13.542 < fly_ash < 57.006
probabilities_array:[0.25705132 0.         0.7429487 ]

rule17: 2.382 < superplasticizer < 6.363
probabilities_array:[0.21381013 0.06134322 0.72484666]

rule11: fly_ash > 100.470
probabilities_array:[0.20002696 0.02042667 0.77954644]


---1---
rule31: age > 89.878
probabilities_array:[0.         0.6757524  0.32424757]

rule30: 46.054 < age < 89.878
probabilities_array:[0.         0.65575457 0.3442454 ]

rule3: cement > 352.154
probabilities_array:[0.        0.6425335 0.3574665]

rule24: fine_aggregate < 718.627
probabilities_array:[0.         0.61942273 0.3805773 ]

rule2: 281.573 < cement < 352.154
probabilities_array:[0.         0.53056085 0.46943915]

rule12: water < 167.134
probabilities_array:[0.         0.48827013 0.5117299 ]

rule20: coarse_aggregate < 916.200
probabilities_array:[0.         0.47859636 0.5214036 ]

rule19: superplasticizer > 10.344
probabilities_array:[0.        0.4465519 0.5534481]

rule6: 72.790 < blast_furnace_slag < 130.199
probabilities_array:[0.        0.4366286 0.5633714]

rule8: fly_ash < 13.542
probabilities_array:[0.        0.4108228 0.5891772]

rule7: blast_furnace_slag > 130.199
probabilities_array:[0.         0.38118532 0.6188147 ]

rule13: 167.134 < water < 181.748
probabilities_array:[0.         0.34382117 0.65617883]

rule10: 57.006 < fly_ash < 100.470
probabilities_array:[0.         0.31390563 0.68609434]

rule5: 15.380 < blast_furnace_slag < 72.790
probabilities_array:[0.01958966 0.2601387  0.72027165]

rule21: 916.200 < coarse_aggregate < 969.199
probabilities_array:[0.01044677 0.20919627 0.78035694]

