R2: 0.8667755668356453


MAE: 4.704509905172914


MSE: 37.76761454009155


Accuracy: 1.0


F1: 1.0


Most important rules
-----------------------------

---0---
