R2: 0.843687319521017


MAE: 4.972203065019523


MSE: 42.809004406617866


Accuracy: 1.0


F1: 1.0


Most important rules
-----------------------------

---0---
