R2: 0.6331791964555304


MAE: 7.411501658011778


MSE: 103.19149997224532


Accuracy: 0.795955642530985


F1: 0.7970588235294118


Most important rules
-----------------------------

---0---
rule28: age < 2.658
probabilities_array:[0.9154053  0.         0.08459473]

rule29: 2.658 < age < 47.068
probabilities_array:[0.76839113 0.         0.2316089 ]

rule15: water > 196.650
probabilities_array:[0.699926   0.         0.30007398]

rule0: cement < 207.421
probabilities_array:[0.6326566  0.         0.36734343]

rule27: fine_aggregate > 826.461
probabilities_array:[0.5569844  0.         0.44301558]

rule14: 182.218 < water < 196.650
probabilities_array:[0.46041355 0.         0.5395865 ]

rule16: superplasticizer < 1.890
probabilities_array:[0.40795144 0.         0.5920485 ]

rule26: 772.551 < fine_aggregate < 826.461
probabilities_array:[0.2538662  0.00808938 0.7380445 ]

rule1: 207.421 < cement < 278.468
probabilities_array:[0.25604776 0.         0.7439522 ]

rule23: coarse_aggregate > 1027.047
probabilities_array:[0.20573804 0.00882533 0.78543663]


---1---
rule31: age > 91.479
probabilities_array:[0.         0.67039895 0.32960108]

rule30: 47.068 < age < 91.479
probabilities_array:[0.         0.6312014  0.36879858]

rule24: fine_aggregate < 718.641
probabilities_array:[0.         0.6036518  0.39634818]

rule8: fly_ash < 11.053
probabilities_array:[0.         0.558633   0.44136694]

rule20: coarse_aggregate < 924.513
probabilities_array:[0.         0.5520437  0.44795632]

rule19: superplasticizer > 10.001
probabilities_array:[0.         0.509075   0.49092498]

rule12: water < 167.787
probabilities_array:[0.       0.507649 0.492351]

rule10: 54.111 < fly_ash < 97.168
probabilities_array:[0.        0.5037608 0.4962392]

rule3: cement > 349.515
probabilities_array:[0.        0.4735673 0.5264327]

rule6: 72.624 < blast_furnace_slag < 130.852
probabilities_array:[0.     0.4418 0.5582]

rule13: 167.787 < water < 182.218
probabilities_array:[0.         0.42534584 0.57465416]

rule18: 5.946 < superplasticizer < 10.001
probabilities_array:[0.        0.4006136 0.5993864]

rule17: 1.890 < superplasticizer < 5.946
probabilities_array:[0.         0.36294892 0.6370511 ]

rule7: blast_furnace_slag > 130.852
probabilities_array:[0.         0.34159142 0.6584086 ]

rule2: 278.468 < cement < 349.515
probabilities_array:[0.01642185 0.30530965 0.6782685 ]

rule21: 924.513 < coarse_aggregate < 975.780
probabilities_array:[0.         0.27996176 0.72003824]

rule5: 14.397 < blast_furnace_slag < 72.624
probabilities_array:[0.01015306 0.23550235 0.75434464]

