R2: 0.8198861845177697


MAE: 5.376945155587052


MSE: 54.063129714548076


Accuracy: 0.8437269644699985


F1: 0.8441176470588235


Most important rules
-----------------------------

---0---
rule28: age < 3.141
probabilities_array:[0.9520804  0.         0.04791956]

rule0: cement < 212.288
probabilities_array:[0.7747556  0.         0.22524442]

rule15: water > 196.052
probabilities_array:[0.75991917 0.         0.24008083]

rule27: fine_aggregate > 826.825
probabilities_array:[0.6429297  0.         0.35707033]

rule16: superplasticizer < 2.134
probabilities_array:[0.4805701 0.        0.5194299]

rule1: 212.288 < cement < 282.807
probabilities_array:[0.44250062 0.         0.55749935]

rule29: 3.141 < age < 46.299
probabilities_array:[0.42133847 0.02616623 0.5524953 ]

rule14: 181.488 < water < 196.052
probabilities_array:[0.40764084 0.         0.5923592 ]

rule4: blast_furnace_slag < 16.015
probabilities_array:[0.32899055 0.         0.6710094 ]

rule25: 719.521 < fine_aggregate < 773.173
probabilities_array:[0.20860747 0.00266621 0.7887263 ]


---1---
rule31: age > 89.456
probabilities_array:[0.         0.9132452  0.08675481]

rule30: 46.299 < age < 89.456
probabilities_array:[0.         0.75758564 0.24241437]

rule3: cement > 353.326
probabilities_array:[0.         0.6806823  0.31931767]

rule24: fine_aggregate < 719.521
probabilities_array:[0.         0.58488154 0.41511843]

rule9: 9.890 < fly_ash < 52.910
probabilities_array:[0.         0.5787367  0.42126328]

rule12: water < 166.925
probabilities_array:[0.         0.50983906 0.49016094]

rule8: fly_ash < 9.890
probabilities_array:[0.00800482 0.49472305 0.49727213]

rule10: 52.910 < fly_ash < 95.929
probabilities_array:[0.         0.49097806 0.50902194]

rule19: superplasticizer > 10.280
probabilities_array:[0.        0.4590126 0.5409874]

rule6: 74.224 < blast_furnace_slag < 132.432
probabilities_array:[0.         0.42719117 0.5728088 ]

rule20: coarse_aggregate < 921.148
probabilities_array:[0.        0.3911132 0.6088868]

rule18: 6.207 < superplasticizer < 10.280
probabilities_array:[0.        0.3375695 0.6624305]

rule11: fly_ash > 95.929
probabilities_array:[0.        0.3291617 0.6708383]

rule22: 973.410 < coarse_aggregate < 1025.672
probabilities_array:[0.         0.29058847 0.70941156]

rule13: 166.925 < water < 181.488
probabilities_array:[0.         0.24732994 0.75267005]

rule2: 282.807 < cement < 353.326
probabilities_array:[0.03725139 0.1845929  0.77815574]

