R2: 0.8136568037154307


MAE: 5.746971120612171


MSE: 53.90870996801393


Accuracy: 0.8491846053489889


F1: 0.85


Most important rules
-----------------------------

---0---
rule27: fine_aggregate > 826.674
probabilities_array:[0.67930526 0.         0.32069474]

rule29: 1.842 < age < 48.438
probabilities_array:[0.66033655 0.         0.33966345]

rule15: water > 196.468
probabilities_array:[0.5737134 0.        0.4262866]

rule0: cement < 212.962
probabilities_array:[0.5674766  0.         0.43252343]

rule16: superplasticizer < 2.110
probabilities_array:[0.42214236 0.         0.5778577 ]

rule26: 772.404 < fine_aggregate < 826.674
probabilities_array:[0.39391515 0.         0.6060848 ]

rule25: 718.134 < fine_aggregate < 772.404
probabilities_array:[0.38550594 0.         0.614494  ]

rule14: 181.957 < water < 196.468
probabilities_array:[0.31653324 0.         0.68346673]


---1---
rule31: age > 95.034
probabilities_array:[0.         0.7692688  0.23073119]

rule3: cement > 353.953
probabilities_array:[0.         0.6940638  0.30593622]

rule30: 48.438 < age < 95.034
probabilities_array:[0.         0.662704   0.33729604]

rule20: coarse_aggregate < 920.058
probabilities_array:[0.         0.5095805  0.49041948]

rule12: water < 167.447
probabilities_array:[0.        0.4570898 0.5429102]

rule24: fine_aggregate < 718.134
probabilities_array:[0.         0.44349697 0.55650306]

rule22: 973.893 < coarse_aggregate < 1027.727
probabilities_array:[0.         0.36916953 0.63083047]

rule7: blast_furnace_slag > 127.476
probabilities_array:[0.         0.36909017 0.6309098 ]

rule21: 920.058 < coarse_aggregate < 973.893
probabilities_array:[0.         0.35767022 0.64232975]

rule10: 54.085 < fly_ash < 97.566
probabilities_array:[0.         0.35475564 0.64524436]

rule23: coarse_aggregate > 1027.727
probabilities_array:[0.         0.35348132 0.64651865]

rule19: superplasticizer > 10.345
probabilities_array:[0.        0.3501733 0.6498267]

rule8: fly_ash < 10.604
probabilities_array:[0.         0.32162833 0.67837167]

rule6: 70.956 < blast_furnace_slag < 127.476
probabilities_array:[0.         0.30493113 0.69506884]

rule5: 14.436 < blast_furnace_slag < 70.956
probabilities_array:[0.06956842 0.27016053 0.660271  ]

rule13: 167.447 < water < 181.957
probabilities_array:[0.         0.29611778 0.7038822 ]

rule2: 283.457 < cement < 353.953
probabilities_array:[0.         0.29432186 0.70567816]

rule18: 6.227 < superplasticizer < 10.345
probabilities_array:[0.        0.2627768 0.7372232]

