R2: 0.8235092148225476


MAE: 5.0403592389169205


MSE: 44.76592778917108


Accuracy: 1.0


F1: 1.0


Most important rules
-----------------------------

---0---
