R2: 0.7798678442792779


MAE: 6.011660647243512


MSE: 59.7600913499546


Accuracy: 0.8470111799522342


F1: 0.8470588235294118


Most important rules
-----------------------------

---0---
rule28: age < 4.170
probabilities_array:[0.95805514 0.         0.04194488]

rule0: cement < 212.917
probabilities_array:[0.752014   0.         0.24798603]

rule15: water > 196.429
probabilities_array:[0.6675031  0.         0.33249685]

rule27: fine_aggregate > 827.200
probabilities_array:[0.62386215 0.         0.37613788]

rule29: 4.170 < age < 46.303
probabilities_array:[0.51629    0.         0.48370996]

rule14: 182.179 < water < 196.429
probabilities_array:[0.50094813 0.         0.49905187]

rule16: superplasticizer < 2.095
probabilities_array:[0.46699655 0.         0.53300345]

rule1: 212.917 < cement < 283.462
probabilities_array:[0.37403306 0.         0.6259669 ]

rule25: 718.585 < fine_aggregate < 772.893
probabilities_array:[0.35565177 0.00353535 0.64081293]

rule26: 772.893 < fine_aggregate < 827.200
probabilities_array:[0.27370575 0.00683002 0.7194642 ]

rule9: 9.106 < fly_ash < 51.754
probabilities_array:[2.4302435e-01 5.6904677e-04 7.5640661e-01]

rule4: blast_furnace_slag < 16.837
probabilities_array:[0.2346204 0.        0.7653796]


---1---
rule31: age > 88.436
probabilities_array:[0.        0.8233573 0.1766427]

rule30: 46.303 < age < 88.436
probabilities_array:[0.         0.7964364  0.20356359]

rule3: cement > 354.008
probabilities_array:[0.         0.77519286 0.22480717]

rule12: water < 167.929
probabilities_array:[0.         0.6173847  0.38261533]

rule6: 75.144 < blast_furnace_slag < 133.452
probabilities_array:[0.         0.55336607 0.44663393]

rule24: fine_aggregate < 718.585
probabilities_array:[0.         0.49892214 0.5010779 ]

rule8: fly_ash < 9.106
probabilities_array:[0.         0.48000833 0.51999164]

rule19: superplasticizer > 10.319
probabilities_array:[0.         0.44409153 0.55590844]

rule13: 167.929 < water < 182.179
probabilities_array:[0.         0.40174484 0.59825516]

rule10: 51.754 < fly_ash < 94.402
probabilities_array:[0.         0.3847204  0.61527956]

rule7: blast_furnace_slag > 133.452
probabilities_array:[0.         0.38227224 0.61772776]

rule20: coarse_aggregate < 918.339
probabilities_array:[0.       0.334113 0.665887]

rule18: 6.207 < superplasticizer < 10.319
probabilities_array:[0.         0.28905788 0.7109421 ]

rule22: 971.256 < coarse_aggregate < 1024.173
probabilities_array:[0.         0.24170071 0.7582993 ]

rule11: fly_ash > 94.402
probabilities_array:[0.         0.23945898 0.760541  ]

rule2: 283.462 < cement < 354.008
probabilities_array:[0.0218722  0.22840981 0.74971807]

rule5: 16.837 < blast_furnace_slag < 75.144
probabilities_array:[0.11073682 0.18465343 0.7046097 ]

