R2: 0.8588399423938025


MAE: 4.7150351477161845


MSE: 39.30107573510628


Accuracy: 1.0


F1: 1.0


Most important rules
-----------------------------

---0---
