R2: 0.8376956674834253


MAE: 5.553683783650988


MSE: 46.740508021017


Accuracy: 1.0


F1: 1.0


Most important rules
-----------------------------

---0---
