R2: 0.7846790046161916


MAE: 5.771604955490914


MSE: 61.348903567769916


Accuracy: 0.8437269644699985


F1: 0.8441176470588235


Most important rules
-----------------------------

---0---
rule28: age < 1.968
probabilities_array:[0.8413792  0.         0.15862079]

rule27: fine_aggregate > 824.574
probabilities_array:[0.6681814  0.         0.33181858]

rule29: 1.968 < age < 46.603
probabilities_array:[0.64628553 0.         0.35371444]

rule15: water > 195.668
probabilities_array:[0.6279967  0.         0.37200335]

rule0: cement < 211.745
probabilities_array:[0.54336894 0.         0.4566311 ]

rule16: superplasticizer < 2.169
probabilities_array:[0.48612845 0.         0.51387155]

rule14: 181.473 < water < 195.668
probabilities_array:[0.41583693 0.         0.58416307]

rule1: 211.745 < cement < 281.726
probabilities_array:[0.37644482 0.         0.6235552 ]

rule26: 771.694 < fine_aggregate < 824.574
probabilities_array:[0.30810517 0.00377967 0.6881152 ]

rule11: fly_ash > 97.010
probabilities_array:[0.24701203 0.00450069 0.74848723]


---1---
rule31: age > 91.238
probabilities_array:[0.         0.80094963 0.19905038]

rule30: 46.603 < age < 91.238
probabilities_array:[0.        0.6868618 0.3131382]

rule24: fine_aggregate < 718.814
probabilities_array:[0.         0.566286   0.43371397]

rule9: 11.153 < fly_ash < 54.082
probabilities_array:[0.        0.5476253 0.4523747]

rule20: coarse_aggregate < 921.482
probabilities_array:[0.         0.53939015 0.46060988]

rule3: cement > 351.707
probabilities_array:[0.         0.5327393  0.46726072]

rule6: 76.028 < blast_furnace_slag < 135.278
probabilities_array:[0.         0.4575279  0.54247206]

rule8: fly_ash < 11.153
probabilities_array:[0.        0.4514711 0.5485289]

rule12: water < 167.279
probabilities_array:[0.         0.40753934 0.59246063]

rule22: 973.304 < coarse_aggregate < 1025.126
probabilities_array:[0.         0.40431067 0.59568936]

rule19: superplasticizer > 10.049
probabilities_array:[0.         0.39806813 0.60193187]

rule5: 16.779 < blast_furnace_slag < 76.028
probabilities_array:[0.00726676 0.31449783 0.6782354 ]

rule13: 167.279 < water < 181.473
probabilities_array:[0.02332673 0.28898293 0.6876904 ]

rule21: 921.482 < coarse_aggregate < 973.304
probabilities_array:[0.         0.29666528 0.7033347 ]

rule2: 281.726 < cement < 351.707
probabilities_array:[0.         0.29348662 0.70651335]

rule18: 6.109 < superplasticizer < 10.049
probabilities_array:[0.00146104 0.2857457  0.7127933 ]

rule10: 54.082 < fly_ash < 97.010
probabilities_array:[0.         0.2658755  0.73412454]

rule4: blast_furnace_slag < 16.779
probabilities_array:[0.       0.218813 0.781187]

