R2: 0.8547119804587273


MAE: 4.648128008793046


MSE: 40.01834523582533


Accuracy: 1.0


F1: 1.0


Most important rules
-----------------------------

---0---
