R2: 0.8423959157660079


MAE: 4.930193056471468


MSE: 42.43208637552253


Accuracy: 1.0


F1: 1.0


Most important rules
-----------------------------

---0---
