R2: 0.8155730277197412


MAE: 5.509845904511991


MSE: 49.648698108088425


Accuracy: 1.0


F1: 1.0


Most important rules
-----------------------------

---0---
