R2: 0.793290558664169


MAE: 5.743878318481154


MSE: 57.89345865856205


Accuracy: 0.802925833326124


F1: 0.8029411764705883


Most important rules
-----------------------------

---0---
rule28: age < 1.106
probabilities_array:[0.89722353 0.         0.10277645]

rule29: 1.106 < age < 45.158
probabilities_array:[0.7101077  0.         0.28989232]

rule0: cement < 211.346
probabilities_array:[0.6617399 0.        0.3382601]

rule15: water > 195.664
probabilities_array:[0.61903036 0.         0.38096964]

rule27: fine_aggregate > 828.019
probabilities_array:[0.61196005 0.         0.38803998]

rule16: superplasticizer < 2.247
probabilities_array:[0.45931742 0.         0.54068255]

rule14: 181.253 < water < 195.664
probabilities_array:[0.32827812 0.         0.6717219 ]

rule1: 211.346 < cement < 281.772
probabilities_array:[0.3212857  0.         0.67871433]

rule23: coarse_aggregate > 1024.052
probabilities_array:[2.0368098e-01 1.8740311e-05 7.9630029e-01]


---1---
rule30: 45.158 < age < 89.210
probabilities_array:[0.         0.742008   0.25799203]

rule31: age > 89.210
probabilities_array:[0.         0.72651434 0.2734857 ]

rule9: 11.715 < fly_ash < 54.985
probabilities_array:[0.        0.6564815 0.3435185]

rule12: water < 166.842
probabilities_array:[0.         0.58635753 0.41364244]

rule24: fine_aggregate < 720.502
probabilities_array:[0.         0.58483267 0.41516733]

rule3: cement > 352.197
probabilities_array:[0.        0.5352685 0.4647315]

rule8: fly_ash < 11.715
probabilities_array:[2.9120849e-05 5.1335829e-01 4.8661256e-01]

rule20: coarse_aggregate < 919.150
probabilities_array:[0.         0.51298016 0.4870198 ]

rule18: 6.351 < superplasticizer < 10.456
probabilities_array:[0.       0.445938 0.554062]

rule19: superplasticizer > 10.456
probabilities_array:[0.         0.42162317 0.5783768 ]

rule21: 919.150 < coarse_aggregate < 971.601
probabilities_array:[0.         0.41163224 0.58836776]

rule10: 54.985 < fly_ash < 98.256
probabilities_array:[0.         0.40474913 0.5952509 ]

rule6: 74.308 < blast_furnace_slag < 131.914
probabilities_array:[0.         0.32899597 0.67100406]

rule17: 2.247 < superplasticizer < 6.351
probabilities_array:[0.         0.31652114 0.68347883]

rule13: 166.842 < water < 181.253
probabilities_array:[0.         0.31422663 0.6857734 ]

rule5: 16.702 < blast_furnace_slag < 74.308
probabilities_array:[0.0922248  0.20381868 0.70395654]

rule2: 281.772 < cement < 352.197
probabilities_array:[0.00224905 0.23642682 0.7613241 ]

rule22: 971.601 < coarse_aggregate < 1024.052
probabilities_array:[0.        0.2359702 0.7640298]

