R2: 0.803942547673564


MAE: 5.758411181523157


MSE: 51.83253850522843


Accuracy: 0.8233766233766234


F1: 0.8235294117647058


Most important rules
-----------------------------

---0---
rule28: age < 2.800
probabilities_array:[0.9174609  0.         0.08253909]

rule15: water > 195.358
probabilities_array:[0.67668873 0.         0.32331127]

rule29: 2.800 < age < 47.619
probabilities_array:[0.6596787  0.         0.34032133]

rule27: fine_aggregate > 826.950
probabilities_array:[0.6123961  0.         0.38760388]

rule0: cement < 209.102
probabilities_array:[0.5940925 0.        0.4059075]

rule16: superplasticizer < 2.139
probabilities_array:[0.4907461 0.        0.5092539]

rule14: 181.268 < water < 195.358
probabilities_array:[0.3887283 0.        0.6112717]

rule11: fly_ash > 99.611
probabilities_array:[0.33874112 0.0007485  0.6605103 ]

rule26: 773.806 < fine_aggregate < 826.950
probabilities_array:[0.21470964 0.00605281 0.77923757]


---1---
rule31: age > 92.437
probabilities_array:[0.         0.7744005  0.22559951]

rule24: fine_aggregate < 720.662
probabilities_array:[0.        0.6152315 0.3847685]

rule3: cement > 352.517
probabilities_array:[0.         0.5961816  0.40381843]

rule30: 47.619 < age < 92.437
probabilities_array:[0.        0.5892611 0.4107389]

rule19: superplasticizer > 10.050
probabilities_array:[0.        0.5468193 0.4531807]

rule12: water < 167.177
probabilities_array:[0.         0.53765595 0.46234405]

rule8: fly_ash < 12.584
probabilities_array:[0.         0.49204257 0.50795746]

rule10: 56.098 < fly_ash < 99.611
probabilities_array:[0.         0.45484203 0.54515797]

rule2: 280.810 < cement < 352.517
probabilities_array:[0.         0.43504277 0.56495726]

rule17: 2.139 < superplasticizer < 6.094
probabilities_array:[0.         0.42315558 0.5768444 ]

rule18: 6.094 < superplasticizer < 10.050
probabilities_array:[0.         0.40413594 0.59586406]

rule9: 12.584 < fly_ash < 56.098
probabilities_array:[0.01210671 0.38481557 0.6030777 ]

rule6: 71.724 < blast_furnace_slag < 130.518
probabilities_array:[0.         0.37215048 0.6278495 ]

rule20: coarse_aggregate < 921.753
probabilities_array:[0.         0.35765532 0.64234465]

rule13: 167.177 < water < 181.268
probabilities_array:[0.         0.30283937 0.6971606 ]

rule22: 974.709 < coarse_aggregate < 1027.664
probabilities_array:[0.         0.22613525 0.77386475]

