R2: 0.8309739422979341


MAE: 5.4333893709399055


MSE: 47.20486904054897


Accuracy: 0.8646309375432766


F1: 0.8647058823529412


Most important rules
-----------------------------

---0---
rule28: age < 2.205
probabilities_array:[0.8270951 0.        0.1729049]

rule15: water > 195.646
probabilities_array:[0.6774373  0.         0.32256266]

rule29: 2.205 < age < 44.296
probabilities_array:[0.62670076 0.         0.37329927]

rule27: fine_aggregate > 826.474
probabilities_array:[0.48662183 0.         0.5133782 ]

rule0: cement < 210.266
probabilities_array:[0.47226357 0.         0.5277364 ]

rule16: superplasticizer < 2.141
probabilities_array:[0.373755   0.         0.62624496]

rule23: coarse_aggregate > 1026.121
probabilities_array:[0.3314937  0.         0.66850626]

rule14: 181.254 < water < 195.646
probabilities_array:[0.32572293 0.         0.67427707]

rule11: fly_ash > 98.607
probabilities_array:[0.32570866 0.         0.6742914 ]


---1---
rule31: age > 86.386
probabilities_array:[0.         0.78210837 0.21789166]

rule24: fine_aggregate < 719.363
probabilities_array:[0.         0.6937301  0.30626985]

rule30: 44.296 < age < 86.386
probabilities_array:[0.       0.693672 0.306328]

rule3: cement > 352.546
probabilities_array:[0.        0.6881561 0.3118439]

rule19: superplasticizer > 10.303
probabilities_array:[0.         0.53875756 0.46124244]

rule12: water < 166.863
probabilities_array:[0.         0.5274111  0.47258893]

rule13: 166.863 < water < 181.254
probabilities_array:[0.         0.41750005 0.5825    ]

rule2: 281.406 < cement < 352.546
probabilities_array:[0.         0.38524026 0.61475974]

rule18: 6.222 < superplasticizer < 10.303
probabilities_array:[0.         0.3839728  0.61602724]

rule9: 11.785 < fly_ash < 55.196
probabilities_array:[0.00517399 0.33993712 0.6548889 ]

rule17: 2.141 < superplasticizer < 6.222
probabilities_array:[0.         0.30698276 0.69301724]

rule6: 74.668 < blast_furnace_slag < 133.663
probabilities_array:[0.         0.28253347 0.71746653]

rule8: fly_ash < 11.785
probabilities_array:[0.00096771 0.28168863 0.7173437 ]

rule5: 15.673 < blast_furnace_slag < 74.668
probabilities_array:[0.06694271 0.20440835 0.72864896]

rule20: coarse_aggregate < 920.336
probabilities_array:[0.         0.23443323 0.76556677]

