R2: 0.8528008123718938


MAE: 5.2479487026548055


MSE: 44.798235837488164


Accuracy: 1.0


F1: 1.0


Most important rules
-----------------------------

---0---
