R2: 0.8029379787241727


MAE: 5.786309506700358


MSE: 50.80725888612833


Accuracy: 1.0


F1: 1.0


Most important rules
-----------------------------

---0---
