R2: 0.7823344567431821


MAE: 5.692609637713624


MSE: 59.28246195354537


Accuracy: 1.0


F1: 1.0


Most important rules
-----------------------------

---0---
