R2: 0.8718355273091631


MAE: 4.533017398618077


MSE: 37.859933260067436


Accuracy: 1.0


F1: 1.0


Most important rules
-----------------------------

---0---
