R2: 0.8477896597319625


MAE: 4.790748023845233


MSE: 40.61274453599903


Accuracy: 0.8199011801075036


F1: 0.8205882352941176


Most important rules
-----------------------------

---0---
rule29: 2.853 < age < 48.081
probabilities_array:[0.69951355 0.         0.30048645]

rule0: cement < 210.732
probabilities_array:[0.65255123 0.         0.34744877]

rule15: water > 196.917
probabilities_array:[0.6144498  0.         0.38555023]

rule27: fine_aggregate > 829.158
probabilities_array:[0.57007635 0.         0.42992368]

rule14: 182.299 < water < 196.917
probabilities_array:[0.33192202 0.         0.668078  ]

rule16: superplasticizer < 2.020
probabilities_array:[0.2518459 0.        0.7481541]

rule5: 14.772 < blast_furnace_slag < 71.922
probabilities_array:[0.24143788 0.         0.75856215]

rule1: 210.732 < cement < 280.574
probabilities_array:[0.22856721 0.         0.77143276]


---1---
rule31: age > 93.310
probabilities_array:[0.         0.78520596 0.21479402]

rule12: water < 167.681
probabilities_array:[0.         0.65977484 0.34022516]

rule30: 48.081 < age < 93.310
probabilities_array:[0.         0.59127516 0.4087248 ]

rule3: cement > 350.417
probabilities_array:[0.         0.5809741  0.41902587]

rule24: fine_aggregate < 719.923
probabilities_array:[0.        0.5639148 0.4360852]

rule10: 54.013 < fly_ash < 97.096
probabilities_array:[0.         0.5525109  0.44748908]

rule6: 71.922 < blast_furnace_slag < 129.073
probabilities_array:[0.         0.52701706 0.47298294]

rule7: blast_furnace_slag > 129.073
probabilities_array:[0.         0.46751016 0.53248984]

rule19: superplasticizer > 10.145
probabilities_array:[0.         0.43576223 0.5642378 ]

rule13: 167.681 < water < 182.299
probabilities_array:[0.        0.4114322 0.5885678]

rule20: coarse_aggregate < 919.831
probabilities_array:[0.         0.38187587 0.6181241 ]

rule17: 2.020 < superplasticizer < 6.083
probabilities_array:[0.         0.36183703 0.638163  ]

rule8: fly_ash < 10.931
probabilities_array:[0.        0.3454096 0.6545904]

rule18: 6.083 < superplasticizer < 10.145
probabilities_array:[0.         0.21213497 0.78786504]

