R2: 0.8296974584937188


MAE: 5.5032277235904195


MSE: 48.22602560933391


Accuracy: 1.0


F1: 1.0


Most important rules
-----------------------------

---0---
