R2: 0.7996651825632897


MAE: 5.689940642711143


MSE: 55.768638574575185


Accuracy: 1.0


F1: 1.0


Most important rules
-----------------------------

---0---
