R2: 0.8322249467689614


MAE: 4.977344304854754


MSE: 43.90822898604364


Accuracy: 1.0


F1: 1.0


Most important rules
-----------------------------

---0---
