R2: 0.8366917818848173


MAE: 5.069314838024253


MSE: 46.46603566595563


Accuracy: 1.0


F1: 1.0


Most important rules
-----------------------------

---0---
