R2: 0.7917442319716597


MAE: 5.783005393712368


MSE: 56.00055890765594


Accuracy: 0.8499987024109206


F1: 0.85


Most important rules
-----------------------------

---0---
rule28: age < 3.478
probabilities_array:[0.9418595  0.         0.05814051]

rule15: water > 196.252
probabilities_array:[0.7234248  0.         0.27657518]

rule27: fine_aggregate > 825.223
probabilities_array:[0.7027024 0.        0.2972976]

rule0: cement < 210.375
probabilities_array:[0.646294 0.       0.353706]

rule14: 182.061 < water < 196.252
probabilities_array:[0.50561225 0.         0.49438775]

rule16: superplasticizer < 2.081
probabilities_array:[0.3858218 0.        0.6141782]

rule4: blast_furnace_slag < 15.749
probabilities_array:[0.38214454 0.         0.6178554 ]

rule29: 3.478 < age < 46.717
probabilities_array:[0.3764637 0.        0.6235363]

rule26: 770.434 < fine_aggregate < 825.223
probabilities_array:[0.31685516 0.         0.6831448 ]

rule9: 10.671 < fly_ash < 54.299
probabilities_array:[0.29099402 0.02624438 0.6827616 ]

rule7: blast_furnace_slag > 133.811
probabilities_array:[0.19099069 0.08201796 0.72699136]


---1---
rule31: age > 89.957
probabilities_array:[0.         0.87953186 0.12046816]

rule3: cement > 353.576
probabilities_array:[0.         0.7115784  0.28842157]

rule30: 46.717 < age < 89.957
probabilities_array:[0.        0.7106523 0.2893477]

rule12: water < 167.870
probabilities_array:[0.         0.6395956  0.36040434]

rule24: fine_aggregate < 715.646
probabilities_array:[0.         0.58334625 0.41665375]

rule6: 74.780 < blast_furnace_slag < 133.811
probabilities_array:[0.         0.4811838  0.51881623]

rule19: superplasticizer > 9.964
probabilities_array:[0.         0.45146263 0.5485374 ]

rule2: 281.975 < cement < 353.576
probabilities_array:[0.         0.44286674 0.55713326]

rule20: coarse_aggregate < 921.471
probabilities_array:[0.         0.42109758 0.5789024 ]

rule17: 2.081 < superplasticizer < 6.022
probabilities_array:[0.         0.40885702 0.59114295]

rule18: 6.022 < superplasticizer < 9.964
probabilities_array:[0.        0.4083535 0.5916465]

rule8: fly_ash < 10.671
probabilities_array:[0.01836886 0.38476604 0.5968651 ]

rule10: 54.299 < fly_ash < 97.927
probabilities_array:[0.        0.2834851 0.7165149]

rule21: 921.471 < coarse_aggregate < 973.787
probabilities_array:[0.         0.25005338 0.7499466 ]

rule13: 167.870 < water < 182.061
probabilities_array:[0.         0.22940317 0.77059686]

