R2: 0.6251972423007551


MAE: 7.792572016761927


MSE: 107.62611845430104


Accuracy: 0.8465277777777778


F1: 0.8470588235294118


Most important rules
-----------------------------

---0---
rule28: age < 2.474
probabilities_array:[0.96045035 0.         0.03954964]

rule29: 2.474 < age < 44.496
probabilities_array:[0.7120763  0.         0.28792366]

rule15: water > 195.023
probabilities_array:[0.6589618  0.         0.34103826]

rule27: fine_aggregate > 827.042
probabilities_array:[0.6423669 0.        0.3576331]

rule0: cement < 211.430
probabilities_array:[0.600701 0.       0.399299]

rule16: superplasticizer < 2.205
probabilities_array:[0.54636806 0.         0.45363194]

rule14: 180.968 < water < 195.023
probabilities_array:[0.35870647 0.         0.6412935 ]

rule1: 211.430 < cement < 282.505
probabilities_array:[0.34870288 0.         0.6512971 ]

rule25: 719.633 < fine_aggregate < 773.337
probabilities_array:[0.30125555 0.         0.6987444 ]


---1---
rule31: age > 86.517
probabilities_array:[0.         0.75543547 0.24456455]

rule3: cement > 353.580
probabilities_array:[0.         0.6787484  0.32125154]

rule30: 44.496 < age < 86.517
probabilities_array:[0.        0.6492166 0.3507834]

rule10: 55.132 < fly_ash < 98.148
probabilities_array:[0.        0.5927444 0.4072556]

rule20: coarse_aggregate < 923.461
probabilities_array:[0.         0.54169184 0.45830813]

rule24: fine_aggregate < 719.633
probabilities_array:[0.         0.5413137  0.45868632]

rule8: fly_ash < 12.116
probabilities_array:[0.         0.52746415 0.47253585]

rule6: 71.444 < blast_furnace_slag < 129.802
probabilities_array:[0.         0.47120944 0.5287906 ]

rule17: 2.205 < superplasticizer < 6.211
probabilities_array:[0.         0.43135247 0.5686475 ]

rule22: 975.948 < coarse_aggregate < 1028.434
probabilities_array:[0.        0.4305892 0.5694108]

rule19: superplasticizer > 10.217
probabilities_array:[0.         0.42673096 0.573269  ]

rule12: water < 166.912
probabilities_array:[0.         0.38748738 0.61251265]

rule21: 923.461 < coarse_aggregate < 975.948
probabilities_array:[0.        0.3130585 0.6869415]

rule13: 166.912 < water < 180.968
probabilities_array:[0.         0.30418193 0.69581807]

rule2: 282.505 < cement < 353.580
probabilities_array:[0.         0.29535866 0.70464134]

rule18: 6.211 < superplasticizer < 10.217
probabilities_array:[0.0032551  0.21567506 0.7810699 ]

rule23: coarse_aggregate > 1028.434
probabilities_array:[0.         0.21480758 0.78519243]

rule9: 12.116 < fly_ash < 55.132
probabilities_array:[0.         0.21439373 0.78560627]

