R2: 0.8068584831816833


MAE: 5.161767622485842


MSE: 51.82469551054963


Accuracy: 0.8322818495729158


F1: 0.8323529411764706


Most important rules
-----------------------------

---0---
rule28: age < 2.589
probabilities_array:[0.89945364 0.         0.10054637]

rule0: cement < 209.967
probabilities_array:[0.59506947 0.         0.40493056]

rule29: 2.589 < age < 47.848
probabilities_array:[0.5333188  0.         0.46668118]

rule15: water > 196.685
probabilities_array:[0.5237595  0.         0.47624052]

rule27: fine_aggregate > 825.083
probabilities_array:[0.37304753 0.         0.62695247]

rule16: superplasticizer < 2.075
probabilities_array:[0.35477337 0.         0.6452266 ]

rule14: 182.089 < water < 196.685
probabilities_array:[0.3039647  0.         0.69603527]

rule26: 770.752 < fine_aggregate < 825.083
probabilities_array:[0.27486223 0.00400406 0.7211337 ]

rule4: blast_furnace_slag < 17.287
probabilities_array:[0.2756713 0.        0.7243287]

rule10: 51.817 < fly_ash < 94.677
probabilities_array:[0.22655606 0.04744723 0.7259967 ]

rule23: coarse_aggregate > 1026.763
probabilities_array:[0.21273464 0.         0.78726536]

rule7: blast_furnace_slag > 134.235
probabilities_array:[0.17336485 0.06340083 0.76323426]


---1---
rule31: age > 93.106
probabilities_array:[0.       0.776152 0.223848]

rule30: 47.848 < age < 93.106
probabilities_array:[0.         0.69525033 0.3047497 ]

rule3: cement > 352.904
probabilities_array:[0.         0.6906125  0.30938753]

rule24: fine_aggregate < 716.421
probabilities_array:[0.         0.66291517 0.33708486]

rule12: water < 167.492
probabilities_array:[0.         0.5980632  0.40193686]

rule13: 167.492 < water < 182.089
probabilities_array:[0.         0.53168124 0.4683188 ]

rule9: 8.957 < fly_ash < 51.817
probabilities_array:[0.        0.4867751 0.5132249]

rule6: 75.761 < blast_furnace_slag < 134.235
probabilities_array:[0.         0.46842912 0.53157085]

rule2: 281.435 < cement < 352.904
probabilities_array:[0.         0.44629443 0.5537056 ]

rule19: superplasticizer > 10.253
probabilities_array:[0.00539344 0.38350454 0.61110204]

rule17: 2.075 < superplasticizer < 6.164
probabilities_array:[0.        0.3651091 0.6348909]

rule18: 6.164 < superplasticizer < 10.253
probabilities_array:[0.         0.34709746 0.65290254]

rule5: 17.287 < blast_furnace_slag < 75.761
probabilities_array:[0.0914632  0.22212462 0.68641216]

