R2: 0.8417777525418495


MAE: 5.255450188277808


MSE: 45.8941836853632


Accuracy: 1.0


F1: 1.0


Most important rules
-----------------------------

---0---
