R2: 0.8319328289178765


MAE: 4.907243739505211


MSE: 43.43659935483823


Accuracy: 1.0


F1: 1.0


Most important rules
-----------------------------

---0---
