R2: 0.8135732296622212


MAE: 5.5338361681577615


MSE: 51.74474841580174


Accuracy: 0.86738894907909


F1: 0.8676470588235294


Most important rules
-----------------------------

---0---
rule28: age < 2.995
probabilities_array:[0.9047994  0.         0.09520058]

rule29: 2.995 < age < 47.139
probabilities_array:[0.70745635 0.         0.29254365]

rule15: water > 195.746
probabilities_array:[0.578237 0.       0.421763]

rule0: cement < 209.877
probabilities_array:[0.57508236 0.         0.42491764]

rule27: fine_aggregate > 828.735
probabilities_array:[0.57255477 0.         0.42744526]

rule16: superplasticizer < 2.163
probabilities_array:[0.38735145 0.         0.61264855]

rule14: 181.628 < water < 195.746
probabilities_array:[2.4197072e-01 1.7475421e-04 7.5785452e-01]


---1---
rule31: age > 91.283
probabilities_array:[0.         0.72799844 0.27200156]

rule30: 47.139 < age < 91.283
probabilities_array:[0.         0.5907277  0.40927228]

rule20: coarse_aggregate < 919.293
probabilities_array:[0.         0.5735233  0.42647672]

rule3: cement > 353.233
probabilities_array:[0.         0.57160586 0.42839414]

rule9: 12.091 < fly_ash < 54.864
probabilities_array:[0.         0.5642795  0.43572047]

rule24: fine_aggregate < 720.574
probabilities_array:[0.        0.5611933 0.4388067]

rule12: water < 167.510
probabilities_array:[0.         0.5093868  0.49061322]

rule10: 54.864 < fly_ash < 97.638
probabilities_array:[0.         0.40960282 0.5903972 ]

rule19: superplasticizer > 10.031
probabilities_array:[0.         0.38279387 0.6172061 ]

rule8: fly_ash < 12.091
probabilities_array:[0.         0.35364342 0.6463566 ]

rule6: 73.606 < blast_furnace_slag < 131.479
probabilities_array:[0.        0.3246519 0.6753481]

rule2: 281.555 < cement < 353.233
probabilities_array:[0.00937506 0.30153686 0.68908805]

rule18: 6.097 < superplasticizer < 10.031
probabilities_array:[0.         0.2833549  0.71664506]

rule5: 15.732 < blast_furnace_slag < 73.606
probabilities_array:[0.02009341 0.2726924  0.7072142 ]

rule7: blast_furnace_slag > 131.479
probabilities_array:[0.         0.26749137 0.7325086 ]

rule22: 971.737 < coarse_aggregate < 1024.181
probabilities_array:[0.         0.24703914 0.75296086]

rule13: 167.510 < water < 181.628
probabilities_array:[0.0034259  0.20433225 0.79224193]

