R2: 0.8238004688906259


MAE: 5.1785025676140455


MSE: 46.60670932260222


Accuracy: 1.0


F1: 1.0


Most important rules
-----------------------------

---0---
