R2: 0.7612365939828151


MAE: 5.768823399944174


MSE: 65.66086217501025


Accuracy: 0.8176470588235294


F1: 0.8176470588235294


Most important rules
-----------------------------

---0---
rule28: age < 3.472
probabilities_array:[0.9239231  0.         0.07607691]

rule15: water > 194.907
probabilities_array:[0.7487804  0.         0.25121957]

rule0: cement < 212.855
probabilities_array:[0.7188667  0.         0.28113332]

rule27: fine_aggregate > 829.810
probabilities_array:[0.7183737  0.         0.28162625]

rule16: superplasticizer < 2.256
probabilities_array:[0.65038407 0.         0.34961596]

rule11: fly_ash > 96.297
probabilities_array:[0.45252278 0.         0.54747725]

rule14: 180.637 < water < 194.907
probabilities_array:[0.4490705 0.        0.5509295]

rule25: 720.692 < fine_aggregate < 775.251
probabilities_array:[0.3697169  0.         0.63028306]

rule29: 3.472 < age < 45.088
probabilities_array:[0.32816368 0.06286609 0.6089703 ]

rule1: 212.855 < cement < 283.402
probabilities_array:[0.2975053  0.         0.70249474]

rule26: 775.251 < fine_aggregate < 829.810
probabilities_array:[0.20109272 0.         0.7989073 ]


---1---
rule31: age > 86.705
probabilities_array:[0.         0.92784345 0.07215656]

rule30: 45.088 < age < 86.705
probabilities_array:[0.         0.8624162  0.13758379]

rule9: 9.964 < fly_ash < 53.130
probabilities_array:[0.         0.79498917 0.20501085]

rule3: cement > 353.949
probabilities_array:[0.         0.7102261  0.28977388]

rule12: water < 166.367
probabilities_array:[0.         0.61435175 0.38564825]

rule24: fine_aggregate < 720.692
probabilities_array:[0.         0.52401567 0.47598436]

rule19: superplasticizer > 10.352
probabilities_array:[0.        0.4862318 0.5137682]

rule17: 2.256 < superplasticizer < 6.304
probabilities_array:[0.         0.40202627 0.5979737 ]

rule6: 74.520 < blast_furnace_slag < 133.398
probabilities_array:[0.         0.368543   0.63145703]

rule8: fly_ash < 9.964
probabilities_array:[0.04737912 0.336671   0.6159499 ]

rule22: 972.649 < coarse_aggregate < 1024.857
probabilities_array:[0.         0.35655478 0.6434452 ]

rule13: 166.367 < water < 180.637
probabilities_array:[0.        0.3423036 0.6576964]

rule10: 53.130 < fly_ash < 96.297
probabilities_array:[0.         0.3394514  0.66054857]

rule18: 6.304 < superplasticizer < 10.352
probabilities_array:[0.         0.32191402 0.678086  ]

rule21: 920.441 < coarse_aggregate < 972.649
probabilities_array:[0.         0.30795482 0.6920452 ]

rule5: 15.643 < blast_furnace_slag < 74.520
probabilities_array:[0.04516727 0.25490063 0.6999321 ]

rule7: blast_furnace_slag > 133.398
probabilities_array:[0.         0.25211978 0.7478802 ]

rule20: coarse_aggregate < 920.441
probabilities_array:[0.        0.2298532 0.7701468]

rule2: 283.402 < cement < 353.949
probabilities_array:[0.01830268 0.20596457 0.77573276]

