R2: 0.8450321947770082


MAE: 5.020458560344538


MSE: 42.868254321030605


Accuracy: 1.0


F1: 1.0


Most important rules
-----------------------------

---0---
