R2: 0.8448588634183736


MAE: 4.982200396634362


MSE: 43.94379369185632


Accuracy: 1.0


F1: 1.0


Most important rules
-----------------------------

---0---
