R2: 0.8337283816746245


MAE: 4.944783761496806


MSE: 43.968531615419884


Accuracy: 0.8102877070619007


F1: 0.8117647058823529


Most important rules
-----------------------------

---0---
rule29: 2.915 < age < 47.397
probabilities_array:[0.7588885  0.         0.24111153]

rule15: water > 195.788
probabilities_array:[0.6379463 0.        0.3620537]

rule0: cement < 210.486
probabilities_array:[0.6051326  0.         0.39486742]

rule27: fine_aggregate > 826.365
probabilities_array:[0.5734357  0.         0.42656428]

rule16: superplasticizer < 2.099
probabilities_array:[0.48220438 0.         0.5177956 ]

rule14: 181.481 < water < 195.788
probabilities_array:[0.28851113 0.01539775 0.6960911 ]


---1---
rule31: age > 91.879
probabilities_array:[0.         0.65150553 0.34849447]

rule30: 47.397 < age < 91.879
probabilities_array:[0.         0.630558   0.36944202]

rule3: cement > 350.782
probabilities_array:[0.        0.6241911 0.3758089]

rule24: fine_aggregate < 719.883
probabilities_array:[0.         0.53760076 0.46239924]

rule12: water < 167.174
probabilities_array:[0.       0.523497 0.476503]

rule9: 10.380 < fly_ash < 53.431
probabilities_array:[0.         0.511148   0.48885202]

rule20: coarse_aggregate < 922.394
probabilities_array:[0.         0.47926813 0.52073187]

rule6: 75.428 < blast_furnace_slag < 133.081
probabilities_array:[0.        0.4733223 0.5266777]

rule8: fly_ash < 10.380
probabilities_array:[0.         0.46419516 0.5358048 ]

rule2: 280.634 < cement < 350.782
probabilities_array:[0.       0.386595 0.613405]

rule18: 6.056 < superplasticizer < 10.014
probabilities_array:[0.         0.34861085 0.6513892 ]

rule19: superplasticizer > 10.014
probabilities_array:[0.         0.34581178 0.6541882 ]

rule22: 973.610 < coarse_aggregate < 1024.827
probabilities_array:[0.         0.34471542 0.6552846 ]

rule21: 922.394 < coarse_aggregate < 973.610
probabilities_array:[0.         0.30669934 0.69330066]

rule10: 53.431 < fly_ash < 96.482
probabilities_array:[0.        0.2543885 0.7456115]

rule5: 17.774 < blast_furnace_slag < 75.428
probabilities_array:[0.07517511 0.19567443 0.7291505 ]

rule17: 2.099 < superplasticizer < 6.056
probabilities_array:[0.        0.2251008 0.7748992]

