R2: 0.8403487886891601


MAE: 5.01734409810774


MSE: 43.26825973239542


Accuracy: 1.0


F1: 1.0


Most important rules
-----------------------------

---0---
