R2: 0.8606301523765186


MAE: 4.662491479055421


MSE: 39.91055921932748


Accuracy: 1.0


F1: 1.0


Most important rules
-----------------------------

---0---
