R2: 0.7638767159580067


MAE: 6.0089743152683965


MSE: 60.65557078863879


Accuracy: 0.810822089303102


F1: 0.8117647058823529


Most important rules
-----------------------------

---0---
rule28: age < 1.859
probabilities_array:[0.85402864 0.         0.14597139]

rule29: 1.859 < age < 46.799
probabilities_array:[0.6891729  0.         0.31082705]

rule15: water > 196.099
probabilities_array:[0.62491804 0.         0.375082  ]

rule27: fine_aggregate > 828.208
probabilities_array:[0.6028458  0.         0.39715424]

rule0: cement < 208.069
probabilities_array:[0.49191302 0.         0.508087  ]

rule16: superplasticizer < 2.069
probabilities_array:[0.42136177 0.         0.5786382 ]

rule26: 775.087 < fine_aggregate < 828.208
probabilities_array:[0.35502684 0.         0.64497316]

rule14: 181.547 < water < 196.099
probabilities_array:[0.28188914 0.02428506 0.6938258 ]

rule11: fly_ash > 98.144
probabilities_array:[0.25840878 0.01354108 0.7280502 ]


---1---
rule31: age > 91.738
probabilities_array:[0.         0.76573265 0.23426735]

rule30: 46.799 < age < 91.738
probabilities_array:[0.         0.6839631  0.31603685]

rule3: cement > 347.029
probabilities_array:[0.         0.63817585 0.36182418]

rule24: fine_aggregate < 721.965
probabilities_array:[0.       0.621775 0.378225]

rule12: water < 166.995
probabilities_array:[0.         0.5571979  0.44280207]

rule20: coarse_aggregate < 922.233
probabilities_array:[0.         0.5163046  0.48369542]

rule19: superplasticizer > 10.061
probabilities_array:[0.         0.51593673 0.48406327]

rule9: 11.374 < fly_ash < 54.759
probabilities_array:[0.         0.50917906 0.49082094]

rule2: 277.549 < cement < 347.029
probabilities_array:[0.         0.49694777 0.50305223]

rule6: 73.406 < blast_furnace_slag < 131.878
probabilities_array:[0.         0.47712094 0.52287906]

rule10: 54.759 < fly_ash < 98.144
probabilities_array:[0.         0.4043313  0.59566873]

rule8: fly_ash < 11.374
probabilities_array:[0.         0.39279538 0.6072046 ]

rule13: 166.995 < water < 181.547
probabilities_array:[0.         0.31804863 0.68195134]

rule17: 2.069 < superplasticizer < 6.065
probabilities_array:[0.        0.3125037 0.6874963]

rule18: 6.065 < superplasticizer < 10.061
probabilities_array:[0.         0.30336827 0.6966317 ]

rule5: 14.935 < blast_furnace_slag < 73.406
probabilities_array:[0.04669676 0.26320738 0.6900959 ]

