R2: 0.804736559489477


MAE: 5.545920217599683


MSE: 51.616539623233585


Accuracy: 1.0


F1: 1.0


Most important rules
-----------------------------

---0---
