R2: 0.8327360721401647


MAE: 5.076052907417455


MSE: 46.88219900129139


Accuracy: 0.8669275929549902


F1: 0.8676470588235294


Most important rules
-----------------------------

---0---
rule28: age < 4.721
probabilities_array:[0.9634751  0.         0.03652491]

rule15: water > 195.574
probabilities_array:[0.8052476 0.        0.1947524]

rule27: fine_aggregate > 829.512
probabilities_array:[0.73002315 0.         0.26997685]

rule0: cement < 209.846
probabilities_array:[0.65526974 0.         0.34473026]

rule16: superplasticizer < 2.585
probabilities_array:[0.46792692 0.         0.5320731 ]

rule29: 4.721 < age < 45.058
probabilities_array:[0.44996583 0.         0.55003417]

rule14: 181.208 < water < 195.574
probabilities_array:[0.4440642 0.        0.5559358]

rule26: 776.599 < fine_aggregate < 829.512
probabilities_array:[0.20053013 0.03899449 0.76047534]

rule23: coarse_aggregate > 1019.316
probabilities_array:[0.21542476 0.         0.7845752 ]

rule1: 209.846 < cement < 279.495
probabilities_array:[0.2066091  0.         0.79339087]

rule4: blast_furnace_slag < 15.504
probabilities_array:[0.20352796 0.00462958 0.79184246]


---1---
rule31: age > 85.395
probabilities_array:[0.        0.8538999 0.1461001]

rule30: 45.058 < age < 85.395
probabilities_array:[0.         0.80379105 0.19620892]

rule3: cement > 349.145
probabilities_array:[0.         0.78304434 0.21695565]

rule24: fine_aggregate < 723.686
probabilities_array:[0.         0.6420783  0.35792175]

rule12: water < 166.842
probabilities_array:[0.         0.55055845 0.44944152]

rule2: 279.495 < cement < 349.145
probabilities_array:[0.         0.46385962 0.5361404 ]

rule19: superplasticizer > 10.476
probabilities_array:[0.        0.4295867 0.5704133]

rule10: 58.225 < fly_ash < 101.493
probabilities_array:[0.         0.42437845 0.57562155]

rule6: 71.625 < blast_furnace_slag < 127.746
probabilities_array:[0.         0.41397056 0.5860294 ]

rule20: coarse_aggregate < 917.332
probabilities_array:[0.         0.41055268 0.5894473 ]

rule7: blast_furnace_slag > 127.746
probabilities_array:[0.         0.39731792 0.60268205]

rule8: fly_ash < 14.957
probabilities_array:[0.0251243  0.34483346 0.6300422 ]

rule17: 2.585 < superplasticizer < 6.530
probabilities_array:[0.00665201 0.26214105 0.73120695]

rule5: 15.504 < blast_furnace_slag < 71.625
probabilities_array:[0.09258647 0.17386752 0.73354596]

rule18: 6.530 < superplasticizer < 10.476
probabilities_array:[0.05213004 0.18365777 0.76421225]

