R2: 0.8148697435083425


MAE: 5.400678998692776


MSE: 53.61666406301783


Accuracy: 0.8470376522702104


F1: 0.8470588235294118


Most important rules
-----------------------------

---0---
rule28: age < 1.831
probabilities_array:[0.8577681  0.         0.14223187]

rule29: 1.831 < age < 46.181
probabilities_array:[0.6990368 0.        0.3009632]

rule0: cement < 211.921
probabilities_array:[0.69303375 0.         0.30696622]

rule27: fine_aggregate > 822.481
probabilities_array:[0.6255872  0.         0.37441275]

rule15: water > 196.568
probabilities_array:[0.5214213  0.         0.47857866]

rule1: 211.921 < cement < 281.879
probabilities_array:[0.405687   0.         0.59431297]

rule26: 769.428 < fine_aggregate < 822.481
probabilities_array:[3.9213336e-01 4.8897159e-04 6.0737771e-01]

rule16: superplasticizer < 2.255
probabilities_array:[0.34754625 0.         0.6524537 ]

rule14: 182.576 < water < 196.568
probabilities_array:[0.34740987 0.         0.6525901 ]

rule4: blast_furnace_slag < 15.824
probabilities_array:[0.17137942 0.07224909 0.7563715 ]


---1---
rule31: age > 90.531
probabilities_array:[0.         0.7262153  0.27378473]

rule30: 46.181 < age < 90.531
probabilities_array:[0.         0.6072116  0.39278844]

rule12: water < 168.583
probabilities_array:[0.         0.6068643  0.39313573]

rule3: cement > 351.838
probabilities_array:[0.         0.56838214 0.4316179 ]

rule10: 54.657 < fly_ash < 97.815
probabilities_array:[0.         0.5392369  0.46076307]

rule17: 2.255 < superplasticizer < 6.127
probabilities_array:[0.         0.49758226 0.50241774]

rule24: fine_aggregate < 716.375
probabilities_array:[0.         0.48910978 0.51089025]

rule19: superplasticizer > 10.000
probabilities_array:[0.         0.47680745 0.5231926 ]

rule20: coarse_aggregate < 921.353
probabilities_array:[0.         0.47442076 0.5255793 ]

rule18: 6.127 < superplasticizer < 10.000
probabilities_array:[0.        0.4209456 0.5790544]

rule8: fly_ash < 11.499
probabilities_array:[0.        0.4181772 0.5818228]

rule7: blast_furnace_slag > 129.515
probabilities_array:[0.         0.3901352  0.60986483]

rule9: 11.499 < fly_ash < 54.657
probabilities_array:[0.         0.3887653  0.61123466]

rule13: 168.583 < water < 182.576
probabilities_array:[0.         0.3674552  0.63254476]

rule22: 974.272 < coarse_aggregate < 1027.190
probabilities_array:[0.         0.3027427  0.69725734]

rule21: 921.353 < coarse_aggregate < 974.272
probabilities_array:[0.        0.2914781 0.7085219]

rule2: 281.879 < cement < 351.838
probabilities_array:[0.00517842 0.28759602 0.7072256 ]

rule5: 15.824 < blast_furnace_slag < 72.670
probabilities_array:[0.        0.2582845 0.7417155]

rule6: 72.670 < blast_furnace_slag < 129.515
probabilities_array:[0.       0.258262 0.741738]

