R2: 0.8501494091209048


MAE: 4.900798115323447


MSE: 42.85274430519958


Accuracy: 0.8587795507251392


F1: 0.8588235294117647


Most important rules
-----------------------------

---0---
rule28: age < 3.753
probabilities_array:[0.9857804  0.         0.01421956]

rule0: cement < 210.917
probabilities_array:[0.7360243 0.        0.2639757]

rule15: water > 196.485
probabilities_array:[0.66775465 0.         0.33224538]

rule29: 3.753 < age < 45.093
probabilities_array:[0.5715626 0.        0.4284374]

rule27: fine_aggregate > 825.893
probabilities_array:[0.51192504 0.         0.48807493]

rule16: superplasticizer < 2.237
probabilities_array:[0.43822968 0.         0.5617703 ]

rule14: 182.143 < water < 196.485
probabilities_array:[0.4092254 0.        0.5907746]

rule1: 210.917 < cement < 281.320
probabilities_array:[0.2627867 0.        0.7372133]


---1---
rule31: age > 86.433
probabilities_array:[0.         0.8216624  0.17833756]

rule30: 45.093 < age < 86.433
probabilities_array:[0.         0.7504745  0.24952549]

rule3: cement > 351.724
probabilities_array:[0.         0.70171064 0.29828936]

rule12: water < 167.800
probabilities_array:[0.        0.6103865 0.3896135]

rule24: fine_aggregate < 719.209
probabilities_array:[0.         0.5517413  0.44825873]

rule6: 74.178 < blast_furnace_slag < 132.777
probabilities_array:[0.        0.5300218 0.4699782]

rule8: fly_ash < 11.862
probabilities_array:[0.         0.46128726 0.53871274]

rule19: superplasticizer > 10.199
probabilities_array:[0.         0.43167573 0.56832427]

rule18: 6.218 < superplasticizer < 10.199
probabilities_array:[0.         0.42478842 0.5752116 ]

rule13: 167.800 < water < 182.143
probabilities_array:[0.        0.3413618 0.6586382]

rule9: 11.862 < fly_ash < 54.843
probabilities_array:[0.         0.33374816 0.66625184]

rule10: 54.843 < fly_ash < 97.825
probabilities_array:[0.         0.30015796 0.69984204]

rule20: coarse_aggregate < 918.523
probabilities_array:[0.         0.2988601  0.70113987]

rule2: 281.320 < cement < 351.724
probabilities_array:[0.00355148 0.28524664 0.71120185]

rule7: blast_furnace_slag > 132.777
probabilities_array:[0.         0.28548938 0.7145106 ]

rule21: 918.523 < coarse_aggregate < 971.344
probabilities_array:[0.         0.22459087 0.77540916]

rule17: 2.237 < superplasticizer < 6.218
probabilities_array:[0.         0.21289903 0.787101  ]

rule5: 15.579 < blast_furnace_slag < 74.178
probabilities_array:[0.04774259 0.18473877 0.76751864]

