R2: 0.8475024570989982


MAE: 4.7680046968725796


MSE: 42.57815256392688


Accuracy: 0.8322353898492889


F1: 0.8323529411764706


Most important rules
-----------------------------

---0---
rule15: water > 196.103
probabilities_array:[0.66786367 0.         0.33213636]

rule29: 2.953 < age < 46.432
probabilities_array:[0.6511952  0.         0.34880477]

rule0: cement < 211.603
probabilities_array:[0.5437099  0.         0.45629013]

rule27: fine_aggregate > 824.667
probabilities_array:[0.51004744 0.         0.48995256]

rule16: superplasticizer < 2.146
probabilities_array:[0.47380832 0.         0.52619165]

rule14: 181.709 < water < 196.103
probabilities_array:[0.34091142 0.         0.6590886 ]

rule1: 211.603 < cement < 282.934
probabilities_array:[0.24347469 0.         0.75652534]

rule4: blast_furnace_slag < 13.934
probabilities_array:[0.22141328 0.00806623 0.7705205 ]


---1---
rule31: age > 89.911
probabilities_array:[0.         0.75037223 0.24962777]

rule3: cement > 354.266
probabilities_array:[0.         0.6362724  0.36372763]

rule30: 46.432 < age < 89.911
probabilities_array:[0.         0.6306288  0.36937115]

rule24: fine_aggregate < 719.166
probabilities_array:[0.         0.6228255  0.37717447]

rule12: water < 167.316
probabilities_array:[0.         0.51156527 0.48843473]

rule20: coarse_aggregate < 921.466
probabilities_array:[0.         0.48834428 0.51165575]

rule2: 282.934 < cement < 354.266
probabilities_array:[0.        0.4500013 0.5499987]

rule19: superplasticizer > 10.220
probabilities_array:[0.         0.42657214 0.57342786]

rule10: 54.604 < fly_ash < 97.782
probabilities_array:[0.         0.40667534 0.59332466]

rule8: fly_ash < 11.427
probabilities_array:[0.        0.3800493 0.6199507]

rule6: 71.470 < blast_furnace_slag < 129.006
probabilities_array:[0.        0.3693329 0.6306671]

rule13: 167.316 < water < 181.709
probabilities_array:[0.         0.34778005 0.65221995]

rule22: 974.497 < coarse_aggregate < 1027.529
probabilities_array:[0.         0.30773938 0.6922606 ]

rule7: blast_furnace_slag > 129.006
probabilities_array:[0.         0.27919525 0.72080475]

rule5: 13.934 < blast_furnace_slag < 71.470
probabilities_array:[0.05871782 0.24310534 0.69817686]

