R2: 0.8709829120689979


MAE: 4.542727205554355


MSE: 36.00466126488058


Accuracy: 1.0


F1: 1.0


Most important rules
-----------------------------

---0---
