R2: 0.801612841805691


MAE: 5.679477816749822


MSE: 58.222982487907835


Accuracy: 0.8323514909298524


F1: 0.8323529411764706


Most important rules
-----------------------------

---0---
rule29: 2.507 < age < 45.887
probabilities_array:[0.7909279  0.         0.20907211]

rule15: water > 195.145
probabilities_array:[0.67301315 0.         0.32698685]

rule27: fine_aggregate > 828.174
probabilities_array:[0.61976016 0.         0.38023984]

rule0: cement < 209.736
probabilities_array:[0.5407316 0.        0.4592684]

rule16: superplasticizer < 2.077
probabilities_array:[0.4992525  0.         0.50074756]

rule14: 181.103 < water < 195.145
probabilities_array:[0.33801126 0.         0.66198874]

rule26: 773.700 < fine_aggregate < 828.174
probabilities_array:[0.2753605  0.00456255 0.720077  ]


---1---
rule3: cement > 353.443
probabilities_array:[0.        0.6905199 0.3094801]

rule31: age > 89.267
probabilities_array:[0.         0.65352696 0.346473  ]

rule24: fine_aggregate < 719.225
probabilities_array:[0.         0.61565167 0.38434833]

rule9: 11.162 < fly_ash < 53.980
probabilities_array:[0.         0.56838715 0.43161282]

rule12: water < 167.061
probabilities_array:[0.         0.5406491  0.45935085]

rule8: fly_ash < 11.162
probabilities_array:[0.         0.5114093  0.48859072]

rule30: 45.887 < age < 89.267
probabilities_array:[0.         0.49755403 0.50244594]

rule20: coarse_aggregate < 920.976
probabilities_array:[0.         0.48822597 0.51177406]

rule19: superplasticizer > 10.144
probabilities_array:[0.         0.48650667 0.51349336]

rule10: 53.980 < fly_ash < 96.797
probabilities_array:[0.         0.47093093 0.52906907]

rule6: 75.507 < blast_furnace_slag < 133.022
probabilities_array:[0.         0.46078348 0.5392165 ]

rule2: 281.590 < cement < 353.443
probabilities_array:[0.         0.4234427  0.57655734]

rule22: 973.464 < coarse_aggregate < 1025.953
probabilities_array:[0.         0.40391803 0.596082  ]

rule13: 167.061 < water < 181.103
probabilities_array:[0.01291051 0.34382576 0.6432637 ]

rule17: 2.077 < superplasticizer < 6.111
probabilities_array:[0.         0.34705213 0.6529479 ]

rule21: 920.976 < coarse_aggregate < 973.464
probabilities_array:[0.         0.3428937  0.65710634]

rule18: 6.111 < superplasticizer < 10.144
probabilities_array:[3.8346458e-05 2.8606477e-01 7.1389687e-01]

rule5: 17.992 < blast_furnace_slag < 75.507
probabilities_array:[0.04164398 0.22099188 0.7373641 ]

