R2: 0.837512518894848


MAE: 5.0500508329632705


MSE: 42.41229531634115


Accuracy: 1.0


F1: 1.0


Most important rules
-----------------------------

---0---
