R2: 0.8224354414044015


MAE: 5.349728212726728


MSE: 51.14311030391573


Accuracy: 0.8165744317984058


F1: 0.8176470588235294


Most important rules
-----------------------------

---0---
rule28: age < 2.525
probabilities_array:[0.8913752  0.         0.10862484]

rule29: 2.525 < age < 47.058
probabilities_array:[0.6466907  0.         0.35330924]

rule27: fine_aggregate > 827.306
probabilities_array:[0.6324554 0.        0.3675446]

rule15: water > 195.520
probabilities_array:[0.63045955 0.         0.36954042]

rule0: cement < 211.840
probabilities_array:[0.5241234 0.        0.4758766]

rule16: superplasticizer < 2.160
probabilities_array:[0.48777366 0.         0.51222634]

rule14: 181.274 < water < 195.520
probabilities_array:[3.2472268e-01 5.7670870e-04 6.7470062e-01]

rule4: blast_furnace_slag < 16.804
probabilities_array:[0.28925306 0.         0.71074694]

rule11: fly_ash > 95.203
probabilities_array:[0.20880371 0.01542804 0.7757683 ]

rule7: blast_furnace_slag > 134.220
probabilities_array:[0.18949884 0.05602898 0.7544722 ]


---1---
rule31: age > 91.591
probabilities_array:[0.         0.75051475 0.24948525]

rule30: 47.058 < age < 91.591
probabilities_array:[0.        0.6840895 0.3159105]

rule3: cement > 352.868
probabilities_array:[0.         0.6293201  0.37067991]

rule24: fine_aggregate < 719.875
probabilities_array:[0.         0.61098796 0.38901207]

rule12: water < 167.028
probabilities_array:[0.         0.5140105  0.48598954]

rule19: superplasticizer > 10.515
probabilities_array:[0.         0.48630795 0.513692  ]

rule20: coarse_aggregate < 921.126
probabilities_array:[0.        0.4642938 0.5357062]

rule8: fly_ash < 9.509
probabilities_array:[0.        0.4167106 0.5832894]

rule6: 75.512 < blast_furnace_slag < 134.220
probabilities_array:[0.         0.39198846 0.60801154]

rule2: 282.354 < cement < 352.868
probabilities_array:[0.         0.34980938 0.65019065]

rule18: 6.338 < superplasticizer < 10.515
probabilities_array:[0.         0.3410714  0.65892863]

rule22: 974.503 < coarse_aggregate < 1027.880
probabilities_array:[0.         0.33914968 0.6608503 ]

rule17: 2.160 < superplasticizer < 6.338
probabilities_array:[0.         0.32334214 0.67665786]

rule13: 167.028 < water < 181.274
probabilities_array:[0.        0.2302648 0.7697352]

rule5: 16.804 < blast_furnace_slag < 75.512
probabilities_array:[0.03683009 0.20590438 0.75726557]

rule21: 921.126 < coarse_aggregate < 974.503
probabilities_array:[0.         0.20826155 0.79173845]

