R2: 0.8324840483407515


MAE: 4.986856696607852


MSE: 42.184945212814036


Accuracy: 1.0


F1: 1.0


Most important rules
-----------------------------

---0---
