R2: 0.8104364861777591


MAE: 5.47143655160158


MSE: 48.58049923452026


Accuracy: 1.0


F1: 1.0


Most important rules
-----------------------------

---0---
