R2: 0.8187513524217234


MAE: 5.568933514187103


MSE: 51.25949937363031


Accuracy: 1.0


F1: 1.0


Most important rules
-----------------------------

---0---
