R2: 0.8201050160430989


MAE: 5.328631385629386


MSE: 48.75439110016798


Accuracy: 0.8411269945657818


F1: 0.8411764705882353


Most important rules
-----------------------------

---0---
rule29: 2.566 < age < 46.536
probabilities_array:[0.75133646 0.         0.24866351]

rule0: cement < 211.040
probabilities_array:[0.63531166 0.         0.36468834]

rule27: fine_aggregate > 827.563
probabilities_array:[0.5829599  0.         0.41704014]

rule15: water > 196.938
probabilities_array:[0.47824124 0.         0.52175874]

rule16: superplasticizer < 2.048
probabilities_array:[0.4619431 0.        0.5380569]

rule1: 211.040 < cement < 280.121
probabilities_array:[0.3633941  0.         0.63660586]

rule26: 772.807 < fine_aggregate < 827.563
probabilities_array:[0.33742148 0.         0.6625785 ]

rule14: 182.194 < water < 196.938
probabilities_array:[0.2484958 0.        0.7515042]

rule4: blast_furnace_slag < 15.297
probabilities_array:[0.17862043 0.07331073 0.7480688 ]


---1---
rule31: age > 90.506
probabilities_array:[0.         0.63881683 0.36118314]

rule3: cement > 349.202
probabilities_array:[0.         0.61798406 0.3820159 ]

rule30: 46.536 < age < 90.506
probabilities_array:[0.        0.5808164 0.4191836]

rule6: 75.171 < blast_furnace_slag < 135.045
probabilities_array:[0.         0.56380296 0.436197  ]

rule24: fine_aggregate < 718.051
probabilities_array:[0.         0.53893423 0.46106577]

rule12: water < 167.451
probabilities_array:[0.         0.49676853 0.50323147]

rule8: fly_ash < 10.559
probabilities_array:[0.        0.4814143 0.5185857]

rule5: 15.297 < blast_furnace_slag < 75.171
probabilities_array:[0.         0.45275202 0.547248  ]

rule19: superplasticizer > 10.309
probabilities_array:[0.        0.4445807 0.5554193]

rule10: 53.282 < fly_ash < 96.005
probabilities_array:[0.         0.44073397 0.55926603]

rule20: coarse_aggregate < 920.936
probabilities_array:[0.         0.4387727  0.56122726]

rule13: 167.451 < water < 182.194
probabilities_array:[0.        0.4384948 0.5615052]

rule21: 920.936 < coarse_aggregate < 972.676
probabilities_array:[0.        0.3578183 0.6421817]

rule2: 280.121 < cement < 349.202
probabilities_array:[0.         0.35322636 0.64677364]

rule22: 972.676 < coarse_aggregate < 1024.416
probabilities_array:[0.         0.3239999  0.67600006]

rule9: 10.559 < fly_ash < 53.282
probabilities_array:[0.01799809 0.26258388 0.71941805]

rule11: fly_ash > 96.005
probabilities_array:[0.         0.24571821 0.75428176]

rule7: blast_furnace_slag > 135.045
probabilities_array:[0.         0.20012994 0.7998701 ]

