R2: 0.8253935170396423


MAE: 5.265551069000741


MSE: 49.80247245514301


Accuracy: 1.0


F1: 1.0


Most important rules
-----------------------------

---0---
