R2: 0.4392762843913016

MAE: 10.604352941176472

MSE: 174.9401988235294

Accuracy: 0.8470588235294118

F1: 0.8461592008631791

Confusion Matrix: [[131, 21], [31, 157]]

Uncertainties: {'class0': [0.1540549099445343, 0.2864466607570648, 0.3359697461128235, 0.3756518065929413, 0.40870726108551025], 'class1': [0.31696048378944397, 0.4082839787006378, 0.437242329120636, 0.44949352741241455, 0.45048388838768005]}

Weighted Accuracy: 0.8470588235294118

Most important rules
-----------------------------

---0---
rule28: age < 2.589
probabilities_array:[0.8459451  0.         0.15405491]

rule29: 2.589 < age < 45.193
probabilities_array:[0.7135533  0.         0.28644666]

rule15: water > 196.009
probabilities_array:[0.66403025 0.         0.33596975]

rule27: fine_aggregate > 827.897
probabilities_array:[0.62434816 0.         0.3756518 ]

rule0: cement < 207.893
probabilities_array:[0.59129274 0.         0.40870726]

rule16: superplasticizer < 2.254
probabilities_array:[0.39332643 0.         0.60667354]

rule14: 181.933 < water < 196.009
probabilities_array:[0.37641937 0.         0.62358063]

rule26: 774.213 < fine_aggregate < 827.897
probabilities_array:[0.27643618 0.         0.72356385]


---1---
rule31: age > 87.797
probabilities_array:[0.         0.6830395  0.31696048]

rule3: cement > 346.171
probabilities_array:[0.         0.59171605 0.40828398]

rule10: 55.305 < fly_ash < 98.322
probabilities_array:[0.         0.5627577  0.43724233]

rule8: fly_ash < 12.287
probabilities_array:[0.         0.5505065  0.44949353]

rule30: 45.193 < age < 87.797
probabilities_array:[0.         0.54951614 0.4504839 ]

rule24: fine_aggregate < 720.528
probabilities_array:[0.         0.53308845 0.46691155]

rule12: water < 167.856
probabilities_array:[0.         0.45165017 0.5483498 ]

rule13: 167.856 < water < 181.933
probabilities_array:[0.        0.4385698 0.5614302]

rule6: 74.594 < blast_furnace_slag < 133.167
probabilities_array:[0.         0.43595138 0.56404865]

rule19: superplasticizer > 10.046
probabilities_array:[0.         0.4246792  0.57532084]

rule20: coarse_aggregate < 922.605
probabilities_array:[0.        0.4085917 0.5914083]

rule2: 277.032 < cement < 346.171
probabilities_array:[0.         0.38443807 0.61556196]

rule18: 6.150 < superplasticizer < 10.046
probabilities_array:[0.        0.3658495 0.6341505]

rule17: 2.254 < superplasticizer < 6.150
probabilities_array:[0.         0.36416122 0.63583875]

rule21: 922.605 < coarse_aggregate < 973.565
probabilities_array:[0.         0.33124393 0.66875607]

