R2: 0.473338529093944

MAE: 10.419147058823528

MSE: 167.17668029411763

Accuracy: 0.8147058823529412

F1: 0.8138540553223663

Confusion Matrix: [[150, 28], [35, 127]]

Uncertainties: {'class0': [0.019413625821471214, 0.2934543490409851, 0.30927544832229614, 0.34031715989112854, 0.3776335120201111], 'class1': [0.18971793353557587, 0.30441659688949585, 0.318565309047699, 0.3550943434238434, 0.37422633171081543]}

Weighted Accuracy: 0.8147058823529412

Most important rules
-----------------------------

---0---
rule28: age < 4.045
probabilities_array:[0.98058635 0.         0.01941363]

rule27: fine_aggregate > 828.511
probabilities_array:[0.70654565 0.         0.29345435]

rule15: water > 195.795
probabilities_array:[0.69072455 0.         0.30927545]

rule0: cement < 211.792
probabilities_array:[0.65968287 0.         0.34031716]

rule29: 4.045 < age < 46.364
probabilities_array:[0.6223665 0.        0.3776335]

rule16: superplasticizer < 2.184
probabilities_array:[0.56739116 0.         0.4326088 ]

rule25: 718.711 < fine_aggregate < 773.611
probabilities_array:[0.27155864 0.         0.72844136]

rule26: 773.611 < fine_aggregate < 828.511
probabilities_array:[0.2380455 0.        0.7619545]

rule11: fly_ash > 98.920
probabilities_array:[0.23548344 0.00088727 0.7636293 ]

rule14: 181.634 < water < 195.795
probabilities_array:[0.20274593 0.05955946 0.7376946 ]


---1---
rule31: age > 88.683
probabilities_array:[0.         0.81028205 0.18971793]

rule12: water < 167.473
probabilities_array:[0.        0.6955834 0.3044166]

rule30: 46.364 < age < 88.683
probabilities_array:[0.        0.6814347 0.3185653]

rule3: cement > 356.529
probabilities_array:[0.         0.6449057  0.35509434]

rule24: fine_aggregate < 718.711
probabilities_array:[0.         0.62577367 0.37422633]

rule9: 12.817 < fly_ash < 55.869
probabilities_array:[0.         0.6134796  0.38652042]

rule13: 167.473 < water < 181.634
probabilities_array:[0.         0.5609597  0.43904027]

rule20: coarse_aggregate < 917.413
probabilities_array:[0.         0.5164956  0.48350438]

rule8: fly_ash < 12.817
probabilities_array:[0.        0.5085795 0.4914205]

rule19: superplasticizer > 10.266
probabilities_array:[0.        0.4347974 0.5652026]

rule6: 71.592 < blast_furnace_slag < 130.046
probabilities_array:[0.         0.41629916 0.58370084]

rule10: 55.869 < fly_ash < 98.920
probabilities_array:[0.         0.40589836 0.5941016 ]

rule18: 6.225 < superplasticizer < 10.266
probabilities_array:[0.         0.37076017 0.62923986]

rule2: 284.161 < cement < 356.529
probabilities_array:[0.        0.3461057 0.6538943]

rule17: 2.184 < superplasticizer < 6.225
probabilities_array:[0.        0.3281871 0.6718129]

rule21: 917.413 < coarse_aggregate < 970.876
probabilities_array:[0.         0.30100614 0.69899386]

rule22: 970.876 < coarse_aggregate < 1024.338
probabilities_array:[0.         0.28333473 0.71666527]

