R2: 0.48010940165853044

MAE: 9.935470588235294

MSE: 147.3921538235294

Accuracy: 0.8352941176470589

F1: 0.8348311877580763

Confusion Matrix: [[151, 27], [29, 133]]

Uncertainties: {'class0': [0.04563820734620094, 0.2494243085384369, 0.2951078712940216, 0.33914071321487427, 0.4041949212551117], 'class1': [0.19391748309135437, 0.3566818833351135, 0.3987712562084198, 0.4026084244251251, 0.4981965720653534]}

Weighted Accuracy: 0.8352941176470589

Most important rules
-----------------------------

---0---
rule28: age < 4.087
probabilities_array:[0.9543618  0.         0.04563821]

rule0: cement < 213.386
probabilities_array:[0.7505757  0.         0.24942431]

rule27: fine_aggregate > 826.555
probabilities_array:[0.70489216 0.         0.29510787]

rule15: water > 196.165
probabilities_array:[0.6608593 0.        0.3391407]

rule29: 4.087 < age < 44.988
probabilities_array:[0.5958051  0.         0.40419492]

rule16: superplasticizer < 2.102
probabilities_array:[0.56702197 0.         0.432978  ]

rule14: 181.831 < water < 196.165
probabilities_array:[0.45826116 0.         0.5417388 ]

rule25: 720.165 < fine_aggregate < 773.360
probabilities_array:[0.4326763  0.00178386 0.5655399 ]

rule26: 773.360 < fine_aggregate < 826.555
probabilities_array:[0.38972032 0.00297257 0.6073071 ]

rule1: 213.386 < cement < 283.230
probabilities_array:[0.30517453 0.         0.6948255 ]


---1---
rule31: age > 85.890
probabilities_array:[0.         0.8060825  0.19391748]

rule30: 44.988 < age < 85.890
probabilities_array:[0.         0.6433181  0.35668188]

rule3: cement > 353.074
probabilities_array:[0.         0.6012288  0.39877126]

rule8: fly_ash < 8.987
probabilities_array:[0.         0.5973916  0.40260842]

rule6: 74.745 < blast_furnace_slag < 131.547
probabilities_array:[0.         0.50180346 0.49819657]

rule19: superplasticizer > 10.226
probabilities_array:[0.         0.5002397  0.49976033]

rule12: water < 167.497
probabilities_array:[0.         0.49212962 0.5078704 ]

rule20: coarse_aggregate < 920.148
probabilities_array:[0.         0.47186044 0.5281396 ]

rule17: 2.102 < superplasticizer < 6.164
probabilities_array:[0.         0.4640359  0.53596413]

rule7: blast_furnace_slag > 131.547
probabilities_array:[0.         0.46070948 0.53929055]

rule24: fine_aggregate < 720.165
probabilities_array:[0.         0.4073656  0.59263444]

rule10: 51.160 < fly_ash < 93.332
probabilities_array:[0.         0.39994392 0.60005605]

rule18: 6.164 < superplasticizer < 10.226
probabilities_array:[0.         0.39090088 0.6090991 ]

rule21: 920.148 < coarse_aggregate < 972.491
probabilities_array:[0.       0.372913 0.627087]

rule22: 972.491 < coarse_aggregate < 1024.835
probabilities_array:[0.        0.3431636 0.6568364]

rule5: 17.943 < blast_furnace_slag < 74.745
probabilities_array:[0.        0.3141424 0.6858576]

rule9: 8.987 < fly_ash < 51.160
probabilities_array:[0.        0.2307325 0.7692675]

rule2: 283.230 < cement < 353.074
probabilities_array:[0.07389625 0.17097223 0.7551315 ]

