R2: 0.4168292869318291

MAE: 10.544058823529411

MSE: 170.21579411764705

Accuracy: 0.8147058823529412

F1: 0.8141254262879754

Confusion Matrix: [[148, 25], [38, 129]]

Uncertainties: {'class0': [0.3184647858142853, 0.33004969358444214, 0.3671267032623291, 0.4135196805000305, 0.544143557548523], 'class1': [0.245075523853302, 0.3247588574886322, 0.330420583486557, 0.3743925094604492, 0.4373946189880371]}

Weighted Accuracy: 0.8147058823529412

Most important rules
-----------------------------

---0---
rule29: 2.590 < age < 47.370
probabilities_array:[0.68153524 0.         0.3184648 ]

rule15: water > 195.696
probabilities_array:[0.6699503 0.        0.3300497]

rule0: cement < 213.419
probabilities_array:[0.6328733 0.        0.3671267]

rule27: fine_aggregate > 827.078
probabilities_array:[0.5864803  0.         0.41351968]

rule14: 181.188 < water < 195.696
probabilities_array:[0.45585644 0.         0.54414356]

rule16: superplasticizer < 2.008
probabilities_array:[0.3839714 0.        0.6160286]

rule1: 213.419 < cement < 285.293
probabilities_array:[0.33913434 0.         0.66086566]

rule26: 771.765 < fine_aggregate < 827.078
probabilities_array:[0.30702475 0.00081542 0.6921598 ]

rule11: fly_ash > 96.752
probabilities_array:[0.18748057 0.04002166 0.77249783]


---1---
rule31: age > 92.149
probabilities_array:[0.         0.7549245  0.24507552]

rule3: cement > 357.168
probabilities_array:[0.         0.6752412  0.32475886]

rule9: 9.682 < fly_ash < 53.217
probabilities_array:[0.         0.66957945 0.33042058]

rule30: 47.370 < age < 92.149
probabilities_array:[0.        0.6256075 0.3743925]

rule24: fine_aggregate < 716.452
probabilities_array:[0.         0.5626054  0.43739462]

rule12: water < 166.681
probabilities_array:[0.        0.5440476 0.4559524]

rule20: coarse_aggregate < 923.767
probabilities_array:[0.         0.49087143 0.5091286 ]

rule19: superplasticizer > 10.246
probabilities_array:[0.         0.45189136 0.54810864]

rule2: 285.293 < cement < 357.168
probabilities_array:[0.        0.4463822 0.5536178]

rule10: 53.217 < fly_ash < 96.752
probabilities_array:[0.         0.36233664 0.63766336]

rule21: 923.767 < coarse_aggregate < 975.676
probabilities_array:[0.        0.3517448 0.6482552]

rule6: 71.363 < blast_furnace_slag < 128.606
probabilities_array:[0.        0.3455703 0.6544297]

rule8: fly_ash < 9.682
probabilities_array:[0.         0.34056363 0.6594364 ]

rule13: 166.681 < water < 181.188
probabilities_array:[0.         0.33982936 0.6601707 ]

rule17: 2.008 < superplasticizer < 6.127
probabilities_array:[0.         0.33852983 0.6614702 ]

rule18: 6.127 < superplasticizer < 10.246
probabilities_array:[0.         0.32910737 0.6708926 ]

rule22: 975.676 < coarse_aggregate < 1027.585
probabilities_array:[0.         0.30788878 0.69211125]

rule5: 14.121 < blast_furnace_slag < 71.363
probabilities_array:[0.05558996 0.27056086 0.67384917]

rule7: blast_furnace_slag > 128.606
probabilities_array:[0.         0.27740824 0.72259176]

