R2: 0.4517789440827331

MAE: 9.754852941176472

MSE: 153.1789338235294

Accuracy: 0.8441176470588235

F1: 0.8432702761469885

Confusion Matrix: [[131, 29], [24, 156]]

Uncertainties: {'class0': [0.10053814202547073, 0.17810823023319244, 0.2939922511577606, 0.31861454248428345, 0.508510410785675], 'class1': [0.14916591346263885, 0.18578127026557922, 0.3657122850418091, 0.4165698289871216, 0.45325967669487]}

Weighted Accuracy: 0.8441176470588235

Most important rules
-----------------------------

---0---
rule28: age < 3.342
probabilities_array:[0.89946187 0.         0.10053814]

rule15: water > 195.846
probabilities_array:[0.8218918  0.         0.17810823]

rule0: cement < 210.918
probabilities_array:[0.7060077  0.         0.29399225]

rule27: fine_aggregate > 828.950
probabilities_array:[0.68138546 0.         0.31861454]

rule14: 181.495 < water < 195.846
probabilities_array:[0.49148962 0.         0.5085104 ]

rule16: superplasticizer < 2.109
probabilities_array:[0.45554915 0.         0.5444508 ]

rule29: 3.342 < age < 42.791
probabilities_array:[0.43790647 0.00191852 0.560175  ]

rule1: 210.918 < cement < 281.028
probabilities_array:[0.38642293 0.         0.61357707]

rule23: coarse_aggregate > 1024.699
probabilities_array:[0.24382076 0.         0.7561793 ]

rule26: 774.720 < fine_aggregate < 828.950
probabilities_array:[0.23692046 0.01139139 0.7516882 ]

rule25: 720.489 < fine_aggregate < 774.720
probabilities_array:[0.21365686 0.0060083  0.7803348 ]


---1---
rule31: age > 82.241
probabilities_array:[0.         0.8508341  0.14916591]

rule30: 42.791 < age < 82.241
probabilities_array:[0.         0.8142187  0.18578127]

rule3: cement > 351.138
probabilities_array:[0.         0.6342877  0.36571229]

rule24: fine_aggregate < 720.489
probabilities_array:[0.         0.5834302  0.41656983]

rule12: water < 167.143
probabilities_array:[0.         0.5467403  0.45325968]

rule6: 73.494 < blast_furnace_slag < 130.635
probabilities_array:[0.         0.49257886 0.50742114]

rule19: superplasticizer > 10.297
probabilities_array:[0.         0.47974548 0.5202545 ]

rule5: 16.353 < blast_furnace_slag < 73.494
probabilities_array:[0.         0.44650027 0.5534997 ]

rule18: 6.203 < superplasticizer < 10.297
probabilities_array:[0.         0.44035158 0.55964845]

rule17: 2.109 < superplasticizer < 6.203
probabilities_array:[0.         0.43650192 0.5634981 ]

rule8: fly_ash < 12.096
probabilities_array:[0.         0.40049204 0.5995079 ]

rule21: 917.478 < coarse_aggregate < 971.089
probabilities_array:[0.         0.39795482 0.6020452 ]

rule10: 55.293 < fly_ash < 98.489
probabilities_array:[0.         0.38877687 0.61122316]

rule20: coarse_aggregate < 917.478
probabilities_array:[0.        0.3558628 0.6441372]

rule9: 12.096 < fly_ash < 55.293
probabilities_array:[0.         0.31935263 0.6806474 ]

rule22: 971.089 < coarse_aggregate < 1024.699
probabilities_array:[0.         0.27561164 0.72438836]

rule13: 167.143 < water < 181.495
probabilities_array:[0.02679052 0.24225323 0.73095626]

rule7: blast_furnace_slag > 130.635
probabilities_array:[0.        0.2205331 0.7794669]

