R2: 0.48876717649801193

MAE: 9.655029411764707

MSE: 143.30771911764705

Accuracy: 0.8441176470588235

F1: 0.8440515443397287

Confusion Matrix: [[140, 24], [29, 147]]

Uncertainties: {'class0': [0.021126843988895416, 0.19955456256866455, 0.2784208059310913, 0.3571948707103729, 0.42745769023895264], 'class1': [0.09589102119207382, 0.1009039580821991, 0.24013175070285797, 0.37740468978881836, 0.43030720949172974]}

Weighted Accuracy: 0.8441176470588235

Most important rules
-----------------------------

---0---
rule28: age < 3.521
probabilities_array:[0.97887313 0.         0.02112684]

rule15: water > 196.196
probabilities_array:[0.80044544 0.         0.19955456]

rule0: cement < 210.986
probabilities_array:[0.7215792 0.        0.2784208]

rule27: fine_aggregate > 825.699
probabilities_array:[0.64280516 0.         0.35719487]

rule16: superplasticizer < 2.134
probabilities_array:[0.5725423 0.        0.4274577]

rule14: 181.632 < water < 196.196
probabilities_array:[0.45259455 0.         0.5474054 ]

rule29: 3.521 < age < 44.742
probabilities_array:[0.4069177  0.01841271 0.5746696 ]

rule10: 53.067 < fly_ash < 96.234
probabilities_array:[0.3800366 0.0057506 0.6142128]

rule26: 771.889 < fine_aggregate < 825.699
probabilities_array:[0.3516308  0.00970558 0.6386636 ]

rule11: fly_ash > 96.234
probabilities_array:[0.2822526  0.01433372 0.70341367]

rule25: 718.080 < fine_aggregate < 771.889
probabilities_array:[0.23479368 0.02489608 0.7403102 ]

rule1: 210.986 < cement < 280.639
probabilities_array:[0.22976981 0.         0.7702302 ]


---1---
rule30: 44.742 < age < 85.963
probabilities_array:[0.         0.904109   0.09589102]

rule31: age > 85.963
probabilities_array:[0.         0.8990961  0.10090396]

rule3: cement > 350.292
probabilities_array:[0.         0.75986826 0.24013175]

rule12: water < 167.068
probabilities_array:[0.        0.6225953 0.3774047]

rule9: 9.899 < fly_ash < 53.067
probabilities_array:[0.        0.5696928 0.4303072]

rule19: superplasticizer > 10.074
probabilities_array:[0.         0.52876925 0.47123075]

rule6: 75.198 < blast_furnace_slag < 134.191
probabilities_array:[0.         0.51165515 0.48834488]

rule24: fine_aggregate < 718.080
probabilities_array:[0.         0.50088555 0.49911445]

rule17: 2.134 < superplasticizer < 6.104
probabilities_array:[0.         0.49286008 0.5071399 ]

rule21: 922.504 < coarse_aggregate < 973.940
probabilities_array:[0.        0.4765577 0.5234423]

rule20: coarse_aggregate < 922.504
probabilities_array:[0.         0.4506236  0.54937637]

rule18: 6.104 < superplasticizer < 10.074
probabilities_array:[0.         0.4485998  0.55140024]

rule8: fly_ash < 9.899
probabilities_array:[0.         0.34599522 0.6540048 ]

rule2: 280.639 < cement < 350.292
probabilities_array:[0.00703853 0.33193603 0.6610254 ]

rule13: 167.068 < water < 181.632
probabilities_array:[0.00127275 0.2679306  0.7307966 ]

rule5: 16.206 < blast_furnace_slag < 75.198
probabilities_array:[0.0820301  0.20720011 0.71076983]

