R2: 0.4102551436726909

MAE: 66059.3232530828

MSE: 7778279325.882267

Accuracy: 0.8349970640046976

F1: 0.8144669257886895

Confusion Matrix: [[3977, 442], [682, 1711]]

Uncertainties: {'class0': [0.1950087994337082, 0.27596771717071533, 0.44900253415107727, 0.4735656678676605, 0.48143160343170166], 'class1': [0.1360543817281723, 0.1753418743610382, 0.4114222526550293, 0.42414817214012146, 0.4815264344215393]}

Most important rules
-----------------------------

---0---
rule28: median_income < 2.580
probabilities_array:[0.8049912 0.        0.1950088]

rule23: population > 2197.675
probabilities_array:[0.7240323  0.         0.27596772]

rule33: ocean_proximity_INLAND = 1.0
probabilities_array:[0.55099744 0.         0.44900253]

rule12: total_rooms < 1168.199
probabilities_array:[5.2621692e-01 2.1744971e-04 4.7356567e-01]

rule3: longitude > -118.222
probabilities_array:[0.5185684 0.        0.4814316]

rule29: 2.580 < median_income < 3.881
probabilities_array:[0.51841295 0.         0.48158705]

rule22: 1430.451 < population < 2197.675
probabilities_array:[0.49366564 0.         0.50633436]

rule24: households < 240.691
probabilities_array:[0.3893718 0.        0.6106282]

rule16: total_bedrooms < 253.953
probabilities_array:[0.3549203 0.        0.6450797]

rule8: housing_median_age < 20.064
probabilities_array:[0.29127797 0.         0.708722  ]

rule5: 34.195 < latitude < 35.635
probabilities_array:[0.28141978 0.         0.7185802 ]

rule25: 240.691 < households < 501.613
probabilities_array:[0.25273186 0.         0.74726814]

rule6: 35.635 < latitude < 37.075
probabilities_array:[0.2134305  0.04664283 0.7399267 ]

rule38: ocean_proximity_NEAR OCEAN = 0.0
probabilities_array:[0.20027302 0.         0.79972696]


---1---
rule31: median_income > 5.183
probabilities_array:[0.         0.8639456  0.13605438]

rule35: ocean_proximity_ISLAND = 1.0
probabilities_array:[0.         0.8246581  0.17534187]

rule20: population < 663.227
probabilities_array:[0.         0.58857775 0.41142225]

rule32: ocean_proximity_INLAND = 0.0
probabilities_array:[0.         0.57585186 0.42414817]

rule15: total_rooms > 4129.788
probabilities_array:[0.01174487 0.5067287  0.48152643]

rule39: ocean_proximity_NEAR OCEAN = 1.0
probabilities_array:[0.         0.35683236 0.6431677 ]

rule2: -119.574 < longitude < -118.222
probabilities_array:[4.4256162e-06 3.5407916e-01 6.4591646e-01]

rule0: longitude < -120.926
probabilities_array:[0.         0.33210292 0.6678971 ]

rule14: 2648.994 < total_rooms < 4129.788
probabilities_array:[0.01380706 0.30290216 0.6832908 ]

rule11: housing_median_age > 37.023
probabilities_array:[0.         0.27518865 0.7248114 ]

rule27: households > 762.535
probabilities_array:[0.        0.2277098 0.7722902]

rule19: total_bedrooms > 823.653
probabilities_array:[0.         0.20734124 0.79265875]

