R2: 0.3991557997998847

MAE: 66458.35466823253

MSE: 7886602924.502643

Accuracy: 0.8285378743394011

F1: 0.8086522744273528

Confusion Matrix: [[3920, 445], [723, 1724]]

Uncertainties: {'class0': [0.12042900174856186, 0.2992577850818634, 0.3271483778953552, 0.4097825288772583, 0.4154655337333679], 'class1': [0.11463108658790588, 0.2076246589422226, 0.28927358984947205, 0.40969619154930115, 0.5025060772895813]}

Most important rules
-----------------------------

---0---
rule28: median_income < 2.580
probabilities_array:[0.879571 0.       0.120429]

rule29: 2.580 < median_income < 3.859
probabilities_array:[0.7007422  0.         0.29925779]

rule23: population > 2196.962
probabilities_array:[0.6728516  0.         0.32714838]

rule33: ocean_proximity_INLAND = 1.0
probabilities_array:[0.5902175  0.         0.40978253]

rule3: longitude > -118.228
probabilities_array:[0.58453447 0.         0.41546553]

rule12: total_rooms < 1172.670
probabilities_array:[0.56305516 0.01181621 0.42512855]

rule24: households < 243.038
probabilities_array:[0.3852047 0.        0.6147953]

rule16: total_bedrooms < 255.858
probabilities_array:[0.34758174 0.         0.65241826]

rule22: 1426.939 < population < 2196.962
probabilities_array:[0.30997622 0.         0.6900238 ]

rule30: 3.859 < median_income < 5.138
probabilities_array:[0.27415663 0.         0.72584337]

rule8: housing_median_age < 20.222
probabilities_array:[0.26613754 0.         0.73386246]

rule7: latitude > 37.086
probabilities_array:[0.2622402  0.         0.73775977]

rule25: 243.038 < households < 500.433
probabilities_array:[0.25820565 0.         0.74179435]

rule37: ocean_proximity_NEAR BAY = 1.0
probabilities_array:[0.246206 0.       0.753794]

rule5: 34.200 < latitude < 35.643
probabilities_array:[0.2275736 0.        0.7724264]

rule13: 1172.670 < total_rooms < 2633.235
probabilities_array:[0.21843104 0.00660744 0.7749615 ]

rule6: 35.643 < latitude < 37.086
probabilities_array:[0.21855438 0.         0.7814456 ]


---1---
rule35: ocean_proximity_ISLAND = 1.0
probabilities_array:[0.         0.8853689  0.11463109]

rule31: median_income > 5.138
probabilities_array:[0.         0.7923753  0.20762466]

rule20: population < 656.917
probabilities_array:[0.        0.7107264 0.2892736]

rule32: ocean_proximity_INLAND = 0.0
probabilities_array:[0.         0.59030384 0.4096962 ]

rule15: total_rooms > 4093.800
probabilities_array:[0.00919574 0.4882982  0.5025061 ]

rule0: longitude < -120.932
probabilities_array:[0.        0.4640487 0.5359513]

rule11: housing_median_age > 37.102
probabilities_array:[0.        0.3808981 0.6191019]

rule39: ocean_proximity_NEAR OCEAN = 1.0
probabilities_array:[0.         0.36220574 0.63779426]

rule4: latitude < 34.200
probabilities_array:[0.         0.34997645 0.6500236 ]

rule2: -119.580 < longitude < -118.228
probabilities_array:[0.         0.31839117 0.68160886]

rule21: 656.917 < population < 1426.939
probabilities_array:[0.         0.31197703 0.688023  ]

rule19: total_bedrooms > 819.507
probabilities_array:[0.         0.30219588 0.6978041 ]

rule14: 2633.235 < total_rooms < 4093.800
probabilities_array:[0.01770368 0.2717571  0.71053916]

rule27: households > 757.828
probabilities_array:[0.         0.24903584 0.75096416]

rule1: -120.932 < longitude < -119.580
probabilities_array:[0.01405637 0.2284713  0.75747234]

