R2: 0.40306321095991005

MAE: 66455.78302994715

MSE: 7705111611.610981

Accuracy: 0.8266294773928362

F1: 0.8030505121500141

Confusion Matrix: [[3994, 428], [753, 1637]]

Uncertainties: {'class0': [0.16116853058338165, 0.30566316843032837, 0.3853412866592407, 0.3864724338054657, 0.39561355113983154], 'class1': [0.10537625104188919, 0.17599868774414062, 0.3263198435306549, 0.3878529965877533, 0.4681006073951721]}

Most important rules
-----------------------------

---0---
rule28: median_income < 2.586
probabilities_array:[0.8388315  0.         0.16116853]

rule23: population > 2182.035
probabilities_array:[0.69433683 0.         0.30566317]

rule29: 2.586 < median_income < 3.875
probabilities_array:[0.6146587 0.        0.3853413]

rule33: ocean_proximity_INLAND = 1.0
probabilities_array:[0.61352754 0.         0.38647243]

rule12: total_rooms < 1156.904
probabilities_array:[6.0421795e-01 1.6852701e-04 3.9561355e-01]

rule3: longitude > -118.218
probabilities_array:[0.5063357  0.         0.49366432]

rule22: 1417.760 < population < 2182.035
probabilities_array:[0.38566968 0.         0.61433035]

rule24: households < 241.975
probabilities_array:[0.37071365 0.         0.62928635]

rule5: 34.187 < latitude < 35.622
probabilities_array:[0.31206083 0.         0.68793917]

rule8: housing_median_age < 20.241
probabilities_array:[0.27587855 0.         0.72412145]

rule25: 241.975 < households < 497.134
probabilities_array:[0.27087137 0.         0.72912866]

rule38: ocean_proximity_NEAR OCEAN = 0.0
probabilities_array:[2.5920972e-01 5.9515030e-05 7.4073076e-01]

rule13: 1156.904 < total_rooms < 2619.792
probabilities_array:[0.24966818 0.00362353 0.74670833]

rule6: 35.622 < latitude < 37.057
probabilities_array:[0.23949432 0.         0.7605057 ]

rule16: total_bedrooms < 254.231
probabilities_array:[0.23836589 0.         0.7616341 ]


---1---
rule35: ocean_proximity_ISLAND = 1.0
probabilities_array:[0.         0.89462376 0.10537625]

rule31: median_income > 5.164
probabilities_array:[0.         0.8240013  0.17599869]

rule20: population < 653.485
probabilities_array:[0.         0.6736802  0.32631984]

rule32: ocean_proximity_INLAND = 0.0
probabilities_array:[0.       0.612147 0.387853]

rule15: total_rooms > 4082.681
probabilities_array:[0.00721701 0.5246824  0.4681006 ]

rule0: longitude < -120.920
probabilities_array:[0.        0.3732273 0.6267727]

rule2: -119.569 < longitude < -118.218
probabilities_array:[0.         0.37137082 0.6286292 ]

rule14: 2619.792 < total_rooms < 4082.681
probabilities_array:[0.00407521 0.3300284  0.6658964 ]

rule27: households > 752.292
probabilities_array:[0.         0.27508423 0.7249158 ]

rule11: housing_median_age > 37.213
probabilities_array:[0.         0.26576036 0.73423964]

rule39: ocean_proximity_NEAR OCEAN = 1.0
probabilities_array:[0.        0.2431563 0.7568437]

