R2: 0.39459525913502236

MAE: 67029.03258954786

MSE: 8006824154.421609

Accuracy: 0.8322078684674105

F1: 0.8113514028343727

Confusion Matrix: [[3967, 381], [762, 1702]]

Uncertainties: {'class0': [0.28329700231552124, 0.2928767800331116, 0.4218566417694092, 0.4409494400024414, 0.4978710114955902], 'class1': [0.08871572464704514, 0.09497169405221939, 0.34650442004203796, 0.3997587561607361, 0.4757269620895386]}

Most important rules
-----------------------------

---0---
rule28: median_income < 2.583
probabilities_array:[0.716703 0.       0.283297]

rule23: population > 2200.413
probabilities_array:[0.7071232  0.         0.29287678]

rule33: ocean_proximity_INLAND = 1.0
probabilities_array:[0.57814336 0.         0.42185664]

rule12: total_rooms < 1146.817
probabilities_array:[0.55905056 0.         0.44094944]

rule3: longitude > -118.205
probabilities_array:[0.502129 0.       0.497871]

rule22: 1425.559 < population < 2200.413
probabilities_array:[0.41814315 0.         0.58185685]

rule8: housing_median_age < 20.145
probabilities_array:[0.41625914 0.         0.58374083]

rule16: total_bedrooms < 252.912
probabilities_array:[0.41364643 0.         0.58635354]

rule29: 2.583 < median_income < 3.877
probabilities_array:[0.37613565 0.02179226 0.60207206]

rule6: 35.619 < latitude < 37.058
probabilities_array:[0.3327689 0.        0.6672311]

rule24: households < 241.058
probabilities_array:[0.32028264 0.         0.67971736]

rule7: latitude > 37.058
probabilities_array:[0.29205063 0.         0.70794934]

rule5: 34.180 < latitude < 35.619
probabilities_array:[0.27589074 0.         0.72410923]

rule25: 241.058 < households < 499.481
probabilities_array:[0.23423208 0.         0.76576793]

rule10: 28.630 < housing_median_age < 37.115
probabilities_array:[0.22964749 0.         0.7703525 ]

rule1: -120.913 < longitude < -119.559
probabilities_array:[0.17971613 0.11053571 0.70974815]

rule38: ocean_proximity_NEAR OCEAN = 0.0
probabilities_array:[0.22350271 0.         0.7764973 ]

rule37: ocean_proximity_NEAR BAY = 1.0
probabilities_array:[0.18404059 0.07706472 0.7388947 ]

rule17: 252.912 < total_bedrooms < 536.875
probabilities_array:[0.21053302 0.         0.789467  ]

rule34: ocean_proximity_ISLAND = 0.0
probabilities_array:[0.20006762 0.         0.79993236]


---1---
rule35: ocean_proximity_ISLAND = 1.0
probabilities_array:[0.         0.91128427 0.08871572]

rule31: median_income > 5.171
probabilities_array:[0.         0.9050283  0.09497169]

rule20: population < 650.705
probabilities_array:[0.         0.65349555 0.34650442]

rule32: ocean_proximity_INLAND = 0.0
probabilities_array:[0.         0.60024124 0.39975876]

rule15: total_rooms > 4129.388
probabilities_array:[0.0069242  0.5173488  0.47572696]

rule30: 3.877 < median_income < 5.171
probabilities_array:[0.         0.341274   0.65872604]

rule14: 2638.102 < total_rooms < 4129.388
probabilities_array:[0.01948974 0.28323784 0.69727236]

rule0: longitude < -120.913
probabilities_array:[0.         0.29158548 0.7084145 ]

rule2: -119.559 < longitude < -118.205
probabilities_array:[0.         0.28309792 0.7169021 ]

rule39: ocean_proximity_NEAR OCEAN = 1.0
probabilities_array:[0.00352018 0.26185963 0.7346202 ]

rule27: households > 757.905
probabilities_array:[0.         0.25218686 0.74781317]

rule11: housing_median_age > 37.115
probabilities_array:[0.         0.20556979 0.7944302 ]

