R2: 0.38895316640750144

MAE: 66710.98209042866

MSE: 7972225118.630358

Accuracy: 0.8236934820904287

F1: 0.8023822455399171

Confusion Matrix: [[3924, 428], [773, 1687]]

Uncertainties: {'class0': [0.1179046705365181, 0.2998729944229126, 0.31573325395584106, 0.40241992473602295, 0.42566922307014465], 'class1': [0.21130186319351196, 0.2638007402420044, 0.29781121015548706, 0.3766104280948639, 0.48325642943382263]}

Most important rules
-----------------------------

---0---
rule28: median_income < 2.576
probabilities_array:[0.88209534 0.         0.11790467]

rule29: 2.576 < median_income < 3.866
probabilities_array:[0.700127 0.       0.299873]

rule23: population > 2209.604
probabilities_array:[0.68426675 0.         0.31573325]

rule12: total_rooms < 1145.263
probabilities_array:[0.5879238  0.0096562  0.40241992]

rule33: ocean_proximity_INLAND = 1.0
probabilities_array:[0.57433075 0.         0.42566922]

rule3: longitude > -118.250
probabilities_array:[0.55115765 0.         0.44884235]

rule16: total_bedrooms < 252.551
probabilities_array:[0.39453566 0.         0.60546434]

rule8: housing_median_age < 20.290
probabilities_array:[0.3514158 0.        0.6485842]

rule7: latitude > 37.096
probabilities_array:[0.3394108  0.         0.66058916]

rule22: 1427.857 < population < 2209.604
probabilities_array:[0.33735448 0.         0.6626455 ]

rule6: 35.656 < latitude < 37.096
probabilities_array:[0.30771208 0.01699417 0.67529374]

rule24: households < 239.785
probabilities_array:[0.29889563 0.         0.70110434]

rule13: 1145.263 < total_rooms < 2640.753
probabilities_array:[0.23756059 0.01230675 0.7501327 ]

rule30: 3.866 < median_income < 5.157
probabilities_array:[0.23921105 0.         0.7607889 ]

rule25: 239.785 < households < 501.921
probabilities_array:[0.21807808 0.         0.7819219 ]

rule5: 34.217 < latitude < 35.656
probabilities_array:[0.212832   0.         0.78716797]


---1---
rule31: median_income > 5.157
probabilities_array:[0.         0.78869814 0.21130186]

rule20: population < 646.110
probabilities_array:[0.         0.73619926 0.26380074]

rule35: ocean_proximity_ISLAND = 1.0
probabilities_array:[0.        0.7021888 0.2978112]

rule32: ocean_proximity_INLAND = 0.0
probabilities_array:[0.         0.62338954 0.37661043]

rule0: longitude < -120.957
probabilities_array:[0.         0.51674354 0.48325643]

rule15: total_rooms > 4136.243
probabilities_array:[0.01645931 0.47042057 0.5131202 ]

rule27: households > 764.057
probabilities_array:[0.         0.36212423 0.63787574]

rule2: -119.603 < longitude < -118.250
probabilities_array:[0.01020312 0.3158072  0.6739897 ]

rule21: 646.110 < population < 1427.857
probabilities_array:[0.         0.28876346 0.71123654]

rule4: latitude < 34.217
probabilities_array:[0.         0.28736177 0.7126382 ]

rule11: housing_median_age > 37.266
probabilities_array:[0.         0.27823842 0.7217616 ]

rule39: ocean_proximity_NEAR OCEAN = 1.0
probabilities_array:[0.00385621 0.273224   0.72291976]

rule14: 2640.753 < total_rooms < 4136.243
probabilities_array:[0.02278601 0.2147626  0.76245135]

rule19: total_bedrooms > 824.899
probabilities_array:[0.         0.22324727 0.7767527 ]

