R2: 0.4213460776789676

MAE: 65966.58763945977

MSE: 7553254609.100851

Accuracy: 0.8342630651790958

F1: 0.813042387190745

Confusion Matrix: [[3989, 399], [730, 1694]]

Uncertainties: {'class0': [0.18345777690410614, 0.26493510603904724, 0.39007681608200073, 0.3943406939506531, 0.4067854881286621], 'class1': [0.09090955555438995, 0.1501276195049286, 0.344014972448349, 0.3945794701576233, 0.4748588502407074]}

Most important rules
-----------------------------

---0---
rule28: median_income < 2.590
probabilities_array:[0.8165422  0.         0.18345778]

rule23: population > 2184.173
probabilities_array:[0.73506486 0.         0.2649351 ]

rule12: total_rooms < 1164.929
probabilities_array:[6.0964185e-01 2.8134260e-04 3.9007682e-01]

rule33: ocean_proximity_INLAND = 1.0
probabilities_array:[0.6056593 0.        0.3943407]

rule29: 2.590 < median_income < 3.876
probabilities_array:[0.5932145 0.        0.4067855]

rule3: longitude > -118.228
probabilities_array:[0.5204636 0.        0.4795364]

rule22: 1418.480 < population < 2184.173
probabilities_array:[0.41761103 0.         0.582389  ]

rule8: housing_median_age < 20.223
probabilities_array:[0.35827312 0.         0.6417269 ]

rule5: 34.194 < latitude < 35.632
probabilities_array:[0.3344143 0.        0.6655857]

rule16: total_bedrooms < 252.739
probabilities_array:[0.28534815 0.         0.7146518 ]

rule7: latitude > 37.069
probabilities_array:[0.2769575 0.        0.7230425]

rule24: households < 240.951
probabilities_array:[0.26412487 0.         0.7358751 ]

rule13: 1164.929 < total_rooms < 2627.687
probabilities_array:[0.24764295 0.0049763  0.74738073]

rule25: 240.951 < households < 497.568
probabilities_array:[0.24463885 0.         0.75536114]

rule6: 35.632 < latitude < 37.069
probabilities_array:[0.2373398 0.        0.7626602]

rule34: ocean_proximity_ISLAND = 0.0
probabilities_array:[0.2250848 0.        0.7749152]


---1---
rule35: ocean_proximity_ISLAND = 1.0
probabilities_array:[0.         0.90909046 0.09090956]

rule31: median_income > 5.163
probabilities_array:[0.         0.84987235 0.15012762]

rule20: population < 652.787
probabilities_array:[0.         0.655985   0.34401497]

rule32: ocean_proximity_INLAND = 0.0
probabilities_array:[0.         0.60542053 0.39457947]

rule15: total_rooms > 4090.444
probabilities_array:[0.00645459 0.5186866  0.47485885]

rule0: longitude < -120.927
probabilities_array:[0.         0.45091262 0.5490874 ]

rule2: -119.578 < longitude < -118.228
probabilities_array:[2.6388221e-05 3.7015870e-01 6.2981492e-01]

rule27: households > 754.186
probabilities_array:[0.         0.34749448 0.6525055 ]

rule39: ocean_proximity_NEAR OCEAN = 1.0
probabilities_array:[0.         0.33713323 0.6628668 ]

rule11: housing_median_age > 37.190
probabilities_array:[0.        0.2513022 0.7486978]

rule14: 2627.687 < total_rooms < 4090.444
probabilities_array:[0.01248779 0.23855102 0.74896115]

rule19: total_bedrooms > 817.317
probabilities_array:[0.         0.22510163 0.77489835]

rule1: -120.927 < longitude < -119.578
probabilities_array:[0.02962673 0.20248541 0.76788783]

