R2: 0.40796202840860274

MAE: 66990.76790957134

MSE: 7876515695.847181

Accuracy: 0.8276570757486787

F1: 0.8079524098379001

Confusion Matrix: [[3910, 452], [722, 1728]]

Uncertainties: {'class0': [0.18586982786655426, 0.2930789589881897, 0.45596861839294434, 0.47063982486724854, 0.4897635281085968], 'class1': [0.07556171715259552, 0.132583886384964, 0.31740155816078186, 0.3693883419036865, 0.4936000406742096]}

Most important rules
-----------------------------

---0---
rule28: median_income < 2.597
probabilities_array:[0.8141302  0.         0.18586983]

rule23: population > 2222.294
probabilities_array:[0.70692104 0.         0.29307896]

rule29: 2.597 < median_income < 3.867
probabilities_array:[5.4402679e-01 4.6781297e-06 4.5596862e-01]

rule33: ocean_proximity_INLAND = 1.0
probabilities_array:[0.5293602  0.         0.47063982]

rule12: total_rooms < 1165.786
probabilities_array:[0.5087711  0.00146535 0.48976353]

rule3: longitude > -118.222
probabilities_array:[0.5028794 0.        0.4971206]

rule22: 1438.316 < population < 2222.294
probabilities_array:[0.42746553 0.         0.5725345 ]

rule16: total_bedrooms < 253.803
probabilities_array:[0.42392597 0.         0.57607406]

rule8: housing_median_age < 20.118
probabilities_array:[0.37770522 0.         0.6222948 ]

rule24: households < 241.223
probabilities_array:[0.34063682 0.         0.6593632 ]

rule5: 34.193 < latitude < 35.632
probabilities_array:[0.2739252 0.        0.7260748]

rule38: ocean_proximity_NEAR OCEAN = 0.0
probabilities_array:[0.26532534 0.         0.7346747 ]

rule7: latitude > 37.071
probabilities_array:[0.24476737 0.         0.75523263]

rule10: 28.614 < housing_median_age < 37.111
probabilities_array:[2.3528403e-01 4.6969020e-05 7.6466906e-01]

rule25: 241.223 < households < 503.693
probabilities_array:[0.21318139 0.         0.7868186 ]

rule17: 253.803 < total_bedrooms < 541.950
probabilities_array:[0.21304542 0.         0.7869546 ]


---1---
rule35: ocean_proximity_ISLAND = 1.0
probabilities_array:[0.         0.9244383  0.07556172]

rule31: median_income > 5.137
probabilities_array:[0.         0.86741614 0.13258389]

rule20: population < 654.337
probabilities_array:[0.         0.6825985  0.31740156]

rule32: ocean_proximity_INLAND = 0.0
probabilities_array:[0.         0.63061166 0.36938834]

rule15: total_rooms > 4156.539
probabilities_array:[0.01170685 0.4946931  0.49360004]

rule0: longitude < -120.926
probabilities_array:[0.         0.44168243 0.5583176 ]

rule2: -119.574 < longitude < -118.222
probabilities_array:[0.         0.43340197 0.56659806]

rule14: 2661.162 < total_rooms < 4156.539
probabilities_array:[0.02048256 0.32911637 0.65040106]

rule39: ocean_proximity_NEAR OCEAN = 1.0
probabilities_array:[0.         0.27730086 0.7226991 ]

rule19: total_bedrooms > 830.098
probabilities_array:[0.         0.26202625 0.73797375]

rule27: households > 766.162
probabilities_array:[0.         0.22061574 0.77938426]

rule1: -120.926 < longitude < -119.574
probabilities_array:[0.07183772 0.17405044 0.7541118 ]

rule11: housing_median_age > 37.111
probabilities_array:[0.         0.20171028 0.7982897 ]

