R2: 0.8796837263348153

MAE: 2533.8235578275585

MSE: 18475789.90329071

Accuracy: 0.9117647058823529

F1: 0.9117642542344251

Confusion Matrix: [[201, 15], [24, 202]]

Uncertainties: {'class0': [0.15409091114997864, 0.16303065419197083, 0.1685478389263153, 0.18699578940868378, 0.22390349209308624], 'class1': [0.08637584745883942, 0.11053614318370819, 0.4387566149234772, 0.5446248054504395, 0.6163212060928345]}

Most important rules
-----------------------------

---0---
rule3: 38.759 < age < 44.749
probabilities_array:[0.8459091  0.         0.15409091]

rule2: 32.769 < age < 38.759
probabilities_array:[0.8369693  0.         0.16303065]

rule1: 25.306 < age < 32.769
probabilities_array:[0.83145213 0.         0.16854784]

rule20: smoker_yes = 0.0
probabilities_array:[0.8130042  0.         0.18699579]

rule0: age < 25.306
probabilities_array:[0.7760965  0.         0.22390349]


---1---
rule5: age > 52.212
probabilities_array:[0.         0.91362417 0.08637585]

rule21: smoker_yes = 1.0
probabilities_array:[0.         0.88946384 0.11053614]

rule16: children = 4.0
probabilities_array:[0.         0.56124336 0.43875661]

rule17: children = 5.0
probabilities_array:[0.        0.4553752 0.5446248]

rule24: region_southeast = 0.0
probabilities_array:[0.        0.3836788 0.6163212]

rule22: region_northwest = 0.0
probabilities_array:[0.        0.3602234 0.6397766]

rule11: bmi > 36.534
probabilities_array:[0.         0.34710222 0.6528978 ]

rule26: region_southwest = 0.0
probabilities_array:[0.         0.33230928 0.66769075]

rule23: region_northwest = 1.0
probabilities_array:[0.         0.30640677 0.6935932 ]

rule14: children = 2.0
probabilities_array:[0.         0.30086204 0.699138  ]

rule9: 30.601 < bmi < 33.243
probabilities_array:[0.         0.29822245 0.7017775 ]

rule10: 33.243 < bmi < 36.534
probabilities_array:[0.       0.289289 0.710711]

rule7: 24.667 < bmi < 27.959
probabilities_array:[0.         0.26945418 0.7305458 ]

rule15: children = 3.0
probabilities_array:[0.         0.25402308 0.7459769 ]

rule4: 44.749 < age < 52.212
probabilities_array:[0.06385867 0.19959609 0.73654526]

