R2: -3.236220413537957

MAE: 208415.56182820757

MSE: 56858869744.16101

Accuracy: 0.82031708749266

F1: 0.8202536230009468

Confusion Matrix: [[2730, 609], [615, 2858]]

Uncertainties: {'class0': [0.77211993932724, 0.76185142993927, 0.7442939281463623, 0.7395252585411072, 0.7323821783065796], 'class1': [0.7187601923942566, 0.6559949517250061, 0.6516082882881165, 0.6446205377578735, 0.5867950916290283]}

Most important rules
-----------------------------

---0---
rule28: median_income < 2.584
probabilities_array:[0.71138775 0.         0.28861225]

rule23: population > 2199.237
probabilities_array:[0.6958878  0.         0.30411217]

rule33: ocean_proximity_INLAND = 1.0
probabilities_array:[0.6355108  0.         0.36448917]

rule3: longitude > -118.203
probabilities_array:[0.5245813  0.         0.47541872]

rule24: households < 239.966
probabilities_array:[0.49682173 0.         0.50317824]

rule12: total_rooms < 1143.610
probabilities_array:[0.47290355 0.0071967  0.5198997 ]

rule7: latitude > 37.054
probabilities_array:[0.45785606 0.         0.54214394]

rule1: -120.894 < longitude < -119.549
probabilities_array:[0.42536837 0.         0.57463163]

rule22: 1432.674 < population < 2199.237
probabilities_array:[0.40077767 0.         0.59922236]

rule6: 35.616 < latitude < 37.054
probabilities_array:[0.30230922 0.         0.6976908 ]

rule16: total_bedrooms < 252.003
probabilities_array:[0.2604747  0.         0.73952526]

rule29: 2.584 < median_income < 3.861
probabilities_array:[0.24881831 0.01879955 0.7323822 ]

rule17: 252.003 < total_bedrooms < 539.093
probabilities_array:[0.25570607 0.         0.7442939 ]

rule8: housing_median_age < 20.098
probabilities_array:[0.2381486  0.         0.76185143]

rule25: 239.966 < households < 501.816
probabilities_array:[0.22788006 0.         0.77211994]


---1---
rule31: median_income > 5.137
probabilities_array:[0.        0.9207801 0.0792199]

rule35: ocean_proximity_ISLAND = 1.0
probabilities_array:[0.         0.69025683 0.3097432 ]

rule20: population < 666.110
probabilities_array:[0.         0.67634267 0.32365733]

rule32: ocean_proximity_INLAND = 0.0
probabilities_array:[0.         0.63558835 0.36441165]

rule30: 3.861 < median_income < 5.137
probabilities_array:[0.        0.5501613 0.4498387]

rule0: longitude < -120.894
probabilities_array:[0.        0.4986629 0.5013372]

rule15: total_rooms > 4150.279
probabilities_array:[0.05689104 0.41104248 0.53206646]

rule27: households > 763.665
probabilities_array:[0.        0.4132049 0.5867951]

rule5: 34.179 < latitude < 35.616
probabilities_array:[1.03920254e-04 3.55275542e-01 6.44620538e-01]

rule4: latitude < 34.179
probabilities_array:[0.         0.34400505 0.65599495]

rule14: 2646.945 < total_rooms < 4150.279
probabilities_array:[0.03731937 0.31107232 0.6516083 ]

rule19: total_bedrooms > 826.182
probabilities_array:[0.         0.28123984 0.7187602 ]

