R2: -3.193467176172362

MAE: 206911.67962604229

MSE: 56218398727.69272

Accuracy: 0.8188490898414562

F1: 0.818847824990701

Confusion Matrix: [[2798, 616], [618, 2780]]

Uncertainties: {'class0': [0.7916907072067261, 0.6971084475517273, 0.6757645606994629, 0.613915205001831, 0.6094961762428284], 'class1': [0.7827870845794678, 0.7457218170166016, 0.7430712580680847, 0.7362845540046692, 0.7282504439353943]}

Most important rules
-----------------------------

---0---
rule28: median_income < 2.598
probabilities_array:[0.8051512  0.         0.19484878]

rule33: ocean_proximity_INLAND = 1.0
probabilities_array:[0.6882468  0.         0.31175318]

rule23: population > 2175.389
probabilities_array:[0.6490753  0.         0.35092467]

rule3: longitude > -118.221
probabilities_array:[0.60359544 0.         0.39640453]

rule12: total_rooms < 1188.607
probabilities_array:[0.5217125  0.03547379 0.44281372]

rule24: households < 246.355
probabilities_array:[0.50474447 0.         0.49525556]

rule7: latitude > 37.071
probabilities_array:[0.47124913 0.         0.5287509 ]

rule29: 2.598 < median_income < 3.876
probabilities_array:[0.4134716  0.         0.58652836]

rule6: 35.635 < latitude < 37.071
probabilities_array:[0.39400083 0.         0.6059992 ]

rule22: 1435.865 < population < 2175.389
probabilities_array:[0.3905038 0.        0.6094962]

rule16: total_bedrooms < 260.290
probabilities_array:[0.3860848 0.        0.6139152]

rule25: 246.355 < households < 503.420
probabilities_array:[0.32423544 0.         0.67576456]

rule1: -120.925 < longitude < -119.573
probabilities_array:[0.30289158 0.         0.69710845]

rule17: 260.290 < total_bedrooms < 540.629
probabilities_array:[0.20830928 0.         0.7916907 ]


---1---
rule31: median_income > 5.154
probabilities_array:[0.         0.87930554 0.12069448]

rule35: ocean_proximity_ISLAND = 1.0
probabilities_array:[0.        0.7908172 0.2091828]

rule20: population < 696.341
probabilities_array:[0.         0.7419381  0.25806186]

rule32: ocean_proximity_INLAND = 0.0
probabilities_array:[0.         0.5929908  0.40700915]

rule0: longitude < -120.925
probabilities_array:[0.         0.55572796 0.44427204]

rule4: latitude < 34.200
probabilities_array:[0.        0.4688863 0.5311137]

rule30: 3.876 < median_income < 5.154
probabilities_array:[0.         0.40398002 0.59602   ]

rule15: total_rooms > 4130.300
probabilities_array:[0.04072453 0.3486946  0.6105808 ]

rule27: households > 760.485
probabilities_array:[0.         0.35331324 0.6466868 ]

rule5: 34.200 < latitude < 35.635
probabilities_array:[0.         0.27174956 0.72825044]

rule19: total_bedrooms > 820.968
probabilities_array:[0.         0.26371548 0.73628455]

rule21: 696.341 < population < 1435.865
probabilities_array:[0.         0.25427818 0.7457218 ]

rule14: 2659.454 < total_rooms < 4130.300
probabilities_array:[0.02626009 0.23066868 0.74307126]

rule9: 20.096 < housing_median_age < 28.592
probabilities_array:[0.00155377 0.21565917 0.7827871 ]

