R2: 0.4365010443434518

MAE: 10.12635294117647

MSE: 161.70511117647058

Accuracy: 0.8382352941176471

F1: 0.8380657955126041

Confusion Matrix: [[137, 25], [30, 148]]

Uncertainties: {'class0': [0.17512619495391846, 0.2680772542953491, 0.39712828397750854, 0.42916637659072876, 0.4346582293510437], 'class1': [0.27704620361328125, 0.3570956289768219, 0.39613330364227295, 0.41585826873779297, 0.4462415874004364]}

Most important rules
-----------------------------

---0---
rule28: age < 2.806
probabilities_array:[0.8248738 0.        0.1751262]

rule29: 2.806 < age < 44.838
probabilities_array:[0.73192275 0.         0.26807725]

rule0: cement < 209.278
probabilities_array:[0.6028717  0.         0.39712828]

rule15: water > 195.050
probabilities_array:[0.5708336  0.         0.42916638]

rule27: fine_aggregate > 827.464
probabilities_array:[0.5653418  0.         0.43465823]

rule16: superplasticizer < 2.196
probabilities_array:[0.41148266 0.         0.5885173 ]

rule14: 181.230 < water < 195.050
probabilities_array:[0.40142983 0.         0.59857017]

rule4: blast_furnace_slag < 16.322
probabilities_array:[0.23736267 0.00265809 0.7599793 ]


---1---
rule31: age > 86.870
probabilities_array:[0.        0.7229538 0.2770462]

rule24: fine_aggregate < 719.674
probabilities_array:[0.         0.64290434 0.35709563]

rule30: 44.838 < age < 86.870
probabilities_array:[0.        0.6038667 0.3961333]

rule3: cement > 349.281
probabilities_array:[0.         0.58414173 0.41585827]

rule20: coarse_aggregate < 920.911
probabilities_array:[0.        0.5537584 0.4462416]

rule10: 54.153 < fly_ash < 97.190
probabilities_array:[0.         0.52346903 0.476531  ]

rule22: 974.089 < coarse_aggregate < 1027.267
probabilities_array:[0.         0.51536304 0.484637  ]

rule19: superplasticizer > 9.975
probabilities_array:[0.      0.49078 0.50922]

rule6: 75.627 < blast_furnace_slag < 134.932
probabilities_array:[0.         0.48911273 0.51088727]

rule12: water < 167.409
probabilities_array:[0.         0.47072923 0.52927077]

rule9: 11.116 < fly_ash < 54.153
probabilities_array:[0.         0.44985768 0.55014235]

rule13: 167.409 < water < 181.230
probabilities_array:[0.         0.43514356 0.5648564 ]

rule8: fly_ash < 11.116
probabilities_array:[0.         0.38530493 0.6146951 ]

rule21: 920.911 < coarse_aggregate < 974.089
probabilities_array:[0.         0.37408087 0.62591916]

rule23: coarse_aggregate > 1027.267
probabilities_array:[0.         0.35969046 0.6403095 ]

rule17: 2.196 < superplasticizer < 6.086
probabilities_array:[0.         0.35154104 0.64845896]

rule2: 279.279 < cement < 349.281
probabilities_array:[0.        0.3107351 0.6892649]

