R2: 0.474634528221087

MAE: 9.479588235294118

MSE: 134.0474794117647

Accuracy: 0.8441176470588235

F1: 0.842635205351451

Confusion Matrix: [[160, 22], [31, 127]]

Uncertainties: {'class0': [0.019821248948574066, 0.2631775736808777, 0.3216228783130646, 0.3363465666770935, 0.5113816261291504], 'class1': [0.22447514533996582, 0.29707247018814087, 0.3116084635257721, 0.31931933760643005, 0.380637526512146]}

Most important rules
-----------------------------

---0---
rule28: age < 3.826
probabilities_array:[0.9801788  0.         0.01982125]

rule0: cement < 209.072
probabilities_array:[0.7368224  0.         0.26317757]

rule15: water > 195.470
probabilities_array:[0.67837715 0.         0.32162288]

rule29: 3.826 < age < 48.851
probabilities_array:[0.66365343 0.         0.33634657]

rule27: fine_aggregate > 834.436
probabilities_array:[0.48861837 0.         0.5113816 ]

rule16: superplasticizer < 2.162
probabilities_array:[0.38491452 0.         0.6150855 ]

rule14: 181.095 < water < 195.470
probabilities_array:[0.37606317 0.         0.62393683]

rule1: 209.072 < cement < 278.553
probabilities_array:[0.35989612 0.         0.6401039 ]

rule4: blast_furnace_slag < 17.535
probabilities_array:[0.32773346 0.         0.67226654]


---1---
rule31: age > 93.876
probabilities_array:[0.         0.77552485 0.22447515]

rule3: cement > 348.033
probabilities_array:[0.         0.70292753 0.29707247]

rule30: 48.851 < age < 93.876
probabilities_array:[0.         0.6883915  0.31160846]

rule9: 8.822 < fly_ash < 51.658
probabilities_array:[0.         0.6806807  0.31931934]

rule24: fine_aggregate < 724.719
probabilities_array:[0.         0.6193625  0.38063753]

rule12: water < 166.720
probabilities_array:[0.         0.57210535 0.42789462]

rule19: superplasticizer > 10.331
probabilities_array:[0.         0.4958975  0.50410247]

rule6: 75.895 < blast_furnace_slag < 134.255
probabilities_array:[0.        0.4531958 0.5468042]

rule18: 6.247 < superplasticizer < 10.331
probabilities_array:[0.         0.43833417 0.56166583]

rule2: 278.553 < cement < 348.033
probabilities_array:[0.         0.40548903 0.594511  ]

rule8: fly_ash < 8.822
probabilities_array:[0.         0.40526077 0.5947392 ]

rule21: 918.844 < coarse_aggregate < 971.108
probabilities_array:[0.         0.37065277 0.6293472 ]

rule17: 2.162 < superplasticizer < 6.247
probabilities_array:[0.         0.34119046 0.65880954]

rule25: 724.719 < fine_aggregate < 779.578
probabilities_array:[0.         0.30045244 0.6995475 ]

rule20: coarse_aggregate < 918.844
probabilities_array:[0.         0.25113767 0.7488623 ]

rule5: 17.535 < blast_furnace_slag < 75.895
probabilities_array:[0.02336279 0.23893656 0.73770064]

rule13: 166.720 < water < 181.095
probabilities_array:[0.01757654 0.23592247 0.74650097]

rule11: fly_ash > 94.494
probabilities_array:[0.         0.24433655 0.75566345]

