R2: 0.5036540225357325

MAE: 9.538014705882354

MSE: 137.66241830882353

Accuracy: 0.8735294117647059

F1: 0.8712744882236408

Confusion Matrix: [[126, 16], [27, 171]]

Uncertainties: {'class0': [0.04104618728160858, 0.17215904593467712, 0.29958808422088623, 0.30000436305999756, 0.42745891213417053], 'class1': [0.1304364651441574, 0.26864704489707947, 0.2755526602268219, 0.3703719675540924, 0.38501212000846863]}

Most important rules
-----------------------------

---0---
rule28: age < 4.586
probabilities_array:[0.9589538  0.         0.04104619]

rule15: water > 195.945
probabilities_array:[0.8278409  0.         0.17215905]

rule27: fine_aggregate > 828.744
probabilities_array:[0.7004119  0.         0.29958808]

rule0: cement < 207.991
probabilities_array:[0.69999564 0.         0.30000436]

rule29: 4.586 < age < 42.759
probabilities_array:[0.5725411 0.        0.4274589]

rule14: 181.834 < water < 195.945
probabilities_array:[0.47883973 0.         0.5211603 ]

rule16: superplasticizer < 2.014
probabilities_array:[0.47340748 0.         0.5265925 ]

rule1: 207.991 < cement < 277.298
probabilities_array:[0.3512064 0.        0.6487936]

rule26: 775.807 < fine_aggregate < 828.744
probabilities_array:[0.29743508 0.00266035 0.6999046 ]


---1---
rule31: age > 80.933
probabilities_array:[0.         0.8695635  0.13043647]

rule30: 42.759 < age < 80.933
probabilities_array:[0.         0.7313529  0.26864704]

rule3: cement > 346.605
probabilities_array:[0.         0.7244473  0.27555266]

rule17: 2.014 < superplasticizer < 6.080
probabilities_array:[0.         0.629628   0.37037197]

rule24: fine_aggregate < 722.871
probabilities_array:[0.         0.61498785 0.38501212]

rule12: water < 167.722
probabilities_array:[0.        0.6087161 0.3912839]

rule10: 54.311 < fly_ash < 97.859
probabilities_array:[0.         0.58865714 0.41134286]

rule6: 76.811 < blast_furnace_slag < 135.873
probabilities_array:[0.         0.57933563 0.42066437]

rule19: superplasticizer > 10.146
probabilities_array:[0.        0.5398056 0.4601944]

rule20: coarse_aggregate < 916.961
probabilities_array:[0.         0.53865725 0.46134275]

rule2: 277.298 < cement < 346.605
probabilities_array:[0.         0.45303196 0.54696804]

rule8: fly_ash < 10.763
probabilities_array:[0.         0.4381794  0.56182057]

rule18: 6.080 < superplasticizer < 10.146
probabilities_array:[0.         0.42848438 0.5715156 ]

rule9: 10.763 < fly_ash < 54.311
probabilities_array:[0.         0.35426593 0.6457341 ]

rule7: blast_furnace_slag > 135.873
probabilities_array:[0.         0.21989459 0.7801054 ]

rule5: 17.750 < blast_furnace_slag < 76.811
probabilities_array:[0.09578463 0.17006324 0.73415214]

rule22: 969.607 < coarse_aggregate < 1022.254
probabilities_array:[0.         0.2073175  0.79268247]

rule13: 167.722 < water < 181.834
probabilities_array:[0.05221507 0.17752834 0.7702566 ]

