R2: 0.5003249223104953

MAE: 8.955294117647059

MSE: 124.27000000000001

Accuracy: 0.8764705882352941

F1: 0.8763636363636365

Confusion Matrix: [[154, 19], [23, 144]]

Uncertainties: {'class0': [0.04721032828092575, 0.29634004831314087, 0.3177697956562042, 0.32436224818229675, 0.4885895252227783], 'class1': [0.08708006143569946, 0.14754237234592438, 0.2104598581790924, 0.38861310482025146, 0.46322911977767944]}

Most important rules
-----------------------------

---0---
rule28: age < 3.915
probabilities_array:[0.95278966 0.         0.04721033]

rule15: water > 195.562
probabilities_array:[0.70365995 0.         0.29634005]

rule0: cement < 209.571
probabilities_array:[0.6822302 0.        0.3177698]

rule27: fine_aggregate > 826.638
probabilities_array:[0.6756377  0.         0.32436225]

rule16: superplasticizer < 2.188
probabilities_array:[0.5114105  0.         0.48858953]

rule14: 181.477 < water < 195.562
probabilities_array:[0.40854564 0.         0.5914543 ]

rule29: 3.915 < age < 45.591
probabilities_array:[0.36705878 0.         0.63294125]

rule1: 209.571 < cement < 281.674
probabilities_array:[0.28841937 0.         0.71158063]

rule11: fly_ash > 98.839
probabilities_array:[0.2771207 0.0189194 0.7039598]

rule23: coarse_aggregate > 1027.336
probabilities_array:[0.2167131  0.         0.78328687]

rule5: 14.790 < blast_furnace_slag < 72.479
probabilities_array:[0.20158157 0.         0.7984184 ]


---1---
rule31: age > 87.268
probabilities_array:[0.         0.91291994 0.08708006]

rule3: cement > 353.778
probabilities_array:[0.         0.85245764 0.14754237]

rule30: 45.591 < age < 87.268
probabilities_array:[0.         0.7895401  0.21045986]

rule12: water < 167.392
probabilities_array:[0.        0.6113869 0.3886131]

rule9: 11.854 < fly_ash < 55.347
probabilities_array:[0.         0.5367709  0.46322912]

rule24: fine_aggregate < 718.962
probabilities_array:[0.         0.53576833 0.46423167]

rule2: 281.674 < cement < 353.778
probabilities_array:[0.         0.53003156 0.46996847]

rule13: 167.392 < water < 181.477
probabilities_array:[0.         0.43241516 0.5675848 ]

rule18: 6.301 < superplasticizer < 10.414
probabilities_array:[0.        0.4084417 0.5915583]

rule19: superplasticizer > 10.414
probabilities_array:[0.        0.3824973 0.6175027]

rule17: 2.188 < superplasticizer < 6.301
probabilities_array:[0.        0.3645733 0.6354267]

rule6: 72.479 < blast_furnace_slag < 130.168
probabilities_array:[0.         0.36048853 0.63951147]

rule7: blast_furnace_slag > 130.168
probabilities_array:[0.         0.35966632 0.6403337 ]

rule10: 55.347 < fly_ash < 98.839
probabilities_array:[0.         0.35865173 0.64134824]

rule20: coarse_aggregate < 920.391
probabilities_array:[0.03158198 0.23233022 0.73608774]

