R2: 0.41551113448416976

MAE: 9.706941176470588

MSE: 150.95908764705882

Accuracy: 0.8264705882352941

F1: 0.8263489123001411

Confusion Matrix: [[145, 28], [31, 136]]

Uncertainties: {'class0': [0.18973688781261444, 0.3141193687915802, 0.33665379881858826, 0.3367297649383545, 0.4302193522453308], 'class1': [0.2394561469554901, 0.27317023277282715, 0.39340323209762573, 0.43733975291252136, 0.44898322224617004]}

Most important rules
-----------------------------

---0---
rule28: age < 2.904
probabilities_array:[0.8102631  0.         0.18973689]

rule15: water > 196.055
probabilities_array:[0.6858806  0.         0.31411937]

rule27: fine_aggregate > 828.400
probabilities_array:[0.6633462 0.        0.3366538]

rule29: 2.904 < age < 46.288
probabilities_array:[0.66327024 0.         0.33672976]

rule0: cement < 212.126
probabilities_array:[0.56978065 0.         0.43021935]

rule16: superplasticizer < 2.196
probabilities_array:[0.45780715 0.         0.5421929 ]

rule14: 181.544 < water < 196.055
probabilities_array:[0.32595795 0.         0.67404205]

rule11: fly_ash > 97.266
probabilities_array:[0.27064386 0.         0.7293561 ]

rule1: 212.126 < cement < 283.007
probabilities_array:[0.22488005 0.         0.77511996]


---1---
rule31: age > 89.673
probabilities_array:[0.         0.7605438  0.23945615]

rule30: 46.288 < age < 89.673
probabilities_array:[0.         0.72682977 0.27317023]

rule24: fine_aggregate < 719.365
probabilities_array:[0.         0.60659677 0.39340323]

rule3: cement > 353.887
probabilities_array:[0.         0.5626603  0.43733975]

rule9: 11.568 < fly_ash < 54.417
probabilities_array:[0.         0.55101675 0.44898322]

rule19: superplasticizer > 10.391
probabilities_array:[0.         0.52869195 0.47130802]

rule8: fly_ash < 11.568
probabilities_array:[0.       0.500119 0.499881]

rule20: coarse_aggregate < 918.772
probabilities_array:[0.         0.48484305 0.515157  ]

rule17: 2.196 < superplasticizer < 6.293
probabilities_array:[0.         0.47839662 0.52160335]

rule10: 54.417 < fly_ash < 97.266
probabilities_array:[0.        0.4516762 0.5483238]

rule12: water < 167.034
probabilities_array:[0.         0.4307979  0.56920207]

rule5: 15.171 < blast_furnace_slag < 74.484
probabilities_array:[0.00312952 0.36312565 0.6337448 ]

rule13: 167.034 < water < 181.544
probabilities_array:[0.         0.33784708 0.6621529 ]

rule18: 6.293 < superplasticizer < 10.391
probabilities_array:[0.         0.32883587 0.67116416]

rule2: 283.007 < cement < 353.887
probabilities_array:[0.03173319 0.2347569  0.7335099 ]

rule6: 74.484 < blast_furnace_slag < 133.798
probabilities_array:[0.00230938 0.2404312  0.7572594 ]

rule21: 918.772 < coarse_aggregate < 971.363
probabilities_array:[0.        0.2216111 0.7783889]

