R2: 0.5036414126114059

MAE: 9.517323529411764

MSE: 142.7411161764706

Accuracy: 0.8676470588235294

F1: 0.8674532837799205

Confusion Matrix: [[154, 15], [30, 141]]

Uncertainties: {'class0': [0.016969377174973488, 0.2737117111682892, 0.3089647591114044, 0.3292979896068573, 0.3717552423477173], 'class1': [0.1998271644115448, 0.21980726718902588, 0.2507024109363556, 0.37176984548568726, 0.4220185875892639]}

Most important rules
-----------------------------

---0---
rule28: age < 3.223
probabilities_array:[0.9830306  0.         0.01696938]

rule15: water > 196.611
probabilities_array:[0.72628826 0.         0.2737117 ]

rule29: 3.223 < age < 45.938
probabilities_array:[0.6910352  0.         0.30896476]

rule0: cement < 215.424
probabilities_array:[0.670702 0.       0.329298]

rule27: fine_aggregate > 827.007
probabilities_array:[0.6220276  0.00621715 0.37175524]

rule16: superplasticizer < 2.045
probabilities_array:[0.5286262  0.         0.47137383]

rule14: 181.975 < water < 196.611
probabilities_array:[0.44371068 0.         0.5562893 ]

rule1: 215.424 < cement < 286.760
probabilities_array:[0.33184245 0.         0.6681575 ]

rule11: fly_ash > 97.125
probabilities_array:[0.22014582 0.01410963 0.7657445 ]

rule25: 717.641 < fine_aggregate < 772.324
probabilities_array:[0.18898152 0.04920094 0.76181763]


---1---
rule3: cement > 358.097
probabilities_array:[0.         0.8001728  0.19982716]

rule31: age > 88.652
probabilities_array:[0.         0.78019273 0.21980727]

rule9: 10.400 < fly_ash < 53.762
probabilities_array:[0.        0.7492976 0.2507024]

rule30: 45.938 < age < 88.652
probabilities_array:[0.         0.62823015 0.37176985]

rule24: fine_aggregate < 717.641
probabilities_array:[0.        0.5779814 0.4220186]

rule19: superplasticizer > 10.346
probabilities_array:[0.         0.55619097 0.44380906]

rule12: water < 167.339
probabilities_array:[0.         0.546661   0.45333898]

rule17: 2.045 < superplasticizer < 6.196
probabilities_array:[0.         0.49699813 0.50300187]

rule20: coarse_aggregate < 916.442
probabilities_array:[0.         0.47910684 0.52089316]

rule7: blast_furnace_slag > 129.495
probabilities_array:[0.         0.45720097 0.542799  ]

rule10: 53.762 < fly_ash < 97.125
probabilities_array:[0.        0.4396307 0.5603693]

rule6: 72.261 < blast_furnace_slag < 129.495
probabilities_array:[0.         0.3898588  0.61014116]

rule18: 6.196 < superplasticizer < 10.346
probabilities_array:[0.         0.38806716 0.6119329 ]

rule2: 286.760 < cement < 358.097
probabilities_array:[0.         0.38230833 0.61769164]

rule13: 167.339 < water < 181.975
probabilities_array:[0.         0.37457344 0.62542653]

rule8: fly_ash < 10.400
probabilities_array:[0.         0.3688844  0.63111556]

rule21: 916.442 < coarse_aggregate < 969.228
probabilities_array:[0.         0.28948435 0.7105157 ]

rule22: 969.228 < coarse_aggregate < 1022.014
probabilities_array:[0.00342456 0.2777969  0.71877855]

rule5: 15.028 < blast_furnace_slag < 72.261
probabilities_array:[0.02454262 0.23188022 0.7435772 ]

rule4: blast_furnace_slag < 15.028
probabilities_array:[0.03981642 0.18326193 0.77692163]

