R2: 0.48756037266932273

MAE: 9.614088235294117

MSE: 143.82331911764706

Accuracy: 0.8441176470588235

F1: 0.8432702761469885

Confusion Matrix: [[156, 29], [24, 131]]

Uncertainties: {'class0': [0.05908137559890747, 0.20444539189338684, 0.3562748432159424, 0.3744000196456909, 0.4994218945503235], 'class1': [0.14662927389144897, 0.23351073265075684, 0.25224000215530396, 0.275072306394577, 0.29242801666259766]}

Most important rules
-----------------------------

---0---
rule28: age < 4.249
probabilities_array:[0.9409186  0.         0.05908138]

rule15: water > 195.620
probabilities_array:[0.79555464 0.         0.20444539]

rule0: cement < 214.809
probabilities_array:[0.64372516 0.         0.35627484]

rule27: fine_aggregate > 827.846
probabilities_array:[0.6256     0.         0.37440002]

rule29: 4.249 < age < 45.633
probabilities_array:[0.5005781 0.        0.4994219]

rule14: 181.274 < water < 195.620
probabilities_array:[0.37714747 0.         0.62285256]

rule23: coarse_aggregate > 1027.729
probabilities_array:[0.36814395 0.         0.6318561 ]

rule16: superplasticizer < 2.148
probabilities_array:[0.35870868 0.         0.6412913 ]

rule11: fly_ash > 95.567
probabilities_array:[0.30778214 0.0041227  0.68809515]


---1---
rule31: age > 87.018
probabilities_array:[0.         0.8533707  0.14662927]

rule12: water < 166.928
probabilities_array:[0.         0.76648927 0.23351073]

rule24: fine_aggregate < 716.891
probabilities_array:[0.      0.74776 0.25224]

rule30: 45.633 < age < 87.018
probabilities_array:[0.         0.72492766 0.2750723 ]

rule9: 10.105 < fly_ash < 52.836
probabilities_array:[0.         0.707572   0.29242802]

rule3: cement > 357.269
probabilities_array:[0.         0.6507123  0.34928772]

rule17: 2.148 < superplasticizer < 6.137
probabilities_array:[0.         0.52378106 0.4762189 ]

rule19: superplasticizer > 10.126
probabilities_array:[0.      0.45232 0.54768]

rule18: 6.137 < superplasticizer < 10.126
probabilities_array:[0.         0.42411536 0.57588464]

rule13: 166.928 < water < 181.274
probabilities_array:[0.        0.3928486 0.6071514]

rule20: coarse_aggregate < 922.567
probabilities_array:[0.        0.3816347 0.6183653]

rule8: fly_ash < 10.105
probabilities_array:[0.         0.37593317 0.6240668 ]

rule2: 286.039 < cement < 357.269
probabilities_array:[0.00358303 0.32996792 0.6664491 ]

rule6: 71.830 < blast_furnace_slag < 129.684
probabilities_array:[0.01163994 0.26160404 0.72675604]

