R2: 0.45129621584747737

MAE: 9.948205882352942

MSE: 148.88412058823528

Accuracy: 0.8147058823529412

F1: 0.8141254262879754

Confusion Matrix: [[129, 32], [31, 148]]

Uncertainties: {'class0': [0.009442713111639023, 0.24981975555419922, 0.3897962272167206, 0.4348353445529938, 0.44357410073280334], 'class1': [0.10232909023761749, 0.13893339037895203, 0.17414720356464386, 0.32381492853164673, 0.39140021800994873]}

Most important rules
-----------------------------

---0---
rule28: age < 6.034
probabilities_array:[0.9905573  0.         0.00944271]

rule15: water > 194.676
probabilities_array:[0.75018024 0.         0.24981976]

rule27: fine_aggregate > 832.104
probabilities_array:[0.61020374 0.         0.38979623]

rule14: 180.586 < water < 194.676
probabilities_array:[0.5651647  0.         0.43483534]

rule0: cement < 206.406
probabilities_array:[0.55642587 0.         0.4435741 ]

rule29: 6.034 < age < 40.509
probabilities_array:[0.5062448  0.         0.49375525]

rule16: superplasticizer < 2.295
probabilities_array:[0.45963654 0.         0.5403635 ]

rule4: blast_furnace_slag < 16.873
probabilities_array:[0.37018085 0.         0.62981915]

rule26: 778.687 < fine_aggregate < 832.104
probabilities_array:[0.2168189  0.         0.78318113]

rule23: coarse_aggregate > 1026.631
probabilities_array:[0.21546398 0.         0.784536  ]


---1---
rule31: age > 74.984
probabilities_array:[0.         0.8976709  0.10232909]

rule30: 40.509 < age < 74.984
probabilities_array:[0.         0.8610666  0.13893339]

rule3: cement > 345.045
probabilities_array:[0.        0.8258528 0.1741472]

rule12: water < 166.496
probabilities_array:[0.         0.6761851  0.32381493]

rule24: fine_aggregate < 725.270
probabilities_array:[0.         0.6085998  0.39140022]

rule2: 275.725 < cement < 345.045
probabilities_array:[0.         0.52641296 0.47358707]

rule19: superplasticizer > 10.267
probabilities_array:[0.         0.51457804 0.48542196]

rule17: 2.295 < superplasticizer < 6.281
probabilities_array:[0.        0.4929647 0.5070353]

rule10: 54.418 < fly_ash < 97.058
probabilities_array:[0.         0.48360056 0.51639944]

rule6: 76.003 < blast_furnace_slag < 135.133
probabilities_array:[0.         0.47811437 0.52188563]

rule25: 725.270 < fine_aggregate < 778.687
probabilities_array:[0.         0.44359088 0.5564091 ]

rule20: coarse_aggregate < 922.231
probabilities_array:[0.         0.41089603 0.58910394]

rule18: 6.281 < superplasticizer < 10.267
probabilities_array:[0.01380191 0.2880259  0.6981722 ]

rule5: 16.873 < blast_furnace_slag < 76.003
probabilities_array:[0.00509423 0.2764213  0.71848446]

rule21: 922.231 < coarse_aggregate < 974.431
probabilities_array:[0.         0.26043817 0.73956186]

rule7: blast_furnace_slag > 135.133
probabilities_array:[0.         0.25683376 0.74316627]

rule13: 166.496 < water < 180.586
probabilities_array:[0.02919901 0.23426221 0.73653877]

rule8: fly_ash < 11.778
probabilities_array:[0.06794352 0.21083747 0.721219  ]

