R2: 0.40597384963352445

MAE: 10.143470588235294

MSE: 152.01366

Accuracy: 0.8205882352941176

F1: 0.8190842557942759

Confusion Matrix: [[124, 27], [34, 155]]

Uncertainties: {'class0': [0.021768897771835327, 0.1604519635438919, 0.2593829333782196, 0.2670786380767822, 0.4008335769176483], 'class1': [0.1331261545419693, 0.2715051770210266, 0.30086207389831543, 0.3270193338394165, 0.41987642645835876]}

Most important rules
-----------------------------

---0---
rule28: age < 3.534
probabilities_array:[0.9782311 0.        0.0217689]

rule0: cement < 207.835
probabilities_array:[0.83954805 0.         0.16045196]

rule27: fine_aggregate > 828.985
probabilities_array:[0.74061704 0.         0.25938293]

rule15: water > 195.397
probabilities_array:[0.73292136 0.         0.26707864]

rule29: 3.534 < age < 44.217
probabilities_array:[0.5991664  0.         0.40083358]

rule14: 181.394 < water < 195.397
probabilities_array:[0.5081305 0.        0.4918695]

rule16: superplasticizer < 2.282
probabilities_array:[0.350026 0.       0.649974]

rule1: 207.835 < cement < 279.223
probabilities_array:[0.3140372 0.        0.6859628]

rule26: 776.194 < fine_aggregate < 828.985
probabilities_array:[0.22692809 0.02558735 0.74748456]


---1---
rule31: age > 84.900
probabilities_array:[0.         0.86687386 0.13312615]

rule30: 44.217 < age < 84.900
probabilities_array:[0.         0.7284948  0.27150518]

rule3: cement > 350.610
probabilities_array:[0.         0.6991379  0.30086207]

rule12: water < 167.392
probabilities_array:[0.         0.67298067 0.32701933]

rule20: coarse_aggregate < 922.033
probabilities_array:[0.         0.5801236  0.41987643]

rule7: blast_furnace_slag > 127.710
probabilities_array:[0.        0.5543876 0.4456124]

rule19: superplasticizer > 9.784
probabilities_array:[0.         0.5073364  0.49266365]

rule24: fine_aggregate < 723.402
probabilities_array:[0.         0.5014145  0.49858552]

rule17: 2.282 < superplasticizer < 6.033
probabilities_array:[0.        0.4999266 0.5000734]

rule10: 55.821 < fly_ash < 99.343
probabilities_array:[0.         0.49467835 0.5053216 ]

rule9: 12.300 < fly_ash < 55.821
probabilities_array:[0.         0.45161402 0.548386  ]

rule8: fly_ash < 12.300
probabilities_array:[0.         0.43979436 0.56020564]

rule18: 6.033 < superplasticizer < 9.784
probabilities_array:[0.         0.42758155 0.57241845]

rule13: 167.392 < water < 181.394
probabilities_array:[0.         0.39997247 0.6000275 ]

rule6: 70.666 < blast_furnace_slag < 127.710
probabilities_array:[0.         0.39494848 0.6050515 ]

rule21: 922.033 < coarse_aggregate < 974.524
probabilities_array:[0.         0.31621134 0.68378866]

rule2: 279.223 < cement < 350.610
probabilities_array:[0.03759196 0.28157052 0.6808375 ]

rule22: 974.524 < coarse_aggregate < 1027.016
probabilities_array:[0.        0.2943564 0.7056436]

rule5: 13.622 < blast_furnace_slag < 70.666
probabilities_array:[0.05322052 0.26221335 0.68456614]

