R2: 0.4185969964838442

MAE: 10.346382352941177

MSE: 164.62083029411764

Accuracy: 0.8

F1: 0.7999999999999999

Confusion Matrix: [[136, 23], [45, 136]]

Uncertainties: {'class0': [0.1326424926519394, 0.27175256609916687, 0.31274762749671936, 0.317984402179718, 0.4275144934654236], 'class1': [0.2689395844936371, 0.3662334978580475, 0.425311803817749, 0.4421344995498657, 0.4628450274467468]}

Most important rules
-----------------------------

---0---
rule28: age < 1.984
probabilities_array:[0.8673575 0.        0.1326425]

rule0: cement < 211.473
probabilities_array:[0.7282474  0.         0.27175257]

rule15: water > 195.346
probabilities_array:[0.68725234 0.         0.31274763]

rule29: 1.984 < age < 44.023
probabilities_array:[0.6820156 0.        0.3179844]

rule27: fine_aggregate > 828.077
probabilities_array:[0.5724855 0.        0.4275145]

rule16: superplasticizer < 2.177
probabilities_array:[0.4885117 0.        0.5114883]

rule1: 211.473 < cement < 283.957
probabilities_array:[0.47833282 0.         0.5216672 ]

rule14: 181.289 < water < 195.346
probabilities_array:[0.31474537 0.         0.68525463]

rule26: 773.638 < fine_aggregate < 828.077
probabilities_array:[0.20049818 0.         0.79950184]


---1---
rule31: age > 86.062
probabilities_array:[0.         0.73106045 0.26893958]

rule30: 44.023 < age < 86.062
probabilities_array:[0.         0.63376653 0.3662335 ]

rule3: cement > 356.442
probabilities_array:[0.        0.5746882 0.4253118]

rule24: fine_aggregate < 719.199
probabilities_array:[0.        0.5578655 0.4421345]

rule13: 167.232 < water < 181.289
probabilities_array:[0.         0.537155   0.46284503]

rule12: water < 167.232
probabilities_array:[0.        0.5323448 0.4676552]

rule20: coarse_aggregate < 919.583
probabilities_array:[0.         0.5223223  0.47767767]

rule9: 10.194 < fly_ash < 52.915
probabilities_array:[0.         0.51427734 0.48572263]

rule8: fly_ash < 10.194
probabilities_array:[0.        0.4814236 0.5185764]

rule10: 52.915 < fly_ash < 95.636
probabilities_array:[0.         0.46221766 0.5377824 ]

rule21: 919.583 < coarse_aggregate < 972.583
probabilities_array:[0.         0.45641875 0.54358125]

rule22: 972.583 < coarse_aggregate < 1025.584
probabilities_array:[0.         0.4166611  0.58333886]

rule17: 2.177 < superplasticizer < 6.230
probabilities_array:[0.         0.38911813 0.61088187]

rule6: 74.090 < blast_furnace_slag < 131.059
probabilities_array:[0.         0.37141517 0.62858486]

rule19: superplasticizer > 10.283
probabilities_array:[0.         0.3629929  0.63700706]

rule2: 283.957 < cement < 356.442
probabilities_array:[0.03698326 0.2898327  0.67318404]

rule18: 6.230 < superplasticizer < 10.283
probabilities_array:[2.2784216e-04 2.9848719e-01 7.0128500e-01]

rule5: 17.120 < blast_furnace_slag < 74.090
probabilities_array:[0.         0.29245642 0.70754355]

