R2: 0.514287905415576

MAE: 9.145088235294118

MSE: 129.00415088235297

Accuracy: 0.8558823529411764

F1: 0.8557813000458798

Confusion Matrix: [[150, 32], [17, 141]]

Uncertainties: {'class0': [0.024969184771180153, 0.30973413586616516, 0.31256192922592163, 0.31737226247787476, 0.4549585282802582], 'class1': [0.15585577487945557, 0.19833263754844666, 0.2902914583683014, 0.41096025705337524, 0.43589603900909424]}

Most important rules
-----------------------------

---0---
rule28: age < 3.900
probabilities_array:[0.97503084 0.         0.02496918]

rule0: cement < 209.091
probabilities_array:[0.69026583 0.         0.30973414]

rule27: fine_aggregate > 826.991
probabilities_array:[0.6874381  0.         0.31256193]

rule15: water > 195.996
probabilities_array:[0.68262774 0.         0.31737226]

rule29: 3.900 < age < 44.191
probabilities_array:[0.5450415  0.         0.45495853]

rule16: superplasticizer < 2.021
probabilities_array:[0.53188807 0.         0.46811193]

rule9: 9.493 < fly_ash < 52.429
probabilities_array:[0.31111228 0.06198291 0.6269048 ]

rule14: 181.715 < water < 195.996
probabilities_array:[0.3243611 0.        0.6756389]

rule1: 209.091 < cement < 281.041
probabilities_array:[0.27496344 0.         0.72503656]

rule25: 719.574 < fine_aggregate < 773.283
probabilities_array:[0.23800151 0.00645107 0.7555474 ]

rule7: blast_furnace_slag > 135.470
probabilities_array:[0.21962632 0.02733895 0.7530347 ]


---1---
rule31: age > 84.482
probabilities_array:[0.         0.8441442  0.15585577]

rule30: 44.191 < age < 84.482
probabilities_array:[0.         0.8016674  0.19833264]

rule3: cement > 352.991
probabilities_array:[0.         0.7097086  0.29029146]

rule24: fine_aggregate < 719.574
probabilities_array:[0.         0.58903974 0.41096026]

rule20: coarse_aggregate < 920.636
probabilities_array:[0.         0.56410396 0.43589604]

rule6: 76.916 < blast_furnace_slag < 135.470
probabilities_array:[0.         0.5352376  0.46476236]

rule19: superplasticizer > 10.122
probabilities_array:[0.         0.5181584  0.48184162]

rule12: water < 167.434
probabilities_array:[0.         0.50772226 0.49227774]

rule8: fly_ash < 9.493
probabilities_array:[0.         0.4472477  0.55275226]

rule21: 920.636 < coarse_aggregate < 973.674
probabilities_array:[0.         0.42607024 0.5739298 ]

rule17: 2.021 < superplasticizer < 6.071
probabilities_array:[0.         0.36341387 0.6365861 ]

rule13: 167.434 < water < 181.715
probabilities_array:[0.         0.33974245 0.6602576 ]

rule18: 6.071 < superplasticizer < 10.122
probabilities_array:[0.         0.3339729  0.66602707]

rule22: 973.674 < coarse_aggregate < 1026.712
probabilities_array:[0.         0.27764118 0.7223588 ]

rule5: 18.362 < blast_furnace_slag < 76.916
probabilities_array:[0.02779151 0.22519721 0.74701124]

rule2: 281.041 < cement < 352.991
probabilities_array:[0.01156234 0.22583643 0.76260126]

