R2: 0.5046382808098089

MAE: 9.560441176470588

MSE: 136.51564852941178

Accuracy: 0.8558823529411764

F1: 0.8556713534492466

Confusion Matrix: [[152, 23], [26, 139]]

Uncertainties: {'class0': [0.017663557082414627, 0.27905091643333435, 0.30186039209365845, 0.30605512857437134, 0.42167022824287415], 'class1': [0.1437610536813736, 0.216523677110672, 0.21674565970897675, 0.3782281279563904, 0.39541688561439514]}

Most important rules
-----------------------------

---0---
rule28: age < 4.831
probabilities_array:[0.98233646 0.         0.01766356]

rule15: water > 195.421
probabilities_array:[0.72094905 0.         0.27905092]

rule0: cement < 206.743
probabilities_array:[0.6981396 0.        0.3018604]

rule27: fine_aggregate > 829.071
probabilities_array:[0.6939449  0.         0.30605513]

rule29: 4.831 < age < 46.025
probabilities_array:[0.5783298  0.         0.42167023]

rule14: 181.001 < water < 195.421
probabilities_array:[0.43359005 0.         0.56640995]

rule16: superplasticizer < 2.371
probabilities_array:[0.42447802 0.         0.575522  ]

rule4: blast_furnace_slag < 15.253
probabilities_array:[0.23615313 0.         0.7638469 ]


---1---
rule31: age > 87.218
probabilities_array:[0.         0.85623896 0.14376105]

rule30: 46.025 < age < 87.218
probabilities_array:[0.         0.78347635 0.21652368]

rule3: cement > 348.094
probabilities_array:[0.         0.7832543  0.21674566]

rule12: water < 166.582
probabilities_array:[0.         0.6217719  0.37822813]

rule2: 277.419 < cement < 348.094
probabilities_array:[0.        0.6045831 0.3954169]

rule24: fine_aggregate < 721.506
probabilities_array:[0.         0.5715311  0.42846888]

rule19: superplasticizer > 10.347
probabilities_array:[0.         0.52818406 0.47181594]

rule17: 2.371 < superplasticizer < 6.359
probabilities_array:[0.         0.46000502 0.53999496]

rule20: coarse_aggregate < 922.437
probabilities_array:[0.         0.43027556 0.56972444]

rule18: 6.359 < superplasticizer < 10.347
probabilities_array:[0.         0.42233106 0.57766896]

rule7: blast_furnace_slag > 127.072
probabilities_array:[0.         0.36430317 0.6356968 ]

rule6: 71.163 < blast_furnace_slag < 127.072
probabilities_array:[0.         0.3243083  0.67569166]

rule5: 15.253 < blast_furnace_slag < 71.163
probabilities_array:[0.05371116 0.29699495 0.6492939 ]

rule8: fly_ash < 14.146
probabilities_array:[0.00990686 0.29327503 0.6968181 ]

rule9: 14.146 < fly_ash < 57.863
probabilities_array:[0.         0.25874797 0.74125206]

rule22: 974.093 < coarse_aggregate < 1025.749
probabilities_array:[0.00197453 0.22418837 0.7738371 ]

