R2: 0.46577477634502207

MAE: 9.841676470588235

MSE: 153.2472144117647

Accuracy: 0.8352941176470589

F1: 0.8346016192362486

Confusion Matrix: [[131, 22], [34, 153]]

Uncertainties: {'class0': [0.048619307577610016, 0.27201977372169495, 0.3176145851612091, 0.37293216586112976, 0.4043531119823456], 'class1': [0.2467312216758728, 0.32226431369781494, 0.3967568576335907, 0.43801993131637573, 0.4433004558086395]}

Most important rules
-----------------------------

---0---
rule28: age < 1.736
probabilities_array:[0.95138067 0.         0.04861931]

rule29: 1.736 < age < 43.628
probabilities_array:[0.72798026 0.         0.27201977]

rule0: cement < 210.380
probabilities_array:[0.6823854 0.        0.3176146]

rule15: water > 195.715
probabilities_array:[0.6270678  0.         0.37293217]

rule27: fine_aggregate > 831.480
probabilities_array:[0.59564686 0.         0.4043531 ]

rule16: superplasticizer < 2.302
probabilities_array:[0.47056305 0.         0.52943695]

rule14: 181.259 < water < 195.715
probabilities_array:[0.36065388 0.         0.6393461 ]

rule1: 210.380 < cement < 280.808
probabilities_array:[0.34224036 0.         0.6577596 ]

rule26: 776.363 < fine_aggregate < 831.480
probabilities_array:[0.24680775 0.         0.75319225]


---1---
rule31: age > 85.519
probabilities_array:[0.         0.7532688  0.24673122]

rule3: cement > 351.237
probabilities_array:[0.        0.6777357 0.3222643]

rule6: 75.568 < blast_furnace_slag < 134.295
probabilities_array:[0.         0.6032431  0.39675686]

rule24: fine_aggregate < 721.247
probabilities_array:[0.         0.56198007 0.43801993]

rule10: 53.608 < fly_ash < 96.579
probabilities_array:[0.         0.5566995  0.44330046]

rule12: water < 166.803
probabilities_array:[0.         0.50889635 0.49110365]

rule30: 43.628 < age < 85.519
probabilities_array:[0.        0.5025068 0.4974932]

rule20: coarse_aggregate < 916.514
probabilities_array:[0.         0.49468207 0.5053179 ]

rule8: fly_ash < 10.637
probabilities_array:[0.         0.4425498  0.55745023]

rule19: superplasticizer > 10.553
probabilities_array:[0.         0.40719387 0.5928061 ]

rule22: 969.101 < coarse_aggregate < 1021.687
probabilities_array:[0.         0.33177736 0.6682226 ]

rule13: 166.803 < water < 181.259
probabilities_array:[0.         0.3137047  0.68629533]

rule23: coarse_aggregate > 1021.687
probabilities_array:[0.         0.30896017 0.69103986]

rule18: 6.427 < superplasticizer < 10.553
probabilities_array:[0.         0.29480928 0.7051907 ]

rule7: blast_furnace_slag > 134.295
probabilities_array:[0.         0.28328416 0.7167159 ]

rule11: fly_ash > 96.579
probabilities_array:[0.         0.27745816 0.7225418 ]

rule17: 2.302 < superplasticizer < 6.427
probabilities_array:[0.         0.25837559 0.7416244 ]

rule2: 280.808 < cement < 351.237
probabilities_array:[0.         0.23910344 0.76089656]

rule21: 916.514 < coarse_aggregate < 969.101
probabilities_array:[0.         0.22016092 0.7798391 ]

rule5: 16.841 < blast_furnace_slag < 75.568
probabilities_array:[0.11398955 0.1599171  0.72609335]

