R2: 0.47883660499870073

MAE: 9.43920588235294

MSE: 138.5031132352941

Accuracy: 0.8382352941176471

F1: 0.838233894756875

Confusion Matrix: [[143, 24], [31, 142]]

Uncertainties: {'class0': [0.0892399474978447, 0.28867003321647644, 0.3015182316303253, 0.34749817848205566, 0.5661100745201111], 'class1': [0.1445077657699585, 0.2890259325504303, 0.34901437163352966, 0.3750506639480591, 0.3943043649196625]}

Most important rules
-----------------------------

---0---
rule28: age < 5.400
probabilities_array:[0.91076005 0.         0.08923995]

rule15: water > 194.924
probabilities_array:[0.71132994 0.         0.28867003]

rule0: cement < 209.434
probabilities_array:[0.6984818  0.         0.30151823]

rule27: fine_aggregate > 824.658
probabilities_array:[0.6525018  0.         0.34749818]

rule7: blast_furnace_slag > 134.719
probabilities_array:[0.42035112 0.01353872 0.5661101 ]

rule26: 771.887 < fine_aggregate < 824.658
probabilities_array:[0.42119914 0.         0.57880086]

rule4: blast_furnace_slag < 16.761
probabilities_array:[0.39265853 0.         0.60734147]

rule16: superplasticizer < 2.259
probabilities_array:[0.3897301 0.        0.6102699]

rule29: 5.400 < age < 43.713
probabilities_array:[0.37495753 0.00829897 0.6167435 ]

rule14: 180.929 < water < 194.924
probabilities_array:[0.3770046  0.         0.62299544]

rule1: 209.434 < cement < 280.653
probabilities_array:[0.2539997 0.        0.7460003]


---1---
rule31: age > 82.026
probabilities_array:[0.         0.85549223 0.14450777]

rule30: 43.713 < age < 82.026
probabilities_array:[0.         0.71097404 0.28902593]

rule3: cement > 351.871
probabilities_array:[0.         0.6509856  0.34901437]

rule12: water < 166.934
probabilities_array:[0.         0.62494934 0.37505066]

rule24: fine_aggregate < 719.115
probabilities_array:[0.         0.60569566 0.39430436]

rule6: 75.740 < blast_furnace_slag < 134.719
probabilities_array:[0.        0.5850055 0.4149945]

rule8: fly_ash < 12.445
probabilities_array:[0.00111054 0.48452362 0.51436585]

rule13: 166.934 < water < 180.929
probabilities_array:[0.         0.48374677 0.51625323]

rule17: 2.259 < superplasticizer < 6.209
probabilities_array:[0.         0.43105602 0.568944  ]

rule18: 6.209 < superplasticizer < 10.158
probabilities_array:[0.        0.4103626 0.5896374]

rule20: coarse_aggregate < 919.886
probabilities_array:[0.      0.39706 0.60294]

rule19: superplasticizer > 10.158
probabilities_array:[0.         0.39013568 0.6098643 ]

rule10: 56.256 < fly_ash < 100.068
probabilities_array:[0.      0.35498 0.64502]

rule9: 12.445 < fly_ash < 56.256
probabilities_array:[0.         0.32222918 0.6777708 ]

rule22: 972.487 < coarse_aggregate < 1025.088
probabilities_array:[0.        0.2823726 0.7176274]

rule2: 280.653 < cement < 351.871
probabilities_array:[5.4227578e-04 2.7605268e-01 7.2340506e-01]

rule21: 919.886 < coarse_aggregate < 972.487
probabilities_array:[0.         0.20811203 0.791888  ]

