R2: 0.4663256017545738

MAE: 10.284882352941176

MSE: 163.2581626470588

Accuracy: 0.8352941176470589

F1: 0.8352941176470587

Confusion Matrix: [[142, 18], [38, 142]]

Uncertainties: {'class0': [0.011316629126667976, 0.2086581587791443, 0.2433883100748062, 0.34117045998573303, 0.36598044633865356], 'class1': [0.1621185839176178, 0.22162072360515594, 0.35241150856018066, 0.37406954169273376, 0.39291879534721375]}

Most important rules
-----------------------------

---0---
rule28: age < 4.048
probabilities_array:[0.98868334 0.         0.01131663]

rule0: cement < 211.901
probabilities_array:[0.79134184 0.         0.20865816]

rule15: water > 195.415
probabilities_array:[0.7566117  0.         0.24338831]

rule29: 4.048 < age < 42.635
probabilities_array:[0.65882957 0.         0.34117046]

rule27: fine_aggregate > 826.500
probabilities_array:[0.62964624 0.00437333 0.36598045]

rule16: superplasticizer < 2.433
probabilities_array:[0.47153872 0.         0.5284613 ]

rule25: 717.533 < fine_aggregate < 772.016
probabilities_array:[0.41817302 0.00066068 0.58116627]

rule26: 772.016 < fine_aggregate < 826.500
probabilities_array:[0.31991905 0.01701097 0.66306996]

rule14: 181.229 < water < 195.415
probabilities_array:[0.25772062 0.         0.74227935]


---1---
rule31: age > 81.222
probabilities_array:[0.         0.8378814  0.16211858]

rule3: cement > 351.507
probabilities_array:[0.         0.77837926 0.22162072]

rule30: 42.635 < age < 81.222
probabilities_array:[0.        0.6475885 0.3524115]

rule12: water < 167.043
probabilities_array:[0.         0.6259304  0.37406954]

rule9: 12.711 < fly_ash < 55.808
probabilities_array:[0.         0.60708123 0.3929188 ]

rule6: 72.329 < blast_furnace_slag < 130.409
probabilities_array:[0.         0.57936364 0.42063636]

rule24: fine_aggregate < 717.533
probabilities_array:[0.         0.5490537  0.45094627]

rule2: 281.704 < cement < 351.507
probabilities_array:[0.        0.4821771 0.5178229]

rule20: coarse_aggregate < 922.675
probabilities_array:[0.        0.4771998 0.5228002]

rule19: superplasticizer > 9.873
probabilities_array:[0.         0.4656811  0.53431886]

rule13: 167.043 < water < 181.229
probabilities_array:[0.         0.45552024 0.5444798 ]

rule18: 6.153 < superplasticizer < 9.873
probabilities_array:[0.        0.4230162 0.5769838]

rule8: fly_ash < 12.711
probabilities_array:[0.         0.41402647 0.5859735 ]

rule17: 2.433 < superplasticizer < 6.153
probabilities_array:[0.         0.39003977 0.6099602 ]

rule21: 922.675 < coarse_aggregate < 975.007
probabilities_array:[0.         0.37259272 0.62740725]

rule22: 975.007 < coarse_aggregate < 1027.339
probabilities_array:[0.         0.34812653 0.65187347]

rule7: blast_furnace_slag > 130.409
probabilities_array:[0.         0.30657053 0.69342947]

rule5: 14.250 < blast_furnace_slag < 72.329
probabilities_array:[0.04103784 0.28078738 0.6781748 ]

rule10: 55.808 < fly_ash < 98.904
probabilities_array:[0.         0.29652762 0.7034724 ]

