R2: 0.3908580741044143

MAE: 10.713852941176471

MSE: 179.6604120588235

Accuracy: 0.7941176470588235

F1: 0.7929066165465872

Confusion Matrix: [[148, 30], [40, 122]]

Uncertainties: {'class0': [0.12357017397880554, 0.2860698401927948, 0.28983721137046814, 0.3939392566680908, 0.48534345626831055], 'class1': [0.24238315224647522, 0.2799404561519623, 0.3423584997653961, 0.4025794267654419, 0.482350617647171]}

Most important rules
-----------------------------

---0---
rule28: age < 2.419
probabilities_array:[0.87642986 0.         0.12357017]

rule29: 2.419 < age < 46.559
probabilities_array:[0.71393013 0.         0.28606984]

rule15: water > 195.950
probabilities_array:[0.7101628 0.        0.2898372]

rule27: fine_aggregate > 827.872
probabilities_array:[0.60606074 0.         0.39393926]

rule0: cement < 211.778
probabilities_array:[0.51465654 0.         0.48534346]

rule16: superplasticizer < 2.091
probabilities_array:[0.44518062 0.         0.55481935]

rule14: 181.419 < water < 195.950
probabilities_array:[0.33733228 0.         0.66266775]

rule11: fly_ash > 97.662
probabilities_array:[2.5706354e-01 5.5862271e-04 7.4237776e-01]

rule4: blast_furnace_slag < 17.462
probabilities_array:[0.22395521 0.0153899  0.76065487]


---1---
rule31: age > 90.700
probabilities_array:[0.         0.7576168  0.24238315]

rule24: fine_aggregate < 718.976
probabilities_array:[0.         0.7200596  0.27994046]

rule30: 46.559 < age < 90.700
probabilities_array:[0.        0.6576415 0.3423585]

rule3: cement > 352.958
probabilities_array:[0.         0.5974206  0.40257943]

rule12: water < 166.888
probabilities_array:[0.         0.5176494  0.48235062]

rule19: superplasticizer > 10.404
probabilities_array:[0.        0.5026826 0.4973174]

rule10: 54.229 < fly_ash < 97.662
probabilities_array:[0.         0.48477188 0.5152281 ]

rule2: 282.368 < cement < 352.958
probabilities_array:[0.        0.4777882 0.5222118]

rule8: fly_ash < 10.797
probabilities_array:[0.00057768 0.44296768 0.5564546 ]

rule9: 10.797 < fly_ash < 54.229
probabilities_array:[0.         0.43879196 0.56120807]

rule20: coarse_aggregate < 918.260
probabilities_array:[0.        0.4238571 0.5761429]

rule13: 166.888 < water < 181.419
probabilities_array:[0.         0.4120966  0.58790344]

rule6: 75.150 < blast_furnace_slag < 132.838
probabilities_array:[0.         0.37801757 0.62198246]

rule21: 918.260 < coarse_aggregate < 971.530
probabilities_array:[0.         0.35730332 0.6426967 ]

rule18: 6.248 < superplasticizer < 10.404
probabilities_array:[0.         0.35729536 0.6427046 ]

rule17: 2.091 < superplasticizer < 6.248
probabilities_array:[0.        0.2886353 0.7113647]

rule5: 17.462 < blast_furnace_slag < 75.150
probabilities_array:[0.04952219 0.22486947 0.72560835]

