R2: 0.4436841309807208

MAE: 10.006941176470587

MSE: 151.1892605882353

Accuracy: 0.8352941176470589

F1: 0.8322230446582778

Confusion Matrix: [[165, 28], [28, 119]]

Uncertainties: {'class0': [0.02315659262239933, 0.2726931571960449, 0.27922165393829346, 0.32241931557655334, 0.42316514253616333], 'class1': [0.11486471444368362, 0.23012597858905792, 0.3282009959220886, 0.36528557538986206, 0.4049253463745117]}

Most important rules
-----------------------------

---0---
rule28: age < 5.468
probabilities_array:[0.9768434  0.         0.02315659]

rule15: water > 195.850
probabilities_array:[0.72730684 0.         0.27269316]

rule0: cement < 210.744
probabilities_array:[0.72077835 0.         0.27922165]

rule27: fine_aggregate > 824.819
probabilities_array:[0.67758065 0.         0.32241932]

rule16: superplasticizer < 2.386
probabilities_array:[0.57683486 0.         0.42316514]

rule29: 5.468 < age < 45.216
probabilities_array:[0.42146528 0.         0.5785347 ]

rule11: fly_ash > 99.897
probabilities_array:[0.36591235 0.         0.6340877 ]

rule25: 718.089 < fine_aggregate < 771.454
probabilities_array:[0.31062192 0.01257325 0.6768048 ]

rule14: 181.450 < water < 195.850
probabilities_array:[0.25899374 0.03761837 0.70338786]

rule26: 771.454 < fine_aggregate < 824.819
probabilities_array:[0.26452354 0.00720608 0.7282704 ]

rule4: blast_furnace_slag < 15.655
probabilities_array:[0.22518027 0.         0.77481973]


---1---
rule31: age > 84.964
probabilities_array:[0.         0.8851353  0.11486471]

rule30: 45.216 < age < 84.964
probabilities_array:[0.         0.76987404 0.23012598]

rule3: cement > 351.110
probabilities_array:[0.       0.671799 0.328201]

rule24: fine_aggregate < 718.089
probabilities_array:[0.         0.6347144  0.36528558]

rule12: water < 167.050
probabilities_array:[0.         0.59507465 0.40492535]

rule20: coarse_aggregate < 917.565
probabilities_array:[0.        0.5004868 0.4995132]

rule13: 167.050 < water < 181.450
probabilities_array:[0.        0.4832605 0.5167395]

rule18: 6.497 < superplasticizer < 10.607
probabilities_array:[0.         0.48296902 0.51703095]

rule19: superplasticizer > 10.607
probabilities_array:[0.         0.4774427  0.52255726]

rule8: fly_ash < 13.570
probabilities_array:[0.        0.4260508 0.5739492]

rule6: 74.100 < blast_furnace_slag < 132.545
probabilities_array:[0.        0.4008593 0.5991407]

rule22: 971.690 < coarse_aggregate < 1025.814
probabilities_array:[0.         0.35248768 0.6475123 ]

rule17: 2.386 < superplasticizer < 6.497
probabilities_array:[0.         0.31557742 0.6844226 ]

rule2: 280.927 < cement < 351.110
probabilities_array:[0.04762105 0.22829214 0.7240868 ]

rule5: 15.655 < blast_furnace_slag < 74.100
probabilities_array:[0.06074313 0.21007006 0.72918683]

