R2: 0.4447385990776298

MAE: 10.190411764705882

MSE: 164.05844176470586

Accuracy: 0.8323529411764706

F1: 0.8322353898492889

Confusion Matrix: [[137, 30], [27, 146]]

Uncertainties: {'class0': [0.2978024184703827, 0.35374191403388977, 0.3908696472644806, 0.4900975823402405, 0.560916543006897], 'class1': [0.258625328540802, 0.30953294038772583, 0.33271676301956177, 0.3831825852394104, 0.43502238392829895]}

Most important rules
-----------------------------

---0---
rule29: 2.933 < age < 46.520
probabilities_array:[0.7021976  0.         0.29780242]

rule15: water > 196.408
probabilities_array:[0.64625806 0.         0.3537419 ]

rule0: cement < 209.724
probabilities_array:[0.6091304  0.         0.39086965]

rule27: fine_aggregate > 828.158
probabilities_array:[0.5099024  0.         0.49009758]

rule16: superplasticizer < 2.059
probabilities_array:[0.43908346 0.         0.56091654]

rule4: blast_furnace_slag < 16.300
probabilities_array:[0.30403998 0.         0.69596004]

rule14: 182.254 < water < 196.408
probabilities_array:[0.3029471 0.        0.6970529]

rule9: 9.298 < fly_ash < 52.121
probabilities_array:[0.2680068 0.        0.7319932]

rule26: 774.801 < fine_aggregate < 828.158
probabilities_array:[2.1245772e-01 8.9585199e-05 7.8745270e-01]


---1---
rule31: age > 90.108
probabilities_array:[0.         0.7413747  0.25862533]

rule3: cement > 351.127
probabilities_array:[0.         0.69046706 0.30953294]

rule30: 46.520 < age < 90.108
probabilities_array:[0.         0.66728324 0.33271676]

rule24: fine_aggregate < 721.444
probabilities_array:[0.        0.6168174 0.3831826]

rule19: superplasticizer > 9.858
probabilities_array:[0.         0.5649776  0.43502238]

rule6: 75.116 < blast_furnace_slag < 133.931
probabilities_array:[0.         0.5322409  0.46775907]

rule12: water < 168.101
probabilities_array:[0.         0.44378835 0.55621165]

rule8: fly_ash < 9.298
probabilities_array:[0.        0.4383117 0.5616883]

rule17: 2.059 < superplasticizer < 5.958
probabilities_array:[0.         0.41899225 0.5810077 ]

rule2: 280.426 < cement < 351.127
probabilities_array:[0.        0.4148916 0.5851084]

rule20: coarse_aggregate < 918.123
probabilities_array:[0.       0.382606 0.617394]

rule18: 5.958 < superplasticizer < 9.858
probabilities_array:[0.         0.37627834 0.62372166]

rule21: 918.123 < coarse_aggregate < 970.495
probabilities_array:[0.        0.3084076 0.6915924]

rule13: 168.101 < water < 182.254
probabilities_array:[0.         0.28800294 0.7119971 ]

rule10: 52.121 < fly_ash < 94.945
probabilities_array:[0.         0.26295072 0.7370493 ]

rule22: 970.495 < coarse_aggregate < 1022.867
probabilities_array:[0.         0.25819138 0.7418086 ]

