R2: 0.5322655622248601

MAE: 8.944764705882353

MSE: 123.06840147058823

Accuracy: 0.8764705882352941

F1: 0.875222816399287

Confusion Matrix: [[166, 20], [22, 132]]

Uncertainties: {'class0': [0.039904702454805374, 0.2753653824329376, 0.28133535385131836, 0.2961731255054474, 0.4322356879711151], 'class1': [0.1998201310634613, 0.20390957593917847, 0.3513117730617523, 0.3933202028274536, 0.428232878446579]}

Most important rules
-----------------------------

---0---
rule28: age < 4.251
probabilities_array:[0.9600953 0.        0.0399047]

rule15: water > 195.467
probabilities_array:[0.72463465 0.         0.27536538]

rule0: cement < 211.536
probabilities_array:[0.71866465 0.         0.28133535]

rule27: fine_aggregate > 828.049
probabilities_array:[0.7038269  0.         0.29617313]

rule29: 4.251 < age < 46.110
probabilities_array:[0.5677643 0.        0.4322357]

rule1: 211.536 < cement < 282.057
probabilities_array:[0.46715063 0.         0.5328494 ]

rule16: superplasticizer < 2.303
probabilities_array:[0.4254073 0.        0.5745927]

rule14: 180.929 < water < 195.467
probabilities_array:[0.42147344 0.         0.57852656]

rule26: 773.761 < fine_aggregate < 828.049
probabilities_array:[0.24264379 0.00604407 0.7513122 ]

rule4: blast_furnace_slag < 16.704
probabilities_array:[0.18730403 0.08314046 0.72955555]

rule25: 719.474 < fine_aggregate < 773.761
probabilities_array:[0.21112908 0.01602777 0.7728431 ]


---1---
rule31: age > 87.970
probabilities_array:[0.         0.8001799  0.19982013]

rule30: 46.110 < age < 87.970
probabilities_array:[0.         0.7960904  0.20390958]

rule9: 12.594 < fly_ash < 55.506
probabilities_array:[0.         0.6486882  0.35131177]

rule20: coarse_aggregate < 921.266
probabilities_array:[0.        0.6066798 0.3933202]

rule3: cement > 352.578
probabilities_array:[0.         0.5717671  0.42823288]

rule12: water < 166.391
probabilities_array:[0.         0.5471789  0.45282108]

rule19: superplasticizer > 10.390
probabilities_array:[0.         0.54001683 0.4599832 ]

rule24: fine_aggregate < 719.474
probabilities_array:[0.        0.5253113 0.4746887]

rule10: 55.506 < fly_ash < 98.417
probabilities_array:[0.         0.50716746 0.49283257]

rule8: fly_ash < 12.594
probabilities_array:[0.        0.4542184 0.5457816]

rule6: 74.189 < blast_furnace_slag < 131.675
probabilities_array:[0.         0.42664903 0.57335097]

rule17: 2.303 < superplasticizer < 6.347
probabilities_array:[0.        0.3883341 0.6116659]

rule18: 6.347 < superplasticizer < 10.390
probabilities_array:[0.         0.32002944 0.67997056]

rule7: blast_furnace_slag > 131.675
probabilities_array:[0.         0.31560832 0.6843917 ]

rule21: 921.266 < coarse_aggregate < 972.957
probabilities_array:[0.         0.2875348  0.71246517]

rule22: 972.957 < coarse_aggregate < 1024.649
probabilities_array:[0.         0.27939165 0.72060835]

rule13: 166.391 < water < 180.929
probabilities_array:[0.03413332 0.22580306 0.7400636 ]

rule23: coarse_aggregate > 1024.649
probabilities_array:[0.         0.21642742 0.7835726 ]

rule5: 16.704 < blast_furnace_slag < 74.189
probabilities_array:[0.02631954 0.19878606 0.7748944 ]

