R2: 0.4200267208298212

MAE: 9.846882352941176

MSE: 152.98504352941177

Accuracy: 0.8058823529411765

F1: 0.8036814109742442

Confusion Matrix: [[119, 29], [37, 155]]

Uncertainties: {'class0': [0.07017146795988083, 0.2749435007572174, 0.30845293402671814, 0.39777448773384094, 0.42971476912498474], 'class1': [0.23008963465690613, 0.26684364676475525, 0.34543222188949585, 0.3995761275291443, 0.4020477831363678]}

Most important rules
-----------------------------

---0---
rule28: age < 2.582
probabilities_array:[0.9298285  0.         0.07017147]

rule29: 2.582 < age < 44.116
probabilities_array:[0.72505647 0.         0.2749435 ]

rule15: water > 195.905
probabilities_array:[0.6915471  0.         0.30845293]

rule0: cement < 207.010
probabilities_array:[0.60222554 0.         0.3977745 ]

rule16: superplasticizer < 2.036
probabilities_array:[0.5702852  0.         0.42971477]

rule27: fine_aggregate > 829.415
probabilities_array:[0.5300563 0.        0.4699437]

rule14: 181.393 < water < 195.905
probabilities_array:[0.33400953 0.         0.6659905 ]

rule11: fly_ash > 95.834
probabilities_array:[0.21589087 0.02021689 0.76389223]

rule1: 207.010 < cement < 276.706
probabilities_array:[0.2257088 0.        0.7742912]

rule4: blast_furnace_slag < 18.144
probabilities_array:[0.16769436 0.07990466 0.752401  ]


---1---
rule31: age > 85.650
probabilities_array:[0.         0.7699104  0.23008963]

rule24: fine_aggregate < 722.080
probabilities_array:[0.         0.7331564  0.26684365]

rule12: water < 166.882
probabilities_array:[0.         0.6545678  0.34543222]

rule3: cement > 346.401
probabilities_array:[0.         0.6004239  0.39957613]

rule30: 44.116 < age < 85.650
probabilities_array:[0.         0.5979522  0.40204778]

rule6: 76.684 < blast_furnace_slag < 135.225
probabilities_array:[0.        0.5504556 0.4495444]

rule20: coarse_aggregate < 920.272
probabilities_array:[0.         0.530362   0.46963796]

rule19: superplasticizer > 10.291
probabilities_array:[0.         0.45713976 0.5428602 ]

rule13: 166.882 < water < 181.393
probabilities_array:[0.        0.4401919 0.5598081]

rule10: 52.465 < fly_ash < 95.834
probabilities_array:[0.         0.43758935 0.56241065]

rule8: fly_ash < 9.096
probabilities_array:[0.         0.43119788 0.5688021 ]

rule9: 9.096 < fly_ash < 52.465
probabilities_array:[0.        0.4152075 0.5847925]

rule2: 276.706 < cement < 346.401
probabilities_array:[0.        0.3836875 0.6163125]

rule17: 2.036 < superplasticizer < 6.164
probabilities_array:[0.        0.3471703 0.6528297]

rule21: 920.272 < coarse_aggregate < 972.701
probabilities_array:[0.         0.29782355 0.70217645]

