R2: 0.3966949283666076

MAE: 10.747176470588235

MSE: 177.47481470588235

Accuracy: 0.8029411764705883

F1: 0.8024472947073565

Confusion Matrix: [[128, 25], [42, 145]]

Uncertainties: {'class0': [0.13859930634498596, 0.29837149381637573, 0.3691226840019226, 0.4159151315689087, 0.4835723042488098], 'class1': [0.2736254930496216, 0.3685320317745209, 0.40465113520622253, 0.45855239033699036, 0.4952843487262726]}

Most important rules
-----------------------------

---0---
rule28: age < 2.988
probabilities_array:[0.8614007 0.        0.1385993]

rule29: 2.988 < age < 44.857
probabilities_array:[0.7016285 0.        0.2983715]

rule15: water > 195.890
probabilities_array:[0.6308773  0.         0.36912268]

rule0: cement < 209.334
probabilities_array:[0.58408487 0.         0.41591513]

rule27: fine_aggregate > 829.357
probabilities_array:[0.5164277 0.        0.4835723]

rule16: superplasticizer < 2.207
probabilities_array:[0.48825958 0.         0.51174045]

rule26: 776.070 < fine_aggregate < 829.357
probabilities_array:[0.32771862 0.         0.6722814 ]

rule4: blast_furnace_slag < 16.410
probabilities_array:[0.28224215 0.04286031 0.67489755]

rule14: 181.568 < water < 195.890
probabilities_array:[0.29596138 0.         0.7040386 ]


---1---
rule31: age > 86.725
probabilities_array:[0.        0.7263745 0.2736255]

rule3: cement > 347.821
probabilities_array:[0.         0.631468   0.36853203]

rule30: 44.857 < age < 86.725
probabilities_array:[0.         0.59534883 0.40465114]

rule12: water < 167.246
probabilities_array:[0.        0.5414476 0.4585524]

rule13: 167.246 < water < 181.568
probabilities_array:[0.         0.5047157  0.49528435]

rule9: 10.380 < fly_ash < 53.464
probabilities_array:[0.        0.5046823 0.4953177]

rule24: fine_aggregate < 722.783
probabilities_array:[0.         0.47669575 0.5233042 ]

rule8: fly_ash < 10.380
probabilities_array:[0.00089637 0.47222942 0.5268742 ]

rule2: 278.577 < cement < 347.821
probabilities_array:[0.         0.45680234 0.5431977 ]

rule6: 75.116 < blast_furnace_slag < 133.821
probabilities_array:[0.         0.41985413 0.58014584]

rule17: 2.207 < superplasticizer < 6.190
probabilities_array:[0.         0.4188399  0.58116007]

rule19: superplasticizer > 10.172
probabilities_array:[0.         0.39435315 0.60564685]

rule20: coarse_aggregate < 921.184
probabilities_array:[0.         0.39201874 0.60798126]

rule18: 6.190 < superplasticizer < 10.172
probabilities_array:[0.         0.35172936 0.6482706 ]

rule10: 53.464 < fly_ash < 96.547
probabilities_array:[0.         0.33388323 0.6661168 ]

rule21: 921.184 < coarse_aggregate < 971.152
probabilities_array:[0.         0.27945554 0.72054446]

rule7: blast_furnace_slag > 133.821
probabilities_array:[0.         0.24342738 0.7565726 ]

rule5: 16.410 < blast_furnace_slag < 75.116
probabilities_array:[0.06233342 0.19613059 0.74153596]

