R2: 0.5031764552036038

MAE: 9.837911764705883

MSE: 140.3224132352941

Accuracy: 0.85

F1: 0.8498948224967321

Confusion Matrix: [[149, 27], [24, 140]]

Uncertainties: {'class0': [0.04469788819551468, 0.22745060920715332, 0.23093901574611664, 0.26262953877449036, 0.38343092799186707], 'class1': [0.12017228454351425, 0.24606674909591675, 0.34041470289230347, 0.39114296436309814, 0.4333403408527374]}

Most important rules
-----------------------------

---0---
rule28: age < 3.374
probabilities_array:[0.9553021  0.         0.04469789]

rule27: fine_aggregate > 828.051
probabilities_array:[0.7725494  0.         0.22745061]

rule15: water > 195.510
probabilities_array:[0.76906097 0.         0.23093902]

rule0: cement < 211.632
probabilities_array:[0.73737043 0.         0.26262954]

rule16: superplasticizer < 2.205
probabilities_array:[0.6165691  0.         0.38343093]

rule14: 181.094 < water < 195.510
probabilities_array:[0.5940898 0.        0.4059102]

rule29: 3.374 < age < 46.033
probabilities_array:[0.50989896 0.         0.49010104]

rule1: 211.632 < cement < 282.930
probabilities_array:[0.37043187 0.         0.62956816]

rule11: fly_ash > 97.892
probabilities_array:[0.34518442 0.00709545 0.64772016]


---1---
rule31: age > 88.692
probabilities_array:[0.         0.87982774 0.12017228]

rule3: cement > 354.228
probabilities_array:[0.         0.75393325 0.24606675]

rule30: 46.033 < age < 88.692
probabilities_array:[0.        0.6595853 0.3404147]

rule24: fine_aggregate < 717.854
probabilities_array:[0.         0.60885704 0.39114296]

rule20: coarse_aggregate < 922.496
probabilities_array:[0.         0.5666597  0.43334034]

rule12: water < 166.677
probabilities_array:[0.         0.5278909  0.47210908]

rule22: 974.818 < coarse_aggregate < 1027.140
probabilities_array:[0.         0.5185397  0.48146027]

rule6: 72.956 < blast_furnace_slag < 131.171
probabilities_array:[0.        0.4667494 0.5332506]

rule10: 54.841 < fly_ash < 97.892
probabilities_array:[0.         0.43327853 0.5667215 ]

rule21: 922.496 < coarse_aggregate < 974.818
probabilities_array:[0.         0.43259248 0.56740755]

rule8: fly_ash < 11.790
probabilities_array:[0.         0.38990209 0.61009794]

rule19: superplasticizer > 10.308
probabilities_array:[0.        0.3834319 0.6165681]

rule5: 14.740 < blast_furnace_slag < 72.956
probabilities_array:[0.04614818 0.33721954 0.6166323 ]

rule17: 2.205 < superplasticizer < 6.256
probabilities_array:[0.         0.33666205 0.66333795]

rule7: blast_furnace_slag > 131.171
probabilities_array:[0.         0.32711586 0.6728841 ]

rule4: blast_furnace_slag < 14.740
probabilities_array:[0.         0.32675937 0.67324066]

rule18: 6.256 < superplasticizer < 10.308
probabilities_array:[0.         0.31388044 0.68611956]

rule13: 166.677 < water < 181.094
probabilities_array:[0.        0.3056202 0.6943798]

rule2: 282.930 < cement < 354.228
probabilities_array:[0.03263061 0.20812367 0.75924575]

