R2: 0.4445024606557434

MAE: 9.393911764705884

MSE: 134.38489970588233

Accuracy: 0.8382352941176471

F1: 0.838233894756875

Confusion Matrix: [[143, 18], [37, 142]]

Uncertainties: {'class0': [0.06848593801259995, 0.29255205392837524, 0.32052576541900635, 0.36900344491004944, 0.428806871175766], 'class1': [0.3400181531906128, 0.38339468836784363, 0.44456878304481506, 0.4509025514125824, 0.4774981141090393]}

Most important rules
-----------------------------

---0---
rule28: age < 2.481
probabilities_array:[0.9315141  0.         0.06848594]

rule29: 2.481 < age < 44.817
probabilities_array:[0.70744795 0.         0.29255205]

rule0: cement < 210.995
probabilities_array:[0.67947423 0.         0.32052577]

rule15: water > 194.856
probabilities_array:[0.6309965  0.         0.36900344]

rule27: fine_aggregate > 829.637
probabilities_array:[0.5711931  0.         0.42880687]

rule16: superplasticizer < 2.199
probabilities_array:[0.43944046 0.         0.5605595 ]

rule14: 180.489 < water < 194.856
probabilities_array:[0.40622887 0.         0.5937711 ]

rule1: 210.995 < cement < 282.902
probabilities_array:[0.36675325 0.         0.6332467 ]

rule11: fly_ash > 97.393
probabilities_array:[0.2119312 0.0497536 0.7383152]


---1---
rule31: age > 87.154
probabilities_array:[0.         0.65998185 0.34001815]

rule30: 44.817 < age < 87.154
probabilities_array:[0.        0.6166053 0.3833947]

rule22: 974.260 < coarse_aggregate < 1027.515
probabilities_array:[0.         0.55543125 0.44456878]

rule24: fine_aggregate < 720.022
probabilities_array:[0.         0.5490975  0.45090255]

rule10: 54.153 < fly_ash < 97.393
probabilities_array:[0.        0.5225019 0.4774981]

rule20: coarse_aggregate < 921.004
probabilities_array:[0.         0.49355534 0.50644463]

rule3: cement > 354.809
probabilities_array:[0.         0.48349142 0.5165086 ]

rule9: 10.913 < fly_ash < 54.153
probabilities_array:[0.        0.4800564 0.5199436]

rule6: 73.923 < blast_furnace_slag < 131.762
probabilities_array:[0.         0.44771007 0.55228996]

rule19: superplasticizer > 10.511
probabilities_array:[0.         0.44019115 0.55980885]

rule12: water < 166.122
probabilities_array:[0.         0.43919915 0.56080085]

rule8: fly_ash < 10.913
probabilities_array:[0.         0.40171647 0.5982835 ]

rule5: 16.085 < blast_furnace_slag < 73.923
probabilities_array:[0.00827133 0.3689604  0.6227682 ]

rule18: 6.355 < superplasticizer < 10.511
probabilities_array:[0.        0.3713177 0.6286823]

rule21: 921.004 < coarse_aggregate < 974.260
probabilities_array:[0.         0.35470247 0.6452975 ]

rule13: 166.122 < water < 180.489
probabilities_array:[0.00487197 0.3020843  0.6930437 ]

rule17: 2.199 < superplasticizer < 6.355
probabilities_array:[0.         0.27839705 0.7216029 ]

rule7: blast_furnace_slag > 131.762
probabilities_array:[0.        0.2422439 0.7577561]

rule23: coarse_aggregate > 1027.515
probabilities_array:[0.         0.24039733 0.75960267]

rule25: 720.022 < fine_aggregate < 774.829
probabilities_array:[0.         0.23280607 0.7671939 ]

