R2: 0.47346008043906895

MAE: 9.584970588235294

MSE: 139.92118499999998

Accuracy: 0.8411764705882353

F1: 0.8405087042635255

Confusion Matrix: [[132, 19], [35, 154]]

Uncertainties: {'class0': [0.05559457838535309, 0.2701871693134308, 0.2810394763946533, 0.3674306273460388, 0.416644424200058], 'class1': [0.3051742613315582, 0.3472644090652466, 0.3925866186618805, 0.41434550285339355, 0.4387964606285095]}

Most important rules
-----------------------------

---0---
rule28: age < 1.991
probabilities_array:[0.94440544 0.         0.05559458]

rule29: 1.991 < age < 44.983
probabilities_array:[0.7298128  0.         0.27018717]

rule15: water > 197.027
probabilities_array:[0.7189605  0.         0.28103948]

rule0: cement < 211.658
probabilities_array:[0.6325694  0.         0.36743063]

rule27: fine_aggregate > 826.606
probabilities_array:[0.5833556  0.         0.41664442]

rule14: 182.223 < water < 197.027
probabilities_array:[0.4735708 0.        0.5264292]

rule16: superplasticizer < 2.001
probabilities_array:[0.37682825 0.         0.62317175]

rule26: 771.291 < fine_aggregate < 826.606
probabilities_array:[0.37646297 0.         0.623537  ]

rule9: 8.524 < fly_ash < 51.628
probabilities_array:[0.34207243 0.         0.6579276 ]

rule1: 211.658 < cement < 283.047
probabilities_array:[0.23677085 0.         0.76322913]


---1---
rule3: cement > 354.436
probabilities_array:[0.         0.69482577 0.30517426]

rule31: age > 87.974
probabilities_array:[0.        0.6527356 0.3472644]

rule30: 44.983 < age < 87.974
probabilities_array:[0.         0.60741335 0.39258662]

rule20: coarse_aggregate < 920.006
probabilities_array:[0.        0.5856545 0.4143455]

rule6: 74.839 < blast_furnace_slag < 132.668
probabilities_array:[0.         0.56120354 0.43879646]

rule24: fine_aggregate < 715.976
probabilities_array:[0.         0.52177256 0.47822747]

rule10: 51.628 < fly_ash < 94.732
probabilities_array:[0.         0.49092412 0.5090759 ]

rule8: fly_ash < 8.524
probabilities_array:[0.         0.47096747 0.5290325 ]

rule12: water < 167.418
probabilities_array:[0.         0.45107144 0.54892856]

rule21: 920.006 < coarse_aggregate < 972.744
probabilities_array:[0.         0.41260383 0.5873962 ]

rule19: superplasticizer > 10.288
probabilities_array:[0.         0.38761398 0.612386  ]

rule23: coarse_aggregate > 1025.483
probabilities_array:[0.         0.37516087 0.6248391 ]

rule17: 2.001 < superplasticizer < 6.144
probabilities_array:[0.         0.3691149  0.63088506]

rule2: 283.047 < cement < 354.436
probabilities_array:[0.         0.33326134 0.6667386 ]

rule13: 167.418 < water < 182.223
probabilities_array:[0.00468111 0.31867474 0.67664415]

rule22: 972.744 < coarse_aggregate < 1025.483
probabilities_array:[0.         0.29090747 0.70909256]

rule18: 6.144 < superplasticizer < 10.288
probabilities_array:[0.        0.2753469 0.7246531]

rule7: blast_furnace_slag > 132.668
probabilities_array:[0.        0.2254797 0.7745203]

