R2: 0.4676384362880448

MAE: 9.581235294117649

MSE: 142.43728323529413

Accuracy: 0.8294117647058824

F1: 0.8293881506090808

Confusion Matrix: [[143, 33], [25, 139]]

Uncertainties: {'class0': [0.20111769437789917, 0.3201850950717926, 0.33222663402557373, 0.37756726145744324, 0.393355131149292], 'class1': [0.26556530594825745, 0.4340544044971466, 0.4390755593776703, 0.4403899908065796, 0.4563837945461273]}

Most important rules
-----------------------------

---0---
rule28: age < 2.835
probabilities_array:[0.7988823 0.        0.2011177]

rule29: 2.835 < age < 45.883
probabilities_array:[0.67981493 0.         0.3201851 ]

rule15: water > 196.515
probabilities_array:[0.66777337 0.         0.33222663]

rule0: cement < 210.165
probabilities_array:[0.62243277 0.         0.37756726]

rule27: fine_aggregate > 824.337
probabilities_array:[0.60664487 0.         0.39335513]

rule16: superplasticizer < 2.143
probabilities_array:[0.44319588 0.         0.5568041 ]

rule26: 770.938 < fine_aggregate < 824.337
probabilities_array:[0.41831005 0.         0.58168995]

rule14: 182.032 < water < 196.515
probabilities_array:[0.3725052 0.        0.6274948]

rule4: blast_furnace_slag < 17.027
probabilities_array:[0.18808958 0.03478886 0.7771216 ]


---1---
rule31: age > 88.930
probabilities_array:[0.         0.73443466 0.2655653 ]

rule8: fly_ash < 10.730
probabilities_array:[0.         0.56594557 0.4340544 ]

rule30: 45.883 < age < 88.930
probabilities_array:[0.         0.5609244  0.43907556]

rule19: superplasticizer > 10.195
probabilities_array:[0.      0.55961 0.44039]

rule20: coarse_aggregate < 918.909
probabilities_array:[0.        0.5436162 0.4563838]

rule6: 75.058 < blast_furnace_slag < 133.088
probabilities_array:[0.         0.5310415  0.46895853]

rule3: cement > 352.135
probabilities_array:[0.         0.49976134 0.50023866]

rule24: fine_aggregate < 717.539
probabilities_array:[0.         0.49669608 0.50330395]

rule17: 2.143 < superplasticizer < 6.169
probabilities_array:[0.         0.45673198 0.543268  ]

rule18: 6.169 < superplasticizer < 10.195
probabilities_array:[0.         0.44494304 0.5550569 ]

rule12: water < 167.549
probabilities_array:[0.         0.43847558 0.56152445]

rule10: 54.293 < fly_ash < 97.857
probabilities_array:[0.         0.36055836 0.63944167]

rule2: 281.150 < cement < 352.135
probabilities_array:[0.01124602 0.3328592  0.6558948 ]

rule5: 17.027 < blast_furnace_slag < 75.058
probabilities_array:[0.         0.33109978 0.66890025]

rule13: 167.549 < water < 182.032
probabilities_array:[0.05228172 0.22463222 0.7230861 ]

rule9: 10.730 < fly_ash < 54.293
probabilities_array:[0.03033351 0.19810098 0.7715655 ]

rule21: 918.909 < coarse_aggregate < 971.173
probabilities_array:[0.00273749 0.21092936 0.7863332 ]

