R2: 0.5221272597660089

MAE: 9.453999999999999

MSE: 135.33604470588236

Accuracy: 0.8735294117647059

F1: 0.8734407326933231

Confusion Matrix: [[144, 19], [24, 153]]

Uncertainties: {'class0': [0.02966180071234703, 0.2502976059913635, 0.3317783772945404, 0.37020009756088257, 0.37704336643218994], 'class1': [0.2181856483221054, 0.2633500397205353, 0.3353143632411957, 0.385733038187027, 0.44609642028808594]}

Most important rules
-----------------------------

---0---
rule28: age < 3.607
probabilities_array:[0.9703382 0.        0.0296618]

rule15: water > 195.781
probabilities_array:[0.7497024 0.        0.2502976]

rule27: fine_aggregate > 828.464
probabilities_array:[0.6682216  0.         0.33177838]

rule0: cement < 208.632
probabilities_array:[0.6297999 0.        0.3702001]

rule29: 3.607 < age < 45.430
probabilities_array:[0.62295663 0.         0.37704337]

rule16: superplasticizer < 2.080
probabilities_array:[0.4809755 0.        0.5190245]

rule14: 181.504 < water < 195.781
probabilities_array:[0.3913401 0.        0.6086599]

rule26: 773.984 < fine_aggregate < 828.464
probabilities_array:[3.2854375e-01 3.8039213e-04 6.7107588e-01]

rule25: 719.505 < fine_aggregate < 773.984
probabilities_array:[0.20626795 0.01756557 0.77616644]


---1---
rule31: age > 87.254
probabilities_array:[0.         0.78181434 0.21818565]

rule3: cement > 351.647
probabilities_array:[0.         0.73664993 0.26335004]

rule30: 45.430 < age < 87.254
probabilities_array:[0.         0.66468567 0.33531436]

rule12: water < 167.228
probabilities_array:[0.         0.614267   0.38573304]

rule9: 9.443 < fly_ash < 53.064
probabilities_array:[0.         0.5539036  0.44609642]

rule24: fine_aggregate < 719.505
probabilities_array:[0.         0.53456736 0.46543264]

rule18: 6.167 < superplasticizer < 10.254
probabilities_array:[0.         0.47900462 0.5209954 ]

rule20: coarse_aggregate < 918.387
probabilities_array:[0.         0.47770253 0.52229744]

rule19: superplasticizer > 10.254
probabilities_array:[0.        0.4720685 0.5279315]

rule8: fly_ash < 9.443
probabilities_array:[0.         0.46137956 0.5386205 ]

rule6: 76.494 < blast_furnace_slag < 134.421
probabilities_array:[0.         0.44892746 0.55107254]

rule21: 918.387 < coarse_aggregate < 972.306
probabilities_array:[0.        0.4407598 0.5592402]

rule13: 167.228 < water < 181.504
probabilities_array:[0.         0.43626603 0.563734  ]

rule2: 280.139 < cement < 351.647
probabilities_array:[0.         0.3466721  0.65332794]

rule17: 2.080 < superplasticizer < 6.167
probabilities_array:[0.         0.31301683 0.68698317]

rule22: 972.306 < coarse_aggregate < 1026.225
probabilities_array:[0.         0.23042265 0.7695774 ]

