R2: 0.46262627666421596

MAE: 9.650529411764706

MSE: 144.30155838235294

Accuracy: 0.8411764705882353

F1: 0.840625

Confusion Matrix: [[153, 17], [37, 133]]

Uncertainties: {'class0': [0.08675400912761688, 0.28069770336151123, 0.30003821849823, 0.3635058104991913, 0.4052753150463104], 'class1': [0.27012526988983154, 0.34487003087997437, 0.40710416436195374, 0.4401136636734009, 0.45350101590156555]}

Most important rules
-----------------------------

---0---
rule28: age < 2.774
probabilities_array:[0.913246   0.         0.08675401]

rule29: 2.774 < age < 45.180
probabilities_array:[0.7193023 0.        0.2806977]

rule15: water > 195.826
probabilities_array:[0.6999618  0.         0.30003822]

rule0: cement < 210.514
probabilities_array:[0.63649416 0.         0.3635058 ]

rule27: fine_aggregate > 826.182
probabilities_array:[0.59472466 0.         0.40527532]

rule14: 181.333 < water < 195.826
probabilities_array:[0.4268117 0.        0.5731883]

rule16: superplasticizer < 2.114
probabilities_array:[0.41734385 0.         0.58265615]

rule26: 771.424 < fine_aggregate < 826.182
probabilities_array:[0.296561 0.       0.703439]

rule1: 210.514 < cement < 282.469
probabilities_array:[0.23239478 0.         0.7676052 ]


---1---
rule31: age > 87.586
probabilities_array:[0.         0.72987473 0.27012527]

rule30: 45.180 < age < 87.586
probabilities_array:[0.         0.65512997 0.34487003]

rule24: fine_aggregate < 716.665
probabilities_array:[0.         0.59289587 0.40710416]

rule9: 10.004 < fly_ash < 53.607
probabilities_array:[0.         0.55988634 0.44011366]

rule3: cement > 354.424
probabilities_array:[0.         0.54649895 0.45350102]

rule20: coarse_aggregate < 921.341
probabilities_array:[0.         0.5404611  0.45953888]

rule8: fly_ash < 10.004
probabilities_array:[0.         0.49330068 0.5066993 ]

rule6: 75.589 < blast_furnace_slag < 134.096
probabilities_array:[0.         0.49307933 0.5069207 ]

rule19: superplasticizer > 10.341
probabilities_array:[0.         0.4508048  0.54919523]

rule12: water < 166.839
probabilities_array:[0.        0.4473046 0.5526954]

rule21: 921.341 < coarse_aggregate < 974.040
probabilities_array:[0.         0.40898937 0.59101063]

rule10: 53.607 < fly_ash < 97.209
probabilities_array:[0.         0.40480617 0.5951938 ]

rule22: 974.040 < coarse_aggregate < 1026.740
probabilities_array:[0.         0.34418726 0.65581274]

rule18: 6.228 < superplasticizer < 10.341
probabilities_array:[0.         0.31890225 0.68109775]

rule13: 166.839 < water < 181.333
probabilities_array:[0.         0.31800488 0.6819951 ]

rule23: coarse_aggregate > 1026.740
probabilities_array:[0.        0.2578733 0.7421267]

rule5: 17.082 < blast_furnace_slag < 75.589
probabilities_array:[0.03988695 0.18667027 0.7734428 ]

