R2: 0.4646360012716022

MAE: 9.815676470588235

MSE: 150.47353735294118

Accuracy: 0.8235294117647058

F1: 0.8230334154550818

Confusion Matrix: [[131, 27], [33, 149]]

Uncertainties: {'class0': [0.140522301197052, 0.2735651731491089, 0.357870489358902, 0.3661800026893616, 0.48058274388313293], 'class1': [0.23629561066627502, 0.29415130615234375, 0.4506241977214813, 0.46997541189193726, 0.48144587874412537]}

Most important rules
-----------------------------

---0---
rule28: age < 2.701
probabilities_array:[0.8594777 0.        0.1405223]

rule15: water > 195.359
probabilities_array:[0.7264348  0.         0.27356517]

rule27: fine_aggregate > 826.021
probabilities_array:[0.64212954 0.         0.3578705 ]

rule29: 2.701 < age < 44.423
probabilities_array:[0.63382 0.      0.36618]

rule0: cement < 211.187
probabilities_array:[0.5194172  0.         0.48058274]

rule14: 181.206 < water < 195.359
probabilities_array:[0.43942183 0.         0.56057817]

rule16: superplasticizer < 2.231
probabilities_array:[0.41441825 0.         0.5855817 ]

rule11: fly_ash > 97.435
probabilities_array:[0.33872804 0.         0.6612719 ]

rule26: 773.715 < fine_aggregate < 826.021
probabilities_array:[0.25863183 0.         0.7413682 ]


---1---
rule31: age > 86.146
probabilities_array:[0.         0.7637044  0.23629561]

rule30: 44.423 < age < 86.146
probabilities_array:[0.        0.7058487 0.2941513]

rule3: cement > 349.212
probabilities_array:[0.         0.54937583 0.4506242 ]

rule24: fine_aggregate < 721.410
probabilities_array:[0.        0.5300246 0.4699754]

rule19: superplasticizer > 10.152
probabilities_array:[0.         0.51855415 0.48144588]

rule20: coarse_aggregate < 923.035
probabilities_array:[0.         0.49324957 0.50675046]

rule10: 54.358 < fly_ash < 97.435
probabilities_array:[0.         0.48869884 0.51130116]

rule12: water < 167.054
probabilities_array:[0.         0.48539847 0.5146015 ]

rule17: 2.231 < superplasticizer < 6.191
probabilities_array:[0.        0.4784453 0.5215547]

rule6: 73.977 < blast_furnace_slag < 133.008
probabilities_array:[0.         0.47115165 0.52884835]

rule2: 280.200 < cement < 349.212
probabilities_array:[0.         0.43820387 0.5617961 ]

rule8: fly_ash < 11.282
probabilities_array:[0.         0.43189242 0.56810755]

rule18: 6.191 < superplasticizer < 10.152
probabilities_array:[0.         0.33069146 0.66930854]

rule22: 975.048 < coarse_aggregate < 1027.061
probabilities_array:[0.         0.32060292 0.67939705]

rule13: 167.054 < water < 181.206
probabilities_array:[0.00368087 0.28836495 0.70795417]

rule9: 11.282 < fly_ash < 54.358
probabilities_array:[0.06456249 0.20760581 0.7278317 ]

