R2: 0.49870757106457875

MAE: 9.380764705882353

MSE: 136.80968411764707

Accuracy: 0.8705882352941177

F1: 0.8677276746242263

Confusion Matrix: [[123, 19], [25, 173]]

Uncertainties: {'class0': [0.03600901737809181, 0.24518248438835144, 0.2877741754055023, 0.38088276982307434, 0.41115811467170715], 'class1': [0.23440802097320557, 0.30294421315193176, 0.31222012639045715, 0.41078513860702515, 0.4398178458213806]}

Most important rules
-----------------------------

---0---
rule28: age < 3.667
probabilities_array:[0.963991   0.         0.03600902]

rule0: cement < 205.353
probabilities_array:[0.7548175  0.         0.24518248]

rule15: water > 196.343
probabilities_array:[0.7122258  0.         0.28777418]

rule14: 182.248 < water < 196.343
probabilities_array:[0.6191172  0.         0.38088277]

rule29: 3.667 < age < 44.151
probabilities_array:[0.5888419 0.        0.4111581]

rule16: superplasticizer < 1.948
probabilities_array:[0.46117532 0.         0.5388247 ]

rule27: fine_aggregate > 828.861
probabilities_array:[0.4560446  0.00233969 0.54161566]

rule4: blast_furnace_slag < 15.702
probabilities_array:[0.32446525 0.         0.6755348 ]

rule1: 205.353 < cement < 275.380
probabilities_array:[0.27107877 0.         0.72892123]

rule26: 774.134 < fine_aggregate < 828.861
probabilities_array:[0.17780921 0.06980637 0.7523845 ]


---1---
rule31: age > 84.635
probabilities_array:[0.         0.765592   0.23440802]

rule30: 44.151 < age < 84.635
probabilities_array:[0.        0.6970558 0.3029442]

rule24: fine_aggregate < 719.407
probabilities_array:[0.         0.6877799  0.31222013]

rule8: fly_ash < 10.702
probabilities_array:[0.         0.58921486 0.41078514]

rule3: cement > 345.406
probabilities_array:[0.         0.56018215 0.43981785]

rule20: coarse_aggregate < 923.900
probabilities_array:[0.         0.55934066 0.44065934]

rule12: water < 168.153
probabilities_array:[0.         0.52037793 0.4796221 ]

rule10: 53.970 < fly_ash < 97.239
probabilities_array:[0.         0.50151706 0.49848294]

rule6: 74.308 < blast_furnace_slag < 132.913
probabilities_array:[0.         0.49137312 0.5086269 ]

rule19: superplasticizer > 9.928
probabilities_array:[0.         0.48385528 0.5161447 ]

rule17: 1.948 < superplasticizer < 5.938
probabilities_array:[0.        0.4122638 0.5877362]

rule18: 5.938 < superplasticizer < 9.928
probabilities_array:[0.        0.3988766 0.6011234]

rule21: 923.900 < coarse_aggregate < 975.211
probabilities_array:[0.         0.35868952 0.6413105 ]

rule22: 975.211 < coarse_aggregate < 1026.523
probabilities_array:[0.         0.33568168 0.6643183 ]

rule11: fly_ash > 97.239
probabilities_array:[0.        0.3104995 0.6895005]

rule25: 719.407 < fine_aggregate < 774.134
probabilities_array:[0.         0.28426853 0.7157315 ]

rule5: 15.702 < blast_furnace_slag < 74.308
probabilities_array:[0.06758095 0.23117185 0.7012472 ]

