R2: 0.5098680525829995

MAE: 9.344882352941177

MSE: 131.14085411764705

Accuracy: 0.85

F1: 0.849184605348989

Confusion Matrix: [[157, 26], [25, 132]]

Uncertainties: {'class0': [0.02376207336783409, 0.26542481780052185, 0.2834835648536682, 0.29279646277427673, 0.46552103757858276], 'class1': [0.17207752168178558, 0.21512824296951294, 0.307313472032547, 0.4205423891544342, 0.4217663109302521]}

Most important rules
-----------------------------

---0---
rule28: age < 3.548
probabilities_array:[0.97623795 0.         0.02376207]

rule15: water > 194.754
probabilities_array:[0.73457515 0.         0.26542482]

rule0: cement < 211.533
probabilities_array:[0.71651644 0.         0.28348356]

rule27: fine_aggregate > 826.832
probabilities_array:[0.69725496 0.00994857 0.29279646]

rule29: 3.548 < age < 44.278
probabilities_array:[0.53447896 0.         0.46552104]

rule14: 180.866 < water < 194.754
probabilities_array:[0.44240022 0.         0.5575998 ]

rule16: superplasticizer < 2.318
probabilities_array:[0.41906986 0.         0.5809301 ]

rule26: 773.509 < fine_aggregate < 826.832
probabilities_array:[0.35435444 0.03441838 0.61122715]

rule25: 720.186 < fine_aggregate < 773.509
probabilities_array:[0.26493582 0.01856736 0.7164968 ]

rule23: coarse_aggregate > 1025.223
probabilities_array:[0.23123308 0.05206076 0.7167061 ]

rule4: blast_furnace_slag < 15.775
probabilities_array:[0.25029504 0.         0.74970496]


---1---
rule31: age > 85.009
probabilities_array:[0.         0.82792246 0.17207752]

rule30: 44.278 < age < 85.009
probabilities_array:[0.         0.78487176 0.21512824]

rule3: cement > 353.389
probabilities_array:[0.         0.6926865  0.30731347]

rule6: 75.186 < blast_furnace_slag < 134.597
probabilities_array:[0.         0.57945764 0.4205424 ]

rule9: 11.410 < fly_ash < 54.989
probabilities_array:[0.         0.57823366 0.4217663 ]

rule8: fly_ash < 11.410
probabilities_array:[0.        0.5702845 0.4297155]

rule19: superplasticizer > 10.351
probabilities_array:[0.        0.5211156 0.4788844]

rule2: 282.461 < cement < 353.389
probabilities_array:[0.         0.5089842  0.49101582]

rule24: fine_aggregate < 720.186
probabilities_array:[0.         0.47131726 0.52868277]

rule10: 54.989 < fly_ash < 98.569
probabilities_array:[0.         0.45522374 0.54477626]

rule12: water < 166.978
probabilities_array:[0.        0.4541508 0.5458492]

rule20: coarse_aggregate < 920.006
probabilities_array:[0.        0.4398138 0.5601862]

rule17: 2.318 < superplasticizer < 6.334
probabilities_array:[0.00193169 0.41607928 0.58198905]

rule18: 6.334 < superplasticizer < 10.351
probabilities_array:[0.         0.37302744 0.62697256]

rule5: 15.775 < blast_furnace_slag < 75.186
probabilities_array:[0.00550487 0.3587988  0.63569635]

rule22: 972.614 < coarse_aggregate < 1025.223
probabilities_array:[0.         0.2789556  0.72104436]

rule11: fly_ash > 98.569
probabilities_array:[0.         0.25901935 0.7409806 ]

rule13: 166.978 < water < 180.866
probabilities_array:[0.03775821 0.18507034 0.77717143]

rule21: 920.006 < coarse_aggregate < 972.614
probabilities_array:[0.        0.2028647 0.7971353]

