R2: 0.4874365931611998

MAE: 9.713838235294117

MSE: 145.49820889705882

Accuracy: 0.8588235294117647

F1: 0.8587012987012986

Confusion Matrix: [[151, 22], [26, 141]]

Uncertainties: {'class0': [0.05737657845020294, 0.26576223969459534, 0.3116525411605835, 0.3688725233078003, 0.38214483857154846], 'class1': [0.11713362485170364, 0.25417888164520264, 0.2627260684967041, 0.3932928442955017, 0.44579312205314636]}

Most important rules
-----------------------------

---0---
rule28: age < 4.325
probabilities_array:[0.94262344 0.         0.05737658]

rule27: fine_aggregate > 827.197
probabilities_array:[0.7342378  0.         0.26576224]

rule15: water > 195.447
probabilities_array:[0.68834746 0.         0.31165254]

rule0: cement < 209.428
probabilities_array:[0.6311275  0.         0.36887252]

rule16: superplasticizer < 2.233
probabilities_array:[0.6178552  0.         0.38214484]

rule25: 723.096 < fine_aggregate < 775.147
probabilities_array:[0.43340632 0.         0.5665937 ]

rule29: 4.325 < age < 44.723
probabilities_array:[0.41570684 0.02263391 0.5616593 ]

rule14: 181.414 < water < 195.447
probabilities_array:[0.26913542 0.         0.7308646 ]

rule11: fly_ash > 97.755
probabilities_array:[0.25661895 0.01273523 0.7306458 ]

rule26: 775.147 < fine_aggregate < 827.197
probabilities_array:[0.24118921 0.         0.75881076]

rule23: coarse_aggregate > 1026.496
probabilities_array:[0.23839965 0.         0.7616004 ]

rule4: blast_furnace_slag < 16.076
probabilities_array:[0.20597768 0.         0.7940223 ]


---1---
rule31: age > 85.122
probabilities_array:[0.         0.8828664  0.11713362]

rule30: 44.723 < age < 85.122
probabilities_array:[0.         0.7458211  0.25417888]

rule3: cement > 348.896
probabilities_array:[0.         0.73727393 0.26272607]

rule12: water < 167.382
probabilities_array:[0.         0.60670716 0.39329284]

rule13: 167.382 < water < 181.414
probabilities_array:[0.         0.5542069  0.44579312]

rule24: fine_aggregate < 723.096
probabilities_array:[0.         0.55171627 0.44828373]

rule2: 279.162 < cement < 348.896
probabilities_array:[0.         0.51285636 0.48714364]

rule19: superplasticizer > 10.141
probabilities_array:[0.        0.4763477 0.5236523]

rule6: 72.949 < blast_furnace_slag < 129.822
probabilities_array:[0.         0.42974314 0.5702568 ]

rule8: fly_ash < 11.736
probabilities_array:[0.01597303 0.38624796 0.59777904]

rule21: 920.792 < coarse_aggregate < 973.644
probabilities_array:[0.         0.36371306 0.636287  ]

rule17: 2.233 < superplasticizer < 6.187
probabilities_array:[0.         0.34394246 0.65605754]

rule18: 6.187 < superplasticizer < 10.141
probabilities_array:[0.00573383 0.31334335 0.6809228 ]

rule5: 16.076 < blast_furnace_slag < 72.949
probabilities_array:[0.0252432  0.26627886 0.708478  ]

rule20: coarse_aggregate < 920.792
probabilities_array:[0.         0.20396586 0.79603416]

