R2: 0.46293084065567347

MAE: 9.472205882352942

MSE: 138.25926602941178

Accuracy: 0.8382352941176471

F1: 0.8372086949708804

Confusion Matrix: [[156, 13], [42, 129]]

Uncertainties: {'class0': [0.11260733753442764, 0.2480621486902237, 0.3203200399875641, 0.34802839159965515, 0.4091203808784485], 'class1': [0.2906774878501892, 0.40360313653945923, 0.4196392297744751, 0.4226849675178528, 0.43794891238212585]}

Most important rules
-----------------------------

---0---
rule28: age < 2.690
probabilities_array:[0.88739264 0.         0.11260734]

rule29: 2.690 < age < 46.800
probabilities_array:[0.75193787 0.         0.24806215]

rule15: water > 196.084
probabilities_array:[0.67968    0.         0.32032004]

rule27: fine_aggregate > 828.053
probabilities_array:[0.65197164 0.         0.3480284 ]

rule0: cement < 215.457
probabilities_array:[0.5908796  0.         0.40912038]

rule14: 181.396 < water < 196.084
probabilities_array:[0.4225194 0.        0.5774806]

rule16: superplasticizer < 2.205
probabilities_array:[0.39932486 0.         0.6006751 ]

rule26: 773.195 < fine_aggregate < 828.053
probabilities_array:[0.28926727 0.         0.7107327 ]

rule1: 215.457 < cement < 285.093
probabilities_array:[0.26399383 0.         0.7360062 ]

rule25: 718.337 < fine_aggregate < 773.195
probabilities_array:[0.20321552 0.         0.79678446]


---1---
rule31: age > 90.910
probabilities_array:[0.        0.7093225 0.2906775]

rule9: 8.581 < fly_ash < 51.031
probabilities_array:[0.         0.59639686 0.40360314]

rule12: water < 166.708
probabilities_array:[0.         0.5803608  0.41963923]

rule8: fly_ash < 8.581
probabilities_array:[0.         0.57731503 0.42268497]

rule3: cement > 354.729
probabilities_array:[0.         0.56205106 0.4379489 ]

rule30: 46.800 < age < 90.910
probabilities_array:[0.         0.54342675 0.45657325]

rule6: 75.955 < blast_furnace_slag < 134.052
probabilities_array:[0.         0.53578645 0.46421355]

rule18: 6.335 < superplasticizer < 10.465
probabilities_array:[0.         0.52988946 0.47011057]

rule24: fine_aggregate < 718.337
probabilities_array:[0.         0.50181973 0.49818024]

rule17: 2.205 < superplasticizer < 6.335
probabilities_array:[0.         0.43934596 0.56065404]

rule20: coarse_aggregate < 917.487
probabilities_array:[0.         0.42474696 0.575253  ]

rule21: 917.487 < coarse_aggregate < 971.797
probabilities_array:[0.         0.36991552 0.6300845 ]

rule5: 17.858 < blast_furnace_slag < 75.955
probabilities_array:[0.        0.3298452 0.6701548]

rule19: superplasticizer > 10.465
probabilities_array:[0.         0.32762837 0.6723716 ]

rule2: 285.093 < cement < 354.729
probabilities_array:[0.03576457 0.24319534 0.7210401 ]

rule13: 166.708 < water < 181.396
probabilities_array:[0.02018864 0.22861008 0.7512013 ]

rule7: blast_furnace_slag > 134.052
probabilities_array:[0.        0.2056552 0.7943448]

