R2: 0.4806561168297516

MAE: 9.835617647058822

MSE: 146.23737676470589

Accuracy: 0.8441176470588235

F1: 0.8432702761469886

Confusion Matrix: [[156, 18], [35, 131]]

Uncertainties: {'class0': [0.039477236568927765, 0.21642078459262848, 0.25243788957595825, 0.3176557421684265, 0.3758440911769867], 'class1': [0.14329276978969574, 0.23080430924892426, 0.28444230556488037, 0.4058847725391388, 0.4591143727302551]}

Most important rules
-----------------------------

---0---
rule28: age < 4.395
probabilities_array:[0.9605228  0.         0.03947724]

rule15: water > 196.462
probabilities_array:[0.78357923 0.         0.21642078]

rule0: cement < 207.466
probabilities_array:[0.7475621 0.        0.2524379]

rule27: fine_aggregate > 827.340
probabilities_array:[6.8200678e-01 3.3750173e-04 3.1765574e-01]

rule29: 4.395 < age < 47.643
probabilities_array:[0.62415594 0.         0.3758441 ]

rule14: 181.912 < water < 196.462
probabilities_array:[0.5460004 0.        0.4539996]

rule9: 11.975 < fly_ash < 54.691
probabilities_array:[0.52520615 0.         0.47479385]

rule16: superplasticizer < 2.285
probabilities_array:[0.48094812 0.         0.5190519 ]

rule26: 772.749 < fine_aggregate < 827.340
probabilities_array:[0.38250268 0.00510519 0.6123921 ]

rule25: 718.158 < fine_aggregate < 772.749
probabilities_array:[0.29971102 0.00985617 0.6904328 ]

rule1: 207.466 < cement < 278.823
probabilities_array:[0.23955719 0.         0.7604428 ]


---1---
rule31: age > 90.892
probabilities_array:[0.         0.8567072  0.14329277]

rule30: 47.643 < age < 90.892
probabilities_array:[0.         0.7691957  0.23080431]

rule3: cement > 350.180
probabilities_array:[0.        0.7155577 0.2844423]

rule8: fly_ash < 11.975
probabilities_array:[0.         0.5941152  0.40588477]

rule24: fine_aggregate < 718.158
probabilities_array:[0.         0.5408856  0.45911437]

rule21: 920.195 < coarse_aggregate < 973.094
probabilities_array:[0.       0.489022 0.510978]

rule12: water < 167.362
probabilities_array:[0.         0.47796884 0.5220311 ]

rule18: 6.216 < superplasticizer < 10.148
probabilities_array:[0.         0.44681254 0.55318743]

rule20: coarse_aggregate < 920.195
probabilities_array:[0.         0.42997772 0.5700223 ]

rule6: 73.975 < blast_furnace_slag < 130.916
probabilities_array:[0.         0.42751658 0.5724834 ]

rule19: superplasticizer > 10.148
probabilities_array:[0.         0.40011695 0.5998831 ]

rule22: 973.094 < coarse_aggregate < 1025.993
probabilities_array:[0.        0.3976186 0.6023814]

rule17: 2.285 < superplasticizer < 6.216
probabilities_array:[0.        0.3926321 0.6073679]

rule13: 167.362 < water < 181.912
probabilities_array:[0.         0.37474528 0.6252547 ]

rule10: 54.691 < fly_ash < 97.406
probabilities_array:[0.         0.35039437 0.64960563]

rule2: 278.823 < cement < 350.180
probabilities_array:[0.         0.31651554 0.68348444]

rule5: 17.033 < blast_furnace_slag < 73.975
probabilities_array:[0.05499122 0.20750372 0.7375051 ]

rule23: coarse_aggregate > 1025.993
probabilities_array:[0.         0.22567302 0.774327  ]

