R2: 0.4370699781467131

MAE: 10.495794117647058

MSE: 169.01117264705883

Accuracy: 0.8264705882352941

F1: 0.8263489123001411

Confusion Matrix: [[136, 24], [35, 145]]

Uncertainties: {'class0': [0.013478302396833897, 0.15248021483421326, 0.20252293348312378, 0.3422156274318695, 0.39547380805015564], 'class1': [0.15758714079856873, 0.22910083830356598, 0.25393182039260864, 0.3530411422252655, 0.3671971261501312]}

Most important rules
-----------------------------

---0---
rule28: age < 3.438
probabilities_array:[0.9865217 0.        0.0134783]

rule0: cement < 212.556
probabilities_array:[0.84751976 0.         0.15248021]

rule15: water > 197.023
probabilities_array:[0.79747707 0.         0.20252293]

rule29: 3.438 < age < 45.648
probabilities_array:[0.6577844  0.         0.34221563]

rule1: 212.556 < cement < 284.112
probabilities_array:[0.6045262 0.        0.3954738]

rule27: fine_aggregate > 828.295
probabilities_array:[0.57802826 0.01252729 0.40944445]

rule14: 182.441 < water < 197.023
probabilities_array:[0.49035653 0.         0.50964344]

rule16: superplasticizer < 1.958
probabilities_array:[0.33131787 0.         0.6686821 ]


---1---
rule31: age > 87.857
probabilities_array:[0.         0.8424128  0.15758714]

rule30: 45.648 < age < 87.857
probabilities_array:[0.         0.7708992  0.22910084]

rule3: cement > 355.668
probabilities_array:[0.         0.7460682  0.25393182]

rule24: fine_aggregate < 718.026
probabilities_array:[0.         0.6469588  0.35304114]

rule20: coarse_aggregate < 919.839
probabilities_array:[0.         0.6328029  0.36719713]

rule12: water < 167.859
probabilities_array:[0.         0.5901539  0.40984613]

rule17: 1.958 < superplasticizer < 5.959
probabilities_array:[0.         0.55876315 0.44123685]

rule6: 71.839 < blast_furnace_slag < 129.084
probabilities_array:[0.        0.5460953 0.4539047]

rule7: blast_furnace_slag > 129.084
probabilities_array:[0.         0.5387542  0.46124578]

rule10: 52.532 < fly_ash < 95.608
probabilities_array:[0.         0.47523323 0.5247668 ]

rule21: 919.839 < coarse_aggregate < 972.456
probabilities_array:[0.         0.46750844 0.53249156]

rule13: 167.859 < water < 182.441
probabilities_array:[0.         0.46296912 0.5370309 ]

rule19: superplasticizer > 9.960
probabilities_array:[0.        0.4246654 0.5753346]

rule22: 972.456 < coarse_aggregate < 1025.072
probabilities_array:[0.         0.34278852 0.6572115 ]

rule9: 9.457 < fly_ash < 52.532
probabilities_array:[0.         0.31703416 0.6829659 ]

rule18: 5.959 < superplasticizer < 9.960
probabilities_array:[0.         0.29728955 0.70271045]

rule8: fly_ash < 9.457
probabilities_array:[0.         0.28218424 0.71781576]

rule23: coarse_aggregate > 1025.072
probabilities_array:[0.         0.27956071 0.72043926]

rule11: fly_ash > 95.608
probabilities_array:[0.         0.25211605 0.747884  ]

