R2: 0.47537226275502487

MAE: 10.118264705882353

MSE: 155.04674676470586

Accuracy: 0.85

F1: 0.8483934426229508

Confusion Matrix: [[127, 26], [25, 162]]

Uncertainties: {'class0': [0.03739286959171295, 0.20151427388191223, 0.2252870351076126, 0.2902911603450775, 0.4473728835582733], 'class1': [0.1621740609407425, 0.2617407739162445, 0.29319867491722107, 0.40667566657066345, 0.41033414006233215]}

Most important rules
-----------------------------

---0---
rule28: age < 4.030
probabilities_array:[0.96260715 0.         0.03739287]

rule27: fine_aggregate > 827.622
probabilities_array:[0.7984857  0.         0.20151427]

rule15: water > 196.393
probabilities_array:[0.774713   0.         0.22528704]

rule0: cement < 208.733
probabilities_array:[0.70970887 0.         0.29029116]

rule29: 4.030 < age < 43.404
probabilities_array:[0.55262715 0.         0.44737288]

rule26: 772.948 < fine_aggregate < 827.622
probabilities_array:[0.5060521 0.        0.4939479]

rule14: 182.019 < water < 196.393
probabilities_array:[0.46132627 0.         0.53867376]

rule25: 718.274 < fine_aggregate < 772.948
probabilities_array:[0.3450658  0.01238291 0.6425513 ]

rule16: superplasticizer < 2.128
probabilities_array:[0.281061 0.       0.718939]

rule1: 208.733 < cement < 280.135
probabilities_array:[0.22843583 0.         0.7715642 ]

rule11: fly_ash > 96.930
probabilities_array:[0.19426206 0.06393498 0.74180293]


---1---
rule31: age > 82.779
probabilities_array:[0.         0.83782595 0.16217406]

rule30: 43.404 < age < 82.779
probabilities_array:[0.         0.73825926 0.26174077]

rule12: water < 167.644
probabilities_array:[0.         0.70680135 0.29319867]

rule3: cement > 351.538
probabilities_array:[0.         0.59332436 0.40667567]

rule20: coarse_aggregate < 920.118
probabilities_array:[0.         0.5896659  0.41033414]

rule19: superplasticizer > 10.173
probabilities_array:[0.         0.54771376 0.4522862 ]

rule24: fine_aggregate < 718.274
probabilities_array:[0.         0.52618384 0.47381616]

rule17: 2.128 < superplasticizer < 6.150
probabilities_array:[0.        0.5118796 0.4881204]

rule13: 167.644 < water < 182.019
probabilities_array:[0.         0.511017   0.48898298]

rule6: 74.600 < blast_furnace_slag < 132.565
probabilities_array:[0.         0.4952449  0.50475514]

rule10: 53.933 < fly_ash < 96.930
probabilities_array:[0.        0.4859959 0.5140041]

rule8: fly_ash < 10.937
probabilities_array:[0.         0.43780684 0.56219316]

rule21: 920.118 < coarse_aggregate < 972.062
probabilities_array:[0.         0.38885376 0.6111462 ]

rule18: 6.150 < superplasticizer < 10.173
probabilities_array:[0.         0.35282177 0.64717823]

rule9: 10.937 < fly_ash < 53.933
probabilities_array:[0.         0.26674178 0.7332582 ]

rule22: 972.062 < coarse_aggregate < 1024.006
probabilities_array:[0.         0.25999907 0.74000096]

rule7: blast_furnace_slag > 132.565
probabilities_array:[0.         0.24201457 0.7579854 ]

rule5: 16.635 < blast_furnace_slag < 74.600
probabilities_array:[0.03211387 0.20857541 0.7593107 ]

rule2: 280.135 < cement < 351.538
probabilities_array:[0.03035298 0.20812878 0.7615183 ]

