R2: 0.42834407399764196

MAE: 10.023

MSE: 149.90201352941176

Accuracy: 0.8264705882352941

F1: 0.8263489123001411

Confusion Matrix: [[136, 30], [29, 145]]

Uncertainties: {'class0': [0.033517301082611084, 0.2519538998603821, 0.2729058265686035, 0.3529146909713745, 0.37238186597824097], 'class1': [0.154054656624794, 0.20596526563167572, 0.2548583745956421, 0.42586246132850647, 0.44854775071144104]}

Most important rules
-----------------------------

---0---
rule28: age < 3.359
probabilities_array:[0.9664827 0.        0.0335173]

rule15: water > 195.247
probabilities_array:[0.7480461 0.        0.2519539]

rule0: cement < 207.360
probabilities_array:[0.7270942  0.         0.27290583]

rule27: fine_aggregate > 828.647
probabilities_array:[0.6470853 0.        0.3529147]

rule29: 3.359 < age < 46.497
probabilities_array:[0.62761813 0.         0.37238187]

rule14: 181.367 < water < 195.247
probabilities_array:[0.530483 0.       0.469517]

rule16: superplasticizer < 2.045
probabilities_array:[0.4500436  0.         0.54995644]

rule11: fly_ash > 96.670
probabilities_array:[0.26058134 0.06942403 0.66999465]

rule1: 207.360 < cement < 277.162
probabilities_array:[0.22824568 0.         0.7717543 ]

rule4: blast_furnace_slag < 15.997
probabilities_array:[0.20735952 0.00788948 0.784751  ]


---1---
rule31: age > 89.635
probabilities_array:[0.         0.84594536 0.15405466]

rule3: cement > 346.964
probabilities_array:[0.         0.7940347  0.20596527]

rule30: 46.497 < age < 89.635
probabilities_array:[0.         0.7451416  0.25485837]

rule19: superplasticizer > 10.029
probabilities_array:[0.         0.57413757 0.42586246]

rule17: 2.045 < superplasticizer < 6.037
probabilities_array:[0.         0.5514523  0.44854775]

rule24: fine_aggregate < 723.305
probabilities_array:[0.         0.54155475 0.45844525]

rule22: 974.961 < coarse_aggregate < 1026.072
probabilities_array:[0.         0.52145416 0.47854584]

rule6: 74.558 < blast_furnace_slag < 133.120
probabilities_array:[0.         0.5146034  0.48539662]

rule10: 53.526 < fly_ash < 96.670
probabilities_array:[0.         0.49436587 0.5056341 ]

rule12: water < 167.487
probabilities_array:[0.         0.48878264 0.51121736]

rule2: 277.162 < cement < 346.964
probabilities_array:[0.         0.48224792 0.5177521 ]

rule20: coarse_aggregate < 923.850
probabilities_array:[0.         0.45317864 0.54682136]

rule18: 6.037 < superplasticizer < 10.029
probabilities_array:[0.         0.43909898 0.56090105]

rule8: fly_ash < 10.382
probabilities_array:[0.         0.35301858 0.6469814 ]

rule21: 923.850 < coarse_aggregate < 974.961
probabilities_array:[0.         0.33549607 0.66450393]

rule7: blast_furnace_slag > 133.120
probabilities_array:[0.        0.3223995 0.6776005]

rule13: 167.487 < water < 181.367
probabilities_array:[0.05799361 0.19796602 0.74404037]

rule5: 15.997 < blast_furnace_slag < 74.558
probabilities_array:[0.10441552 0.15872003 0.73686445]

