R2: 0.4607459154109542

MAE: 9.944029411764706

MSE: 155.32526676470587

Accuracy: 0.8264705882352941

F1: 0.8264690871028295

Confusion Matrix: [[141, 23], [36, 140]]

Uncertainties: {'class0': [0.167572483420372, 0.37945401668548584, 0.4329639971256256, 0.4485815763473511, 0.49489739537239075], 'class1': [0.2596915662288666, 0.3399586081504822, 0.3808246850967407, 0.42672935128211975, 0.47199615836143494]}

Most important rules
-----------------------------

---0---
rule28: age < 2.810
probabilities_array:[0.8324275  0.         0.16757248]

rule29: 2.810 < age < 44.532
probabilities_array:[0.620546   0.         0.37945402]

rule27: fine_aggregate > 823.911
probabilities_array:[0.56703603 0.         0.432964  ]

rule15: water > 196.064
probabilities_array:[0.5514184  0.         0.44858158]

rule0: cement < 212.046
probabilities_array:[0.50510263 0.         0.4948974 ]

rule16: superplasticizer < 2.152
probabilities_array:[0.4235805  0.         0.57641953]

rule26: 771.006 < fine_aggregate < 823.911
probabilities_array:[0.41333324 0.         0.58666676]

rule14: 181.789 < water < 196.064
probabilities_array:[0.37412038 0.         0.62587965]

rule7: blast_furnace_slag > 133.032
probabilities_array:[0.2570387 0.0427803 0.700181 ]

rule4: blast_furnace_slag < 16.895
probabilities_array:[0.27148008 0.         0.7285199 ]

rule1: 212.046 < cement < 281.632
probabilities_array:[0.22335814 0.01043423 0.76620764]


---1---
rule31: age > 86.254
probabilities_array:[0.         0.74030846 0.25969157]

rule30: 44.532 < age < 86.254
probabilities_array:[0.        0.6600414 0.3399586]

rule3: cement > 351.219
probabilities_array:[0.         0.6191753  0.38082469]

rule8: fly_ash < 10.023
probabilities_array:[0.         0.5732707  0.42672935]

rule12: water < 167.515
probabilities_array:[0.         0.5280039  0.47199616]

rule19: superplasticizer > 10.154
probabilities_array:[0.       0.476829 0.523171]

rule24: fine_aggregate < 718.100
probabilities_array:[0.         0.47418013 0.52581984]

rule20: coarse_aggregate < 921.882
probabilities_array:[0.        0.4511005 0.5488995]

rule18: 6.153 < superplasticizer < 10.154
probabilities_array:[0.         0.44456142 0.5554386 ]

rule2: 281.632 < cement < 351.219
probabilities_array:[0.         0.42524925 0.5747508 ]

rule6: 74.964 < blast_furnace_slag < 133.032
probabilities_array:[0.        0.3886334 0.6113666]

rule13: 167.515 < water < 181.789
probabilities_array:[0.         0.37985697 0.620143  ]

rule10: 52.773 < fly_ash < 95.523
probabilities_array:[0.       0.367199 0.632801]

rule5: 16.895 < blast_furnace_slag < 74.964
probabilities_array:[0.00322317 0.35569143 0.6410853 ]

rule17: 2.152 < superplasticizer < 6.153
probabilities_array:[0.         0.31607345 0.6839265 ]

rule21: 921.882 < coarse_aggregate < 973.926
probabilities_array:[0.00361854 0.23451963 0.7618618 ]

rule9: 10.023 < fly_ash < 52.773
probabilities_array:[0.10111245 0.1753068  0.7235807 ]

