R2: 0.45495273938588565

MAE: 10.12670588235294

MSE: 160.42413

Accuracy: 0.8647058823529412

F1: 0.8641370443726328

Confusion Matrix: [[158, 22], [24, 136]]

Uncertainties: {'class0': [0.0909598171710968, 0.26057812571525574, 0.3026185929775238, 0.37847399711608887, 0.4172993004322052], 'class1': [0.23914292454719543, 0.3598180115222931, 0.38777706027030945, 0.4230556786060333, 0.44215962290763855]}

Most important rules
-----------------------------

---0---
rule28: age < 2.693
probabilities_array:[0.9090402  0.         0.09095982]

rule29: 2.693 < age < 48.490
probabilities_array:[0.73942184 0.         0.26057813]

rule0: cement < 211.936
probabilities_array:[0.6973814 0.        0.3026186]

rule27: fine_aggregate > 829.920
probabilities_array:[0.621526 0.       0.378474]

rule15: water > 196.313
probabilities_array:[0.58270067 0.         0.4172993 ]

rule1: 211.936 < cement < 281.405
probabilities_array:[0.40262341 0.         0.5973766 ]

rule16: superplasticizer < 2.310
probabilities_array:[0.38766396 0.         0.61233604]

rule14: 181.826 < water < 196.313
probabilities_array:[0.31052327 0.         0.6894767 ]

rule4: blast_furnace_slag < 15.538
probabilities_array:[0.20746617 0.02889385 0.76364   ]


---1---
rule31: age > 94.287
probabilities_array:[0.         0.76085705 0.23914292]

rule10: 55.717 < fly_ash < 98.820
probabilities_array:[0.       0.640182 0.359818]

rule3: cement > 350.873
probabilities_array:[0.         0.6122229  0.38777706]

rule30: 48.490 < age < 94.287
probabilities_array:[0.         0.57694435 0.42305568]

rule12: water < 167.338
probabilities_array:[0.         0.5578404  0.44215962]

rule24: fine_aggregate < 720.364
probabilities_array:[0.         0.54232764 0.4576724 ]

rule8: fly_ash < 12.614
probabilities_array:[0.         0.50488806 0.49511194]

rule19: superplasticizer > 10.333
probabilities_array:[0.         0.47236344 0.5276365 ]

rule6: 73.018 < blast_furnace_slag < 130.499
probabilities_array:[0.         0.38578734 0.61421263]

rule20: coarse_aggregate < 917.957
probabilities_array:[0.         0.38366896 0.61633104]

rule7: blast_furnace_slag > 130.499
probabilities_array:[0.        0.3298753 0.6701247]

rule13: 167.338 < water < 181.826
probabilities_array:[0.         0.31108248 0.6889175 ]

rule2: 281.405 < cement < 350.873
probabilities_array:[3.7970929e-06 3.1081629e-01 6.8917996e-01]

rule5: 15.538 < blast_furnace_slag < 73.018
probabilities_array:[0.04519986 0.26727098 0.68752915]

rule18: 6.322 < superplasticizer < 10.333
probabilities_array:[0.         0.28525108 0.7147489 ]

rule22: 969.982 < coarse_aggregate < 1022.007
probabilities_array:[0.         0.23737384 0.7626262 ]

rule21: 917.957 < coarse_aggregate < 969.982
probabilities_array:[0.         0.22775932 0.7722407 ]

rule23: coarse_aggregate > 1022.007
probabilities_array:[0.         0.22519991 0.77480006]

rule17: 2.310 < superplasticizer < 6.322
probabilities_array:[0.         0.21414214 0.78585786]

