R2: 0.4707459914262502

MAE: 9.871235294117648

MSE: 151.6563411764706

Accuracy: 0.85

F1: 0.8498428285662327

Confusion Matrix: [[139, 23], [28, 150]]

Uncertainties: {'class0': [0.06140820309519768, 0.2405811846256256, 0.2695215344429016, 0.47463443875312805, 0.544281005859375], 'class1': [0.12418661266565323, 0.2511221766471863, 0.2976539433002472, 0.47174039483070374, 0.4784940779209137]}

Most important rules
-----------------------------

---0---
rule28: age < 3.193
probabilities_array:[0.9385918 0.        0.0614082]

rule15: water > 195.882
probabilities_array:[0.7594188  0.         0.24058118]

rule0: cement < 209.452
probabilities_array:[0.73047847 0.         0.26952153]

rule27: fine_aggregate > 827.432
probabilities_array:[0.5253656  0.         0.47463444]

rule29: 3.193 < age < 44.920
probabilities_array:[0.45571902 0.         0.544281  ]

rule14: 181.642 < water < 195.882
probabilities_array:[0.43427008 0.         0.5657299 ]

rule16: superplasticizer < 2.200
probabilities_array:[0.4285206  0.         0.57147944]

rule1: 209.452 < cement < 278.933
probabilities_array:[0.33224338 0.         0.6677566 ]

rule23: coarse_aggregate > 1027.693
probabilities_array:[0.22216249 0.         0.7778375 ]


---1---
rule31: age > 86.647
probabilities_array:[0.         0.87581336 0.12418661]

rule30: 44.920 < age < 86.647
probabilities_array:[0.         0.7488778  0.25112218]

rule24: fine_aggregate < 719.973
probabilities_array:[0.         0.7023461  0.29765394]

rule12: water < 167.403
probabilities_array:[0.         0.52825963 0.4717404 ]

rule3: cement > 348.414
probabilities_array:[0.         0.5215059  0.47849408]

rule19: superplasticizer > 10.047
probabilities_array:[0.        0.4834421 0.5165579]

rule20: coarse_aggregate < 920.245
probabilities_array:[0.         0.45597002 0.54402995]

rule18: 6.123 < superplasticizer < 10.047
probabilities_array:[0.         0.44304055 0.55695945]

rule8: fly_ash < 10.266
probabilities_array:[0.         0.41135812 0.5886419 ]

rule9: 10.266 < fly_ash < 52.762
probabilities_array:[0.         0.40770873 0.5922913 ]

rule17: 2.200 < superplasticizer < 6.123
probabilities_array:[0.         0.36693215 0.63306785]

rule6: 76.918 < blast_furnace_slag < 136.503
probabilities_array:[0.         0.33578333 0.66421664]

rule13: 167.403 < water < 181.642
probabilities_array:[0.         0.32255924 0.67744076]

rule21: 920.245 < coarse_aggregate < 973.969
probabilities_array:[0.        0.3045438 0.6954562]

rule10: 52.762 < fly_ash < 95.258
probabilities_array:[0.         0.26806155 0.7319385 ]

rule2: 278.933 < cement < 348.414
probabilities_array:[0.         0.21823561 0.7817644 ]

