R2: 0.48602508060862726

MAE: 9.861117647058823

MSE: 149.65905558823528

Accuracy: 0.8382352941176471

F1: 0.8382226989990571

Confusion Matrix: [[144, 27], [28, 141]]

Uncertainties: {'class0': [0.06734251976013184, 0.18125854432582855, 0.2837756872177124, 0.3042934834957123, 0.5471357703208923], 'class1': [0.09848197549581528, 0.173455610871315, 0.3349829614162445, 0.369998037815094, 0.42277219891548157]}

Most important rules
-----------------------------

---0---
rule28: age < 3.982
probabilities_array:[0.9326575  0.         0.06734252]

rule15: water > 195.958
probabilities_array:[0.81874144 0.         0.18125854]

rule27: fine_aggregate > 826.788
probabilities_array:[0.7162243 0.        0.2837757]

rule0: cement < 211.005
probabilities_array:[0.6957065  0.         0.30429348]

rule16: superplasticizer < 2.248
probabilities_array:[0.45286423 0.         0.5471358 ]

rule14: 181.794 < water < 195.958
probabilities_array:[0.43474156 0.         0.56525844]

rule29: 3.982 < age < 45.713
probabilities_array:[0.42145008 0.         0.5785499 ]

rule26: 773.993 < fine_aggregate < 826.788
probabilities_array:[0.31538942 0.         0.6846106 ]

rule25: 721.199 < fine_aggregate < 773.993
probabilities_array:[0.24472159 0.00666574 0.7486127 ]


---1---
rule31: age > 87.445
probabilities_array:[0.         0.90151805 0.09848198]

rule30: 45.713 < age < 87.445
probabilities_array:[0.         0.8265444  0.17345561]

rule3: cement > 351.891
probabilities_array:[0.         0.665017   0.33498296]

rule12: water < 167.630
probabilities_array:[0.         0.63000196 0.36999804]

rule24: fine_aggregate < 721.199
probabilities_array:[0.        0.5772278 0.4227722]

rule8: fly_ash < 11.821
probabilities_array:[0.01303328 0.4520605  0.5349062 ]

rule17: 2.248 < superplasticizer < 6.308
probabilities_array:[0.         0.44468978 0.55531025]

rule13: 167.630 < water < 181.794
probabilities_array:[0.         0.41359025 0.58640975]

rule19: superplasticizer > 10.368
probabilities_array:[0.         0.39789832 0.6021017 ]

rule2: 281.448 < cement < 351.891
probabilities_array:[0.         0.3887504  0.61124957]

rule5: 15.923 < blast_furnace_slag < 73.554
probabilities_array:[0.         0.38250473 0.6174953 ]

rule18: 6.308 < superplasticizer < 10.368
probabilities_array:[0.         0.37851298 0.621487  ]

rule20: coarse_aggregate < 919.350
probabilities_array:[0.         0.36806092 0.6319391 ]

rule21: 919.350 < coarse_aggregate < 971.051
probabilities_array:[0.         0.34805834 0.65194166]

rule9: 11.821 < fly_ash < 55.122
probabilities_array:[0.         0.31570488 0.6842951 ]

rule10: 55.122 < fly_ash < 98.423
probabilities_array:[0.         0.28053918 0.7194608 ]

rule6: 73.554 < blast_furnace_slag < 131.186
probabilities_array:[0.         0.23656516 0.7634348 ]

