R2: 0.4590950409056418

MAE: 10.478529411764706

MSE: 162.68238647058826

Accuracy: 0.8264705882352941

F1: 0.8264570771080794

Confusion Matrix: [[142, 21], [38, 139]]

Uncertainties: {'class0': [0.024382291361689568, 0.27077949047088623, 0.3078047037124634, 0.35490283370018005, 0.4697488248348236], 'class1': [0.15596768260002136, 0.22452734410762787, 0.24565018713474274, 0.30285969376564026, 0.4128691256046295]}

Most important rules
-----------------------------

---0---
rule28: age < 3.569
probabilities_array:[0.9756177  0.         0.02438229]

rule0: cement < 208.976
probabilities_array:[0.7292205 0.        0.2707795]

rule15: water > 195.423
probabilities_array:[0.6921953 0.        0.3078047]

rule27: fine_aggregate > 829.577
probabilities_array:[0.6450972  0.         0.35490283]

rule29: 3.569 < age < 44.591
probabilities_array:[0.53025115 0.         0.46974882]

rule16: superplasticizer < 2.260
probabilities_array:[0.47300702 0.         0.526993  ]

rule14: 180.866 < water < 195.423
probabilities_array:[0.4658461  0.         0.53415394]

rule26: 775.854 < fine_aggregate < 829.577
probabilities_array:[0.31166118 0.         0.6883388 ]

rule1: 208.976 < cement < 279.498
probabilities_array:[0.20617461 0.         0.7938254 ]


---1---
rule31: age > 85.614
probabilities_array:[0.         0.84403235 0.15596768]

rule30: 44.591 < age < 85.614
probabilities_array:[0.         0.77547264 0.22452734]

rule9: 12.710 < fly_ash < 56.008
probabilities_array:[0.         0.7543498  0.24565019]

rule3: cement > 350.020
probabilities_array:[0.         0.69714034 0.3028597 ]

rule12: water < 166.309
probabilities_array:[0.         0.58713084 0.41286913]

rule24: fine_aggregate < 722.131
probabilities_array:[0.         0.5731835  0.42681655]

rule19: superplasticizer > 10.199
probabilities_array:[0.         0.49444428 0.50555575]

rule7: blast_furnace_slag > 129.479
probabilities_array:[0.         0.42910153 0.5708985 ]

rule13: 166.309 < water < 180.866
probabilities_array:[0.         0.42679778 0.5732022 ]

rule8: fly_ash < 12.710
probabilities_array:[0.        0.4108461 0.5891539]

rule18: 6.229 < superplasticizer < 10.199
probabilities_array:[0.         0.37956652 0.6204335 ]

rule6: 71.949 < blast_furnace_slag < 129.479
probabilities_array:[0.         0.37205237 0.6279476 ]

rule20: coarse_aggregate < 920.836
probabilities_array:[0.         0.36962137 0.6303786 ]

rule2: 279.498 < cement < 350.020
probabilities_array:[0.         0.361877   0.63812304]

rule17: 2.260 < superplasticizer < 6.229
probabilities_array:[0.         0.31676084 0.68323916]

rule21: 920.836 < coarse_aggregate < 973.450
probabilities_array:[0.        0.2660063 0.7339937]

rule5: 14.419 < blast_furnace_slag < 71.949
probabilities_array:[0.05256903 0.22995651 0.71747446]

rule10: 56.008 < fly_ash < 99.306
probabilities_array:[0.         0.21278976 0.7872102 ]

