R2: 0.46777434676121743

MAE: 10.193264705882353

MSE: 152.32618147058824

Accuracy: 0.8352941176470589

F1: 0.8348311877580763

Confusion Matrix: [[133, 25], [31, 151]]

Uncertainties: {'class0': [0.13458068668842316, 0.3090004026889801, 0.33991560339927673, 0.34500622749328613, 0.4152650237083435], 'class1': [0.2591251730918884, 0.3568640351295471, 0.3602735698223114, 0.3749547600746155, 0.4551534950733185]}

Most important rules
-----------------------------

---0---
rule28: age < 2.729
probabilities_array:[0.8654193  0.         0.13458069]

rule29: 2.729 < age < 47.010
probabilities_array:[0.6909996 0.        0.3090004]

rule15: water > 196.329
probabilities_array:[0.66008437 0.         0.3399156 ]

rule0: cement < 210.848
probabilities_array:[0.6549938  0.         0.34500623]

rule27: fine_aggregate > 826.627
probabilities_array:[0.584735   0.         0.41526502]

rule16: superplasticizer < 2.128
probabilities_array:[0.39429638 0.         0.60570365]

rule9: 11.196 < fly_ash < 54.331
probabilities_array:[0.3434794 0.0465723 0.6099483]

rule14: 182.031 < water < 196.329
probabilities_array:[0.36168778 0.         0.6383122 ]

rule1: 210.848 < cement < 282.691
probabilities_array:[0.30473152 0.         0.6952685 ]

rule26: 772.519 < fine_aggregate < 826.627
probabilities_array:[0.21750054 0.00084121 0.78165823]


---1---
rule31: age > 91.291
probabilities_array:[0.         0.7408748  0.25912517]

rule3: cement > 354.535
probabilities_array:[0.         0.64313596 0.35686404]

rule24: fine_aggregate < 718.411
probabilities_array:[0.         0.6397264  0.36027357]

rule30: 47.010 < age < 91.291
probabilities_array:[0.         0.62504524 0.37495476]

rule12: water < 167.733
probabilities_array:[0.         0.54484653 0.4551535 ]

rule19: superplasticizer > 10.048
probabilities_array:[0.         0.52958107 0.47041893]

rule20: coarse_aggregate < 920.564
probabilities_array:[0.       0.514832 0.485168]

rule8: fly_ash < 11.196
probabilities_array:[0.         0.514259   0.48574102]

rule10: 54.331 < fly_ash < 97.467
probabilities_array:[0.         0.48079264 0.51920736]

rule6: 71.515 < blast_furnace_slag < 129.889
probabilities_array:[0.         0.47162953 0.52837044]

rule13: 167.733 < water < 182.031
probabilities_array:[0.         0.46105435 0.5389456 ]

rule17: 2.128 < superplasticizer < 6.088
probabilities_array:[0.        0.4461329 0.5538671]

rule18: 6.088 < superplasticizer < 10.048
probabilities_array:[0.00095893 0.26411662 0.73492444]

rule5: 13.142 < blast_furnace_slag < 71.515
probabilities_array:[0.03660141 0.23357466 0.7298239 ]

rule21: 920.564 < coarse_aggregate < 973.487
probabilities_array:[0.        0.2467859 0.7532141]

rule7: blast_furnace_slag > 129.889
probabilities_array:[0.         0.22133999 0.77866   ]

rule2: 282.691 < cement < 354.535
probabilities_array:[0.00680599 0.21750289 0.77569115]

