R2: 0.8561147767914354

MAE: 2738.1584447228856

MSE: 23759575.357195947

Accuracy: 0.9253393665158371

F1: 0.9253083985805215

Confusion Matrix: [[200, 11], [22, 209]]

Uncertainties: {'class0': [0.08095484226942062, 0.11422713100910187, 0.11428419500589371, 0.13447432219982147, 0.15564216673374176], 'class1': [0.1007683128118515, 0.1564769148826599, 0.21779662370681763, 0.37855616211891174, 0.5739822387695312]}

Most important rules
-----------------------------

---0---
rule2: 33.167 < age < 39.193
probabilities_array:[0.91904515 0.         0.08095484]

rule1: 25.659 < age < 33.167
probabilities_array:[0.8857729  0.         0.11422713]

rule3: 39.193 < age < 45.219
probabilities_array:[0.8857158 0.        0.1142842]

rule0: age < 25.659
probabilities_array:[0.86552566 0.         0.13447432]

rule20: smoker_yes = 0.0
probabilities_array:[0.84435785 0.         0.15564217]

rule12: children = 0.0
probabilities_array:[0.24742189 0.         0.7525781 ]

rule25: region_southeast = 1.0
probabilities_array:[0.23772225 0.         0.7622777 ]

rule4: 45.219 < age < 52.727
probabilities_array:[0.17302422 0.07330225 0.75367355]


---1---
rule21: smoker_yes = 1.0
probabilities_array:[0.         0.8992317  0.10076831]

rule5: age > 52.727
probabilities_array:[0.         0.8435231  0.15647691]

rule16: children = 4.0
probabilities_array:[0.         0.7822034  0.21779662]

rule26: region_southwest = 0.0
probabilities_array:[0.         0.62144387 0.37855616]

rule22: region_northwest = 0.0
probabilities_array:[0.         0.42601773 0.57398224]

rule15: children = 3.0
probabilities_array:[0.         0.41186532 0.58813465]

rule11: bmi > 36.578
probabilities_array:[0.         0.40961894 0.5903811 ]

rule18: sex_male = 0.0
probabilities_array:[0.        0.3842123 0.6157877]

rule27: region_southwest = 1.0
probabilities_array:[0.        0.3535818 0.6464182]

rule10: 33.279 < bmi < 36.578
probabilities_array:[0.        0.3518635 0.6481365]

rule9: 30.631 < bmi < 33.279
probabilities_array:[0.         0.34887466 0.6511253 ]

rule24: region_southeast = 0.0
probabilities_array:[0.         0.32317707 0.6768229 ]

rule17: children = 5.0
probabilities_array:[0.         0.29493082 0.7050692 ]

rule14: children = 2.0
probabilities_array:[0.         0.260811   0.73918897]

rule6: bmi < 24.685
probabilities_array:[0.         0.26029444 0.73970556]

rule8: 27.984 < bmi < 30.631
probabilities_array:[0.         0.22561917 0.7743808 ]

rule7: 24.685 < bmi < 27.984
probabilities_array:[0.         0.21625142 0.78374857]

