R2: 0.8164689122671855

MAE: 2707.505187366021

MSE: 26077873.913868126

Accuracy: 0.8687782805429864

F1: 0.8687755937755938

Confusion Matrix: [[193, 25], [33, 191]]

Uncertainties: {'class0': [0.12507227063179016, 0.19488286972045898, 0.20678506791591644, 0.2199031263589859, 0.2310492843389511], 'class1': [0.06116152182221413, 0.16760270297527313, 0.32445457577705383, 0.4252271056175232, 0.613684892654419]}

Most important rules
-----------------------------

---0---
rule20: smoker_yes = 0.0
probabilities_array:[0.87492776 0.         0.12507227]

rule2: 33.404 < age < 39.485
probabilities_array:[0.80511713 0.         0.19488287]

rule1: 25.826 < age < 33.404
probabilities_array:[0.7932149  0.         0.20678507]

rule3: 39.485 < age < 45.567
probabilities_array:[0.7800969  0.         0.21990313]

rule0: age < 25.826
probabilities_array:[0.7689507  0.         0.23104928]


---1---
rule5: age > 53.145
probabilities_array:[0.         0.9388385  0.06116152]

rule21: smoker_yes = 1.0
probabilities_array:[0.        0.8323973 0.1676027]

rule16: children = 4.0
probabilities_array:[0.         0.67554545 0.32445458]

rule4: 45.567 < age < 53.145
probabilities_array:[0.        0.5747729 0.4252271]

rule26: region_southwest = 0.0
probabilities_array:[0.        0.3863151 0.6136849]

rule22: region_northwest = 0.0
probabilities_array:[0.         0.38463363 0.6153664 ]

rule18: sex_male = 0.0
probabilities_array:[0.         0.38000903 0.619991  ]

rule17: children = 5.0
probabilities_array:[0.         0.368754   0.63124603]

rule11: bmi > 36.648
probabilities_array:[0.         0.31454864 0.6854514 ]

rule15: children = 3.0
probabilities_array:[0.         0.30722484 0.69277513]

rule24: region_southeast = 0.0
probabilities_array:[0.         0.29735518 0.7026448 ]

rule14: children = 2.0
probabilities_array:[0.         0.27765495 0.72234505]

rule10: 33.351 < bmi < 36.648
probabilities_array:[0.         0.26580027 0.7341997 ]

rule23: region_northwest = 1.0
probabilities_array:[0.        0.2308505 0.7691495]

rule9: 30.704 < bmi < 33.351
probabilities_array:[0.         0.20943898 0.790561  ]

rule19: sex_male = 1.0
probabilities_array:[0.        0.2079425 0.7920575]

