R2: 0.6407290753874194

MAE: 0.00106719804066382

MSE: 2.0004667774774604e-06

Accuracy: 0.8217128303088188

F1: 0.7326366426545908

Confusion Matrix: [[2197, 223], [337, 384]]

Uncertainties: {'class0': [0.3825906217098236, 0.4531733989715576, 0.5214217305183411, 0.5510823726654053, 0.575332760810852], 'class1': [0.3336270749568939, 0.40965214371681213, 0.6820521950721741, 0.7247169613838196]}

Most important rules
-----------------------------

---0---
rule0: climbRate < -3.644
probabilities_array:[0.6174094  0.         0.38259062]

rule1: -3.644 < climbRate < -0.309
probabilities_array:[0.5468266 0.        0.4531734]

rule4: Altitude < -29.346
probabilities_array:[0.4785783  0.         0.52142173]

rule8: RollRate < -0.004
probabilities_array:[0.44891763 0.         0.5510824 ]

rule16: diffClb < -0.119
probabilities_array:[0.42466724 0.         0.57533276]

rule15: curRoll > 0.012
probabilities_array:[0.41296116 0.         0.5870388 ]

rule14: 0.002 < curRoll < 0.012
probabilities_array:[0.38625973 0.         0.61374027]

rule17: -0.119 < diffClb < 0.001
probabilities_array:[0.37298945 0.         0.6270105 ]

rule7: Altitude > 4.883
probabilities_array:[0.3531255 0.        0.6468745]

rule13: -0.009 < curRoll < 0.002
probabilities_array:[0.33285275 0.         0.6671473 ]

rule5: -29.346 < Altitude < -12.232
probabilities_array:[0.29986852 0.         0.7001315 ]

rule12: curRoll < -0.009
probabilities_array:[0.288481 0.       0.711519]

rule6: -12.232 < Altitude < 4.883
probabilities_array:[0.2776259 0.        0.7223741]

rule9: -0.004 < RollRate < 0.000
probabilities_array:[0.23618503 0.         0.763815  ]


---1---
rule19: diffClb > 0.121
probabilities_array:[0.         0.66637295 0.33362707]

rule3: climbRate > 3.026
probabilities_array:[0.         0.5903479  0.40965214]

rule18: 0.001 < diffClb < 0.121
probabilities_array:[0.        0.3179478 0.6820522]

rule2: -0.309 < climbRate < 3.026
probabilities_array:[0.         0.27528304 0.72471696]

