R2: 0.6387482234981866

MAE: 0.001084581475675281

MSE: 2.124480095627611e-06

Accuracy: 0.7156956383317414

F1: 0.6464513198986835

Confusion Matrix: [[1456, 80, 38], [230, 312, 254], [67, 224, 480]]

Uncertainties: {'class0': [0.2986280918121338, 0.34785398840904236, 0.39360174536705017, 0.4268793761730194, 0.43037110567092896], 'class1': [0.034266844391822815, 0.14020729064941406, 0.16160298883914948, 0.22206519544124603, 0.2986280918121338], 'class2': [0.034266844391822815, 0.14020729064941406, 0.16160298883914948, 0.22206519544124603, 0.4495891034603119]}

Most important rules
-----------------------------

---0---
rule8: RollRate < -0.004
probabilities_array:[0.5110575  0.14108856 0.         0.347854  ]

rule16: diffClb < -0.119
probabilities_array:[0.5731206  0.         0.         0.42687938]

rule0: climbRate < -3.591
probabilities_array:[0.5696289 0.        0.        0.4303711]

rule4: Altitude < -29.617
probabilities_array:[0.44346908 0.16292922 0.         0.39360175]

rule17: -0.119 < diffClb < 0.000
probabilities_array:[0.377137   0.32423487 0.         0.2986281 ]

rule9: -0.004 < RollRate < 0.000
probabilities_array:[0.43807888 0.         0.         0.5619211 ]

rule1: -3.591 < climbRate < -0.287
probabilities_array:[0.29972032 0.25264427 0.         0.44763538]

rule12: curRoll < -0.009
probabilities_array:[0.3859067  0.01883775 0.         0.59525555]

rule5: -29.617 < Altitude < -12.279
probabilities_array:[0.36602783 0.03163341 0.         0.60233873]

rule14: 0.001 < curRoll < 0.012
probabilities_array:[0.36452264 0.         0.0104395  0.62503785]

rule15: curRoll > 0.012
probabilities_array:[0.36141804 0.00807847 0.         0.63050354]

rule6: -12.279 < Altitude < 5.059
probabilities_array:[0.36482015 0.         0.         0.6351798 ]

rule7: Altitude > 5.059
probabilities_array:[0.326511   0.04402102 0.         0.629468  ]

rule10: 0.000 < RollRate < 0.004
probabilities_array:[0.28085902 0.         0.0557117  0.6634293 ]

rule23: diffDiffClb = 0.0
probabilities_array:[0.2522952  0.         0.07895227 0.6687526 ]

rule13: -0.009 < curRoll < 0.001
probabilities_array:[0.27440304 0.02982159 0.         0.6957754 ]


---1---
rule3: climbRate > 3.017
probabilities_array:[0.         0.3787049  0.58702826 0.03426684]

rule2: -0.287 < climbRate < 3.017
probabilities_array:[5.6974885e-05 4.1831404e-01 4.2002603e-01 1.6160299e-01]

rule18: 0.000 < diffClb < 0.119
probabilities_array:[0.         0.4095715  0.36836326 0.2220652 ]

rule19: diffClb > 0.119
probabilities_array:[0.         0.2681808  0.5916119  0.14020729]

rule17: -0.119 < diffClb < 0.000
probabilities_array:[0.377137   0.32423487 0.         0.2986281 ]

rule11: RollRate > 0.004
probabilities_array:[0.         0.29818004 0.25223088 0.4495891 ]

rule1: -3.591 < climbRate < -0.287
probabilities_array:[0.29972032 0.25264427 0.         0.44763538]

rule4: Altitude < -29.617
probabilities_array:[0.44346908 0.16292922 0.         0.39360175]

rule8: RollRate < -0.004
probabilities_array:[0.5110575  0.14108856 0.         0.347854  ]


---2---
rule3: climbRate > 3.017
probabilities_array:[0.         0.3787049  0.58702826 0.03426684]

rule19: diffClb > 0.119
probabilities_array:[0.         0.2681808  0.5916119  0.14020729]

rule2: -0.287 < climbRate < 3.017
probabilities_array:[5.6974885e-05 4.1831404e-01 4.2002603e-01 1.6160299e-01]

rule18: 0.000 < diffClb < 0.119
probabilities_array:[0.         0.4095715  0.36836326 0.2220652 ]

rule11: RollRate > 0.004
probabilities_array:[0.         0.29818004 0.25223088 0.4495891 ]

