R2: 0.6571158210873339

MAE: 0.0010520239674070963

MSE: 1.909436381882797e-06

Accuracy: 0.8315822986310092

F1: 0.7552659195668521

Confusion Matrix: [[2183, 224], [305, 429]]

Uncertainties: {'class0': [0.4923807978630066, 0.523294985294342, 0.5447808504104614, 0.5531722903251648, 0.5913349986076355], 'class1': [0.33574482798576355, 0.3812342882156372, 0.6479267477989197, 0.722472608089447]}

Most important rules
-----------------------------

---0---
rule0: climbRate < -3.516
probabilities_array:[0.5076192 0.        0.4923808]

rule16: diffClb < -0.119
probabilities_array:[0.47670498 0.         0.523295  ]

rule1: -3.516 < climbRate < -0.240
probabilities_array:[0.45521912 0.         0.54478085]

rule8: RollRate < -0.004
probabilities_array:[0.44682768 0.         0.5531723 ]

rule15: curRoll > 0.012
probabilities_array:[0.408665 0.       0.591335]

rule14: 0.002 < curRoll < 0.012
probabilities_array:[0.40258837 0.         0.59741163]

rule4: Altitude < -29.529
probabilities_array:[0.3983205 0.        0.6016795]

rule17: -0.119 < diffClb < 0.000
probabilities_array:[0.39269564 0.         0.6073044 ]

rule13: -0.009 < curRoll < 0.002
probabilities_array:[0.34587094 0.         0.6541291 ]

rule12: curRoll < -0.009
probabilities_array:[0.32462823 0.         0.67537177]

rule5: -29.529 < Altitude < -12.199
probabilities_array:[0.29816717 0.         0.70183283]

rule7: Altitude > 5.132
probabilities_array:[0.25820118 0.         0.7417988 ]

rule9: -0.004 < RollRate < 0.000
probabilities_array:[0.2572335 0.        0.7427665]

rule6: -12.199 < Altitude < 5.132
probabilities_array:[0.20232937 0.         0.79767066]


---1---
rule19: diffClb > 0.119
probabilities_array:[0.         0.6642552  0.33574483]

rule3: climbRate > 3.035
probabilities_array:[0.        0.6187657 0.3812343]

rule2: -0.240 < climbRate < 3.035
probabilities_array:[0.         0.35207328 0.64792675]

rule18: 0.000 < diffClb < 0.119
probabilities_array:[0.         0.27752736 0.7224726 ]

