R2: 0.6561913259590988

MAE: 0.0010551888137074416

MSE: 1.9747559504950363e-06

Accuracy: 0.8793377905125757

F1: 0.879335393335587

Confusion Matrix: [[1388, 153], [226, 1374]]

Uncertainties: {'class0': [0.17491751909255981, 0.3292520344257355, 0.3890942633152008, 0.5141541957855225, 0.5685404539108276], 'class1': [0.16484405100345612, 0.24837204813957214, 0.46897685527801514, 0.533261239528656, 0.549826443195343]}

Most important rules
-----------------------------

---0---
rule0: climbRate < -3.580
probabilities_array:[0.8250825  0.         0.17491752]

rule16: diffClb < -0.120
probabilities_array:[0.67074794 0.         0.32925203]

rule1: -3.580 < climbRate < -0.289
probabilities_array:[0.6109057  0.         0.38909426]

rule8: RollRate < -0.004
probabilities_array:[0.4858458 0.        0.5141542]

rule17: -0.120 < diffClb < -0.000
probabilities_array:[0.43145955 0.         0.56854045]

rule9: -0.004 < RollRate < 0.000
probabilities_array:[0.37532908 0.         0.6246709 ]


---1---
rule19: diffClb > 0.119
probabilities_array:[0.         0.83515596 0.16484405]

rule3: climbRate > 3.003
probabilities_array:[0.         0.7516279  0.24837205]

rule18: -0.000 < diffClb < 0.119
probabilities_array:[0.         0.53102314 0.46897686]

rule2: -0.289 < climbRate < 3.003
probabilities_array:[0.01595735 0.45078138 0.53326124]

rule11: RollRate > 0.004
probabilities_array:[0.         0.4501736  0.54982644]

rule7: Altitude > 4.601
probabilities_array:[0.         0.22525173 0.77474827]

