R2: 0.6342852550836025

MAE: 0.0010530588167508047

MSE: 2.019043752935983e-06

Accuracy: 0.693728112066221

F1: 0.6291242130687572

Confusion Matrix: [[1406, 97, 33], [233, 348, 251], [48, 300, 425]]

Uncertainties: {'class0': [0.3327712416648865, 0.37515342235565186, 0.4085276424884796, 0.43286165595054626, 0.4606625437736511], 'class1': [0.04379260912537575, 0.0871371328830719, 0.1776050329208374, 0.3327712416648865, 0.3380562961101532], 'class2': [0.04379260912537575, 0.0871371328830719, 0.1776050329208374, 0.3380562961101532, 0.3585573732852936]}

Most important rules
-----------------------------

---0---
rule0: climbRate < -3.671
probabilities_array:[0.6248466  0.         0.         0.37515342]

rule4: Altitude < -29.552
probabilities_array:[0.5392656  0.1279632  0.         0.33277124]

rule16: diffClb < -0.121
probabilities_array:[0.5671383  0.         0.         0.43286166]

rule5: -29.552 < Altitude < -12.235
probabilities_array:[5.3773564e-01 3.6475237e-04 0.0000000e+00 4.6189958e-01]

rule15: curRoll > 0.012
probabilities_array:[0.41669074 0.12264673 0.         0.46066254]

rule17: -0.121 < diffClb < -0.002
probabilities_array:[0.41626284 0.12158287 0.         0.46215427]

rule8: RollRate < -0.004
probabilities_array:[0.44624153 0.04640237 0.         0.5073561 ]

rule1: -3.671 < climbRate < -0.347
probabilities_array:[0.3583627  0.23310961 0.         0.40852764]

rule12: curRoll < -0.009
probabilities_array:[0.4545747 0.        0.        0.5454253]

rule6: -12.235 < Altitude < 5.082
probabilities_array:[0.4476115 0.        0.        0.5523885]

rule7: Altitude > 5.082
probabilities_array:[0.38210544 0.09887847 0.         0.5190161 ]

rule14: 0.002 < curRoll < 0.012
probabilities_array:[0.39227095 0.01338837 0.         0.5943407 ]

rule9: -0.004 < RollRate < 0.000
probabilities_array:[0.3814193 0.        0.        0.6185807]

rule13: -0.009 < curRoll < 0.002
probabilities_array:[0.30130434 0.16891742 0.         0.52977824]

rule23: diffDiffClb = 0.0
probabilities_array:[0.2785261  0.         0.09184911 0.6296248 ]

rule10: 0.000 < RollRate < 0.004
probabilities_array:[0.2267813  0.00962549 0.20834811 0.55524504]


---1---
rule3: climbRate > 2.976
probabilities_array:[0.         0.41143653 0.54477084 0.04379261]

rule2: -0.347 < climbRate < 2.976
probabilities_array:[0.         0.4437431  0.37865186 0.17760503]

rule18: -0.002 < diffClb < 0.118
probabilities_array:[0.         0.42548344 0.23646028 0.3380563 ]

rule19: diffClb > 0.118
probabilities_array:[0.         0.2701661  0.6426968  0.08713713]

rule11: RollRate > 0.004
probabilities_array:[0.         0.34443158 0.29701102 0.35855737]

rule1: -3.671 < climbRate < -0.347
probabilities_array:[0.3583627  0.23310961 0.         0.40852764]

rule4: Altitude < -29.552
probabilities_array:[0.5392656  0.1279632  0.         0.33277124]

rule13: -0.009 < curRoll < 0.002
probabilities_array:[0.30130434 0.16891742 0.         0.52977824]

rule15: curRoll > 0.012
probabilities_array:[0.41669074 0.12264673 0.         0.46066254]

rule17: -0.121 < diffClb < -0.002
probabilities_array:[0.41626284 0.12158287 0.         0.46215427]

rule7: Altitude > 5.082
probabilities_array:[0.38210544 0.09887847 0.         0.5190161 ]


---2---
rule19: diffClb > 0.118
probabilities_array:[0.         0.2701661  0.6426968  0.08713713]

rule3: climbRate > 2.976
probabilities_array:[0.         0.41143653 0.54477084 0.04379261]

rule2: -0.347 < climbRate < 2.976
probabilities_array:[0.         0.4437431  0.37865186 0.17760503]

rule11: RollRate > 0.004
probabilities_array:[0.         0.34443158 0.29701102 0.35855737]

rule18: -0.002 < diffClb < 0.118
probabilities_array:[0.         0.42548344 0.23646028 0.3380563 ]

rule10: 0.000 < RollRate < 0.004
probabilities_array:[0.2267813  0.00962549 0.20834811 0.55524504]

