R2: 0.634544174214731

MAE: 0.001074867823395702

MSE: 2.070069964514783e-06

Accuracy: 0.7013689907672715

F1: 0.6358586650233886

Confusion Matrix: [[1430, 95, 41], [244, 352, 247], [52, 259, 421]]

Uncertainties: {'class0': [0.3518180847167969, 0.39753270149230957, 0.4045054614543915, 0.41843482851982117, 0.4278910458087921], 'class1': [0.031604185700416565, 0.10389155149459839, 0.12971791625022888, 0.3518180847167969, 0.35469263792037964], 'class2': [0.031604185700416565, 0.10389155149459839, 0.12971791625022888, 0.35469263792037964, 0.4199163615703583]}

Most important rules
-----------------------------

---0---
rule16: diffClb < -0.119
probabilities_array:[0.5721089  0.         0.         0.42789105]

rule4: Altitude < -29.497
probabilities_array:[0.49357778 0.10191671 0.         0.40450546]

rule8: RollRate < -0.004
probabilities_array:[0.50391126 0.0776539  0.         0.41843483]

rule17: -0.119 < diffClb < -0.000
probabilities_array:[0.4488441  0.19933778 0.         0.35181808]

rule15: curRoll > 0.012
probabilities_array:[0.4802324 0.1222349 0.        0.3975327]

rule0: climbRate < -3.587
probabilities_array:[0.5259388  0.         0.         0.47406116]

rule12: curRoll < -0.009
probabilities_array:[4.8256874e-01 2.2364737e-04 0.0000000e+00 5.1720762e-01]

rule7: Altitude > 4.933
probabilities_array:[0.39285517 0.15767464 0.         0.44947016]

rule5: -29.497 < Altitude < -12.282
probabilities_array:[0.46125755 0.         0.         0.5387425 ]

rule14: 0.002 < curRoll < 0.012
probabilities_array:[0.43380788 0.         0.         0.5661921 ]

rule9: -0.004 < RollRate < 0.000
probabilities_array:[0.4238829 0.        0.        0.5761171]

rule6: -12.282 < Altitude < 4.933
probabilities_array:[0.3957414  0.00066336 0.         0.6035952 ]

rule13: -0.009 < curRoll < 0.002
probabilities_array:[0.3601096 0.0199581 0.        0.6199323]

rule1: -3.587 < climbRate < -0.283
probabilities_array:[0.26092806 0.24940324 0.         0.48966867]

rule23: diffDiffClb = 0.0
probabilities_array:[2.9483318e-01 5.3569773e-04 6.2861510e-02 6.4176953e-01]

rule10: 0.000 < RollRate < 0.004
probabilities_array:[0.24257568 0.01643249 0.02362597 0.71736586]


---1---
rule3: climbRate > 3.021
probabilities_array:[0.         0.38607314 0.5823227  0.03160419]

rule2: -0.283 < climbRate < 3.021
probabilities_array:[0.         0.39941987 0.4708622  0.12971792]

rule18: -0.000 < diffClb < 0.119
probabilities_array:[0.         0.40394804 0.24135932 0.35469264]

rule19: diffClb > 0.119
probabilities_array:[0.         0.28126085 0.6148476  0.10389155]

rule11: RollRate > 0.004
probabilities_array:[0.00275233 0.35122252 0.2261088  0.41991636]

rule17: -0.119 < diffClb < -0.000
probabilities_array:[0.4488441  0.19933778 0.         0.35181808]

rule1: -3.587 < climbRate < -0.283
probabilities_array:[0.26092806 0.24940324 0.         0.48966867]

rule7: Altitude > 4.933
probabilities_array:[0.39285517 0.15767464 0.         0.44947016]

rule15: curRoll > 0.012
probabilities_array:[0.4802324 0.1222349 0.        0.3975327]

rule4: Altitude < -29.497
probabilities_array:[0.49357778 0.10191671 0.         0.40450546]

rule8: RollRate < -0.004
probabilities_array:[0.50391126 0.0776539  0.         0.41843483]


---2---
rule3: climbRate > 3.021
probabilities_array:[0.         0.38607314 0.5823227  0.03160419]

rule19: diffClb > 0.119
probabilities_array:[0.         0.28126085 0.6148476  0.10389155]

rule2: -0.283 < climbRate < 3.021
probabilities_array:[0.         0.39941987 0.4708622  0.12971792]

rule18: -0.000 < diffClb < 0.119
probabilities_array:[0.         0.40394804 0.24135932 0.35469264]

rule11: RollRate > 0.004
probabilities_array:[0.00275233 0.35122252 0.2261088  0.41991636]

