R2: 0.6363869289346052

MAE: 0.0010623476943723475

MSE: 1.9741458820739706e-06

Accuracy: 0.685132123527539

F1: 0.6163589275546927

Confusion Matrix: [[1406, 90, 46], [246, 313, 323], [54, 230, 433]]

Uncertainties: {'class0': [0.2291598916053772, 0.4164212644100189, 0.42205479741096497, 0.4467660188674927, 0.4527137577533722], 'class1': [0.03162100166082382, 0.1339242309331894, 0.1368771493434906, 0.2291598916053772, 0.39936745166778564], 'class2': [0.03162100166082382, 0.1339242309331894, 0.1368771493434906, 0.39936745166778564, 0.41883373260498047]}

Most important rules
-----------------------------

---0---
rule17: -0.120 < diffClb < -0.000
probabilities_array:[0.54279524 0.22804485 0.         0.22915989]

rule0: climbRate < -3.634
probabilities_array:[0.5835787  0.         0.         0.41642126]

rule16: diffClb < -0.120
probabilities_array:[0.553234   0.         0.         0.44676602]

rule4: Altitude < -29.710
probabilities_array:[0.45368516 0.12426008 0.         0.4220548 ]

rule8: RollRate < -0.004
probabilities_array:[0.46994698 0.07733924 0.         0.45271376]

rule5: -29.710 < Altitude < -12.396
probabilities_array:[0.47182986 0.01654395 0.         0.5116262 ]

rule7: Altitude > 4.917
probabilities_array:[0.4165766  0.09825239 0.         0.48517102]

rule9: -0.004 < RollRate < 0.000
probabilities_array:[0.45584816 0.         0.         0.54415184]

rule6: -12.396 < Altitude < 4.917
probabilities_array:[0.44367325 0.         0.         0.55632675]

rule14: 0.001 < curRoll < 0.012
probabilities_array:[0.39564082 0.03919284 0.         0.56516635]

rule12: curRoll < -0.009
probabilities_array:[0.39303383 0.         0.         0.6069662 ]

rule15: curRoll > 0.012
probabilities_array:[0.37427726 0.02224033 0.         0.6034824 ]

rule1: -3.634 < climbRate < -0.298
probabilities_array:[0.26811275 0.23311546 0.         0.49877173]

rule13: -0.009 < curRoll < 0.001
probabilities_array:[0.32687458 0.08127895 0.         0.59184647]

rule23: diffDiffClb = 0.0
probabilities_array:[0.29383856 0.         0.09433939 0.6118221 ]

rule10: 0.000 < RollRate < 0.004
probabilities_array:[0.22584803 0.01642634 0.18370456 0.57402104]


---1---
rule3: climbRate > 3.038
probabilities_array:[0.         0.40206662 0.5663124  0.031621  ]

rule2: -0.298 < climbRate < 3.038
probabilities_array:[0.00099825 0.42167768 0.4433998  0.13392423]

rule18: -0.000 < diffClb < 0.119
probabilities_array:[0.         0.39229867 0.2083339  0.39936745]

rule19: diffClb > 0.119
probabilities_array:[0.         0.23680574 0.6263171  0.13687715]

rule11: RollRate > 0.004
probabilities_array:[3.8315437e-04 3.2521603e-01 2.5556710e-01 4.1883373e-01]

rule17: -0.120 < diffClb < -0.000
probabilities_array:[0.54279524 0.22804485 0.         0.22915989]

rule1: -3.634 < climbRate < -0.298
probabilities_array:[0.26811275 0.23311546 0.         0.49877173]

rule4: Altitude < -29.710
probabilities_array:[0.45368516 0.12426008 0.         0.4220548 ]

rule7: Altitude > 4.917
probabilities_array:[0.4165766  0.09825239 0.         0.48517102]

rule8: RollRate < -0.004
probabilities_array:[0.46994698 0.07733924 0.         0.45271376]


---2---
rule3: climbRate > 3.038
probabilities_array:[0.         0.40206662 0.5663124  0.031621  ]

rule19: diffClb > 0.119
probabilities_array:[0.         0.23680574 0.6263171  0.13687715]

rule2: -0.298 < climbRate < 3.038
probabilities_array:[0.00099825 0.42167768 0.4433998  0.13392423]

rule11: RollRate > 0.004
probabilities_array:[3.8315437e-04 3.2521603e-01 2.5556710e-01 4.1883373e-01]

rule18: -0.000 < diffClb < 0.119
probabilities_array:[0.         0.39229867 0.2083339  0.39936745]

rule10: 0.000 < RollRate < 0.004
probabilities_array:[0.22584803 0.01642634 0.18370456 0.57402104]

