R2: 0.6483902024448207

MAE: 0.0010657054383337728

MSE: 1.99590647619645e-06

Accuracy: 0.8115249920407513

F1: 0.7195146527329443

Confusion Matrix: [[2174, 205], [387, 375]]

Uncertainties: {'class0': [0.44864973425865173, 0.4857235550880432, 0.49743956327438354, 0.5051068067550659, 0.5298245549201965], 'class1': [0.32666832208633423, 0.44361355900764465, 0.6530539989471436]}

Most important rules
-----------------------------

---0---
rule0: climbRate < -3.653
probabilities_array:[0.55135024 0.         0.44864973]

rule1: -3.653 < climbRate < -0.325
probabilities_array:[0.51427644 0.         0.48572356]

rule17: -0.118 < diffClb < -0.000
probabilities_array:[0.50256044 0.         0.49743956]

rule8: RollRate < -0.004
probabilities_array:[0.4948932 0.        0.5051068]

rule16: diffClb < -0.118
probabilities_array:[0.47017545 0.         0.52982455]

rule15: curRoll > 0.013
probabilities_array:[0.36133024 0.         0.6386697 ]

rule4: Altitude < -29.157
probabilities_array:[0.34235546 0.         0.65764457]

rule9: -0.004 < RollRate < 0.000
probabilities_array:[0.33442992 0.         0.6655701 ]

rule7: Altitude > 5.079
probabilities_array:[0.3227319 0.        0.6772681]

rule13: -0.009 < curRoll < 0.002
probabilities_array:[0.25139767 0.         0.74860233]

rule18: -0.000 < diffClb < 0.118
probabilities_array:[0.21250747 0.04177123 0.74572134]

rule14: 0.002 < curRoll < 0.013
probabilities_array:[0.2309839 0.        0.7690161]

rule11: RollRate > 0.004
probabilities_array:[0.22770534 0.00200373 0.7702909 ]

rule5: -29.157 < Altitude < -12.039
probabilities_array:[0.22726455 0.         0.7727355 ]

rule6: -12.039 < Altitude < 5.079
probabilities_array:[0.2227596 0.        0.7772404]

rule12: curRoll < -0.009
probabilities_array:[0.2147072 0.        0.7852928]

rule10: 0.000 < RollRate < 0.004
probabilities_array:[0.20084877 0.         0.79915124]


---1---
rule3: climbRate > 3.003
probabilities_array:[0.         0.6733317  0.32666832]

rule19: diffClb > 0.118
probabilities_array:[0.         0.5563864  0.44361356]

rule2: -0.325 < climbRate < 3.003
probabilities_array:[0.       0.346946 0.653054]

