R2: 0.6432997528687314

MAE: 0.0010664361965661265

MSE: 2.042445852571411e-06

Accuracy: 0.7032792104425343

F1: 0.6368003705240004

Confusion Matrix: [[1427, 109, 47], [198, 339, 265], [47, 266, 443]]

Uncertainties: {'class0': [0.304551362991333, 0.38076236844062805, 0.4054684638977051, 0.43753188848495483, 0.46849942207336426], 'class1': [0.0319933146238327, 0.08420513570308685, 0.16127607226371765, 0.304551362991333, 0.38076236844062805], 'class2': [0.0319933146238327, 0.08420513570308685, 0.16127607226371765, 0.3872279226779938, 0.4242921471595764]}

Most important rules
-----------------------------

---0---
rule17: -0.120 < diffClb < -0.000
probabilities_array:[0.4777786  0.21767    0.         0.30455136]

rule0: climbRate < -3.601
probabilities_array:[0.5624681 0.        0.        0.4375319]

rule8: RollRate < -0.004
probabilities_array:[0.49732092 0.12191674 0.         0.38076237]

rule16: diffClb < -0.120
probabilities_array:[0.52274185 0.         0.         0.47725818]

rule4: Altitude < -29.715
probabilities_array:[0.453594   0.07790658 0.         0.46849942]

rule7: Altitude > 4.929
probabilities_array:[0.42091233 0.08890014 0.         0.49018753]

rule15: curRoll > 0.012
probabilities_array:[0.4005212  0.09116444 0.         0.5083144 ]

rule1: -3.601 < climbRate < -0.283
probabilities_array:[0.3243848  0.2701467  0.         0.40546846]

rule12: curRoll < -0.009
probabilities_array:[0.4369627 0.        0.        0.5630373]

rule5: -29.715 < Altitude < -12.393
probabilities_array:[0.4094353  0.         0.04357719 0.5469875 ]

rule9: -0.004 < RollRate < 0.000
probabilities_array:[0.4290722 0.        0.        0.5709278]

rule6: -12.393 < Altitude < 4.929
probabilities_array:[4.2327815e-01 2.5713007e-04 0.0000000e+00 5.7646471e-01]

rule14: 0.002 < curRoll < 0.012
probabilities_array:[0.36674705 0.         0.         0.6332529 ]

rule10: 0.000 < RollRate < 0.004
probabilities_array:[0.3151926  0.         0.07070945 0.61409795]

rule13: -0.009 < curRoll < 0.002
probabilities_array:[0.27334416 0.0650973  0.         0.6615585 ]

rule23: diffDiffClb = 0.0
probabilities_array:[0.2750657  0.         0.04666811 0.6782662 ]


---1---
rule3: climbRate > 3.035
probabilities_array:[0.         0.38170165 0.586305   0.03199331]

rule2: -0.283 < climbRate < 3.035
probabilities_array:[0.         0.40845242 0.43027145 0.16127607]

rule19: diffClb > 0.119
probabilities_array:[0.         0.31164393 0.6041509  0.08420514]

rule18: -0.000 < diffClb < 0.119
probabilities_array:[0.         0.40908554 0.20368657 0.38722792]

rule11: RollRate > 0.004
probabilities_array:[0.         0.33483362 0.24087425 0.42429215]

rule1: -3.601 < climbRate < -0.283
probabilities_array:[0.3243848  0.2701467  0.         0.40546846]

rule17: -0.120 < diffClb < -0.000
probabilities_array:[0.4777786  0.21767    0.         0.30455136]

rule8: RollRate < -0.004
probabilities_array:[0.49732092 0.12191674 0.         0.38076237]

rule7: Altitude > 4.929
probabilities_array:[0.42091233 0.08890014 0.         0.49018753]

rule15: curRoll > 0.012
probabilities_array:[0.4005212  0.09116444 0.         0.5083144 ]

rule4: Altitude < -29.715
probabilities_array:[0.453594   0.07790658 0.         0.46849942]


---2---
rule3: climbRate > 3.035
probabilities_array:[0.         0.38170165 0.586305   0.03199331]

rule19: diffClb > 0.119
probabilities_array:[0.         0.31164393 0.6041509  0.08420514]

rule2: -0.283 < climbRate < 3.035
probabilities_array:[0.         0.40845242 0.43027145 0.16127607]

rule11: RollRate > 0.004
probabilities_array:[0.         0.33483362 0.24087425 0.42429215]

rule18: -0.000 < diffClb < 0.119
probabilities_array:[0.         0.40908554 0.20368657 0.38722792]

