R2: 0.6419576428993568

MAE: 0.001051469957939566

MSE: 1.943349974546381e-06

Accuracy: 0.8226679401464502

F1: 0.7425779941283422

Confusion Matrix: [[2168, 240], [317, 416]]

Uncertainties: {'class0': [0.4512459635734558, 0.5284401774406433, 0.5480037331581116, 0.5516366362571716, 0.5720099210739136], 'class1': [0.3248309791088104, 0.37953507900238037, 0.6009818315505981, 0.7692055702209473]}

Most important rules
-----------------------------

---0---
rule0: climbRate < -3.579
probabilities_array:[0.54875404 0.         0.45124596]

rule8: RollRate < -0.004
probabilities_array:[0.47155982 0.         0.5284402 ]

rule16: diffClb < -0.119
probabilities_array:[0.45199627 0.         0.54800373]

rule17: -0.119 < diffClb < 0.000
probabilities_array:[0.44836333 0.         0.55163664]

rule1: -3.579 < climbRate < -0.253
probabilities_array:[0.42799008 0.         0.5720099 ]

rule15: curRoll > 0.012
probabilities_array:[0.42120185 0.         0.5787982 ]

rule4: Altitude < -29.343
probabilities_array:[0.3960317  0.         0.60396826]

rule14: 0.002 < curRoll < 0.012
probabilities_array:[0.39040092 0.         0.6095991 ]

rule13: -0.009 < curRoll < 0.002
probabilities_array:[0.3466654  0.         0.65333456]

rule7: Altitude > 4.999
probabilities_array:[0.3258836 0.        0.6741164]

rule5: -29.343 < Altitude < -12.172
probabilities_array:[0.3120075 0.        0.6879925]

rule12: curRoll < -0.009
probabilities_array:[0.30537647 0.         0.69462353]

rule9: -0.004 < RollRate < 0.000
probabilities_array:[0.28188026 0.         0.71811974]

rule6: -12.172 < Altitude < 4.999
probabilities_array:[0.21791758 0.02128247 0.76079994]


---1---
rule3: climbRate > 3.074
probabilities_array:[0.         0.675169   0.32483098]

rule19: diffClb > 0.120
probabilities_array:[0.         0.6204649  0.37953508]

rule2: -0.253 < climbRate < 3.074
probabilities_array:[0.         0.39901814 0.60098183]

rule18: 0.000 < diffClb < 0.120
probabilities_array:[0.         0.23079441 0.7692056 ]

