R2: 0.6463788144341415

MAE: 0.0010525972447042186

MSE: 2.017073263386944e-06

Accuracy: 0.7023241006049029

F1: 0.6306638792103699

Confusion Matrix: [[1434, 74, 36], [251, 286, 311], [68, 195, 486]]

Uncertainties: {'class0': [0.3296522796154022, 0.3442695438861847, 0.3867863416671753, 0.41157206892967224, 0.4765695333480835], 'class1': [0.0367337167263031, 0.11616349220275879, 0.15124943852424622, 0.3296522796154022, 0.3442695438861847], 'class2': [0.0367337167263031, 0.11616349220275879, 0.15124943852424622, 0.4479449689388275, 0.5006751418113708]}

Most important rules
-----------------------------

---0---
rule16: diffClb < -0.120
probabilities_array:[0.61321366 0.         0.         0.38678634]

rule8: RollRate < -0.004
probabilities_array:[0.52073896 0.13499154 0.         0.34426954]

rule17: -0.120 < diffClb < -0.000
probabilities_array:[0.49954432 0.17080343 0.         0.32965228]

rule0: climbRate < -3.628
probabilities_array:[0.5147128  0.         0.         0.48528716]

rule4: Altitude < -29.932
probabilities_array:[0.4481736  0.1402543  0.         0.41157207]

rule12: curRoll < -0.009
probabilities_array:[0.4455647 0.        0.        0.5544353]

rule15: curRoll > 0.012
probabilities_array:[0.41415322 0.05923529 0.         0.5266115 ]

rule14: 0.002 < curRoll < 0.012
probabilities_array:[0.43708265 0.         0.         0.56291735]

rule5: -29.932 < Altitude < -12.727
probabilities_array:[0.4334133  0.         0.         0.56658673]

rule9: -0.004 < RollRate < 0.000
probabilities_array:[0.42975527 0.         0.         0.5702447 ]

rule7: Altitude > 4.478
probabilities_array:[0.33933797 0.17701833 0.         0.4836437 ]

rule1: -3.628 < climbRate < -0.323
probabilities_array:[0.28727844 0.23615201 0.         0.47656953]

rule6: -12.727 < Altitude < 4.478
probabilities_array:[0.34926 0.      0.      0.65074]

rule13: -0.009 < curRoll < 0.002
probabilities_array:[0.29354817 0.05484132 0.         0.65161055]

rule10: 0.000 < RollRate < 0.004
probabilities_array:[0.28314298 0.00386352 0.03604462 0.67694885]

rule23: diffDiffClb = 0.0
probabilities_array:[0.25184867 0.         0.08283454 0.6653168 ]


---1---
rule2: -0.323 < climbRate < 2.982
probabilities_array:[0.         0.43424675 0.41450384 0.15124944]

rule3: climbRate > 2.982
probabilities_array:[0.         0.3786832  0.5845831  0.03673372]

rule19: diffClb > 0.119
probabilities_array:[0.         0.24747075 0.6363658  0.11616349]

rule18: -0.000 < diffClb < 0.119
probabilities_array:[0.         0.33579886 0.21625616 0.44794497]

rule11: RollRate > 0.004
probabilities_array:[1.04113395e-04 3.33572745e-01 1.65647998e-01 5.00675142e-01]

rule1: -3.628 < climbRate < -0.323
probabilities_array:[0.28727844 0.23615201 0.         0.47656953]

rule17: -0.120 < diffClb < -0.000
probabilities_array:[0.49954432 0.17080343 0.         0.32965228]

rule7: Altitude > 4.478
probabilities_array:[0.33933797 0.17701833 0.         0.4836437 ]

rule8: RollRate < -0.004
probabilities_array:[0.52073896 0.13499154 0.         0.34426954]

rule4: Altitude < -29.932
probabilities_array:[0.4481736  0.1402543  0.         0.41157207]


---2---
rule3: climbRate > 2.982
probabilities_array:[0.         0.3786832  0.5845831  0.03673372]

rule19: diffClb > 0.119
probabilities_array:[0.         0.24747075 0.6363658  0.11616349]

rule2: -0.323 < climbRate < 2.982
probabilities_array:[0.         0.43424675 0.41450384 0.15124944]

rule18: -0.000 < diffClb < 0.119
probabilities_array:[0.         0.33579886 0.21625616 0.44794497]

rule11: RollRate > 0.004
probabilities_array:[1.04113395e-04 3.33572745e-01 1.65647998e-01 5.00675142e-01]

