R2: 0.6414383005021191

MAE: 0.0010480084622743596

MSE: 1.930121222057094e-06

Accuracy: 0.8217128303088188

F1: 0.7223530600261396

Confusion Matrix: [[2230, 183], [377, 351]]

Uncertainties: {'class0': [0.39450666308403015, 0.43114161491394043, 0.4697476029396057, 0.4869559705257416, 0.5027116537094116], 'class1': [0.423539936542511, 0.4443109333515167, 0.6857470273971558]}

Most important rules
-----------------------------

---0---
rule0: climbRate < -3.558
probabilities_array:[0.60549337 0.         0.39450666]

rule16: diffClb < -0.119
probabilities_array:[0.5688584  0.         0.43114161]

rule17: -0.119 < diffClb < 0.000
probabilities_array:[0.5302524 0.        0.4697476]

rule1: -3.558 < climbRate < -0.264
probabilities_array:[0.513044   0.         0.48695597]

rule8: RollRate < -0.003
probabilities_array:[0.49728835 0.         0.50271165]

rule4: Altitude < -29.445
probabilities_array:[0.46195835 0.         0.53804165]

rule7: Altitude > 4.692
probabilities_array:[0.3423018  0.00347309 0.6542251 ]

rule15: curRoll > 0.012
probabilities_array:[0.308091   0.         0.69190896]

rule5: -29.445 < Altitude < -12.376
probabilities_array:[0.3043492 0.        0.6956508]

rule14: 0.002 < curRoll < 0.012
probabilities_array:[0.24136701 0.0090354  0.7495976 ]

rule13: -0.009 < curRoll < 0.002
probabilities_array:[0.24583016 0.         0.7541698 ]

rule6: -12.376 < Altitude < 4.692
probabilities_array:[0.23555948 0.         0.76444054]

rule9: -0.003 < RollRate < 0.000
probabilities_array:[0.2304661 0.        0.7695339]

rule12: curRoll < -0.009
probabilities_array:[0.21710001 0.         0.7829    ]


---1---
rule3: climbRate > 3.029
probabilities_array:[0.         0.57646006 0.42353994]

rule19: diffClb > 0.120
probabilities_array:[0.         0.55568904 0.44431093]

rule2: -0.264 < climbRate < 3.029
probabilities_array:[0.       0.314253 0.685747]

