R2: 0.6493609081544941

MAE: 0.0010606599416213393

MSE: 1.9975920415164614e-06

Accuracy: 0.8369945877109201

F1: 0.7568897209282075

Confusion Matrix: [[2216, 209], [303, 413]]

Uncertainties: {'class0': [0.4894239902496338, 0.4931837022304535, 0.5581802129745483, 0.5815317630767822, 0.5870285034179688], 'class1': [0.3248405158519745, 0.40891215205192566, 0.5791302919387817, 0.7747101187705994]}

Most important rules
-----------------------------

---0---
rule16: diffClb < -0.119
probabilities_array:[0.510576 0.       0.489424]

rule0: climbRate < -3.581
probabilities_array:[0.5068163 0.        0.4931837]

rule8: RollRate < -0.003
probabilities_array:[0.4418198 0.        0.5581802]

rule4: Altitude < -29.691
probabilities_array:[0.41846827 0.         0.58153176]

rule1: -3.581 < climbRate < -0.281
probabilities_array:[0.4129715 0.        0.5870285]

rule17: -0.119 < diffClb < 0.001
probabilities_array:[0.39716363 0.         0.6028364 ]

rule15: curRoll > 0.012
probabilities_array:[0.37780985 0.         0.6221901 ]

rule7: Altitude > 4.919
probabilities_array:[0.3391609  0.         0.66083914]

rule12: curRoll < -0.009
probabilities_array:[0.30608046 0.         0.69391954]

rule5: -29.691 < Altitude < -12.386
probabilities_array:[0.30033007 0.         0.6996699 ]

rule9: -0.003 < RollRate < 0.000
probabilities_array:[0.29608297 0.         0.703917  ]

rule13: -0.009 < curRoll < 0.002
probabilities_array:[0.2881117 0.        0.7118883]

rule14: 0.002 < curRoll < 0.012
probabilities_array:[0.2820412 0.        0.7179588]

rule6: -12.386 < Altitude < 4.919
probabilities_array:[0.2410055 0.        0.7589945]

rule23: diffDiffClb = 0.0
probabilities_array:[0.1984111  0.04817263 0.75341624]


---1---
rule3: climbRate > 3.018
probabilities_array:[0.         0.6751595  0.32484052]

rule19: diffClb > 0.120
probabilities_array:[0.         0.5910878  0.40891215]

rule2: -0.281 < climbRate < 3.018
probabilities_array:[0.         0.42086968 0.5791303 ]

rule18: 0.001 < diffClb < 0.120
probabilities_array:[0.        0.2252899 0.7747101]

