R2: 0.6365801445528795

MAE: 0.001068739141988148

MSE: 2.045792985993522e-06

Accuracy: 0.7077363896848138

F1: 0.6455359618265226

Confusion Matrix: [[1425, 108, 30], [239, 353, 210], [64, 267, 445]]

Uncertainties: {'class0': [0.271612286567688, 0.3514842689037323, 0.40800511837005615, 0.42563894391059875, 0.4824889600276947], 'class1': [0.031169671565294266, 0.09695721417665482, 0.13396407663822174, 0.271612286567688, 0.3514842689037323], 'class2': [0.031169671565294266, 0.09695721417665482, 0.13396407663822174, 0.36068645119667053, 0.43169671297073364]}

Most important rules
-----------------------------

---0---
rule17: -0.120 < diffClb < -0.000
probabilities_array:[0.47623336 0.25215432 0.         0.2716123 ]

rule4: Altitude < -29.613
probabilities_array:[0.52824515 0.12027059 0.         0.35148427]

rule16: diffClb < -0.120
probabilities_array:[0.574361   0.         0.         0.42563894]

rule8: RollRate < -0.003
probabilities_array:[0.5088211  0.08317376 0.         0.40800512]

rule0: climbRate < -3.569
probabilities_array:[0.517511   0.         0.         0.48248896]

rule5: -29.613 < Altitude < -12.276
probabilities_array:[0.4952392 0.        0.        0.5047608]

rule9: -0.003 < RollRate < 0.000
probabilities_array:[0.47268388 0.         0.         0.5273161 ]

rule12: curRoll < -0.009
probabilities_array:[0.45465276 0.01809965 0.         0.5272476 ]

rule14: 0.002 < curRoll < 0.012
probabilities_array:[4.3832508e-01 0.0000000e+00 4.7282892e-06 5.6167018e-01]

rule7: Altitude > 5.062
probabilities_array:[0.35968268 0.13811378 0.         0.5022035 ]

rule6: -12.276 < Altitude < 5.062
probabilities_array:[0.41762266 0.00481834 0.         0.577559  ]

rule15: curRoll > 0.012
probabilities_array:[0.3908716  0.05003665 0.         0.55909175]

rule1: -3.569 < climbRate < -0.259
probabilities_array:[0.26048872 0.20621407 0.         0.53329724]

rule23: diffDiffClb = 0.0
probabilities_array:[0.28944543 0.         0.08107901 0.62947553]

rule10: 0.000 < RollRate < 0.004
probabilities_array:[0.3156976  0.         0.00655848 0.6777439 ]

rule13: -0.009 < curRoll < 0.002
probabilities_array:[0.27836773 0.0617509  0.         0.6598814 ]


---1---
rule3: climbRate > 3.051
probabilities_array:[0.         0.39493558 0.57389474 0.03116967]

rule2: -0.259 < climbRate < 3.051
probabilities_array:[0.         0.40941957 0.45661637 0.13396408]

rule19: diffClb > 0.119
probabilities_array:[0.         0.28915313 0.61388963 0.09695721]

rule18: -0.000 < diffClb < 0.119
probabilities_array:[0.         0.4061263  0.23318724 0.36068645]

rule11: RollRate > 0.004
probabilities_array:[0.         0.3476399  0.22066343 0.4316967 ]

rule17: -0.120 < diffClb < -0.000
probabilities_array:[0.47623336 0.25215432 0.         0.2716123 ]

rule1: -3.569 < climbRate < -0.259
probabilities_array:[0.26048872 0.20621407 0.         0.53329724]

rule4: Altitude < -29.613
probabilities_array:[0.52824515 0.12027059 0.         0.35148427]

rule7: Altitude > 5.062
probabilities_array:[0.35968268 0.13811378 0.         0.5022035 ]

rule8: RollRate < -0.003
probabilities_array:[0.5088211  0.08317376 0.         0.40800512]


---2---
rule3: climbRate > 3.051
probabilities_array:[0.         0.39493558 0.57389474 0.03116967]

rule19: diffClb > 0.119
probabilities_array:[0.         0.28915313 0.61388963 0.09695721]

rule2: -0.259 < climbRate < 3.051
probabilities_array:[0.         0.40941957 0.45661637 0.13396408]

rule18: -0.000 < diffClb < 0.119
probabilities_array:[0.         0.4061263  0.23318724 0.36068645]

rule11: RollRate > 0.004
probabilities_array:[0.         0.3476399  0.22066343 0.4316967 ]

