R2: 0.6487771580903856

MAE: 0.0010475294000624714

MSE: 1.9461446127782652e-06

Accuracy: 0.7150588984399873

F1: 0.6506230137425082

Confusion Matrix: [[1436, 97, 37], [215, 339, 287], [47, 212, 471]]

Uncertainties: {'class0': [0.3268614709377289, 0.3274104595184326, 0.42076143622398376, 0.43781813979148865, 0.4601356089115143], 'class1': [0.03350139409303665, 0.11977125704288483, 0.1422032117843628, 0.21543650329113007, 0.3268614709377289], 'class2': [0.03350139409303665, 0.11977125704288483, 0.1422032117843628, 0.21543650329113007, 0.34720557928085327]}

Most important rules
-----------------------------

---0---
rule4: Altitude < -29.664
probabilities_array:[0.53538054 0.13720898 0.         0.32741046]

rule16: diffClb < -0.118
probabilities_array:[0.53260624 0.         0.         0.46739373]

rule8: RollRate < -0.004
probabilities_array:[0.4859096  0.09332893 0.         0.42076144]

rule0: climbRate < -3.630
probabilities_array:[0.5154886  0.         0.         0.48451138]

rule5: -29.664 < Altitude < -12.486
probabilities_array:[0.4612348  0.0596353  0.         0.47912994]

rule7: Altitude > 4.692
probabilities_array:[0.42556214 0.13661966 0.         0.43781814]

rule17: -0.118 < diffClb < 0.000
probabilities_array:[0.35445467 0.31868383 0.         0.32686147]

rule12: curRoll < -0.009
probabilities_array:[0.4622614  0.02441561 0.         0.51332295]

rule9: -0.004 < RollRate < 0.000
probabilities_array:[0.4296145  0.         0.01940338 0.5509821 ]

rule14: 0.002 < curRoll < 0.012
probabilities_array:[0.41996804 0.         0.         0.58003193]

rule6: -12.486 < Altitude < 4.692
probabilities_array:[0.41475675 0.         0.00830677 0.5769365 ]

rule15: curRoll > 0.012
probabilities_array:[0.38601363 0.04281841 0.         0.57116795]

rule1: -3.630 < climbRate < -0.308
probabilities_array:[0.30614054 0.23372383 0.         0.4601356 ]

rule10: 0.000 < RollRate < 0.004
probabilities_array:[0.26998857 0.00997318 0.1028838  0.6171544 ]

rule13: -0.009 < curRoll < 0.002
probabilities_array:[0.25465655 0.04212301 0.         0.7032204 ]

rule23: diffDiffClb = 0.0
probabilities_array:[0.22689265 0.00184873 0.0653031  0.7059555 ]


---1---
rule3: climbRate > 3.015
probabilities_array:[0.         0.37057766 0.5959209  0.03350139]

rule2: -0.308 < climbRate < 3.015
probabilities_array:[0.         0.40064856 0.45714825 0.14220321]

rule18: 0.000 < diffClb < 0.119
probabilities_array:[0.         0.4120925  0.37247097 0.2154365 ]

rule19: diffClb > 0.119
probabilities_array:[0.         0.27043673 0.60979205 0.11977126]

rule11: RollRate > 0.004
probabilities_array:[0.         0.35850096 0.29429346 0.34720558]

rule17: -0.118 < diffClb < 0.000
probabilities_array:[0.35445467 0.31868383 0.         0.32686147]

rule1: -3.630 < climbRate < -0.308
probabilities_array:[0.30614054 0.23372383 0.         0.4601356 ]

rule4: Altitude < -29.664
probabilities_array:[0.53538054 0.13720898 0.         0.32741046]

rule7: Altitude > 4.692
probabilities_array:[0.42556214 0.13661966 0.         0.43781814]

rule8: RollRate < -0.004
probabilities_array:[0.4859096  0.09332893 0.         0.42076144]


---2---
rule3: climbRate > 3.015
probabilities_array:[0.         0.37057766 0.5959209  0.03350139]

rule19: diffClb > 0.119
probabilities_array:[0.         0.27043673 0.60979205 0.11977126]

rule2: -0.308 < climbRate < 3.015
probabilities_array:[0.         0.40064856 0.45714825 0.14220321]

rule18: 0.000 < diffClb < 0.119
probabilities_array:[0.         0.4120925  0.37247097 0.2154365 ]

rule11: RollRate > 0.004
probabilities_array:[0.         0.35850096 0.29429346 0.34720558]

