R2: 0.6511527056177295

MAE: 0.0010497729190718185

MSE: 1.977032759227882e-06

Accuracy: 0.8331741483603948

F1: 0.7506475137532285

Confusion Matrix: [[2212, 196], [328, 405]]

Uncertainties: {'class0': [0.4954961836338043, 0.543139636516571, 0.5493533611297607, 0.5741376876831055, 0.5762022137641907], 'class1': [0.35175415873527527, 0.3664606511592865, 0.6482732892036438, 0.7430965304374695]}

Most important rules
-----------------------------

---0---
rule8: RollRate < -0.003
probabilities_array:[0.50450385 0.         0.49549618]

rule16: diffClb < -0.118
probabilities_array:[0.45686033 0.         0.54313964]

rule0: climbRate < -3.524
probabilities_array:[0.45064664 0.         0.54935336]

rule1: -3.524 < climbRate < -0.215
probabilities_array:[0.42586228 0.         0.5741377 ]

rule17: -0.118 < diffClb < 0.001
probabilities_array:[0.4237978 0.        0.5762022]

rule4: Altitude < -29.528
probabilities_array:[0.41889024 0.         0.58110976]

rule15: curRoll > 0.012
probabilities_array:[0.35997844 0.         0.64002156]

rule14: 0.002 < curRoll < 0.012
probabilities_array:[0.3292944 0.        0.6707056]

rule9: -0.003 < RollRate < 0.000
probabilities_array:[0.31087792 0.         0.6891221 ]

rule5: -29.528 < Altitude < -12.353
probabilities_array:[0.30067205 0.         0.69932795]

rule7: Altitude > 4.823
probabilities_array:[0.278524 0.       0.721476]

rule13: -0.009 < curRoll < 0.002
probabilities_array:[0.27337 0.      0.72663]

rule6: -12.353 < Altitude < 4.823
probabilities_array:[0.2636929 0.        0.7363071]

rule12: curRoll < -0.009
probabilities_array:[0.24641883 0.         0.75358117]


---1---
rule3: climbRate > 3.093
probabilities_array:[0.         0.6482458  0.35175416]

rule19: diffClb > 0.120
probabilities_array:[0.         0.6335393  0.36646065]

rule2: -0.215 < climbRate < 3.093
probabilities_array:[0.        0.3517267 0.6482733]

rule18: 0.001 < diffClb < 0.120
probabilities_array:[0.         0.2569035  0.74309653]

