R2: 0.6370576087804082

MAE: 0.0010817555130248802

MSE: 2.057620132781531e-06

Accuracy: 0.8147086914995224

F1: 0.7242525808962392

Confusion Matrix: [[2179, 245], [337, 380]]

Uncertainties: {'class0': [0.42708367109298706, 0.4398002028465271, 0.5135628581047058, 0.55150306224823, 0.5706323385238647], 'class1': [0.33084654808044434, 0.3960958421230316, 0.6645669341087341, 0.6893770694732666]}

Most important rules
-----------------------------

---0---
rule0: climbRate < -3.606
probabilities_array:[0.5729163  0.         0.42708367]

rule16: diffClb < -0.118
probabilities_array:[0.5601998 0.        0.4398002]

rule4: Altitude < -29.725
probabilities_array:[0.48643714 0.         0.51356286]

rule1: -3.606 < climbRate < -0.299
probabilities_array:[0.44849697 0.         0.55150306]

rule8: RollRate < -0.004
probabilities_array:[0.42936763 0.         0.57063234]

rule15: curRoll > 0.012
probabilities_array:[0.41975427 0.         0.58024573]

rule17: -0.118 < diffClb < 0.001
probabilities_array:[0.36521778 0.         0.6347822 ]

rule14: 0.002 < curRoll < 0.012
probabilities_array:[0.35914907 0.         0.64085096]

rule12: curRoll < -0.009
probabilities_array:[0.35510257 0.         0.64489746]

rule7: Altitude > 4.731
probabilities_array:[3.418562e-01 3.846881e-04 6.577591e-01]

rule5: -29.725 < Altitude < -12.497
probabilities_array:[0.34071985 0.         0.6592801 ]

rule13: -0.009 < curRoll < 0.002
probabilities_array:[0.3391584  0.         0.66084164]

rule6: -12.497 < Altitude < 4.731
probabilities_array:[0.27921426 0.         0.72078574]


---1---
rule19: diffClb > 0.119
probabilities_array:[0.         0.66915345 0.33084655]

rule3: climbRate > 3.008
probabilities_array:[0.         0.6039042  0.39609584]

rule2: -0.299 < climbRate < 3.008
probabilities_array:[0.         0.33543304 0.66456693]

rule18: 0.001 < diffClb < 0.119
probabilities_array:[0.         0.31062293 0.68937707]

