R2: 0.6460349216601957

MAE: 0.0010816151248593656

MSE: 2.0595432754086374e-06

Accuracy: 0.8137535816618912

F1: 0.7114946645311079

Confusion Matrix: [[2213, 172], [413, 343]]

Uncertainties: {'class0': [0.4799319803714752, 0.5410750508308411, 0.5496340394020081, 0.5536541938781738, 0.577964186668396], 'class1': [0.3184488117694855, 0.35127168893814087, 0.5904591679573059]}

Most important rules
-----------------------------

---0---
rule8: RollRate < -0.004
probabilities_array:[0.52006805 0.         0.47993198]

rule16: diffClb < -0.119
probabilities_array:[0.45892492 0.         0.54107505]

rule0: climbRate < -3.626
probabilities_array:[0.45036596 0.         0.54963404]

rule15: curRoll > 0.012
probabilities_array:[0.44634584 0.         0.5536542 ]

rule4: Altitude < -29.418
probabilities_array:[0.42203578 0.         0.5779642 ]

rule1: -3.626 < climbRate < -0.316
probabilities_array:[0.39587355 0.         0.60412645]

rule17: -0.119 < diffClb < -0.000
probabilities_array:[0.39400783 0.         0.6059922 ]

rule14: 0.002 < curRoll < 0.012
probabilities_array:[0.3369457 0.        0.6630543]

rule5: -29.418 < Altitude < -12.149
probabilities_array:[0.32339972 0.         0.6766003 ]

rule7: Altitude > 5.121
probabilities_array:[0.32063574 0.         0.67936426]

rule12: curRoll < -0.009
probabilities_array:[0.3084175 0.        0.6915825]

rule9: -0.004 < RollRate < 0.000
probabilities_array:[0.2967782 0.        0.7032218]

rule13: -0.009 < curRoll < 0.002
probabilities_array:[0.2916557 0.        0.7083443]

rule6: -12.149 < Altitude < 5.121
probabilities_array:[0.25676876 0.         0.74323124]

rule11: RollRate > 0.004
probabilities_array:[0.21609831 0.00646778 0.77743393]

rule23: diffDiffClb = 0.0
probabilities_array:[0.20698044 0.01613032 0.7768892 ]


---1---
rule3: climbRate > 2.994
probabilities_array:[0.         0.68155116 0.3184488 ]

rule19: diffClb > 0.119
probabilities_array:[0.        0.6487283 0.3512717]

rule2: -0.316 < climbRate < 2.994
probabilities_array:[0.         0.40954083 0.59045917]

