R2: 0.6428213490349559

MAE: 0.001038250095127116

MSE: 1.933256495472162e-06

Accuracy: 0.7211079274116523

F1: 0.6534372092004683

Confusion Matrix: [[1473, 83, 37], [233, 341, 277], [51, 195, 451]]

Uncertainties: {'class0': [0.2875406742095947, 0.3904135823249817, 0.4256698787212372, 0.4315890967845917, 0.4439588487148285], 'class1': [0.034722331911325455, 0.13417847454547882, 0.15879075229167938, 0.24459142982959747, 0.2875406742095947], 'class2': [0.034722331911325455, 0.13417847454547882, 0.15879075229167938, 0.24459142982959747, 0.43189504742622375]}

Most important rules
-----------------------------

---0---
rule0: climbRate < -3.532
probabilities_array:[0.5684109 0.        0.        0.4315891]

rule16: diffClb < -0.118
probabilities_array:[0.5560411  0.         0.         0.44395885]

rule8: RollRate < -0.004
probabilities_array:[0.4907934  0.08353665 0.         0.42566988]

rule17: -0.118 < diffClb < 0.002
probabilities_array:[0.39455202 0.31790724 0.         0.28754067]

rule4: Altitude < -29.895
probabilities_array:[0.4536734  0.15591301 0.         0.39041358]

rule9: -0.004 < RollRate < 0.000
probabilities_array:[0.44067433 0.         0.01442885 0.54489684]

rule7: Altitude > 4.826
probabilities_array:[0.39515486 0.10258298 0.         0.5022622 ]

rule5: -29.895 < Altitude < -12.535
probabilities_array:[0.43539008 0.00163149 0.         0.5629784 ]

rule15: curRoll > 0.012
probabilities_array:[0.37747133 0.05672399 0.         0.56580466]

rule1: -3.532 < climbRate < -0.237
probabilities_array:[0.29526448 0.2542471  0.         0.4504884 ]

rule6: -12.535 < Altitude < 4.826
probabilities_array:[0.39368588 0.         0.         0.6063141 ]

rule12: curRoll < -0.009
probabilities_array:[0.38834748 0.         0.         0.61165255]

rule14: 0.002 < curRoll < 0.012
probabilities_array:[0.3517955 0.        0.        0.6482045]

rule10: 0.000 < RollRate < 0.004
probabilities_array:[0.2711287  0.00106416 0.12938957 0.5984176 ]

rule23: diffDiffClb = 0.0
probabilities_array:[2.1946917e-01 1.2433180e-04 1.2497162e-01 6.5543491e-01]

rule13: -0.009 < curRoll < 0.002
probabilities_array:[0.2007598  0.00103701 0.         0.7982032 ]


---1---
rule3: climbRate > 3.058
probabilities_array:[0.         0.39504543 0.5702323  0.03472233]

rule2: -0.237 < climbRate < 3.058
probabilities_array:[0.         0.43119732 0.43462422 0.13417847]

rule18: 0.002 < diffClb < 0.123
probabilities_array:[0.         0.39565122 0.35975736 0.24459143]

rule17: -0.118 < diffClb < 0.002
probabilities_array:[0.39455202 0.31790724 0.         0.28754067]

rule19: diffClb > 0.123
probabilities_array:[0.         0.24783154 0.5933777  0.15879075]

rule11: RollRate > 0.004
probabilities_array:[0.         0.30927154 0.2588334  0.43189505]

rule1: -3.532 < climbRate < -0.237
probabilities_array:[0.29526448 0.2542471  0.         0.4504884 ]

rule4: Altitude < -29.895
probabilities_array:[0.4536734  0.15591301 0.         0.39041358]

rule7: Altitude > 4.826
probabilities_array:[0.39515486 0.10258298 0.         0.5022622 ]

rule8: RollRate < -0.004
probabilities_array:[0.4907934  0.08353665 0.         0.42566988]


---2---
rule3: climbRate > 3.058
probabilities_array:[0.         0.39504543 0.5702323  0.03472233]

rule19: diffClb > 0.123
probabilities_array:[0.         0.24783154 0.5933777  0.15879075]

rule2: -0.237 < climbRate < 3.058
probabilities_array:[0.         0.43119732 0.43462422 0.13417847]

rule18: 0.002 < diffClb < 0.123
probabilities_array:[0.         0.39565122 0.35975736 0.24459143]

rule11: RollRate > 0.004
probabilities_array:[0.         0.30927154 0.2588334  0.43189505]

rule10: 0.000 < RollRate < 0.004
probabilities_array:[0.2711287  0.00106416 0.12938957 0.5984176 ]

rule23: diffDiffClb = 0.0
probabilities_array:[2.1946917e-01 1.2433180e-04 1.2497162e-01 6.5543491e-01]

