R2: 0.6447114485302108

MAE: 0.0010647929379614808

MSE: 2.02600284436148e-06

Accuracy: 0.8182107609041707

F1: 0.7287271429252065

Confusion Matrix: [[2187, 242], [329, 383]]

Uncertainties: {'class0': [0.4180750846862793, 0.5442744493484497, 0.5699934363365173, 0.5705889463424683, 0.572952926158905], 'class1': [0.33518195152282715, 0.3573320806026459, 0.6344581246376038, 0.6812708973884583]}

Most important rules
-----------------------------

---0---
rule0: climbRate < -3.573
probabilities_array:[0.5819249  0.         0.41807508]

rule8: RollRate < -0.004
probabilities_array:[0.45572558 0.         0.54427445]

rule15: curRoll > 0.013
probabilities_array:[0.43000653 0.         0.56999344]

rule16: diffClb < -0.119
probabilities_array:[0.42941105 0.         0.57058895]

rule1: -3.573 < climbRate < -0.259
probabilities_array:[0.42704704 0.         0.5729529 ]

rule17: -0.119 < diffClb < 0.001
probabilities_array:[0.39159206 0.         0.6084079 ]

rule4: Altitude < -29.618
probabilities_array:[0.39133358 0.         0.6086664 ]

rule7: Altitude > 5.066
probabilities_array:[0.33711562 0.01623381 0.6466506 ]

rule13: -0.009 < curRoll < 0.002
probabilities_array:[0.32796848 0.         0.6720315 ]

rule14: 0.002 < curRoll < 0.013
probabilities_array:[0.32397902 0.         0.676021  ]

rule12: curRoll < -0.009
probabilities_array:[0.30633518 0.         0.6936648 ]

rule9: -0.004 < RollRate < 0.000
probabilities_array:[0.28593332 0.         0.7140667 ]

rule6: -12.276 < Altitude < 5.066
probabilities_array:[0.27407134 0.         0.72592866]

rule5: -29.618 < Altitude < -12.276
probabilities_array:[0.263203   0.         0.73679703]


---1---
rule19: diffClb > 0.121
probabilities_array:[0.         0.66481805 0.33518195]

rule3: climbRate > 3.055
probabilities_array:[0.         0.6426679  0.35733208]

rule2: -0.259 < climbRate < 3.055
probabilities_array:[0.         0.36554185 0.6344581 ]

rule18: 0.001 < diffClb < 0.121
probabilities_array:[0.        0.3187291 0.6812709]

