R2: 0.6399767019478015

MAE: 0.00104336944069212

MSE: 1.96509034379411e-06

Accuracy: 0.7023241006049029

F1: 0.6361703400485638

Confusion Matrix: [[1418, 85, 45], [216, 330, 287], [53, 249, 458]]

Uncertainties: {'class0': [0.34047481417655945, 0.3728698790073395, 0.38984283804893494, 0.4262002110481262, 0.4423770308494568], 'class1': [0.037819504737854004, 0.1388521045446396, 0.15104196965694427, 0.34047481417655945, 0.3728698790073395], 'class2': [0.037819504737854004, 0.1388521045446396, 0.15104196965694427, 0.482488214969635, 0.49938029050827026]}

Most important rules
-----------------------------

---0---
rule16: diffClb < -0.120
probabilities_array:[0.61015713 0.         0.         0.38984284]

rule8: RollRate < -0.004
probabilities_array:[0.5379538  0.12157133 0.         0.3404748 ]

rule0: climbRate < -3.676
probabilities_array:[0.5737998 0.        0.        0.4262002]

rule17: -0.120 < diffClb < -0.000
probabilities_array:[0.50776285 0.11936732 0.         0.37286988]

rule4: Altitude < -29.417
probabilities_array:[0.416664   0.09643474 0.         0.48690128]

rule5: -29.417 < Altitude < -12.279
probabilities_array:[0.4219497  0.         0.03980898 0.53824127]

rule9: -0.004 < RollRate < 0.000
probabilities_array:[0.4266525 0.        0.        0.5733475]

rule15: curRoll > 0.012
probabilities_array:[0.39833072 0.05431222 0.         0.547357  ]

rule1: -3.676 < climbRate < -0.358
probabilities_array:[0.28719637 0.27042663 0.         0.44237703]

rule7: Altitude > 4.859
probabilities_array:[0.33889177 0.12715907 0.         0.53394914]

rule12: curRoll < -0.009
probabilities_array:[0.37712237 0.         0.01535446 0.60752314]

rule10: 0.000 < RollRate < 0.004
probabilities_array:[0.31713507 0.01221885 0.06859882 0.60204726]

rule6: -12.279 < Altitude < 4.859
probabilities_array:[3.4506300e-01 1.0182621e-04 0.0000000e+00 6.5483516e-01]

rule14: 0.002 < curRoll < 0.012
probabilities_array:[0.32201865 0.         0.         0.6779814 ]

rule23: diffDiffClb = 0.0
probabilities_array:[0.26548186 0.         0.07260272 0.6619154 ]

rule13: -0.009 < curRoll < 0.002
probabilities_array:[0.23250434 0.09387882 0.         0.6736168 ]


---1---
rule3: climbRate > 2.960
probabilities_array:[0.         0.38068327 0.5814972  0.0378195 ]

rule2: -0.358 < climbRate < 2.960
probabilities_array:[0.         0.4094468  0.43951118 0.15104197]

rule19: diffClb > 0.119
probabilities_array:[0.         0.2613428  0.59980506 0.1388521 ]

rule11: RollRate > 0.004
probabilities_array:[0.         0.36524427 0.15226752 0.48248821]

rule18: -0.000 < diffClb < 0.119
probabilities_array:[0.         0.33509943 0.16552028 0.4993803 ]

rule1: -3.676 < climbRate < -0.358
probabilities_array:[0.28719637 0.27042663 0.         0.44237703]

rule8: RollRate < -0.004
probabilities_array:[0.5379538  0.12157133 0.         0.3404748 ]

rule17: -0.120 < diffClb < -0.000
probabilities_array:[0.50776285 0.11936732 0.         0.37286988]

rule7: Altitude > 4.859
probabilities_array:[0.33889177 0.12715907 0.         0.53394914]

rule4: Altitude < -29.417
probabilities_array:[0.416664   0.09643474 0.         0.48690128]


---2---
rule3: climbRate > 2.960
probabilities_array:[0.         0.38068327 0.5814972  0.0378195 ]

rule19: diffClb > 0.119
probabilities_array:[0.         0.2613428  0.59980506 0.1388521 ]

rule2: -0.358 < climbRate < 2.960
probabilities_array:[0.         0.4094468  0.43951118 0.15104197]

rule18: -0.000 < diffClb < 0.119
probabilities_array:[0.         0.33509943 0.16552028 0.4993803 ]

rule11: RollRate > 0.004
probabilities_array:[0.         0.36524427 0.15226752 0.48248821]

