R2: 0.6304933839181701

MAE: 0.0010677735857880116

MSE: 2.076225191336017e-06

Accuracy: 0.6914995224450812

F1: 0.6255868794966631

Confusion Matrix: [[1404, 110, 44], [237, 319, 297], [52, 229, 449]]

Uncertainties: {'class0': [0.3598196506500244, 0.3611759543418884, 0.3672827482223511, 0.43273332715034485, 0.48810073733329773], 'class1': [0.029103625565767288, 0.1111447736620903, 0.11332680284976959, 0.3598196506500244, 0.3611759543418884], 'class2': [0.029103625565767288, 0.1111447736620903, 0.11332680284976959, 0.3839170038700104, 0.42055150866508484]}

Most important rules
-----------------------------

---0---
rule8: RollRate < -0.004
probabilities_array:[0.5167681  0.12341227 0.         0.35981965]

rule4: Altitude < -29.598
probabilities_array:[0.5179968  0.11472046 0.         0.36728275]

rule16: diffClb < -0.119
probabilities_array:[0.56726664 0.         0.         0.43273333]

rule17: -0.119 < diffClb < -0.001
probabilities_array:[0.4942564  0.14456764 0.         0.36117595]

rule0: climbRate < -3.605
probabilities_array:[0.51189923 0.         0.         0.48810074]

rule5: -29.598 < Altitude < -12.417
probabilities_array:[0.4774064 0.        0.        0.5225936]

rule9: -0.004 < RollRate < -0.000
probabilities_array:[0.46805492 0.         0.         0.53194505]

rule15: curRoll > 0.012
probabilities_array:[0.42184106 0.08269946 0.         0.4954595 ]

rule12: curRoll < -0.009
probabilities_array:[0.44107616 0.         0.00663061 0.55229324]

rule7: Altitude > 4.764
probabilities_array:[0.38233805 0.09269038 0.         0.5249716 ]

rule6: -12.417 < Altitude < 4.764
probabilities_array:[4.0920037e-01 1.5965827e-04 0.0000000e+00 5.9063995e-01]

rule14: 0.002 < curRoll < 0.012
probabilities_array:[0.40124163 0.         0.         0.59875834]

rule13: -0.009 < curRoll < 0.002
probabilities_array:[0.3284467  0.07179803 0.         0.5997553 ]

rule10: -0.000 < RollRate < 0.004
probabilities_array:[0.32435414 0.00537208 0.0718284  0.59844536]

rule1: -3.605 < climbRate < -0.287
probabilities_array:[0.24591875 0.2048607  0.         0.54922056]

rule23: diffDiffClb = 0.0
probabilities_array:[0.3046392  0.         0.05050592 0.6448549 ]


---1---
rule3: climbRate > 3.031
probabilities_array:[0.         0.3864538  0.58444256 0.02910363]

rule2: -0.287 < climbRate < 3.031
probabilities_array:[0.         0.4154325  0.47124067 0.1133268 ]

rule18: -0.001 < diffClb < 0.118
probabilities_array:[0.         0.38622916 0.22985381 0.383917  ]

rule19: diffClb > 0.118
probabilities_array:[0.         0.25035116 0.638504   0.11114477]

rule11: RollRate > 0.004
probabilities_array:[0.         0.35826784 0.22118062 0.4205515 ]

rule17: -0.119 < diffClb < -0.001
probabilities_array:[0.4942564  0.14456764 0.         0.36117595]

rule1: -3.605 < climbRate < -0.287
probabilities_array:[0.24591875 0.2048607  0.         0.54922056]

rule8: RollRate < -0.004
probabilities_array:[0.5167681  0.12341227 0.         0.35981965]

rule4: Altitude < -29.598
probabilities_array:[0.5179968  0.11472046 0.         0.36728275]

rule7: Altitude > 4.764
probabilities_array:[0.38233805 0.09269038 0.         0.5249716 ]

rule15: curRoll > 0.012
probabilities_array:[0.42184106 0.08269946 0.         0.4954595 ]


---2---
rule19: diffClb > 0.118
probabilities_array:[0.         0.25035116 0.638504   0.11114477]

rule3: climbRate > 3.031
probabilities_array:[0.         0.3864538  0.58444256 0.02910363]

rule2: -0.287 < climbRate < 3.031
probabilities_array:[0.         0.4154325  0.47124067 0.1133268 ]

rule18: -0.001 < diffClb < 0.118
probabilities_array:[0.         0.38622916 0.22985381 0.383917  ]

rule11: RollRate > 0.004
probabilities_array:[0.         0.35826784 0.22118062 0.4205515 ]

