R2: 0.6485202439921431

MAE: 0.0010859388466709057

MSE: 2.0377536512037757e-06

Accuracy: 0.8127984718242598

F1: 0.7180224249752667

Confusion Matrix: [[2187, 194], [394, 366]]

Uncertainties: {'class0': [0.4607362449169159, 0.4793747067451477, 0.49906280636787415, 0.5291317105293274, 0.578386664390564], 'class1': [0.3437918424606323, 0.3969034254550934, 0.6744546294212341, 0.7837623953819275]}

Most important rules
-----------------------------

---0---
rule0: climbRate < -3.564
probabilities_array:[0.5392637  0.         0.46073624]

rule1: -3.564 < climbRate < -0.251
probabilities_array:[0.5206253 0.        0.4793747]

rule16: diffClb < -0.116
probabilities_array:[0.5009372 0.        0.4990628]

rule8: RollRate < -0.004
probabilities_array:[0.47086832 0.         0.5291317 ]

rule15: curRoll > 0.012
probabilities_array:[0.42161334 0.         0.57838666]

rule4: Altitude < -29.642
probabilities_array:[0.37831128 0.         0.6216887 ]

rule17: -0.116 < diffClb < 0.001
probabilities_array:[0.35918328 0.         0.64081675]

rule14: 0.002 < curRoll < 0.012
probabilities_array:[0.3533356 0.        0.6466644]

rule13: -0.009 < curRoll < 0.002
probabilities_array:[0.35152528 0.         0.64847475]

rule12: curRoll < -0.009
probabilities_array:[0.33162412 0.         0.66837585]

rule9: -0.004 < RollRate < 0.000
probabilities_array:[0.3016678 0.        0.6983322]

rule7: Altitude > 4.852
probabilities_array:[0.27549756 0.         0.72450244]

rule5: -29.642 < Altitude < -12.395
probabilities_array:[0.25009912 0.         0.7499009 ]

rule11: RollRate > 0.004
probabilities_array:[0.20831598 0.05736299 0.73432106]


---1---
rule19: diffClb > 0.119
probabilities_array:[0.         0.65620816 0.34379184]

rule3: climbRate > 3.062
probabilities_array:[0.         0.60309654 0.39690343]

rule2: -0.251 < climbRate < 3.062
probabilities_array:[0.         0.32554537 0.6744546 ]

rule18: 0.001 < diffClb < 0.119
probabilities_array:[0.         0.21623762 0.7837624 ]

