R2: 0.640605860510771

MAE: 0.0010676337049578195

MSE: 2.0247047829560305e-06

Accuracy: 0.7134670487106017

F1: 0.6506981251471561

Confusion Matrix: [[1423, 83, 33], [227, 342, 290], [60, 207, 476]]

Uncertainties: {'class0': [0.33085766434669495, 0.36572325229644775, 0.36821505427360535, 0.4029895067214966, 0.44843924045562744], 'class1': [0.03397690877318382, 0.13360300660133362, 0.1583951860666275, 0.2435070276260376, 0.33085766434669495], 'class2': [0.03397690877318382, 0.13360300660133362, 0.1583951860666275, 0.2435070276260376, 0.37010523676872253]}

Most important rules
-----------------------------

---0---
rule16: diffClb < -0.118
probabilities_array:[0.63427675 0.         0.         0.36572325]

rule4: Altitude < -29.782
probabilities_array:[0.47888157 0.1529034  0.         0.36821505]

rule8: RollRate < -0.004
probabilities_array:[0.48938447 0.10762601 0.         0.4029895 ]

rule0: climbRate < -3.660
probabilities_array:[0.52551013 0.         0.         0.47448987]

rule17: -0.118 < diffClb < 0.001
probabilities_array:[0.39016718 0.2789752  0.         0.33085766]

rule7: Altitude > 4.776
probabilities_array:[0.40324494 0.14831579 0.         0.44843924]

rule12: curRoll < -0.009
probabilities_array:[0.43570054 0.00914131 0.         0.55515814]

rule15: curRoll > 0.012
probabilities_array:[0.40195674 0.03886842 0.         0.55917484]

rule5: -29.782 < Altitude < -12.503
probabilities_array:[4.1611871e-01 1.3164362e-04 0.0000000e+00 5.8374965e-01]

rule6: -12.503 < Altitude < 4.776
probabilities_array:[0.4153724  0.         0.         0.58462757]

rule9: -0.004 < RollRate < -0.000
probabilities_array:[0.4005099  0.         0.02212854 0.5773616 ]

rule14: 0.002 < curRoll < 0.012
probabilities_array:[3.8504773e-01 0.0000000e+00 1.4751065e-04 6.1480474e-01]

rule1: -3.660 < climbRate < -0.337
probabilities_array:[0.2580951  0.20185183 0.         0.5400531 ]

rule13: -0.009 < curRoll < 0.002
probabilities_array:[0.30090782 0.08112771 0.         0.6179645 ]

rule23: diffDiffClb = 0.0
probabilities_array:[0.24272466 0.         0.06339298 0.69388235]

rule10: -0.000 < RollRate < 0.004
probabilities_array:[0.19168742 0.01583833 0.0840973  0.708377  ]


---1---
rule2: -0.337 < climbRate < 2.986
probabilities_array:[0.        0.4294401 0.4369569 0.133603 ]

rule3: climbRate > 2.986
probabilities_array:[0.         0.3676103  0.59841275 0.03397691]

rule18: 0.001 < diffClb < 0.120
probabilities_array:[0.         0.3800125  0.37648046 0.24350703]

rule11: RollRate > 0.004
probabilities_array:[0.         0.3396289  0.29026586 0.37010524]

rule19: diffClb > 0.120
probabilities_array:[0.         0.24362868 0.59797615 0.15839519]

rule17: -0.118 < diffClb < 0.001
probabilities_array:[0.39016718 0.2789752  0.         0.33085766]

rule4: Altitude < -29.782
probabilities_array:[0.47888157 0.1529034  0.         0.36821505]

rule1: -3.660 < climbRate < -0.337
probabilities_array:[0.2580951  0.20185183 0.         0.5400531 ]

rule7: Altitude > 4.776
probabilities_array:[0.40324494 0.14831579 0.         0.44843924]

rule8: RollRate < -0.004
probabilities_array:[0.48938447 0.10762601 0.         0.4029895 ]


---2---
rule3: climbRate > 2.986
probabilities_array:[0.         0.3676103  0.59841275 0.03397691]

rule19: diffClb > 0.120
probabilities_array:[0.         0.24362868 0.59797615 0.15839519]

rule2: -0.337 < climbRate < 2.986
probabilities_array:[0.        0.4294401 0.4369569 0.133603 ]

rule18: 0.001 < diffClb < 0.120
probabilities_array:[0.         0.3800125  0.37648046 0.24350703]

rule11: RollRate > 0.004
probabilities_array:[0.         0.3396289  0.29026586 0.37010524]

