R2: 0.6328747762524126

MAE: 0.001058656840223781

MSE: 2.0223524050808615e-06

Accuracy: 0.8726520216491563

F1: 0.8725253853458982

Confusion Matrix: [[1321, 190], [210, 1420]]

Uncertainties: {'class0': [0.24916048347949982, 0.29475897550582886, 0.4921974241733551, 0.4978916347026825, 0.5227499008178711], 'class1': [0.15235203504562378, 0.21853795647621155, 0.42025279998779297, 0.5352721214294434, 0.5611379146575928]}

Most important rules
-----------------------------

---0---
rule0: climbRate < -3.726
probabilities_array:[0.75083953 0.         0.24916048]

rule16: diffClb < -0.122
probabilities_array:[0.705241   0.         0.29475898]

rule8: RollRate < -0.004
probabilities_array:[0.5078026  0.         0.49219742]

rule1: -3.726 < climbRate < -0.382
probabilities_array:[0.50142294 0.00068543 0.49789163]

rule17: -0.122 < diffClb < -0.002
probabilities_array:[0.47725007 0.         0.5227499 ]

rule9: -0.004 < RollRate < 0.000
probabilities_array:[0.4399094 0.        0.5600906]

rule4: Altitude < -29.328
probabilities_array:[0.23113641 0.         0.7688636 ]


---1---
rule3: climbRate > 2.962
probabilities_array:[0.         0.84764796 0.15235204]

rule19: diffClb > 0.118
probabilities_array:[0.         0.781462   0.21853796]

rule2: -0.382 < climbRate < 2.962
probabilities_array:[0.        0.5797472 0.4202528]

rule18: -0.002 < diffClb < 0.118
probabilities_array:[0.         0.46472788 0.5352721 ]

rule11: RollRate > 0.004
probabilities_array:[0.        0.4388621 0.5611379]

