R2: 0.6344351118859828

MAE: 0.0010493193017471576

MSE: 1.929454446779839e-06

Accuracy: 0.7004138809296402

F1: 0.6347482943397967

Confusion Matrix: [[1424, 77, 46], [258, 339, 282], [49, 229, 437]]

Uncertainties: {'class0': [0.3076188564300537, 0.3840046525001526, 0.42950165271759033, 0.4364755153656006, 0.4392930567264557], 'class1': [0.03904660791158676, 0.13183483481407166, 0.14842277765274048, 0.24319352209568024, 0.3076188564300537], 'class2': [0.03904660791158676, 0.13183483481407166, 0.14842277765274048, 0.24319352209568024, 0.37850168347358704]}

Most important rules
-----------------------------

---0---
rule0: climbRate < -3.586
probabilities_array:[0.57049835 0.         0.         0.42950165]

rule16: diffClb < -0.119
probabilities_array:[0.5635245  0.         0.         0.43647552]

rule4: Altitude < -29.416
probabilities_array:[0.44301063 0.1729847  0.         0.38400465]

rule8: RollRate < -0.004
probabilities_array:[0.48307788 0.07762904 0.         0.43929306]

rule17: -0.119 < diffClb < 0.000
probabilities_array:[0.38598904 0.30639207 0.         0.30761886]

rule15: curRoll > 0.012
probabilities_array:[0.43655884 0.06409297 0.         0.49934816]

rule12: curRoll < -0.009
probabilities_array:[0.45438612 0.00715364 0.         0.53846025]

rule14: 0.001 < curRoll < 0.012
probabilities_array:[0.45768732 0.         0.         0.5423127 ]

rule1: -3.586 < climbRate < -0.275
probabilities_array:[0.3105012 0.2066749 0.        0.4828239]

rule9: -0.004 < RollRate < 0.000
probabilities_array:[0.37597042 0.         0.04382486 0.5802047 ]

rule5: -29.416 < Altitude < -12.492
probabilities_array:[0.34436294 0.05390707 0.         0.60173   ]

rule7: Altitude > 4.432
probabilities_array:[0.3278908  0.04326919 0.         0.62883997]

rule13: -0.009 < curRoll < 0.001
probabilities_array:[0.32163864 0.05429615 0.         0.6240652 ]

rule6: -12.492 < Altitude < 4.432
probabilities_array:[0.33464673 0.         0.         0.6653533 ]

rule10: 0.000 < RollRate < 0.004
probabilities_array:[0.25857016 0.0104419  0.15820684 0.5727811 ]

rule23: diffDiffClb = 0.0
probabilities_array:[0.23311614 0.01000538 0.07682545 0.6800531 ]


---1---
rule3: climbRate > 3.036
probabilities_array:[0.         0.3867553  0.5741981  0.03904661]

rule2: -0.275 < climbRate < 3.036
probabilities_array:[0.00148364 0.43093058 0.419163   0.14842278]

rule18: 0.000 < diffClb < 0.119
probabilities_array:[0.         0.41152152 0.34528494 0.24319352]

rule17: -0.119 < diffClb < 0.000
probabilities_array:[0.38598904 0.30639207 0.         0.30761886]

rule19: diffClb > 0.119
probabilities_array:[0.         0.24200495 0.6261602  0.13183483]

rule11: RollRate > 0.004
probabilities_array:[0.         0.31028837 0.31120998 0.37850168]

rule1: -3.586 < climbRate < -0.275
probabilities_array:[0.3105012 0.2066749 0.        0.4828239]

rule4: Altitude < -29.416
probabilities_array:[0.44301063 0.1729847  0.         0.38400465]

rule8: RollRate < -0.004
probabilities_array:[0.48307788 0.07762904 0.         0.43929306]


---2---
rule3: climbRate > 3.036
probabilities_array:[0.         0.3867553  0.5741981  0.03904661]

rule19: diffClb > 0.119
probabilities_array:[0.         0.24200495 0.6261602  0.13183483]

rule2: -0.275 < climbRate < 3.036
probabilities_array:[0.00148364 0.43093058 0.419163   0.14842278]

rule18: 0.000 < diffClb < 0.119
probabilities_array:[0.         0.41152152 0.34528494 0.24319352]

rule11: RollRate > 0.004
probabilities_array:[0.         0.31028837 0.31120998 0.37850168]

rule10: 0.000 < RollRate < 0.004
probabilities_array:[0.25857016 0.0104419  0.15820684 0.5727811 ]

