R2: 0.6508445568282085

MAE: 0.001044986538071678

MSE: 1.8941898521845137e-06

Accuracy: 0.6930913721744667

F1: 0.6250449524049239

Confusion Matrix: [[1431, 74, 37], [289, 333, 230], [72, 262, 413]]

Uncertainties: {'class0': [0.2559092044830322, 0.40262964367866516, 0.4236122965812683, 0.47577983140945435, 0.4832574129104614], 'class1': [0.03549943119287491, 0.1246330663561821, 0.16612334549427032, 0.2559092044830322, 0.40262964367866516], 'class2': [0.03549943119287491, 0.1246330663561821, 0.16612334549427032, 0.41936206817626953, 0.4449940025806427]}

Most important rules
-----------------------------

---0---
rule17: -0.120 < diffClb < -0.000
probabilities_array:[0.5401674 0.2039234 0.        0.2559092]

rule0: climbRate < -3.624
probabilities_array:[0.5763877 0.        0.        0.4236123]

rule4: Altitude < -29.546
probabilities_array:[0.47216502 0.12520538 0.         0.40262964]

rule16: diffClb < -0.120
probabilities_array:[0.5167426 0.        0.        0.4832574]

rule8: RollRate < -0.004
probabilities_array:[0.46168357 0.06253658 0.         0.47577983]

rule5: -29.546 < Altitude < -12.346
probabilities_array:[0.4706256  0.         0.         0.52937436]

rule7: Altitude > 4.854
probabilities_array:[0.38337645 0.11229142 0.         0.5043321 ]

rule15: curRoll > 0.013
probabilities_array:[0.40971082 0.04118056 0.         0.5491086 ]

rule6: -12.346 < Altitude < 4.854
probabilities_array:[0.4067292  0.         0.01515471 0.57811606]

rule14: 0.002 < curRoll < 0.013
probabilities_array:[0.40396908 0.         0.         0.59603095]

rule12: curRoll < -0.009
probabilities_array:[0.39762416 0.         0.         0.6023758 ]

rule1: -3.624 < climbRate < -0.318
probabilities_array:[0.32018685 0.1524994  0.         0.5273137 ]

rule9: -0.004 < RollRate < 0.000
probabilities_array:[0.36743477 0.         0.         0.6325652 ]

rule10: 0.000 < RollRate < 0.004
probabilities_array:[0.26071805 0.00269014 0.10825142 0.62834036]

rule13: -0.009 < curRoll < 0.002
probabilities_array:[0.25710836 0.07073087 0.         0.6721608 ]

rule23: diffDiffClb = 0.0
probabilities_array:[0.25497478 0.         0.0025087  0.7425165 ]


---1---
rule3: climbRate > 2.988
probabilities_array:[0.         0.3886451  0.57585543 0.03549943]

rule2: -0.318 < climbRate < 2.988
probabilities_array:[1.9226504e-04 3.9272800e-01 4.4095641e-01 1.6612335e-01]

rule19: diffClb > 0.120
probabilities_array:[0.         0.2526593  0.62270766 0.12463307]

rule11: RollRate > 0.004
probabilities_array:[0.         0.36495745 0.21568052 0.41936207]

rule18: -0.000 < diffClb < 0.120
probabilities_array:[0.         0.37274453 0.18226148 0.444994  ]

rule17: -0.120 < diffClb < -0.000
probabilities_array:[0.5401674 0.2039234 0.        0.2559092]

rule4: Altitude < -29.546
probabilities_array:[0.47216502 0.12520538 0.         0.40262964]

rule1: -3.624 < climbRate < -0.318
probabilities_array:[0.32018685 0.1524994  0.         0.5273137 ]

rule7: Altitude > 4.854
probabilities_array:[0.38337645 0.11229142 0.         0.5043321 ]


---2---
rule3: climbRate > 2.988
probabilities_array:[0.         0.3886451  0.57585543 0.03549943]

rule19: diffClb > 0.120
probabilities_array:[0.         0.2526593  0.62270766 0.12463307]

rule2: -0.318 < climbRate < 2.988
probabilities_array:[1.9226504e-04 3.9272800e-01 4.4095641e-01 1.6612335e-01]

rule11: RollRate > 0.004
probabilities_array:[0.         0.36495745 0.21568052 0.41936207]

rule18: -0.000 < diffClb < 0.120
probabilities_array:[0.         0.37274453 0.18226148 0.444994  ]

rule10: 0.000 < RollRate < 0.004
probabilities_array:[0.26071805 0.00269014 0.10825142 0.62834036]

