R2: 0.62996249249838

MAE: 0.001061771226670188

MSE: 2.0095639692189536e-06

Accuracy: 0.8290353390639924

F1: 0.7376215376215376

Confusion Matrix: [[2229, 207], [330, 375]]

Uncertainties: {'class0': [0.46982163190841675, 0.472823828458786, 0.504328727722168, 0.5399729609489441, 0.5474584102630615], 'class1': [0.35315707325935364, 0.3890400528907776, 0.6175643801689148, 0.79456627368927]}

Most important rules
-----------------------------

---0---
rule16: diffClb < -0.119
probabilities_array:[0.53017837 0.         0.46982163]

rule0: climbRate < -3.548
probabilities_array:[0.5271762  0.         0.47282383]

rule8: RollRate < -0.003
probabilities_array:[0.49567127 0.         0.5043287 ]

rule4: Altitude < -29.735
probabilities_array:[0.46002704 0.         0.53997296]

rule17: -0.119 < diffClb < 0.001
probabilities_array:[0.45254162 0.         0.5474584 ]

rule1: -3.548 < climbRate < -0.214
probabilities_array:[0.43553862 0.         0.56446135]

rule5: -29.735 < Altitude < -12.442
probabilities_array:[0.3166918  0.         0.68330824]

rule7: Altitude > 4.851
probabilities_array:[3.1280884e-01 3.3521722e-04 6.8685597e-01]

rule15: curRoll > 0.012
probabilities_array:[0.29401615 0.         0.7059838 ]

rule9: -0.003 < RollRate < 0.000
probabilities_array:[0.27755842 0.         0.7224416 ]

rule14: 0.002 < curRoll < 0.012
probabilities_array:[0.2604627 0.        0.7395373]

rule6: -12.442 < Altitude < 4.851
probabilities_array:[0.25975227 0.         0.7402477 ]

rule13: -0.009 < curRoll < 0.002
probabilities_array:[0.23749812 0.         0.7625019 ]

rule12: curRoll < -0.009
probabilities_array:[0.23524079 0.         0.7647592 ]


---1---
rule3: climbRate > 3.121
probabilities_array:[0.         0.6468429  0.35315707]

rule19: diffClb > 0.121
probabilities_array:[0.         0.61095995 0.38904005]

rule2: -0.214 < climbRate < 3.121
probabilities_array:[0.         0.38243562 0.6175644 ]

rule18: 0.001 < diffClb < 0.121
probabilities_array:[0.         0.20543373 0.7945663 ]

