R2: 0.6490207063573186

MAE: 0.0010535166379276341

MSE: 1.956707976299717e-06

Accuracy: 0.8188475007959248

F1: 0.7177233888880027

Confusion Matrix: [[2226, 158], [411, 346]]

Uncertainties: {'class0': [0.3886135518550873, 0.5177947878837585, 0.5439877510070801, 0.5459956526756287, 0.5475200414657593], 'class1': [0.346680223941803, 0.4022587239742279, 0.7220340967178345]}

Most important rules
-----------------------------

---0---
rule0: climbRate < -3.612
probabilities_array:[0.6113864  0.         0.38861355]

rule16: diffClb < -0.120
probabilities_array:[0.48220524 0.         0.5177948 ]

rule17: -0.120 < diffClb < -0.000
probabilities_array:[0.45601225 0.         0.54398775]

rule1: -3.612 < climbRate < -0.291
probabilities_array:[0.45400435 0.         0.54599565]

rule4: Altitude < -29.596
probabilities_array:[0.45247993 0.         0.54752004]

rule8: RollRate < -0.003
probabilities_array:[0.42021903 0.         0.57978094]

rule7: Altitude > 4.721
probabilities_array:[0.3983971 0.        0.6016029]

rule15: curRoll > 0.013
probabilities_array:[0.38819316 0.         0.61180687]

rule5: -29.596 < Altitude < -12.437
probabilities_array:[0.34979215 0.         0.6502079 ]

rule14: 0.002 < curRoll < 0.013
probabilities_array:[0.30316976 0.         0.6968302 ]

rule6: -12.437 < Altitude < 4.721
probabilities_array:[0.28131407 0.         0.7186859 ]

rule13: -0.009 < curRoll < 0.002
probabilities_array:[0.26932967 0.         0.73067033]

rule9: -0.003 < RollRate < 0.000
probabilities_array:[0.26066023 0.         0.73933977]

rule12: curRoll < -0.009
probabilities_array:[0.25897622 0.         0.7410238 ]


---1---
rule19: diffClb > 0.120
probabilities_array:[0.         0.6533198  0.34668022]

rule3: climbRate > 3.030
probabilities_array:[0.         0.59774125 0.40225872]

rule2: -0.291 < climbRate < 3.030
probabilities_array:[0.        0.2779659 0.7220341]

