R2: 0.6341130914644574

MAE: 0.0010675631135642059

MSE: 2.0906470126600104e-06

Accuracy: 0.8764724609996817

F1: 0.8764703449685132

Confusion Matrix: [[1370, 163], [225, 1383]]

Uncertainties: {'class0': [0.2295069396495819, 0.2329929918050766, 0.43363431096076965, 0.4684033691883087, 0.5599867701530457], 'class1': [0.18162375688552856, 0.27668485045433044, 0.4258890450000763, 0.4934627413749695, 0.6403430700302124]}

Most important rules
-----------------------------

---0---
rule16: diffClb < -0.121
probabilities_array:[0.7704931  0.         0.22950694]

rule0: climbRate < -3.636
probabilities_array:[0.767007   0.         0.23299299]

rule17: -0.121 < diffClb < -0.001
probabilities_array:[0.5663657 0.        0.4336343]

rule1: -3.636 < climbRate < -0.332
probabilities_array:[0.53159666 0.         0.46840337]

rule8: RollRate < -0.004
probabilities_array:[0.44001326 0.         0.55998677]

rule9: -0.004 < RollRate < 0.000
probabilities_array:[0.30629796 0.         0.69370204]


---1---
rule3: climbRate > 2.973
probabilities_array:[0.         0.81837624 0.18162376]

rule19: diffClb > 0.118
probabilities_array:[0.         0.7233151  0.27668485]

rule2: -0.332 < climbRate < 2.973
probabilities_array:[0.         0.5741109  0.42588905]

rule11: RollRate > 0.004
probabilities_array:[0.         0.50653726 0.49346274]

rule18: -0.001 < diffClb < 0.118
probabilities_array:[0.         0.35965693 0.64034307]

