R2: 0.6395068583592873

MAE: 0.0010912939244047087

MSE: 2.022377617593749e-06

Accuracy: 0.8194842406876791

F1: 0.736594501864082

Confusion Matrix: [[2168, 234], [333, 406]]

Uncertainties: {'class0': [0.38188615441322327, 0.461719810962677, 0.5030505657196045, 0.5114899277687073, 0.5478788614273071], 'class1': [0.3925016522407532, 0.4206294119358063, 0.6888755559921265, 0.692901611328125]}

Most important rules
-----------------------------

---0---
rule0: climbRate < -3.574
probabilities_array:[0.6181139  0.         0.38188615]

rule1: -3.574 < climbRate < -0.281
probabilities_array:[0.5382802 0.        0.4617198]

rule16: diffClb < -0.117
probabilities_array:[0.49694943 0.         0.50305057]

rule8: RollRate < -0.004
probabilities_array:[0.48851007 0.         0.5114899 ]

rule15: curRoll > 0.012
probabilities_array:[0.45212114 0.         0.54787886]

rule17: -0.117 < diffClb < 0.001
probabilities_array:[0.43680534 0.         0.5631947 ]

rule4: Altitude < -29.463
probabilities_array:[0.4266774 0.        0.5733226]

rule14: 0.002 < curRoll < 0.012
probabilities_array:[0.35205007 0.         0.64794993]

rule12: curRoll < -0.009
probabilities_array:[0.30880812 0.         0.69119185]

rule13: -0.009 < curRoll < 0.002
probabilities_array:[0.3021146 0.        0.6978854]

rule7: Altitude > 4.802
probabilities_array:[0.26271 0.      0.73729]

rule5: -29.463 < Altitude < -12.331
probabilities_array:[0.26113695 0.         0.73886305]

rule9: -0.004 < RollRate < 0.000
probabilities_array:[0.23647659 0.00915141 0.754372  ]

rule6: -12.331 < Altitude < 4.802
probabilities_array:[0.21986762 0.00175582 0.7783766 ]


---1---
rule19: diffClb > 0.120
probabilities_array:[0.         0.60749835 0.39250165]

rule3: climbRate > 3.012
probabilities_array:[0.        0.5793706 0.4206294]

rule2: -0.281 < climbRate < 3.012
probabilities_array:[0.         0.3111244  0.68887556]

rule18: 0.001 < diffClb < 0.120
probabilities_array:[0.        0.3070984 0.6929016]

