R2: 0.6347656102082782

MAE: 0.0010810515736008103

MSE: 2.1009412870652563e-06

Accuracy: 0.7051894301177969

F1: 0.6299303770689545

Confusion Matrix: [[1477, 90, 40], [241, 303, 249], [62, 244, 435]]

Uncertainties: {'class0': [0.32391583919525146, 0.37514472007751465, 0.4115966558456421, 0.42248788475990295, 0.4330427944660187], 'class1': [0.0333562046289444, 0.1351601928472519, 0.148297980427742, 0.24116265773773193, 0.32391583919525146], 'class2': [0.0333562046289444, 0.1351601928472519, 0.148297980427742, 0.24116265773773193, 0.3992924690246582]}

Most important rules
-----------------------------

---0---
rule16: diffClb < -0.114
probabilities_array:[0.6248553  0.         0.         0.37514472]

rule0: climbRate < -3.572
probabilities_array:[0.5669572 0.        0.        0.4330428]

rule8: RollRate < -0.004
probabilities_array:[0.49147838 0.08603379 0.         0.42248788]

rule4: Altitude < -29.489
probabilities_array:[0.4530599  0.13534342 0.         0.41159666]

rule17: -0.114 < diffClb < 0.003
probabilities_array:[0.38571262 0.2903715  0.         0.32391584]

rule15: curRoll > 0.012
probabilities_array:[0.41391578 0.11811715 0.         0.46796712]

rule7: Altitude > 4.687
probabilities_array:[0.39237353 0.06301597 0.         0.5446105 ]

rule5: -29.489 < Altitude < -12.401
probabilities_array:[0.40285343 0.00506307 0.         0.5920835 ]

rule1: -3.572 < climbRate < -0.236
probabilities_array:[0.29974884 0.24256177 0.         0.45768934]

rule12: curRoll < -0.009
probabilities_array:[0.39337316 0.01385915 0.         0.5927677 ]

rule9: -0.004 < RollRate < 0.000
probabilities_array:[0.39408386 0.         0.         0.60591614]

rule6: -12.401 < Altitude < 4.687
probabilities_array:[0.34954727 0.         0.         0.65045273]

rule10: 0.000 < RollRate < 0.004
probabilities_array:[0.26166284 0.01024999 0.14319775 0.5848894 ]

rule23: diffDiffClb = 0.0
probabilities_array:[0.2695029  0.         0.12235574 0.60814136]

rule14: 0.002 < curRoll < 0.012
probabilities_array:[0.30579287 0.         0.         0.69420713]

rule13: -0.009 < curRoll < 0.002
probabilities_array:[0.25412184 0.04913066 0.         0.6967475 ]


---1---
rule3: climbRate > 3.099
probabilities_array:[0.         0.40546653 0.56117725 0.0333562 ]

rule2: -0.236 < climbRate < 3.099
probabilities_array:[0.         0.41024867 0.4414534  0.14829798]

rule18: 0.003 < diffClb < 0.120
probabilities_array:[0.         0.44384104 0.3149963  0.24116266]

rule19: diffClb > 0.120
probabilities_array:[0.         0.27670446 0.5881353  0.1351602 ]

rule17: -0.114 < diffClb < 0.003
probabilities_array:[0.38571262 0.2903715  0.         0.32391584]

rule11: RollRate > 0.004
probabilities_array:[0.         0.3236205  0.27708703 0.39929247]

rule1: -3.572 < climbRate < -0.236
probabilities_array:[0.29974884 0.24256177 0.         0.45768934]

rule4: Altitude < -29.489
probabilities_array:[0.4530599  0.13534342 0.         0.41159666]

rule15: curRoll > 0.012
probabilities_array:[0.41391578 0.11811715 0.         0.46796712]

rule8: RollRate < -0.004
probabilities_array:[0.49147838 0.08603379 0.         0.42248788]


---2---
rule3: climbRate > 3.099
probabilities_array:[0.         0.40546653 0.56117725 0.0333562 ]

rule19: diffClb > 0.120
probabilities_array:[0.         0.27670446 0.5881353  0.1351602 ]

rule2: -0.236 < climbRate < 3.099
probabilities_array:[0.         0.41024867 0.4414534  0.14829798]

rule18: 0.003 < diffClb < 0.120
probabilities_array:[0.         0.44384104 0.3149963  0.24116266]

rule11: RollRate > 0.004
probabilities_array:[0.         0.3236205  0.27708703 0.39929247]

rule10: 0.000 < RollRate < 0.004
probabilities_array:[0.26166284 0.01024999 0.14319775 0.5848894 ]

rule23: diffDiffClb = 0.0
probabilities_array:[0.2695029  0.         0.12235574 0.60814136]

