R2: 0.6252161387519277

MAE: 0.0010624868206678862

MSE: 2.0414502827254584e-06

Accuracy: 0.7013689907672715

F1: 0.6376666171901891

Confusion Matrix: [[1413, 103, 37], [229, 340, 295], [64, 210, 450]]

Uncertainties: {'class0': [0.2614658772945404, 0.36145198345184326, 0.3901002109050751, 0.4155381917953491, 0.4295794665813446], 'class1': [0.03793118894100189, 0.13711516559123993, 0.14787891507148743, 0.2614658772945404, 0.36145198345184326], 'class2': [0.03793118894100189, 0.13711516559123993, 0.14787891507148743, 0.42712509632110596, 0.4691932201385498]}

Most important rules
-----------------------------

---0---
rule16: diffClb < -0.120
probabilities_array:[0.60989976 0.         0.         0.3901002 ]

rule17: -0.120 < diffClb < -0.001
probabilities_array:[0.49989626 0.23863783 0.         0.26146588]

rule0: climbRate < -3.638
probabilities_array:[0.5844618 0.        0.        0.4155382]

rule8: RollRate < -0.004
probabilities_array:[0.50552696 0.13302107 0.         0.36145198]

rule4: Altitude < -29.562
probabilities_array:[0.46685612 0.10356444 0.         0.42957947]

rule5: -29.562 < Altitude < -12.290
probabilities_array:[0.427188   0.         0.02684149 0.5459705 ]

rule9: -0.004 < RollRate < 0.000
probabilities_array:[0.42273688 0.         0.         0.5772631 ]

rule1: -3.638 < climbRate < -0.304
probabilities_array:[0.3136063  0.23585567 0.         0.45053813]

rule6: -12.290 < Altitude < 4.982
probabilities_array:[0.3975172  0.         0.02170674 0.5807761 ]

rule7: Altitude > 4.982
probabilities_array:[0.35928127 0.08891282 0.         0.5518059 ]

rule15: curRoll > 0.012
probabilities_array:[0.36525902 0.04043789 0.         0.5943031 ]

rule12: curRoll < -0.009
probabilities_array:[0.38426948 0.         0.         0.6157305 ]

rule14: 0.002 < curRoll < 0.012
probabilities_array:[0.35357332 0.         0.         0.6464267 ]

rule23: diffDiffClb = 0.0
probabilities_array:[2.6314652e-01 3.8385409e-04 9.3682274e-02 6.4278746e-01]

rule10: 0.000 < RollRate < 0.004
probabilities_array:[0.2633263  0.00481691 0.08398362 0.64787316]

rule13: -0.009 < curRoll < 0.002
probabilities_array:[0.23074336 0.05708861 0.         0.71216804]


---1---
rule3: climbRate > 3.030
probabilities_array:[0.         0.3933414  0.56872743 0.03793119]

rule2: -0.304 < climbRate < 3.030
probabilities_array:[0.         0.42127228 0.43084884 0.14787892]

rule19: diffClb > 0.119
probabilities_array:[0.         0.25101918 0.61186564 0.13711517]

rule18: -0.001 < diffClb < 0.119
probabilities_array:[0.         0.37289235 0.15791442 0.46919322]

rule17: -0.120 < diffClb < -0.001
probabilities_array:[0.49989626 0.23863783 0.         0.26146588]

rule11: RollRate > 0.004
probabilities_array:[0.         0.3058421  0.26703283 0.4271251 ]

rule1: -3.638 < climbRate < -0.304
probabilities_array:[0.3136063  0.23585567 0.         0.45053813]

rule8: RollRate < -0.004
probabilities_array:[0.50552696 0.13302107 0.         0.36145198]

rule4: Altitude < -29.562
probabilities_array:[0.46685612 0.10356444 0.         0.42957947]


---2---
rule3: climbRate > 3.030
probabilities_array:[0.         0.3933414  0.56872743 0.03793119]

rule19: diffClb > 0.119
probabilities_array:[0.         0.25101918 0.61186564 0.13711517]

rule2: -0.304 < climbRate < 3.030
probabilities_array:[0.         0.42127228 0.43084884 0.14787892]

rule11: RollRate > 0.004
probabilities_array:[0.         0.3058421  0.26703283 0.4271251 ]

rule18: -0.001 < diffClb < 0.119
probabilities_array:[0.         0.37289235 0.15791442 0.46919322]

