R2: 0.6437682478630264

MAE: 0.0010479142364551765

MSE: 1.938635783874568e-06

Accuracy: 0.6962750716332379

F1: 0.6318422090404968

Confusion Matrix: [[1407, 108, 45], [222, 339, 290], [48, 241, 441]]

Uncertainties: {'class0': [0.2862273156642914, 0.39033836126327515, 0.42888060212135315, 0.43210020661354065, 0.437688410282135], 'class1': [0.03265732526779175, 0.14046230912208557, 0.14739073812961578, 0.2862273156642914, 0.3617088794708252], 'class2': [0.03265732526779175, 0.14046230912208557, 0.14739073812961578, 0.3617088794708252, 0.5147461891174316]}

Most important rules
-----------------------------

---0---
rule17: -0.120 < diffClb < -0.000
probabilities_array:[0.5331442  0.18062851 0.         0.28622732]

rule16: diffClb < -0.120
probabilities_array:[0.60966164 0.         0.         0.39033836]

rule0: climbRate < -3.631
probabilities_array:[0.56789976 0.         0.         0.4321002 ]

rule8: RollRate < -0.004
probabilities_array:[0.4802485  0.08206308 0.         0.4376884 ]

rule4: Altitude < -29.513
probabilities_array:[0.45767143 0.11344791 0.         0.4288806 ]

rule9: -0.004 < RollRate < 0.000
probabilities_array:[0.45148787 0.         0.05585918 0.49265292]

rule5: -29.513 < Altitude < -12.247
probabilities_array:[0.44453877 0.         0.         0.5554612 ]

rule7: Altitude > 5.018
probabilities_array:[0.393012   0.09389997 0.         0.51308805]

rule15: curRoll > 0.012
probabilities_array:[0.3956904  0.06867222 0.         0.5356374 ]

rule6: -12.247 < Altitude < 5.018
probabilities_array:[0.41737127 0.00166289 0.         0.5809658 ]

rule1: -3.631 < climbRate < -0.316
probabilities_array:[0.2935885  0.2614107  0.         0.44500074]

rule12: curRoll < -0.009
probabilities_array:[0.38977432 0.0025331  0.         0.6076926 ]

rule14: 0.002 < curRoll < 0.012
probabilities_array:[0.3890717 0.        0.        0.6109283]

rule13: -0.009 < curRoll < 0.002
probabilities_array:[0.26358265 0.13393217 0.         0.6024852 ]

rule23: diffDiffClb = 0.0
probabilities_array:[0.24923769 0.         0.08919424 0.661568  ]

rule10: 0.000 < RollRate < 0.004
probabilities_array:[0.20278695 0.02146412 0.09876412 0.6769848 ]


---1---
rule3: climbRate > 2.998
probabilities_array:[0.         0.41223156 0.5551111  0.03265733]

rule2: -0.316 < climbRate < 2.998
probabilities_array:[0.         0.45362154 0.39898774 0.14739074]

rule11: RollRate > 0.004
probabilities_array:[0.         0.3445739  0.2937172  0.36170888]

rule19: diffClb > 0.119
probabilities_array:[0.         0.21619405 0.6433436  0.14046231]

rule18: -0.000 < diffClb < 0.119
probabilities_array:[0.         0.32851672 0.15673707 0.5147462 ]

rule1: -3.631 < climbRate < -0.316
probabilities_array:[0.2935885  0.2614107  0.         0.44500074]

rule17: -0.120 < diffClb < -0.000
probabilities_array:[0.5331442  0.18062851 0.         0.28622732]

rule4: Altitude < -29.513
probabilities_array:[0.45767143 0.11344791 0.         0.4288806 ]

rule13: -0.009 < curRoll < 0.002
probabilities_array:[0.26358265 0.13393217 0.         0.6024852 ]

rule8: RollRate < -0.004
probabilities_array:[0.4802485  0.08206308 0.         0.4376884 ]

rule7: Altitude > 5.018
probabilities_array:[0.393012   0.09389997 0.         0.51308805]


---2---
rule19: diffClb > 0.119
probabilities_array:[0.         0.21619405 0.6433436  0.14046231]

rule3: climbRate > 2.998
probabilities_array:[0.         0.41223156 0.5551111  0.03265733]

rule2: -0.316 < climbRate < 2.998
probabilities_array:[0.         0.45362154 0.39898774 0.14739074]

rule11: RollRate > 0.004
probabilities_array:[0.         0.3445739  0.2937172  0.36170888]

rule18: -0.000 < diffClb < 0.119
probabilities_array:[0.         0.32851672 0.15673707 0.5147462 ]

