R2: 0.6296737267638071

MAE: 0.001085526859629492

MSE: 2.1215781147595422e-06

Accuracy: 0.8092964024196115

F1: 0.714174185424252

Confusion Matrix: [[2177, 211], [388, 365]]

Uncertainties: {'class0': [0.4374612867832184, 0.47012069821357727, 0.5534584522247314, 0.5604864358901978, 0.5646559000015259], 'class1': [0.29953300952911377, 0.44024458527565, 0.5839483141899109]}

Most important rules
-----------------------------

---0---
rule17: -0.120 < diffClb < -0.001
probabilities_array:[0.5625387 0.        0.4374613]

rule0: climbRate < -3.687
probabilities_array:[0.52987933 0.         0.4701207 ]

rule16: diffClb < -0.120
probabilities_array:[0.44654152 0.         0.55345845]

rule8: RollRate < -0.004
probabilities_array:[0.4395136  0.         0.56048644]

rule1: -3.687 < climbRate < -0.346
probabilities_array:[0.43534407 0.         0.5646559 ]

rule4: Altitude < -29.694
probabilities_array:[0.41931447 0.         0.5806855 ]

rule15: curRoll > 0.012
probabilities_array:[0.3858514 0.        0.6141486]

rule7: Altitude > 4.716
probabilities_array:[0.38546142 0.         0.61453855]

rule12: curRoll < -0.009
probabilities_array:[0.34619552 0.         0.6538045 ]

rule13: -0.009 < curRoll < 0.002
probabilities_array:[0.3306117 0.        0.6693883]

rule14: 0.002 < curRoll < 0.012
probabilities_array:[0.3098742  0.         0.69012576]

rule9: -0.004 < RollRate < 0.000
probabilities_array:[0.2971963 0.        0.7028037]

rule6: -12.489 < Altitude < 4.716
probabilities_array:[0.23786232 0.         0.7621377 ]


---1---
rule3: climbRate > 2.994
probabilities_array:[0.       0.700467 0.299533]

rule19: diffClb > 0.119
probabilities_array:[0.        0.5597554 0.4402446]

rule2: -0.346 < climbRate < 2.994
probabilities_array:[0.         0.41605172 0.5839483 ]

