R2: 0.6523995640695504

MAE: 0.0010438025189625161

MSE: 1.9618968013118673e-06

Accuracy: 0.8143903215536453

F1: 0.7134888603956733

Confusion Matrix: [[2211, 143], [440, 347]]

Uncertainties: {'class0': [0.4611985683441162, 0.540829598903656, 0.5511743426322937, 0.5532386302947998, 0.5608287453651428], 'class1': [0.3373473882675171, 0.4005450904369354, 0.5833249688148499]}

Most important rules
-----------------------------

---0---
rule0: climbRate < -3.617
probabilities_array:[0.53880143 0.         0.46119857]

rule16: diffClb < -0.120
probabilities_array:[0.45917037 0.         0.5408296 ]

rule4: Altitude < -29.286
probabilities_array:[0.44882563 0.         0.55117434]

rule17: -0.120 < diffClb < -0.001
probabilities_array:[0.4467614  0.         0.55323863]

rule1: -3.617 < climbRate < -0.316
probabilities_array:[0.43917125 0.         0.56082875]

rule8: RollRate < -0.004
probabilities_array:[0.43440676 0.         0.56559324]

rule7: Altitude > 4.976
probabilities_array:[0.3910383 0.        0.6089617]

rule15: curRoll > 0.012
probabilities_array:[0.35864526 0.         0.64135474]

rule14: 0.001 < curRoll < 0.012
probabilities_array:[0.3357889 0.        0.6642111]

rule12: curRoll < -0.009
probabilities_array:[0.31976074 0.         0.68023926]

rule5: -29.286 < Altitude < -12.155
probabilities_array:[0.30775145 0.         0.6922486 ]

rule6: -12.155 < Altitude < 4.976
probabilities_array:[0.2863459 0.        0.7136541]

rule13: -0.009 < curRoll < 0.001
probabilities_array:[0.2616069 0.        0.7383931]

rule9: -0.004 < RollRate < 0.000
probabilities_array:[0.25944367 0.         0.74055636]

rule23: diffDiffClb = 0.0
probabilities_array:[0.20527232 0.04483515 0.7498926 ]


---1---
rule3: climbRate > 2.985
probabilities_array:[0.        0.6626526 0.3373474]

rule19: diffClb > 0.118
probabilities_array:[0.        0.5994549 0.4005451]

rule2: -0.316 < climbRate < 2.985
probabilities_array:[0.         0.416675   0.58332497]

