R2: 0.6540712835166189

MAE: 0.001028563636259225

MSE: 1.8862051431754008e-06

Accuracy: 0.6972301814708691

F1: 0.6316904503815342

Confusion Matrix: [[1418, 108, 33], [225, 345, 268], [47, 270, 427]]

Uncertainties: {'class0': [0.35013142228126526, 0.3627355694770813, 0.40893617272377014, 0.424119234085083, 0.4405263662338257], 'class1': [0.03516359254717827, 0.12005671113729477, 0.1450798511505127, 0.35013142228126526, 0.3627355694770813], 'class2': [0.03516359254717827, 0.12005671113729477, 0.1450798511505127, 0.4089739918708801, 0.45498859882354736]}

Most important rules
-----------------------------

---0---
rule16: diffClb < -0.122
probabilities_array:[0.59106386 0.         0.         0.40893617]

rule0: climbRate < -3.596
probabilities_array:[0.57588077 0.         0.         0.42411923]

rule4: Altitude < -29.476
probabilities_array:[0.50572634 0.13153811 0.         0.36273557]

rule17: -0.122 < diffClb < -0.002
probabilities_array:[0.47717118 0.17269745 0.         0.35013142]

rule8: RollRate < -0.004
probabilities_array:[0.46314865 0.09632496 0.         0.44052637]

rule15: curRoll > 0.012
probabilities_array:[0.4089952  0.14238171 0.         0.4486231 ]

rule5: -29.476 < Altitude < -12.183
probabilities_array:[0.45727098 0.01969888 0.         0.52303016]

rule7: Altitude > 5.109
probabilities_array:[0.4141747  0.10887138 0.         0.47695392]

rule6: -12.183 < Altitude < 5.109
probabilities_array:[0.43976095 0.         0.         0.560239  ]

rule12: curRoll < -0.009
probabilities_array:[0.41106713 0.         0.01028082 0.578652  ]

rule9: -0.004 < RollRate < 0.000
probabilities_array:[0.40096578 0.         0.01238274 0.58665144]

rule14: 0.002 < curRoll < 0.012
probabilities_array:[0.37833816 0.00791277 0.         0.6137491 ]

rule1: -3.596 < climbRate < -0.283
probabilities_array:[0.27257746 0.2384891  0.         0.48893347]

rule13: -0.009 < curRoll < 0.002
probabilities_array:[0.26126143 0.1303872  0.         0.60835135]

rule23: diffDiffClb = 0.0
probabilities_array:[0.26196623 0.         0.0863898  0.65164393]

rule10: 0.000 < RollRate < 0.004
probabilities_array:[0.20858577 0.00731535 0.101569   0.6825299 ]


---1---
rule3: climbRate > 3.030
probabilities_array:[0.         0.4031415  0.5616949  0.03516359]

rule2: -0.283 < climbRate < 3.030
probabilities_array:[0.         0.41544765 0.4394725  0.14507985]

rule19: diffClb > 0.117
probabilities_array:[0.         0.23179339 0.6481499  0.12005671]

rule11: RollRate > 0.004
probabilities_array:[0.        0.3448868 0.2461392 0.408974 ]

rule18: -0.002 < diffClb < 0.117
probabilities_array:[0.         0.34760138 0.19741002 0.4549886 ]

rule1: -3.596 < climbRate < -0.283
probabilities_array:[0.27257746 0.2384891  0.         0.48893347]

rule17: -0.122 < diffClb < -0.002
probabilities_array:[0.47717118 0.17269745 0.         0.35013142]

rule4: Altitude < -29.476
probabilities_array:[0.50572634 0.13153811 0.         0.36273557]

rule15: curRoll > 0.012
probabilities_array:[0.4089952  0.14238171 0.         0.4486231 ]

rule7: Altitude > 5.109
probabilities_array:[0.4141747  0.10887138 0.         0.47695392]

rule8: RollRate < -0.004
probabilities_array:[0.46314865 0.09632496 0.         0.44052637]

rule13: -0.009 < curRoll < 0.002
probabilities_array:[0.26126143 0.1303872  0.         0.60835135]


---2---
rule19: diffClb > 0.117
probabilities_array:[0.         0.23179339 0.6481499  0.12005671]

rule3: climbRate > 3.030
probabilities_array:[0.         0.4031415  0.5616949  0.03516359]

rule2: -0.283 < climbRate < 3.030
probabilities_array:[0.         0.41544765 0.4394725  0.14507985]

rule11: RollRate > 0.004
probabilities_array:[0.        0.3448868 0.2461392 0.408974 ]

rule18: -0.002 < diffClb < 0.117
probabilities_array:[0.         0.34760138 0.19741002 0.4549886 ]

