R2: 0.6364707736089814

MAE: 0.0010845015723623306

MSE: 2.070591204722718e-06

Accuracy: 0.8223495702005731

F1: 0.7403692322642421

Confusion Matrix: [[2174, 230], [328, 409]]

Uncertainties: {'class0': [0.40216347575187683, 0.4192120432853699, 0.5286771059036255, 0.5335875749588013, 0.548701822757721], 'class1': [0.37680211663246155, 0.4189744293689728, 0.6210966110229492, 0.799565851688385]}

Most important rules
-----------------------------

---0---
rule0: climbRate < -3.569
probabilities_array:[0.5978365  0.         0.40216348]

rule16: diffClb < -0.118
probabilities_array:[0.58078796 0.         0.41921204]

rule1: -3.569 < climbRate < -0.278
probabilities_array:[0.47132292 0.         0.5286771 ]

rule17: -0.118 < diffClb < 0.000
probabilities_array:[0.46641243 0.         0.5335876 ]

rule8: RollRate < -0.004
probabilities_array:[0.4512982 0.        0.5487018]

rule4: Altitude < -29.478
probabilities_array:[0.37462622 0.         0.6253738 ]

rule15: curRoll > 0.012
probabilities_array:[0.37324405 0.         0.62675595]

rule7: Altitude > 5.080
probabilities_array:[0.31733087 0.00659338 0.6760757 ]

rule14: 0.002 < curRoll < 0.012
probabilities_array:[0.29899964 0.         0.70100033]

rule12: curRoll < -0.009
probabilities_array:[0.29343864 0.         0.7065614 ]

rule13: -0.009 < curRoll < 0.002
probabilities_array:[0.29123598 0.         0.708764  ]

rule5: -29.478 < Altitude < -12.199
probabilities_array:[0.27464557 0.         0.72535443]

rule6: -12.199 < Altitude < 5.080
probabilities_array:[0.2522261 0.        0.7477739]

rule9: -0.004 < RollRate < 0.000
probabilities_array:[0.2020218 0.        0.7979782]


---1---
rule3: climbRate > 3.014
probabilities_array:[0.         0.6231979  0.37680212]

rule19: diffClb > 0.119
probabilities_array:[0.         0.5810256  0.41897443]

rule2: -0.278 < climbRate < 3.014
probabilities_array:[0.         0.37890342 0.6210966 ]

rule18: 0.000 < diffClb < 0.119
probabilities_array:[0.         0.20043415 0.79956585]

