R2: 0.6412061647375267

MAE: 0.0010771535671779326

MSE: 2.028352712492933e-06

Accuracy: 0.8159821712830309

F1: 0.7183999578103576

Confusion Matrix: [[2206, 199], [379, 357]]

Uncertainties: {'class0': [0.4556266665458679, 0.46563461422920227, 0.5068045258522034, 0.5097716450691223, 0.5139274001121521], 'class1': [0.34288522601127625, 0.4192895293235779, 0.5429065823554993]}

Most important rules
-----------------------------

---0---
rule16: diffClb < -0.119
probabilities_array:[0.54437333 0.         0.45562667]

rule0: climbRate < -3.611
probabilities_array:[0.53436536 0.         0.4656346 ]

rule17: -0.119 < diffClb < -0.000
probabilities_array:[0.49319544 0.         0.5068045 ]

rule1: -3.611 < climbRate < -0.299
probabilities_array:[0.49022838 0.         0.50977165]

rule8: RollRate < -0.004
probabilities_array:[0.4860726 0.        0.5139274]

rule4: Altitude < -29.308
probabilities_array:[0.46816832 0.         0.5318317 ]

rule7: Altitude > 4.820
probabilities_array:[0.40830582 0.         0.5916942 ]

rule15: curRoll > 0.012
probabilities_array:[0.36331677 0.         0.6366832 ]

rule6: -12.244 < Altitude < 4.820
probabilities_array:[0.31471166 0.         0.6852883 ]

rule13: -0.009 < curRoll < 0.002
probabilities_array:[0.3117751 0.        0.6882249]

rule14: 0.002 < curRoll < 0.012
probabilities_array:[0.31146294 0.         0.68853706]

rule5: -29.308 < Altitude < -12.244
probabilities_array:[0.27436352 0.         0.7256365 ]

rule9: -0.004 < RollRate < 0.000
probabilities_array:[0.23685516 0.         0.76314485]

rule12: curRoll < -0.009
probabilities_array:[0.23424481 0.         0.7657552 ]


---1---
rule3: climbRate > 3.013
probabilities_array:[0.         0.6571148  0.34288523]

rule19: diffClb > 0.118
probabilities_array:[0.         0.5807105  0.41928953]

rule2: -0.299 < climbRate < 3.013
probabilities_array:[0.         0.45709342 0.5429066 ]

