R2: 0.6494245323568559

MAE: 0.001052229293739378

MSE: 1.9780618265540455e-06

Accuracy: 0.8166189111747851

F1: 0.7344804833433912

Confusion Matrix: [[2156, 236], [340, 409]]

Uncertainties: {'class0': [0.4581563472747803, 0.47207605838775635, 0.5061228275299072, 0.5255215167999268, 0.5320329666137695], 'class1': [0.3810698986053467, 0.3818058371543884, 0.6599369049072266, 0.7048441767692566]}

Most important rules
-----------------------------

---0---
rule16: diffClb < -0.118
probabilities_array:[0.54184365 0.         0.45815635]

rule1: -3.578 < climbRate < -0.292
probabilities_array:[0.52792394 0.         0.47207606]

rule4: Altitude < -29.504
probabilities_array:[0.4938772 0.        0.5061228]

rule17: -0.118 < diffClb < 0.001
probabilities_array:[0.47447845 0.         0.5255215 ]

rule0: climbRate < -3.578
probabilities_array:[0.46796703 0.         0.53203297]

rule8: RollRate < -0.004
probabilities_array:[0.46756026 0.         0.5324397 ]

rule15: curRoll > 0.012
probabilities_array:[0.39473927 0.         0.6052607 ]

rule14: 0.002 < curRoll < 0.012
probabilities_array:[0.3453961 0.        0.6546039]

rule12: curRoll < -0.009
probabilities_array:[0.30928054 0.         0.6907194 ]

rule9: -0.004 < RollRate < 0.000
probabilities_array:[0.29387072 0.         0.70612925]

rule7: Altitude > 4.661
probabilities_array:[0.2842586 0.        0.7157414]

rule5: -29.504 < Altitude < -12.422
probabilities_array:[0.2775517 0.        0.7224483]

rule13: -0.009 < curRoll < 0.002
probabilities_array:[0.27660733 0.         0.72339267]

rule6: -12.422 < Altitude < 4.661
probabilities_array:[0.25306773 0.02083062 0.72610164]


---1---
rule19: diffClb > 0.120
probabilities_array:[0.        0.6189301 0.3810699]

rule3: climbRate > 2.995
probabilities_array:[0.         0.61819416 0.38180584]

rule2: -0.292 < climbRate < 2.995
probabilities_array:[0.         0.34006307 0.6599369 ]

rule18: 0.001 < diffClb < 0.120
probabilities_array:[0.        0.2951558 0.7048442]

