R2: 0.654081457569756

MAE: 0.001050636748502456

MSE: 1.9682713561556806e-06

Accuracy: 0.7185609678446354

F1: 0.6552922352234819

Confusion Matrix: [[1434, 82, 44], [224, 338, 279], [61, 194, 485]]

Uncertainties: {'class0': [0.3348850607872009, 0.4173854887485504, 0.4232944846153259, 0.4359622597694397, 0.44209960103034973], 'class1': [0.03924751281738281, 0.15789780020713806, 0.16146114468574524, 0.2518022656440735, 0.3348850607872009], 'class2': [0.03924751281738281, 0.15789780020713806, 0.16146114468574524, 0.2518022656440735, 0.3622399866580963]}

Most important rules
-----------------------------

---0---
rule16: diffClb < -0.118
probabilities_array:[0.5767055  0.         0.         0.42329448]

rule0: climbRate < -3.598
probabilities_array:[0.5502449  0.         0.         0.44975507]

rule8: RollRate < -0.004
probabilities_array:[0.4761181  0.10649642 0.         0.4173855 ]

rule17: -0.118 < diffClb < 0.000
probabilities_array:[0.4026282  0.26248664 0.         0.33488506]

rule4: Altitude < -29.515
probabilities_array:[0.42781377 0.13622396 0.         0.43596226]

rule1: -3.598 < climbRate < -0.299
probabilities_array:[0.32057202 0.23732841 0.         0.4420996 ]

rule9: -0.004 < RollRate < 0.000
probabilities_array:[0.41179794 0.         0.         0.58820206]

rule12: curRoll < -0.009
probabilities_array:[0.40386117 0.01392616 0.         0.5822127 ]

rule5: -29.515 < Altitude < -12.604
probabilities_array:[0.40177995 0.         0.01441774 0.58380234]

rule14: 0.002 < curRoll < 0.012
probabilities_array:[0.38626206 0.         0.         0.61373794]

rule7: Altitude > 4.308
probabilities_array:[0.32461542 0.13366193 0.         0.54172266]

rule15: curRoll > 0.012
probabilities_array:[0.3591545  0.02211304 0.         0.6187325 ]

rule6: -12.604 < Altitude < 4.308
probabilities_array:[0.33189774 0.0030372  0.         0.66506505]

rule23: diffDiffClb = 0.0
probabilities_array:[0.25812036 0.         0.07684346 0.6650362 ]

rule10: 0.000 < RollRate < 0.004
probabilities_array:[0.23032893 0.00877997 0.11117782 0.6497133 ]

rule13: -0.009 < curRoll < 0.002
probabilities_array:[0.21510862 0.02846507 0.         0.75642633]


---1---
rule3: climbRate > 2.999
probabilities_array:[0.         0.37958947 0.581163   0.03924751]

rule2: -0.299 < climbRate < 2.999
probabilities_array:[0.         0.40008086 0.44202134 0.1578978 ]

rule18: 0.000 < diffClb < 0.119
probabilities_array:[0.         0.3958825  0.35231525 0.25180227]

rule11: RollRate > 0.004
probabilities_array:[0.         0.37347198 0.264288   0.36224   ]

rule19: diffClb > 0.119
probabilities_array:[0.         0.27096298 0.56757593 0.16146114]

rule17: -0.118 < diffClb < 0.000
probabilities_array:[0.4026282  0.26248664 0.         0.33488506]

rule1: -3.598 < climbRate < -0.299
probabilities_array:[0.32057202 0.23732841 0.         0.4420996 ]

rule4: Altitude < -29.515
probabilities_array:[0.42781377 0.13622396 0.         0.43596226]

rule8: RollRate < -0.004
probabilities_array:[0.4761181  0.10649642 0.         0.4173855 ]

rule7: Altitude > 4.308
probabilities_array:[0.32461542 0.13366193 0.         0.54172266]


---2---
rule3: climbRate > 2.999
probabilities_array:[0.         0.37958947 0.581163   0.03924751]

rule19: diffClb > 0.119
probabilities_array:[0.         0.27096298 0.56757593 0.16146114]

rule2: -0.299 < climbRate < 2.999
probabilities_array:[0.         0.40008086 0.44202134 0.1578978 ]

rule18: 0.000 < diffClb < 0.119
probabilities_array:[0.         0.3958825  0.35231525 0.25180227]

rule11: RollRate > 0.004
probabilities_array:[0.         0.37347198 0.264288   0.36224   ]

