R2: 0.6565563297554403

MAE: 0.0010572665318767187

MSE: 2.015215444550846e-06

Accuracy: 0.8245781598217128

F1: 0.739926279754342

Confusion Matrix: [[2191, 207], [344, 399]]

Uncertainties: {'class0': [0.48442015051841736, 0.4893670082092285, 0.49084463715553284, 0.4943491518497467, 0.5120465755462646], 'class1': [0.3918165862560272, 0.40396231412887573, 0.6577448844909668]}

Most important rules
-----------------------------

---0---
rule16: diffClb < -0.117
probabilities_array:[0.5155799  0.         0.48442015]

rule1: -3.585 < climbRate < -0.267
probabilities_array:[0.510633 0.       0.489367]

rule0: climbRate < -3.585
probabilities_array:[0.5091554  0.         0.49084464]

rule8: RollRate < -0.003
probabilities_array:[0.5056508  0.         0.49434915]

rule17: -0.117 < diffClb < 0.000
probabilities_array:[0.48795342 0.         0.5120466 ]

rule4: Altitude < -29.666
probabilities_array:[0.4297096 0.        0.5702904]

rule15: curRoll > 0.012
probabilities_array:[0.35229257 0.         0.64770746]

rule14: 0.002 < curRoll < 0.012
probabilities_array:[0.30907494 0.         0.69092506]

rule9: -0.003 < RollRate < 0.000
probabilities_array:[0.30715773 0.         0.6928423 ]

rule13: -0.009 < curRoll < 0.002
probabilities_array:[0.28964663 0.         0.7103534 ]

rule7: Altitude > 4.842
probabilities_array:[0.28897157 0.         0.7110284 ]

rule12: curRoll < -0.009
probabilities_array:[0.27960402 0.         0.720396  ]


---1---
rule3: climbRate > 3.051
probabilities_array:[0.         0.60818344 0.3918166 ]

rule19: diffClb > 0.117
probabilities_array:[0.        0.5960377 0.4039623]

rule2: -0.267 < climbRate < 3.051
probabilities_array:[0.         0.34225515 0.6577449 ]

