R2: 0.6483310699765592

MAE: 0.0010662277930278293

MSE: 2.0284836481532068e-06

Accuracy: 0.8092964024196115

F1: 0.7086697227463219

Confusion Matrix: [[2194, 182], [417, 348]]

Uncertainties: {'class0': [0.41156700253486633, 0.45698750019073486, 0.5196065306663513, 0.5505965948104858, 0.5978112816810608], 'class1': [0.3422091603279114, 0.36318033933639526, 0.6625856757164001]}

Most important rules
-----------------------------

---0---
rule0: climbRate < -3.642
probabilities_array:[0.58843297 0.         0.411567  ]

rule8: RollRate < -0.004
probabilities_array:[0.5430125 0.        0.4569875]

rule16: diffClb < -0.119
probabilities_array:[0.48039347 0.         0.51960653]

rule17: -0.119 < diffClb < -0.001
probabilities_array:[0.4494034 0.        0.5505966]

rule1: -3.642 < climbRate < -0.326
probabilities_array:[0.40218872 0.         0.5978113 ]

rule4: Altitude < -29.178
probabilities_array:[0.38513625 0.         0.61486375]

rule15: curRoll > 0.012
probabilities_array:[0.3721287 0.        0.6278713]

rule7: Altitude > 5.018
probabilities_array:[0.359075 0.       0.640925]

rule9: -0.004 < RollRate < 0.000
probabilities_array:[0.34689304 0.         0.6531069 ]

rule13: -0.009 < curRoll < 0.002
probabilities_array:[0.3342474 0.        0.6657526]

rule5: -29.178 < Altitude < -12.080
probabilities_array:[0.28534153 0.         0.7146585 ]

rule12: curRoll < -0.009
probabilities_array:[0.28047773 0.         0.7195223 ]

rule14: 0.002 < curRoll < 0.012
probabilities_array:[0.271012 0.       0.728988]

rule6: -12.080 < Altitude < 5.018
probabilities_array:[0.23650712 0.         0.7634929 ]

rule10: 0.000 < RollRate < 0.004
probabilities_array:[0.23245536 0.         0.7675446 ]


---1---
rule19: diffClb > 0.117
probabilities_array:[0.         0.65779084 0.34220916]

rule3: climbRate > 2.991
probabilities_array:[0.         0.63681966 0.36318034]

rule2: -0.326 < climbRate < 2.991
probabilities_array:[0.        0.3374143 0.6625857]

