R2: 0.641587197012836

MAE: 0.001068423268485921

MSE: 2.0610345615784656e-06

Accuracy: 0.7051894301177969

F1: 0.6385430706325054

Confusion Matrix: [[1422, 72, 49], [240, 317, 293], [51, 221, 476]]

Uncertainties: {'class0': [0.3463629484176636, 0.3645874261856079, 0.39903172850608826, 0.41232141852378845, 0.45988139510154724], 'class1': [0.03451473265886307, 0.14565904438495636, 0.17255434393882751, 0.25250062346458435, 0.3463629484176636], 'class2': [0.03451473265886307, 0.14565904438495636, 0.17255434393882751, 0.25250062346458435, 0.3557462990283966]}

Most important rules
-----------------------------

---0---
rule0: climbRate < -3.625
probabilities_array:[0.6009683  0.         0.         0.39903173]

rule16: diffClb < -0.119
probabilities_array:[0.5876786  0.         0.         0.41232142]

rule4: Altitude < -30.012
probabilities_array:[0.47275445 0.18088262 0.         0.34636295]

rule17: -0.119 < diffClb < 0.000
probabilities_array:[0.40117735 0.23423524 0.         0.36458743]

rule8: RollRate < -0.004
probabilities_array:[0.41996267 0.05401661 0.         0.5260207 ]

rule5: -30.012 < Altitude < -12.651
probabilities_array:[0.4098483  0.04867575 0.         0.54147595]

rule1: -3.625 < climbRate < -0.299
probabilities_array:[0.32525727 0.21486136 0.         0.4598814 ]

rule9: -0.004 < RollRate < 0.000
probabilities_array:[0.39821973 0.         0.         0.60178024]

rule15: curRoll > 0.012
probabilities_array:[0.35032928 0.07443637 0.         0.57523435]

rule12: curRoll < -0.009
probabilities_array:[0.36853516 0.02519709 0.         0.60626775]

rule7: Altitude > 4.711
probabilities_array:[0.32937768 0.07305311 0.         0.5975692 ]

rule6: -12.651 < Altitude < 4.711
probabilities_array:[0.35807922 0.         0.         0.64192075]

rule14: 0.002 < curRoll < 0.012
probabilities_array:[0.33643535 0.         0.         0.6635647 ]

rule10: 0.000 < RollRate < 0.004
probabilities_array:[0.24030943 0.         0.10519783 0.6544928 ]

rule23: diffDiffClb = 0.0
probabilities_array:[0.27024388 0.         0.03689606 0.6928601 ]

rule13: -0.009 < curRoll < 0.002
probabilities_array:[0.20170517 0.05017076 0.         0.74812406]


---1---
rule3: climbRate > 3.028
probabilities_array:[0.         0.3964395  0.5690458  0.03451473]

rule2: -0.299 < climbRate < 3.028
probabilities_array:[4.4449404e-05 4.1549700e-01 4.1190416e-01 1.7255434e-01]

rule18: 0.000 < diffClb < 0.119
probabilities_array:[0.         0.3756326  0.37186673 0.25250062]

rule11: RollRate > 0.004
probabilities_array:[3.5739438e-05 3.7331441e-01 2.7090353e-01 3.5574630e-01]

rule19: diffClb > 0.119
probabilities_array:[0.         0.2221706  0.6321704  0.14565904]

rule17: -0.119 < diffClb < 0.000
probabilities_array:[0.40117735 0.23423524 0.         0.36458743]

rule4: Altitude < -30.012
probabilities_array:[0.47275445 0.18088262 0.         0.34636295]

rule1: -3.625 < climbRate < -0.299
probabilities_array:[0.32525727 0.21486136 0.         0.4598814 ]


---2---
rule3: climbRate > 3.028
probabilities_array:[0.         0.3964395  0.5690458  0.03451473]

rule19: diffClb > 0.119
probabilities_array:[0.         0.2221706  0.6321704  0.14565904]

rule2: -0.299 < climbRate < 3.028
probabilities_array:[4.4449404e-05 4.1549700e-01 4.1190416e-01 1.7255434e-01]

rule18: 0.000 < diffClb < 0.119
probabilities_array:[0.         0.3756326  0.37186673 0.25250062]

rule11: RollRate > 0.004
probabilities_array:[3.5739438e-05 3.7331441e-01 2.7090353e-01 3.5574630e-01]

