R2: 0.6504468371575352

MAE: 0.001072060338434506

MSE: 2.0104480514605896e-06

Accuracy: 0.8108882521489972

F1: 0.7151451027811366

Confusion Matrix: [[2184, 184], [410, 363]]

Uncertainties: {'class0': [0.3973318040370941, 0.4297478497028351, 0.5015949010848999, 0.5047658085823059, 0.5684360265731812], 'class1': [0.36807042360305786, 0.3864573836326599, 0.6113850474357605]}

Most important rules
-----------------------------

---0---
rule0: climbRate < -3.645
probabilities_array:[0.6026682 0.        0.3973318]

rule16: diffClb < -0.119
probabilities_array:[0.5702521  0.         0.42974785]

rule8: RollRate < -0.003
probabilities_array:[0.49840513 0.         0.5015949 ]

rule17: -0.119 < diffClb < -0.000
probabilities_array:[0.49523416 0.         0.5047658 ]

rule4: Altitude < -29.450
probabilities_array:[0.431564 0.       0.568436]

rule15: curRoll > 0.012
probabilities_array:[0.3931389 0.        0.6068611]

rule1: -3.645 < climbRate < -0.317
probabilities_array:[0.3861812 0.        0.6138188]

rule7: Altitude > 4.820
probabilities_array:[0.34568608 0.         0.6543139 ]

rule9: -0.003 < RollRate < 0.000
probabilities_array:[0.29316372 0.         0.7068363 ]

rule14: 0.002 < curRoll < 0.012
probabilities_array:[0.2893051 0.        0.7106949]

rule6: -12.315 < Altitude < 4.820
probabilities_array:[0.26774317 0.         0.7322568 ]

rule5: -29.450 < Altitude < -12.315
probabilities_array:[0.26366487 0.         0.7363351 ]

rule12: curRoll < -0.009
probabilities_array:[0.26055863 0.         0.7394414 ]

rule11: RollRate > 0.004
probabilities_array:[0.22292493 0.04205544 0.7350196 ]

rule13: -0.009 < curRoll < 0.002
probabilities_array:[0.23827979 0.         0.76172024]

rule23: diffDiffClb = 0.0
probabilities_array:[0.16837755 0.09402103 0.73760146]


---1---
rule3: climbRate > 3.012
probabilities_array:[0.         0.6319296  0.36807042]

rule19: diffClb > 0.119
probabilities_array:[0.         0.6135426  0.38645738]

rule2: -0.317 < climbRate < 3.012
probabilities_array:[0.         0.38861492 0.61138505]

