R2: 0.6513011146872836

MAE: 0.0010560373120757965

MSE: 1.9769707973662314e-06

Accuracy: 0.6924546322827125

F1: 0.6208253141759709

Confusion Matrix: [[1440, 78, 46], [281, 307, 252], [53, 256, 428]]

Uncertainties: {'class0': [0.28583428263664246, 0.4115063548088074, 0.4167127311229706, 0.43109750747680664, 0.47945377230644226], 'class1': [0.03538322448730469, 0.10512019693851471, 0.16671374440193176, 0.28583428263664246, 0.4015015959739685], 'class2': [0.03538322448730469, 0.10512019693851471, 0.16671374440193176, 0.4015015959739685, 0.41488340497016907]}

Most important rules
-----------------------------

---0---
rule16: diffClb < -0.119
probabilities_array:[0.58849365 0.         0.         0.41150635]

rule0: climbRate < -3.611
probabilities_array:[0.58328724 0.         0.         0.41671273]

rule17: -0.119 < diffClb < -0.000
probabilities_array:[0.4750884  0.23907727 0.         0.28583428]

rule4: Altitude < -29.260
probabilities_array:[0.45759022 0.11131228 0.         0.4310975 ]

rule8: RollRate < -0.003
probabilities_array:[0.48339596 0.03715027 0.         0.47945377]

rule12: curRoll < -0.009
probabilities_array:[0.47614682 0.         0.         0.5238532 ]

rule5: -29.260 < Altitude < -11.990
probabilities_array:[0.4663729  0.         0.00314504 0.53048205]

rule15: curRoll > 0.012
probabilities_array:[0.43590385 0.04518412 0.         0.518912  ]

rule9: -0.003 < RollRate < 0.000
probabilities_array:[0.42790434 0.         0.         0.5720957 ]

rule14: 0.002 < curRoll < 0.012
probabilities_array:[0.423513   0.00346066 0.         0.57302636]

rule1: -3.611 < climbRate < -0.318
probabilities_array:[0.33777004 0.15251122 0.         0.50971866]

rule6: -11.990 < Altitude < 5.279
probabilities_array:[3.8396224e-01 1.0504823e-04 0.0000000e+00 6.1593270e-01]

rule13: -0.009 < curRoll < 0.002
probabilities_array:[0.32652482 0.08352764 0.         0.5899475 ]

rule7: Altitude > 5.279
probabilities_array:[0.32846922 0.06451134 0.         0.6070195 ]

rule10: 0.000 < RollRate < 0.004
probabilities_array:[0.24647737 0.01023959 0.10156295 0.6417201 ]

rule23: diffDiffClb = 0.0
probabilities_array:[0.2470985  0.         0.06024593 0.69265556]


---1---
rule3: climbRate > 2.975
probabilities_array:[0.         0.40520534 0.55941147 0.03538322]

rule2: -0.318 < climbRate < 2.975
probabilities_array:[7.4648487e-05 4.2956975e-01 4.0364185e-01 1.6671374e-01]

rule19: diffClb > 0.119
probabilities_array:[0.         0.27576488 0.61911494 0.1051202 ]

rule18: -0.000 < diffClb < 0.119
probabilities_array:[0.         0.40263623 0.19586219 0.4015016 ]

rule11: RollRate > 0.004
probabilities_array:[5.3297485e-06 3.2373729e-01 2.6137394e-01 4.1488340e-01]

rule17: -0.119 < diffClb < -0.000
probabilities_array:[0.4750884  0.23907727 0.         0.28583428]

rule1: -3.611 < climbRate < -0.318
probabilities_array:[0.33777004 0.15251122 0.         0.50971866]

rule4: Altitude < -29.260
probabilities_array:[0.45759022 0.11131228 0.         0.4310975 ]


---2---
rule19: diffClb > 0.119
probabilities_array:[0.         0.27576488 0.61911494 0.1051202 ]

rule3: climbRate > 2.975
probabilities_array:[0.         0.40520534 0.55941147 0.03538322]

rule2: -0.318 < climbRate < 2.975
probabilities_array:[7.4648487e-05 4.2956975e-01 4.0364185e-01 1.6671374e-01]

rule11: RollRate > 0.004
probabilities_array:[5.3297485e-06 3.2373729e-01 2.6137394e-01 4.1488340e-01]

rule18: -0.000 < diffClb < 0.119
probabilities_array:[0.         0.40263623 0.19586219 0.4015016 ]

