R2: 0.64327085993622

MAE: 0.0010600787953065946

MSE: 2.0203342899689842e-06

Accuracy: 0.8204393505253104

F1: 0.7145609179815646

Confusion Matrix: [[2245, 171], [393, 332]]

Uncertainties: {'class0': [0.45080623030662537, 0.48202913999557495, 0.49806275963783264, 0.588064432144165, 0.5990757346153259], 'class1': [0.3625309467315674, 0.38532233238220215, 0.6187655925750732]}

Most important rules
-----------------------------

---0---
rule16: diffClb < -0.120
probabilities_array:[0.54919374 0.         0.45080623]

rule0: climbRate < -3.528
probabilities_array:[0.51797086 0.         0.48202914]

rule17: -0.120 < diffClb < -0.001
probabilities_array:[0.5019372  0.         0.49806276]

rule8: RollRate < -0.003
probabilities_array:[0.4119356  0.         0.58806443]

rule1: -3.528 < climbRate < -0.227
probabilities_array:[0.4009243  0.         0.59907573]

rule4: Altitude < -29.262
probabilities_array:[0.37961805 0.         0.62038195]

rule15: curRoll > 0.012
probabilities_array:[0.35705715 0.         0.64294285]

rule7: Altitude > 4.895
probabilities_array:[0.34211302 0.         0.657887  ]

rule13: -0.009 < curRoll < 0.002
probabilities_array:[0.32836053 0.         0.6716395 ]

rule14: 0.002 < curRoll < 0.012
probabilities_array:[0.30995637 0.         0.6900436 ]

rule12: curRoll < -0.009
probabilities_array:[0.28270796 0.         0.7172921 ]

rule9: -0.003 < RollRate < 0.000
probabilities_array:[0.27923 0.      0.72077]

rule6: -12.183 < Altitude < 4.895
probabilities_array:[0.272094 0.       0.727906]

rule5: -29.262 < Altitude < -12.183
probabilities_array:[0.26934606 0.         0.73065394]


---1---
rule3: climbRate > 3.074
probabilities_array:[0.         0.63746905 0.36253095]

rule19: diffClb > 0.118
probabilities_array:[0.         0.61467767 0.38532233]

rule2: -0.227 < climbRate < 3.074
probabilities_array:[0.        0.3812344 0.6187656]

