R2: 0.6530097999268878

MAE: 0.0010523665381829313

MSE: 1.945610039657695e-06

Accuracy: 0.70264247055078

F1: 0.6316822521415887

Confusion Matrix: [[1449, 92, 38], [235, 316, 282], [42, 245, 442]]

Uncertainties: {'class0': [0.3101581633090973, 0.3545897305011749, 0.38565123081207275, 0.40999630093574524, 0.4134378135204315], 'class1': [0.035204898566007614, 0.13919547200202942, 0.13970686495304108, 0.3101581633090973, 0.38288986682891846], 'class2': [0.035204898566007614, 0.13919547200202942, 0.13970686495304108, 0.38288986682891846, 0.39548417925834656]}

Most important rules
-----------------------------

---0---
rule16: diffClb < -0.120
probabilities_array:[0.64541024 0.         0.         0.35458973]

rule0: climbRate < -3.611
probabilities_array:[0.5900037 0.        0.        0.4099963]

rule17: -0.120 < diffClb < -0.001
probabilities_array:[0.503072   0.18676978 0.         0.31015816]

rule4: Altitude < -29.694
probabilities_array:[0.48961076 0.12473799 0.         0.38565123]

rule8: RollRate < -0.003
probabilities_array:[0.49264136 0.05104886 0.         0.45630983]

rule5: -29.694 < Altitude < -12.558
probabilities_array:[0.48295793 0.         0.         0.5170421 ]

rule15: curRoll > 0.012
probabilities_array:[0.44019973 0.07768349 0.         0.48211676]

rule12: curRoll < -0.009
probabilities_array:[0.43799168 0.         0.03604812 0.5259602 ]

rule7: Altitude > 4.578
probabilities_array:[0.39028272 0.1310419  0.         0.4786754 ]

rule9: -0.003 < RollRate < 0.000
probabilities_array:[0.42254636 0.         0.02979032 0.54766333]

rule1: -3.611 < climbRate < -0.297
probabilities_array:[0.27849984 0.30806226 0.         0.4134378 ]

rule6: -12.558 < Altitude < 4.578
probabilities_array:[0.40142545 0.00092287 0.         0.59765166]

rule13: -0.009 < curRoll < 0.002
probabilities_array:[0.3195559  0.16082712 0.         0.51961696]

rule14: 0.002 < curRoll < 0.012
probabilities_array:[3.7182796e-01 3.0247989e-04 0.0000000e+00 6.2786955e-01]

rule23: diffDiffClb = 0.0
probabilities_array:[0.26879662 0.         0.08366723 0.64753616]

rule10: 0.000 < RollRate < 0.004
probabilities_array:[0.19921629 0.01697699 0.14347635 0.6403303 ]


---1---
rule3: climbRate > 3.018
probabilities_array:[0.         0.38364175 0.58115333 0.0352049 ]

rule2: -0.297 < climbRate < 3.018
probabilities_array:[0.         0.42429024 0.43600294 0.13970686]

rule18: -0.001 < diffClb < 0.119
probabilities_array:[0.         0.41398877 0.19052704 0.39548418]

rule19: diffClb > 0.119
probabilities_array:[0.         0.2653084  0.5954961  0.13919547]

rule11: RollRate > 0.004
probabilities_array:[0.         0.30778593 0.30932423 0.38288987]

rule1: -3.611 < climbRate < -0.297
probabilities_array:[0.27849984 0.30806226 0.         0.4134378 ]

rule17: -0.120 < diffClb < -0.001
probabilities_array:[0.503072   0.18676978 0.         0.31015816]

rule13: -0.009 < curRoll < 0.002
probabilities_array:[0.3195559  0.16082712 0.         0.51961696]

rule4: Altitude < -29.694
probabilities_array:[0.48961076 0.12473799 0.         0.38565123]

rule7: Altitude > 4.578
probabilities_array:[0.39028272 0.1310419  0.         0.4786754 ]

rule15: curRoll > 0.012
probabilities_array:[0.44019973 0.07768349 0.         0.48211676]


---2---
rule3: climbRate > 3.018
probabilities_array:[0.         0.38364175 0.58115333 0.0352049 ]

rule19: diffClb > 0.119
probabilities_array:[0.         0.2653084  0.5954961  0.13919547]

rule2: -0.297 < climbRate < 3.018
probabilities_array:[0.         0.42429024 0.43600294 0.13970686]

rule11: RollRate > 0.004
probabilities_array:[0.         0.30778593 0.30932423 0.38288987]

rule18: -0.001 < diffClb < 0.119
probabilities_array:[0.         0.41398877 0.19052704 0.39548418]

rule10: 0.000 < RollRate < 0.004
probabilities_array:[0.19921629 0.01697699 0.14347635 0.6403303 ]

