R2: 0.6298174442150102

MAE: 0.001095250368237502

MSE: 2.1207315023481157e-06

Accuracy: 0.819165870741802

F1: 0.719052586226445

Confusion Matrix: [[2224, 209], [359, 349]]

Uncertainties: {'class0': [0.46520698070526123, 0.497455894947052, 0.4986748695373535, 0.5317099094390869, 0.5532798171043396], 'class1': [0.33011823892593384, 0.3508814871311188, 0.5907171964645386]}

Most important rules
-----------------------------

---0---
rule8: RollRate < -0.003
probabilities_array:[0.534793   0.         0.46520698]

rule0: climbRate < -3.538
probabilities_array:[0.5025441 0.        0.4974559]

rule17: -0.120 < diffClb < -0.000
probabilities_array:[0.50132513 0.         0.49867487]

rule16: diffClb < -0.120
probabilities_array:[0.46829012 0.         0.5317099 ]

rule4: Altitude < -28.890
probabilities_array:[0.44672018 0.         0.5532798 ]

rule1: -3.538 < climbRate < -0.219
probabilities_array:[0.44569787 0.         0.5543021 ]

rule15: curRoll > 0.012
probabilities_array:[0.4207432 0.        0.5792568]

rule12: curRoll < -0.009
probabilities_array:[0.38310948 0.         0.6168905 ]

rule5: -28.890 < Altitude < -11.797
probabilities_array:[0.35771683 0.         0.64228314]

rule13: -0.009 < curRoll < 0.001
probabilities_array:[0.3493114 0.        0.6506886]

rule14: 0.001 < curRoll < 0.012
probabilities_array:[0.34015083 0.         0.65984917]

rule7: Altitude > 5.295
probabilities_array:[0.32787377 0.         0.67212623]

rule9: -0.003 < RollRate < 0.000
probabilities_array:[0.30859005 0.         0.69140995]

rule6: -11.797 < Altitude < 5.295
probabilities_array:[0.21494056 0.         0.78505945]


---1---
rule3: climbRate > 3.101
probabilities_array:[0.         0.66988176 0.33011824]

rule19: diffClb > 0.120
probabilities_array:[0.        0.6491185 0.3508815]

rule2: -0.219 < climbRate < 3.101
probabilities_array:[0.         0.40928283 0.5907172 ]

