R2: 0.6603186605291758

MAE: 0.0010485435240219945

MSE: 1.934833717621674e-06

Accuracy: 0.8229863100923273

F1: 0.7382700847896564

Confusion Matrix: [[2186, 211], [345, 399]]

Uncertainties: {'class0': [0.4399544894695282, 0.4613656997680664, 0.531654953956604, 0.5611015558242798, 0.5795868039131165], 'class1': [0.33829861879348755, 0.37583041191101074, 0.5702601075172424, 0.7582888007164001]}

Most important rules
-----------------------------

---0---
rule0: climbRate < -3.616
probabilities_array:[0.56004554 0.         0.4399545 ]

rule8: RollRate < -0.004
probabilities_array:[0.5386343 0.        0.4613657]

rule4: Altitude < -29.500
probabilities_array:[0.46834505 0.         0.53165495]

rule16: diffClb < -0.120
probabilities_array:[0.43889844 0.         0.56110156]

rule17: -0.120 < diffClb < 0.000
probabilities_array:[0.42041323 0.         0.5795868 ]

rule1: -3.616 < climbRate < -0.317
probabilities_array:[0.38236943 0.         0.6176306 ]

rule15: curRoll > 0.012
probabilities_array:[0.36417648 0.         0.6358235 ]

rule13: -0.009 < curRoll < 0.002
probabilities_array:[0.33025137 0.         0.66974866]

rule9: -0.004 < RollRate < 0.000
probabilities_array:[0.31579238 0.         0.6842076 ]

rule14: 0.002 < curRoll < 0.012
probabilities_array:[0.3148721 0.        0.6851279]

rule12: curRoll < -0.009
probabilities_array:[0.30075264 0.         0.69924736]

rule7: Altitude > 5.008
probabilities_array:[0.29198787 0.         0.70801216]

rule5: -29.500 < Altitude < -12.246
probabilities_array:[0.28029743 0.         0.7197026 ]

rule6: -12.246 < Altitude < 5.008
probabilities_array:[2.4922274e-01 1.5539031e-04 7.5062186e-01]

rule10: 0.000 < RollRate < 0.004
probabilities_array:[0.22751667 0.         0.77248335]


---1---
rule3: climbRate > 2.982
probabilities_array:[0.         0.6617014  0.33829862]

rule19: diffClb > 0.121
probabilities_array:[0.        0.6241696 0.3758304]

rule2: -0.317 < climbRate < 2.982
probabilities_array:[0.        0.4297399 0.5702601]

rule18: 0.000 < diffClb < 0.121
probabilities_array:[0.         0.24171118 0.7582888 ]

