R2: 0.6295863506206443

MAE: 0.0010971492250937225

MSE: 2.172290579296495e-06

Accuracy: 0.7023241006049029

F1: 0.6350013455136635

Confusion Matrix: [[1432, 115, 42], [230, 318, 267], [56, 225, 456]]

Uncertainties: {'class0': [0.3292882442474365, 0.3459753394126892, 0.40526825189590454, 0.44865116477012634, 0.4547155499458313], 'class1': [0.03482544422149658, 0.10133568942546844, 0.15698684751987457, 0.3292882442474365, 0.3459753394126892], 'class2': [0.03482544422149658, 0.10133568942546844, 0.15698684751987457, 0.3580486476421356, 0.45560991764068604]}

Most important rules
-----------------------------

---0---
rule0: climbRate < -3.582
probabilities_array:[0.59473175 0.         0.         0.40526825]

rule4: Altitude < -29.547
probabilities_array:[0.49419892 0.15982574 0.         0.34597534]

rule17: -0.120 < diffClb < -0.001
probabilities_array:[0.47856867 0.19214311 0.         0.32928824]

rule16: diffClb < -0.120
probabilities_array:[0.5513488  0.         0.         0.44865116]

rule8: RollRate < -0.003
probabilities_array:[0.47032392 0.04357018 0.         0.48610592]

rule12: curRoll < -0.009
probabilities_array:[0.471221   0.         0.         0.52877903]

rule5: -29.547 < Altitude < -12.331
probabilities_array:[0.44417113 0.0365555  0.         0.51927334]

rule15: curRoll > 0.012
probabilities_array:[0.4383101  0.03526177 0.         0.5264281 ]

rule9: -0.003 < RollRate < 0.000
probabilities_array:[0.4378486 0.        0.        0.5621514]

rule7: Altitude > 4.886
probabilities_array:[0.34222806 0.16957141 0.         0.48820058]

rule1: -3.582 < climbRate < -0.268
probabilities_array:[0.31133974 0.2339447  0.         0.45471555]

rule14: 0.002 < curRoll < 0.012
probabilities_array:[0.38886163 0.02124714 0.         0.58989125]

rule6: -12.331 < Altitude < 4.886
probabilities_array:[0.39919305 0.         0.         0.60080695]

rule10: 0.000 < RollRate < 0.004
probabilities_array:[0.27936104 0.00291262 0.15444316 0.5632832 ]

rule13: -0.009 < curRoll < 0.002
probabilities_array:[0.27594116 0.11184612 0.         0.6122127 ]

rule23: diffDiffClb = 0.0
probabilities_array:[2.6724184e-01 3.4711731e-05 5.6265764e-02 6.7645770e-01]


---1---
rule3: climbRate > 3.046
probabilities_array:[0.         0.39134613 0.57382846 0.03482544]

rule2: -0.268 < climbRate < 3.046
probabilities_array:[0.         0.43357152 0.40944168 0.15698685]

rule18: -0.001 < diffClb < 0.118
probabilities_array:[0.         0.40982547 0.23212592 0.35804865]

rule19: diffClb > 0.118
probabilities_array:[0.         0.2697757  0.6288886  0.10133569]

rule11: RollRate > 0.004
probabilities_array:[0.         0.28738424 0.2570058  0.45560992]

rule17: -0.120 < diffClb < -0.001
probabilities_array:[0.47856867 0.19214311 0.         0.32928824]

rule1: -3.582 < climbRate < -0.268
probabilities_array:[0.31133974 0.2339447  0.         0.45471555]

rule4: Altitude < -29.547
probabilities_array:[0.49419892 0.15982574 0.         0.34597534]

rule7: Altitude > 4.886
probabilities_array:[0.34222806 0.16957141 0.         0.48820058]

rule13: -0.009 < curRoll < 0.002
probabilities_array:[0.27594116 0.11184612 0.         0.6122127 ]


---2---
rule19: diffClb > 0.118
probabilities_array:[0.         0.2697757  0.6288886  0.10133569]

rule3: climbRate > 3.046
probabilities_array:[0.         0.39134613 0.57382846 0.03482544]

rule2: -0.268 < climbRate < 3.046
probabilities_array:[0.         0.43357152 0.40944168 0.15698685]

rule18: -0.001 < diffClb < 0.118
probabilities_array:[0.         0.40982547 0.23212592 0.35804865]

rule11: RollRate > 0.004
probabilities_array:[0.         0.28738424 0.2570058  0.45560992]

rule10: 0.000 < RollRate < 0.004
probabilities_array:[0.27936104 0.00291262 0.15444316 0.5632832 ]

