R2: 0.6541333233920941

MAE: 0.0010617767454160275

MSE: 1.971948952367094e-06

Accuracy: 0.8720152817574021

F1: 0.8720095606480807

Confusion Matrix: [[1380, 154], [248, 1359]]

Uncertainties: {'class0': [0.1916273683309555, 0.22517774999141693, 0.4226124882698059, 0.5338587760925293, 0.6315628290176392], 'class1': [0.20459841191768646, 0.2866054177284241, 0.46252894401550293, 0.46477434039115906, 0.5669956803321838]}

Most important rules
-----------------------------

---0---
rule16: diffClb < -0.118
probabilities_array:[0.8083726  0.         0.19162737]

rule0: climbRate < -3.650
probabilities_array:[0.77482224 0.         0.22517775]

rule1: -3.650 < climbRate < -0.329
probabilities_array:[0.5773875 0.        0.4226125]

rule8: RollRate < -0.004
probabilities_array:[0.46614122 0.         0.5338588 ]

rule17: -0.118 < diffClb < 0.001
probabilities_array:[0.36843717 0.         0.6315628 ]

rule9: -0.004 < RollRate < -0.000
probabilities_array:[0.35062566 0.         0.6493743 ]


---1---
rule3: climbRate > 2.992
probabilities_array:[0.         0.7954016  0.20459841]

rule19: diffClb > 0.121
probabilities_array:[0.         0.7133946  0.28660542]

rule18: 0.001 < diffClb < 0.121
probabilities_array:[0.         0.53747106 0.46252894]

rule2: -0.329 < climbRate < 2.992
probabilities_array:[0.00146367 0.533762   0.46477434]

rule11: RollRate > 0.004
probabilities_array:[0.         0.43300432 0.5669957 ]

rule13: -0.009 < curRoll < 0.002
probabilities_array:[0.         0.28876418 0.7112358 ]

rule7: Altitude > 4.864
probabilities_array:[0.        0.2556952 0.7443048]

