R2: 0.6419109640136358

MAE: 0.0010678044320253754

MSE: 2.07429158370157e-06

Accuracy: 0.7067812798471824

F1: 0.6454763688211139

Confusion Matrix: [[1404, 90, 41], [219, 350, 265], [49, 257, 466]]

Uncertainties: {'class0': [0.26455676555633545, 0.35921841859817505, 0.4257162809371948, 0.4262331426143646, 0.43094727396965027], 'class1': [0.03643619269132614, 0.1183551549911499, 0.13175837695598602, 0.26455676555633545, 0.3477438986301422], 'class2': [0.03643619269132614, 0.1183551549911499, 0.13175837695598602, 0.3477438986301422, 0.40802839398384094]}

Most important rules
-----------------------------

---0---
rule17: -0.119 < diffClb < -0.000
probabilities_array:[0.46251613 0.27292714 0.         0.26455677]

rule4: Altitude < -29.652
probabilities_array:[0.5171596  0.12362202 0.         0.35921842]

rule0: climbRate < -3.626
probabilities_array:[0.5742837  0.         0.         0.42571628]

rule8: RollRate < -0.004
probabilities_array:[0.52665013 0.04240262 0.         0.43094727]

rule16: diffClb < -0.119
probabilities_array:[0.5178409  0.         0.         0.48215908]

rule7: Altitude > 4.363
probabilities_array:[0.43035474 0.14341207 0.         0.42623314]

rule12: curRoll < -0.009
probabilities_array:[0.48383734 0.02092855 0.         0.49523413]

rule15: curRoll > 0.012
probabilities_array:[0.45588365 0.04884634 0.         0.49526998]

rule9: -0.004 < RollRate < 0.000
probabilities_array:[0.44943804 0.         0.03060259 0.5199594 ]

rule5: -29.652 < Altitude < -12.644
probabilities_array:[0.45411003 0.01451604 0.         0.5313739 ]

rule6: -12.644 < Altitude < 4.363
probabilities_array:[0.45242178 0.         0.         0.5475782 ]

rule14: 0.002 < curRoll < 0.012
probabilities_array:[0.4510269  0.         0.         0.54897314]

rule1: -3.626 < climbRate < -0.312
probabilities_array:[0.28715214 0.20450258 0.         0.5083453 ]

rule13: -0.009 < curRoll < 0.002
probabilities_array:[0.2948561  0.06105928 0.         0.6440846 ]

rule23: diffDiffClb = 0.0
probabilities_array:[0.26294053 0.00279089 0.12281024 0.61145836]

rule10: 0.000 < RollRate < 0.004
probabilities_array:[0.2207259  0.01588749 0.09849762 0.66488904]


---1---
rule3: climbRate > 3.002
probabilities_array:[0.         0.39158696 0.57197684 0.03643619]

rule2: -0.312 < climbRate < 3.002
probabilities_array:[0.         0.4247622  0.44347942 0.13175838]

rule18: -0.000 < diffClb < 0.118
probabilities_array:[0.         0.43794492 0.21431114 0.3477439 ]

rule19: diffClb > 0.118
probabilities_array:[0.         0.29643494 0.5852099  0.11835515]

rule17: -0.119 < diffClb < -0.000
probabilities_array:[0.46251613 0.27292714 0.         0.26455677]

rule11: RollRate > 0.004
probabilities_array:[0.00177036 0.3266016  0.26359966 0.4080284 ]

rule1: -3.626 < climbRate < -0.312
probabilities_array:[0.28715214 0.20450258 0.         0.5083453 ]

rule7: Altitude > 4.363
probabilities_array:[0.43035474 0.14341207 0.         0.42623314]

rule4: Altitude < -29.652
probabilities_array:[0.5171596  0.12362202 0.         0.35921842]


---2---
rule3: climbRate > 3.002
probabilities_array:[0.         0.39158696 0.57197684 0.03643619]

rule19: diffClb > 0.118
probabilities_array:[0.         0.29643494 0.5852099  0.11835515]

rule2: -0.312 < climbRate < 3.002
probabilities_array:[0.         0.4247622  0.44347942 0.13175838]

rule11: RollRate > 0.004
probabilities_array:[0.00177036 0.3266016  0.26359966 0.4080284 ]

rule18: -0.000 < diffClb < 0.118
probabilities_array:[0.         0.43794492 0.21431114 0.3477439 ]

rule23: diffDiffClb = 0.0
probabilities_array:[0.26294053 0.00279089 0.12281024 0.61145836]

