R2: 0.6407056690052775

MAE: 0.0010786219364520996

MSE: 2.1052008717371534e-06

Accuracy: 0.7096466093600764

F1: 0.6399119827498309

Confusion Matrix: [[1452, 71, 39], [256, 311, 279], [56, 211, 466]]

Uncertainties: {'class0': [0.2855633497238159, 0.38784515857696533, 0.4177968204021454, 0.44819217920303345, 0.4849487543106079], 'class1': [0.03250705450773239, 0.10549123585224152, 0.14840973913669586, 0.23320721089839935, 0.2855633497238159], 'class2': [0.03250705450773239, 0.10549123585224152, 0.14840973913669586, 0.23320721089839935, 0.3980163335800171]}

Most important rules
-----------------------------

---0---
rule0: climbRate < -3.540
probabilities_array:[0.5518078  0.         0.         0.44819218]

rule4: Altitude < -29.352
probabilities_array:[0.4886485  0.12350631 0.         0.38784516]

rule8: RollRate < -0.004
probabilities_array:[0.49767378 0.08452944 0.         0.41779682]

rule16: diffClb < -0.118
probabilities_array:[0.51505125 0.         0.         0.48494875]

rule17: -0.118 < diffClb < 0.000
probabilities_array:[0.37078196 0.34365472 0.         0.28556335]

rule15: curRoll > 0.012
probabilities_array:[0.40629297 0.04852958 0.         0.5451774 ]

rule5: -29.352 < Altitude < -12.345
probabilities_array:[0.4261753 0.        0.        0.5738247]

rule6: -12.345 < Altitude < 4.662
probabilities_array:[0.41670296 0.00240482 0.         0.58089226]

rule7: Altitude > 4.662
probabilities_array:[0.38215637 0.06172912 0.         0.5561145 ]

rule12: curRoll < -0.009
probabilities_array:[0.39889106 0.         0.         0.6011089 ]

rule1: -3.540 < climbRate < -0.244
probabilities_array:[0.30611247 0.16347975 0.         0.53040785]

rule9: -0.004 < RollRate < 0.000
probabilities_array:[0.37300923 0.         0.         0.62699074]

rule14: 0.002 < curRoll < 0.012
probabilities_array:[0.36333588 0.         0.         0.63666415]

rule10: 0.000 < RollRate < 0.004
probabilities_array:[0.27023274 0.         0.07055774 0.6592095 ]

rule23: diffDiffClb = 0.0
probabilities_array:[0.25626957 0.         0.05021103 0.6935194 ]

rule13: -0.009 < curRoll < 0.002
probabilities_array:[0.23372717 0.07644397 0.         0.6898289 ]


---1---
rule3: climbRate > 3.052
probabilities_array:[0.         0.3680573  0.5994356  0.03250705]

rule2: -0.244 < climbRate < 3.052
probabilities_array:[0.00056753 0.3972859  0.4537368  0.14840974]

rule18: 0.000 < diffClb < 0.118
probabilities_array:[0.         0.41582227 0.3509705  0.23320721]

rule19: diffClb > 0.118
probabilities_array:[0.         0.28257018 0.6119386  0.10549124]

rule17: -0.118 < diffClb < 0.000
probabilities_array:[0.37078196 0.34365472 0.         0.28556335]

rule11: RollRate > 0.004
probabilities_array:[0.0022775  0.3261469  0.2735593  0.39801633]

rule1: -3.540 < climbRate < -0.244
probabilities_array:[0.30611247 0.16347975 0.         0.53040785]

rule4: Altitude < -29.352
probabilities_array:[0.4886485  0.12350631 0.         0.38784516]

rule8: RollRate < -0.004
probabilities_array:[0.49767378 0.08452944 0.         0.41779682]


---2---
rule3: climbRate > 3.052
probabilities_array:[0.         0.3680573  0.5994356  0.03250705]

rule19: diffClb > 0.118
probabilities_array:[0.         0.28257018 0.6119386  0.10549124]

rule2: -0.244 < climbRate < 3.052
probabilities_array:[0.00056753 0.3972859  0.4537368  0.14840974]

rule18: 0.000 < diffClb < 0.118
probabilities_array:[0.         0.41582227 0.3509705  0.23320721]

rule11: RollRate > 0.004
probabilities_array:[0.0022775  0.3261469  0.2735593  0.39801633]

