R2: 0.6404655991295543

MAE: 0.0010626302265511443

MSE: 2.015333352328571e-06

Accuracy: 0.8242597898758357

F1: 0.737610504829403

Confusion Matrix: [[2197, 212], [340, 392]]

Uncertainties: {'class0': [0.4689856767654419, 0.4699670672416687, 0.4992991089820862, 0.5855581760406494, 0.5890952944755554], 'class1': [0.33169737458229065, 0.371717631816864, 0.59269118309021]}

Most important rules
-----------------------------

---0---
rule16: diffClb < -0.119
probabilities_array:[0.5310143  0.         0.46898568]

rule8: RollRate < -0.003
probabilities_array:[0.53003293 0.         0.46996707]

rule0: climbRate < -3.598
probabilities_array:[0.5007009 0.        0.4992991]

rule17: -0.119 < diffClb < 0.000
probabilities_array:[0.4144418 0.        0.5855582]

rule4: Altitude < -29.469
probabilities_array:[0.41090474 0.         0.5890953 ]

rule1: -3.598 < climbRate < -0.275
probabilities_array:[0.393061 0.       0.606939]

rule15: curRoll > 0.012
probabilities_array:[0.3772541  0.         0.62274593]

rule9: -0.003 < RollRate < 0.000
probabilities_array:[0.33471522 0.         0.6652848 ]

rule14: 0.002 < curRoll < 0.012
probabilities_array:[0.3132177 0.        0.6867823]

rule12: curRoll < -0.009
probabilities_array:[0.29607967 0.         0.7039203 ]

rule7: Altitude > 4.908
probabilities_array:[0.29570696 0.         0.7042931 ]

rule5: -29.469 < Altitude < -12.280
probabilities_array:[0.26311982 0.         0.7368802 ]

rule13: -0.009 < curRoll < 0.002
probabilities_array:[0.2432496 0.        0.7567504]

rule10: 0.000 < RollRate < 0.004
probabilities_array:[0.21770579 0.         0.7822942 ]

rule11: RollRate > 0.004
probabilities_array:[0.21668102 0.         0.783319  ]


---1---
rule3: climbRate > 3.047
probabilities_array:[0.         0.66830266 0.33169737]

rule19: diffClb > 0.119
probabilities_array:[0.         0.62828237 0.37171763]

rule2: -0.275 < climbRate < 3.047
probabilities_array:[0.         0.40730885 0.5926912 ]

