R2: 0.6385083228273667

MAE: 0.001074585502390434

MSE: 2.0698503908695184e-06

Accuracy: 0.6940464820120981

F1: 0.6355943244254397

Confusion Matrix: [[1375, 102, 30], [233, 366, 247], [74, 275, 439]]

Uncertainties: {'class0': [0.26963183283805847, 0.3607844412326813, 0.3949081301689148, 0.40825846791267395, 0.42029130458831787], 'class1': [0.027137354016304016, 0.13436684012413025, 0.18125282227993011, 0.26963183283805847, 0.358793169260025], 'class2': [0.027137354016304016, 0.13436684012413025, 0.18125282227993011, 0.358793169260025, 0.4655131697654724]}

Most important rules
-----------------------------

---0---
rule17: -0.119 < diffClb < -0.001
probabilities_array:[0.5278744  0.2024938  0.         0.26963183]

rule0: climbRate < -3.602
probabilities_array:[0.60509187 0.         0.         0.39490813]

rule16: diffClb < -0.119
probabilities_array:[0.5797087 0.        0.        0.4202913]

rule4: Altitude < -29.427
probabilities_array:[0.4920503  0.14716533 0.         0.36078444]

rule7: Altitude > 4.804
probabilities_array:[0.4387274  0.15233855 0.00067555 0.40825847]

rule8: RollRate < -0.004
probabilities_array:[0.44922528 0.10204485 0.         0.4487299 ]

rule5: -29.427 < Altitude < -12.312
probabilities_array:[0.47652742 0.0121292  0.         0.5113434 ]

rule15: curRoll > 0.012
probabilities_array:[0.44820294 0.04996951 0.         0.5018276 ]

rule6: -12.312 < Altitude < 4.804
probabilities_array:[0.46054223 0.00769898 0.         0.5317588 ]

rule12: curRoll < -0.009
probabilities_array:[0.43517822 0.         0.02958929 0.5352325 ]

rule9: -0.004 < RollRate < -0.000
probabilities_array:[0.39659533 0.         0.04520212 0.55820256]

rule1: -3.602 < climbRate < -0.280
probabilities_array:[0.29986307 0.26437587 0.         0.43576106]

rule14: 0.002 < curRoll < 0.012
probabilities_array:[0.36303672 0.01915691 0.         0.6178064 ]

rule23: diffDiffClb = 0.0
probabilities_array:[0.28546017 0.         0.06371648 0.65082335]

rule13: -0.009 < curRoll < 0.002
probabilities_array:[0.24631174 0.07670897 0.         0.6769793 ]

rule10: -0.000 < RollRate < 0.003
probabilities_array:[0.17678712 0.02051435 0.0769541  0.7257444 ]


---1---
rule3: climbRate > 3.043
probabilities_array:[0.         0.38702315 0.5858395  0.02713735]

rule2: -0.280 < climbRate < 3.043
probabilities_array:[0.         0.40488884 0.46074426 0.13436684]

rule11: RollRate > 0.003
probabilities_array:[0.         0.38340598 0.25780082 0.35879317]

rule18: -0.001 < diffClb < 0.117
probabilities_array:[0.         0.36286992 0.17161691 0.46551317]

rule19: diffClb > 0.117
probabilities_array:[0.         0.21958728 0.5991599  0.18125282]

rule1: -3.602 < climbRate < -0.280
probabilities_array:[0.29986307 0.26437587 0.         0.43576106]

rule17: -0.119 < diffClb < -0.001
probabilities_array:[0.5278744  0.2024938  0.         0.26963183]

rule4: Altitude < -29.427
probabilities_array:[0.4920503  0.14716533 0.         0.36078444]

rule7: Altitude > 4.804
probabilities_array:[0.4387274  0.15233855 0.00067555 0.40825847]

rule8: RollRate < -0.004
probabilities_array:[0.44922528 0.10204485 0.         0.4487299 ]


---2---
rule3: climbRate > 3.043
probabilities_array:[0.         0.38702315 0.5858395  0.02713735]

rule19: diffClb > 0.117
probabilities_array:[0.         0.21958728 0.5991599  0.18125282]

rule2: -0.280 < climbRate < 3.043
probabilities_array:[0.         0.40488884 0.46074426 0.13436684]

rule11: RollRate > 0.003
probabilities_array:[0.         0.38340598 0.25780082 0.35879317]

rule18: -0.001 < diffClb < 0.117
probabilities_array:[0.         0.36286992 0.17161691 0.46551317]

