R2: 0.6347724372163981

MAE: 0.001057994314297248

MSE: 2.0342602496241797e-06

Accuracy: 0.6962750716332379

F1: 0.6262544802867384

Confusion Matrix: [[1425, 66, 50], [248, 307, 321], [62, 207, 455]]

Uncertainties: {'class0': [0.29291093349456787, 0.35156524181365967, 0.4183202087879181, 0.4494291841983795, 0.46243903040885925], 'class1': [0.03743588924407959, 0.0804954320192337, 0.15830154716968536, 0.29291093349456787, 0.3433675169944763], 'class2': [0.03743588924407959, 0.0804954320192337, 0.15830154716968536, 0.3433675169944763, 0.468784362077713]}

Most important rules
-----------------------------

---0---
rule4: Altitude < -29.424
probabilities_array:[0.5125737  0.13586102 0.         0.35156524]

rule17: -0.121 < diffClb < -0.002
probabilities_array:[0.45952293 0.24756616 0.         0.29291093]

rule5: -29.424 < Altitude < -12.244
probabilities_array:[0.53399736 0.01657347 0.         0.44942918]

rule8: RollRate < -0.003
probabilities_array:[0.494126   0.08755381 0.         0.4183202 ]

rule0: climbRate < -3.646
probabilities_array:[0.5202392  0.         0.         0.47976083]

rule16: diffClb < -0.121
probabilities_array:[0.5143055 0.        0.        0.4856945]

rule12: curRoll < -0.009
probabilities_array:[0.4536754  0.01973301 0.         0.5265916 ]

rule7: Altitude > 4.936
probabilities_array:[0.40167838 0.11793025 0.         0.48039138]

rule6: -12.244 < Altitude < 4.936
probabilities_array:[0.4464436 0.        0.        0.5535564]

rule9: -0.003 < RollRate < 0.000
probabilities_array:[0.43633962 0.         0.         0.5636604 ]

rule15: curRoll > 0.012
probabilities_array:[0.39101863 0.07571327 0.         0.5332681 ]

rule1: -3.646 < climbRate < -0.328
probabilities_array:[0.300533   0.23702794 0.         0.46243903]

rule14: 0.001 < curRoll < 0.012
probabilities_array:[0.37709877 0.         0.         0.6229012 ]

rule13: -0.009 < curRoll < 0.001
probabilities_array:[0.30065855 0.0719053  0.         0.62743616]

rule23: diffDiffClb = 0.0
probabilities_array:[3.0611199e-01 1.1900553e-05 4.4644527e-02 6.4923155e-01]

rule10: 0.000 < RollRate < 0.004
probabilities_array:[0.25450432 0.00536329 0.09769998 0.64243233]


---1---
rule2: -0.328 < climbRate < 2.989
probabilities_array:[0.         0.4364584  0.40524006 0.15830155]

rule3: climbRate > 2.989
probabilities_array:[0.         0.38000038 0.58256376 0.03743589]

rule18: -0.002 < diffClb < 0.118
probabilities_array:[0.         0.4020939  0.2545386  0.34336752]

rule19: diffClb > 0.118
probabilities_array:[0.         0.2670514  0.6524532  0.08049543]

rule17: -0.121 < diffClb < -0.002
probabilities_array:[0.45952293 0.24756616 0.         0.29291093]

rule11: RollRate > 0.004
probabilities_array:[0.         0.26535448 0.26586118 0.46878436]

rule1: -3.646 < climbRate < -0.328
probabilities_array:[0.300533   0.23702794 0.         0.46243903]

rule4: Altitude < -29.424
probabilities_array:[0.5125737  0.13586102 0.         0.35156524]

rule7: Altitude > 4.936
probabilities_array:[0.40167838 0.11793025 0.         0.48039138]

rule8: RollRate < -0.003
probabilities_array:[0.494126   0.08755381 0.         0.4183202 ]


---2---
rule19: diffClb > 0.118
probabilities_array:[0.         0.2670514  0.6524532  0.08049543]

rule3: climbRate > 2.989
probabilities_array:[0.         0.38000038 0.58256376 0.03743589]

rule2: -0.328 < climbRate < 2.989
probabilities_array:[0.         0.4364584  0.40524006 0.15830155]

rule18: -0.002 < diffClb < 0.118
probabilities_array:[0.         0.4020939  0.2545386  0.34336752]

rule11: RollRate > 0.004
probabilities_array:[0.         0.26535448 0.26586118 0.46878436]

