R2: 0.6414053997712529

MAE: 0.0010538175291165278

MSE: 1.9856005602518267e-06

Accuracy: 0.7077363896848138

F1: 0.6416844980875465

Confusion Matrix: [[1435, 84, 43], [247, 327, 260], [65, 219, 461]]

Uncertainties: {'class0': [0.29046210646629333, 0.38046494126319885, 0.40997347235679626, 0.42327186465263367, 0.42501556873321533], 'class1': [0.030715923756361008, 0.12140873074531555, 0.15082576870918274, 0.29046210646629333, 0.38046494126319885], 'class2': [0.030715923756361008, 0.12140873074531555, 0.15082576870918274, 0.384127140045166, 0.4341503381729126]}

Most important rules
-----------------------------

---0---
rule17: -0.121 < diffClb < -0.002
probabilities_array:[0.49756864 0.2119693  0.         0.2904621 ]

rule0: climbRate < -3.610
probabilities_array:[0.59002656 0.         0.         0.40997347]

rule16: diffClb < -0.121
probabilities_array:[0.5579177  0.         0.         0.44208232]

rule8: RollRate < -0.003
probabilities_array:[0.5229164  0.05206807 0.         0.42501557]

rule4: Altitude < -28.983
probabilities_array:[0.4713258  0.14820926 0.         0.38046494]

rule7: Altitude > 5.094
probabilities_array:[0.4161235  0.16060458 0.         0.42327186]

rule5: -28.983 < Altitude < -11.945
probabilities_array:[0.45030788 0.         0.         0.54969215]

rule6: -11.945 < Altitude < 5.094
probabilities_array:[0.42994946 0.00487148 0.         0.56517905]

rule15: curRoll > 0.012
probabilities_array:[0.40114975 0.03065906 0.         0.5681912 ]

rule12: curRoll < -0.009
probabilities_array:[0.4085328  0.00895178 0.         0.5825154 ]

rule1: -3.610 < climbRate < -0.283
probabilities_array:[0.304845   0.224776   0.         0.47037902]

rule9: -0.003 < RollRate < 0.000
probabilities_array:[0.3999522 0.        0.        0.6000478]

rule14: 0.002 < curRoll < 0.012
probabilities_array:[0.39050952 0.         0.         0.60949045]

rule23: diffDiffClb = 0.0
probabilities_array:[0.2778032  0.         0.10293822 0.6192586 ]

rule10: 0.000 < RollRate < 0.004
probabilities_array:[0.28456536 0.00446863 0.06059017 0.65037584]

rule13: -0.009 < curRoll < 0.002
probabilities_array:[0.2638183  0.06988355 0.         0.66629815]


---1---
rule3: climbRate > 3.044
probabilities_array:[0.         0.3897235  0.5795605  0.03071592]

rule2: -0.283 < climbRate < 3.044
probabilities_array:[0.         0.42083102 0.4283432  0.15082577]

rule18: -0.002 < diffClb < 0.118
probabilities_array:[0.         0.40345505 0.21241783 0.38412714]

rule19: diffClb > 0.118
probabilities_array:[0.         0.2786552  0.5999361  0.12140873]

rule11: RollRate > 0.004
probabilities_array:[1.7849881e-04 3.2639620e-01 2.3927501e-01 4.3415034e-01]

rule17: -0.121 < diffClb < -0.002
probabilities_array:[0.49756864 0.2119693  0.         0.2904621 ]

rule1: -3.610 < climbRate < -0.283
probabilities_array:[0.304845   0.224776   0.         0.47037902]

rule7: Altitude > 5.094
probabilities_array:[0.4161235  0.16060458 0.         0.42327186]

rule4: Altitude < -28.983
probabilities_array:[0.4713258  0.14820926 0.         0.38046494]


---2---
rule3: climbRate > 3.044
probabilities_array:[0.         0.3897235  0.5795605  0.03071592]

rule19: diffClb > 0.118
probabilities_array:[0.         0.2786552  0.5999361  0.12140873]

rule2: -0.283 < climbRate < 3.044
probabilities_array:[0.         0.42083102 0.4283432  0.15082577]

rule11: RollRate > 0.004
probabilities_array:[1.7849881e-04 3.2639620e-01 2.3927501e-01 4.3415034e-01]

rule18: -0.002 < diffClb < 0.118
probabilities_array:[0.         0.40345505 0.21241783 0.38412714]

