R2: 0.6346779392835016

MAE: 0.0010777000229530611

MSE: 2.0633249321174424e-06

Accuracy: 0.8207577204711876

F1: 0.7307587897427308

Confusion Matrix: [[2197, 208], [355, 381]]

Uncertainties: {'class0': [0.4573875069618225, 0.46504947543144226, 0.4857479929924011, 0.504525899887085, 0.5478336811065674], 'class1': [0.31410345435142517, 0.4169180989265442, 0.5416382551193237]}

Most important rules
-----------------------------

---0---
rule17: -0.120 < diffClb < -0.000
probabilities_array:[0.5426125 0.        0.4573875]

rule8: RollRate < -0.004
probabilities_array:[0.5349505  0.         0.46504948]

rule0: climbRate < -3.561
probabilities_array:[0.514252 0.       0.485748]

rule16: diffClb < -0.120
probabilities_array:[0.49547413 0.         0.5045259 ]

rule1: -3.561 < climbRate < -0.226
probabilities_array:[0.45216635 0.         0.5478337 ]

rule4: Altitude < -29.657
probabilities_array:[0.40876597 0.         0.591234  ]

rule15: curRoll > 0.012
probabilities_array:[0.3447008 0.        0.6552992]

rule7: Altitude > 4.742
probabilities_array:[0.34160328 0.         0.6583967 ]

rule9: -0.004 < RollRate < 0.000
probabilities_array:[0.31702754 0.         0.68297243]

rule12: curRoll < -0.009
probabilities_array:[0.30760238 0.         0.6923976 ]

rule14: 0.002 < curRoll < 0.012
probabilities_array:[0.30614287 0.         0.69385713]

rule5: -29.657 < Altitude < -12.458
probabilities_array:[0.26562455 0.         0.7343754 ]

rule6: -12.458 < Altitude < 4.742
probabilities_array:[0.2525032  0.         0.74749684]

rule13: -0.009 < curRoll < 0.002
probabilities_array:[0.22946069 0.         0.77053934]

rule11: RollRate > 0.004
probabilities_array:[0.21190588 0.0029971  0.785097  ]

rule10: 0.000 < RollRate < 0.004
probabilities_array:[0.20431267 0.         0.7956873 ]


---1---
rule3: climbRate > 3.109
probabilities_array:[0.         0.6858966  0.31410345]

rule19: diffClb > 0.119
probabilities_array:[0.        0.5830819 0.4169181]

rule2: -0.226 < climbRate < 3.109
probabilities_array:[0.         0.45836172 0.54163826]

