R2: 0.6292513123618412

MAE: 0.0010712804994352679

MSE: 2.077842303165546e-06

Accuracy: 0.6854504934734161

F1: 0.6130666165831878

Confusion Matrix: [[1421, 71, 54], [285, 285, 275], [85, 218, 447]]

Uncertainties: {'class0': [0.3098269999027252, 0.3761850893497467, 0.4196773171424866, 0.42268043756484985, 0.4811423122882843], 'class1': [0.0303201787173748, 0.13070572912693024, 0.1361975222826004, 0.3098269999027252, 0.3761850893497467], 'class2': [0.0303201787173748, 0.13070572912693024, 0.1361975222826004, 0.42376458644866943, 0.4930500388145447]}

Most important rules
-----------------------------

---0---
rule17: -0.121 < diffClb < -0.002
probabilities_array:[0.50417536 0.1859977  0.         0.309827  ]

rule16: diffClb < -0.121
probabilities_array:[0.5803227  0.         0.         0.41967732]

rule0: climbRate < -3.653
probabilities_array:[0.57731956 0.         0.         0.42268044]

rule4: Altitude < -29.280
probabilities_array:[0.48232192 0.14149296 0.         0.3761851 ]

rule8: RollRate < -0.004
probabilities_array:[0.4899074 0.0212641 0.        0.4888285]

rule7: Altitude > 4.882
probabilities_array:[0.42539686 0.09346079 0.         0.4811423 ]

rule15: curRoll > 0.012
probabilities_array:[0.4100154  0.10478196 0.         0.4852027 ]

rule5: -29.280 < Altitude < -12.199
probabilities_array:[0.45728528 0.         0.         0.5427147 ]

rule9: -0.004 < RollRate < 0.000
probabilities_array:[0.40681413 0.         0.06496307 0.5282228 ]

rule12: curRoll < -0.009
probabilities_array:[0.40585324 0.05572267 0.         0.5384241 ]

rule6: -12.199 < Altitude < 4.882
probabilities_array:[0.4197863  0.01121567 0.         0.56899804]

rule1: -3.653 < climbRate < -0.326
probabilities_array:[0.30449775 0.18094192 0.         0.5145603 ]

rule14: 0.002 < curRoll < 0.012
probabilities_array:[0.35721746 0.         0.         0.64278257]

rule23: diffDiffClb = 0.0
probabilities_array:[0.28449652 0.00584769 0.03120673 0.6784491 ]

rule10: 0.000 < RollRate < 0.004
probabilities_array:[0.23998556 0.00824996 0.11525223 0.6365122 ]

rule13: -0.009 < curRoll < 0.002
probabilities_array:[0.22246604 0.0812494  0.         0.69628453]


---1---
rule3: climbRate > 3.000
probabilities_array:[0.         0.39699656 0.5726833  0.03032018]

rule2: -0.326 < climbRate < 3.000
probabilities_array:[0.         0.41541564 0.44838685 0.13619752]

rule19: diffClb > 0.117
probabilities_array:[0.         0.25054356 0.6187507  0.13070573]

rule11: RollRate > 0.004
probabilities_array:[0.         0.33087316 0.24536231 0.4237646 ]

rule18: -0.002 < diffClb < 0.117
probabilities_array:[0.         0.3253075  0.18164246 0.49305004]

rule17: -0.121 < diffClb < -0.002
probabilities_array:[0.50417536 0.1859977  0.         0.309827  ]

rule4: Altitude < -29.280
probabilities_array:[0.48232192 0.14149296 0.         0.3761851 ]

rule1: -3.653 < climbRate < -0.326
probabilities_array:[0.30449775 0.18094192 0.         0.5145603 ]

rule15: curRoll > 0.012
probabilities_array:[0.4100154  0.10478196 0.         0.4852027 ]

rule7: Altitude > 4.882
probabilities_array:[0.42539686 0.09346079 0.         0.4811423 ]


---2---
rule3: climbRate > 3.000
probabilities_array:[0.         0.39699656 0.5726833  0.03032018]

rule19: diffClb > 0.117
probabilities_array:[0.         0.25054356 0.6187507  0.13070573]

rule2: -0.326 < climbRate < 3.000
probabilities_array:[0.         0.41541564 0.44838685 0.13619752]

rule11: RollRate > 0.004
probabilities_array:[0.         0.33087316 0.24536231 0.4237646 ]

rule18: -0.002 < diffClb < 0.117
probabilities_array:[0.         0.3253075  0.18164246 0.49305004]

rule10: 0.000 < RollRate < 0.004
probabilities_array:[0.23998556 0.00824996 0.11525223 0.6365122 ]

