R2: 0.6486455690493409

MAE: 0.001065459590473686

MSE: 1.9922791524394315e-06

Accuracy: 0.699777141037886

F1: 0.6290583691026398

Confusion Matrix: [[1432, 93, 44], [225, 301, 316], [49, 216, 465]]

Uncertainties: {'class0': [0.29576215147972107, 0.3498108386993408, 0.39618080854415894, 0.42645910382270813, 0.4415282607078552], 'class1': [0.035081446170806885, 0.09970460832118988, 0.14349022507667542, 0.29576215147972107, 0.3498108386993408], 'class2': [0.035081446170806885, 0.09970460832118988, 0.14349022507667542, 0.3574257493019104, 0.48636651039123535]}

Most important rules
-----------------------------

---0---
rule8: RollRate < -0.004
probabilities_array:[0.5400938  0.11009537 0.         0.34981084]

rule17: -0.119 < diffClb < -0.000
probabilities_array:[0.44647443 0.2577634  0.         0.29576215]

rule4: Altitude < -29.699
probabilities_array:[0.5189322  0.08488698 0.         0.3961808 ]

rule16: diffClb < -0.119
probabilities_array:[0.55847174 0.         0.         0.44152826]

rule0: climbRate < -3.616
probabilities_array:[0.5400289  0.         0.         0.45997107]

rule5: -29.699 < Altitude < -12.453
probabilities_array:[4.6991673e-01 1.9701890e-04 0.0000000e+00 5.2988625e-01]

rule9: -0.004 < RollRate < -0.000
probabilities_array:[0.4688935 0.        0.        0.5311065]

rule15: curRoll > 0.012
probabilities_array:[0.42109993 0.07597233 0.         0.5029278 ]

rule7: Altitude > 4.793
probabilities_array:[0.3881232  0.11634291 0.         0.4955339 ]

rule6: -12.453 < Altitude < 4.793
probabilities_array:[0.43493953 0.         0.         0.56506044]

rule12: curRoll < -0.009
probabilities_array:[0.43061924 0.         0.         0.56938076]

rule1: -3.616 < climbRate < -0.299
probabilities_array:[0.28590614 0.28763473 0.         0.4264591 ]

rule10: -0.000 < RollRate < 0.004
probabilities_array:[0.33682087 0.         0.10805969 0.55511945]

rule14: 0.002 < curRoll < 0.012
probabilities_array:[0.36701068 0.         0.         0.6329893 ]

rule13: -0.009 < curRoll < 0.002
probabilities_array:[0.28861597 0.06713539 0.         0.6442486 ]

rule23: diffDiffClb = 0.0
probabilities_array:[0.26945868 0.         0.09692748 0.63361377]


---1---
rule3: climbRate > 3.018
probabilities_array:[0.         0.3939479  0.57097065 0.03508145]

rule2: -0.299 < climbRate < 3.018
probabilities_array:[0.         0.43132323 0.42518654 0.14349023]

rule18: -0.000 < diffClb < 0.119
probabilities_array:[0.         0.3920263  0.25054795 0.35742575]

rule19: diffClb > 0.119
probabilities_array:[0.         0.27356917 0.6267262  0.09970461]

rule17: -0.119 < diffClb < -0.000
probabilities_array:[0.44647443 0.2577634  0.         0.29576215]

rule11: RollRate > 0.004
probabilities_array:[0.00098071 0.32197416 0.19067861 0.4863665 ]

rule1: -3.616 < climbRate < -0.299
probabilities_array:[0.28590614 0.28763473 0.         0.4264591 ]

rule8: RollRate < -0.004
probabilities_array:[0.5400938  0.11009537 0.         0.34981084]

rule7: Altitude > 4.793
probabilities_array:[0.3881232  0.11634291 0.         0.4955339 ]

rule4: Altitude < -29.699
probabilities_array:[0.5189322  0.08488698 0.         0.3961808 ]


---2---
rule19: diffClb > 0.119
probabilities_array:[0.         0.27356917 0.6267262  0.09970461]

rule3: climbRate > 3.018
probabilities_array:[0.         0.3939479  0.57097065 0.03508145]

rule2: -0.299 < climbRate < 3.018
probabilities_array:[0.         0.43132323 0.42518654 0.14349023]

rule18: -0.000 < diffClb < 0.119
probabilities_array:[0.         0.3920263  0.25054795 0.35742575]

rule11: RollRate > 0.004
probabilities_array:[0.00098071 0.32197416 0.19067861 0.4863665 ]

rule10: -0.000 < RollRate < 0.004
probabilities_array:[0.33682087 0.         0.10805969 0.55511945]

