R2: 0.6398934428910947

MAE: 0.001068862689825802

MSE: 2.0233337939675203e-06

Accuracy: 0.6930913721744667

F1: 0.6247350011713452

Confusion Matrix: [[1426, 113, 36], [233, 330, 271], [43, 268, 421]]

Uncertainties: {'class0': [0.37877199053764343, 0.3871200978755951, 0.39683353900909424, 0.416094571352005, 0.43846696615219116], 'class1': [0.0334765762090683, 0.11582448333501816, 0.13754311203956604, 0.37877199053764343, 0.3871200978755951], 'class2': [0.0334765762090683, 0.11582448333501816, 0.13754311203956604, 0.391440749168396, 0.40699249505996704]}

Most important rules
-----------------------------

---0---
rule0: climbRate < -3.559
probabilities_array:[0.5839054  0.         0.         0.41609457]

rule8: RollRate < -0.004
probabilities_array:[0.5199766  0.10125142 0.         0.378772  ]

rule16: diffClb < -0.121
probabilities_array:[0.56153303 0.         0.         0.43846697]

rule4: Altitude < -29.260
probabilities_array:[0.48045924 0.1227072  0.         0.39683354]

rule17: -0.121 < diffClb < -0.001
probabilities_array:[0.46254802 0.15033183 0.         0.3871201 ]

rule12: curRoll < -0.009
probabilities_array:[0.4642888  0.02835433 0.         0.5073569 ]

rule5: -29.260 < Altitude < -12.124
probabilities_array:[0.45254067 0.         0.01693654 0.5305228 ]

rule15: curRoll > 0.012
probabilities_array:[0.40850705 0.03822822 0.         0.55326474]

rule9: -0.004 < RollRate < -0.000
probabilities_array:[0.42634067 0.         0.         0.57365936]

rule14: 0.002 < curRoll < 0.012
probabilities_array:[0.4254179 0.        0.        0.5745821]

rule6: -12.124 < Altitude < 5.013
probabilities_array:[0.37611073 0.         0.         0.62388927]

rule1: -3.559 < climbRate < -0.257
probabilities_array:[0.29592216 0.14541855 0.         0.55865926]

rule7: Altitude > 5.013
probabilities_array:[0.32938433 0.04097695 0.         0.62963873]

rule13: -0.009 < curRoll < 0.002
probabilities_array:[0.31238905 0.05867604 0.         0.6289349 ]

rule10: -0.000 < RollRate < 0.004
probabilities_array:[0.25245935 0.01610226 0.03688797 0.6945504 ]

rule23: diffDiffClb = 0.0
probabilities_array:[0.252459   0.         0.03373738 0.7138036 ]


---1---
rule3: climbRate > 3.045
probabilities_array:[0.         0.39293873 0.5735847  0.03347658]

rule2: -0.257 < climbRate < 3.045
probabilities_array:[0.         0.4105915  0.45186538 0.13754311]

rule11: RollRate > 0.004
probabilities_array:[1.1376498e-05 4.1771048e-01 1.7528562e-01 4.0699250e-01]

rule18: -0.001 < diffClb < 0.119
probabilities_array:[0.         0.36659944 0.24195984 0.39144075]

rule19: diffClb > 0.119
probabilities_array:[0.         0.24234983 0.64182574 0.11582448]

rule17: -0.121 < diffClb < -0.001
probabilities_array:[0.46254802 0.15033183 0.         0.3871201 ]

rule4: Altitude < -29.260
probabilities_array:[0.48045924 0.1227072  0.         0.39683354]

rule1: -3.559 < climbRate < -0.257
probabilities_array:[0.29592216 0.14541855 0.         0.55865926]

rule8: RollRate < -0.004
probabilities_array:[0.5199766  0.10125142 0.         0.378772  ]


---2---
rule19: diffClb > 0.119
probabilities_array:[0.         0.24234983 0.64182574 0.11582448]

rule3: climbRate > 3.045
probabilities_array:[0.         0.39293873 0.5735847  0.03347658]

rule2: -0.257 < climbRate < 3.045
probabilities_array:[0.         0.4105915  0.45186538 0.13754311]

rule18: -0.001 < diffClb < 0.119
probabilities_array:[0.         0.36659944 0.24195984 0.39144075]

rule11: RollRate > 0.004
probabilities_array:[1.1376498e-05 4.1771048e-01 1.7528562e-01 4.0699250e-01]

