R2: 0.644061100206922

MAE: 0.001055112163813893

MSE: 2.002631144281775e-06

Accuracy: 0.7070996497930595

F1: 0.6348390098336454

Confusion Matrix: [[1462, 88, 41], [236, 307, 226], [67, 262, 452]]

Uncertainties: {'class0': [0.3136255741119385, 0.3827820420265198, 0.41916877031326294, 0.4356895387172699, 0.46817970275878906], 'class1': [0.03827930986881256, 0.09745130687952042, 0.14582684636116028, 0.3136255741119385, 0.33811673521995544], 'class2': [0.03827930986881256, 0.09745130687952042, 0.14582684636116028, 0.33811673521995544, 0.45632779598236084]}

Most important rules
-----------------------------

---0---
rule8: RollRate < -0.003
probabilities_array:[0.53839344 0.07882451 0.         0.38278204]

rule0: climbRate < -3.550
probabilities_array:[0.5643105  0.         0.         0.43568954]

rule17: -0.120 < diffClb < -0.000
probabilities_array:[0.45635748 0.23001696 0.         0.31362557]

rule4: Altitude < -29.303
probabilities_array:[0.4815155  0.09931576 0.         0.41916877]

rule16: diffClb < -0.120
probabilities_array:[0.5204929 0.        0.        0.4795071]

rule5: -29.303 < Altitude < -12.251
probabilities_array:[0.46038297 0.         0.         0.539617  ]

rule9: -0.003 < RollRate < 0.000
probabilities_array:[0.45261383 0.         0.         0.54738617]

rule12: curRoll < -0.009
probabilities_array:[0.4328961  0.         0.02387391 0.54323   ]

rule15: curRoll > 0.012
probabilities_array:[0.39604974 0.06835859 0.         0.53559166]

rule1: -3.550 < climbRate < -0.216
probabilities_array:[0.3317905  0.20002978 0.         0.4681797 ]

rule6: -12.251 < Altitude < 4.802
probabilities_array:[0.41856647 0.         0.         0.58143353]

rule7: Altitude > 4.802
probabilities_array:[0.35158318 0.10556861 0.         0.5428482 ]

rule14: 0.002 < curRoll < 0.012
probabilities_array:[0.3977976 0.        0.        0.6022024]

rule13: -0.009 < curRoll < 0.002
probabilities_array:[0.31959218 0.06890249 0.         0.6115053 ]

rule23: diffDiffClb = 0.0
probabilities_array:[0.28890485 0.         0.08362212 0.6274731 ]

rule10: 0.000 < RollRate < 0.004
probabilities_array:[0.25797498 0.0016916  0.02342678 0.71690667]


---1---
rule2: -0.216 < climbRate < 3.118
probabilities_array:[0.         0.42835432 0.4258188  0.14582685]

rule3: climbRate > 3.118
probabilities_array:[0.         0.38011795 0.58160275 0.03827931]

rule18: -0.000 < diffClb < 0.120
probabilities_array:[0.         0.4333865  0.2284967  0.33811674]

rule19: diffClb > 0.120
probabilities_array:[0.         0.30581936 0.5967293  0.09745131]

rule11: RollRate > 0.004
probabilities_array:[0.         0.34011355 0.20355868 0.4563278 ]

rule17: -0.120 < diffClb < -0.000
probabilities_array:[0.45635748 0.23001696 0.         0.31362557]

rule1: -3.550 < climbRate < -0.216
probabilities_array:[0.3317905  0.20002978 0.         0.4681797 ]

rule4: Altitude < -29.303
probabilities_array:[0.4815155  0.09931576 0.         0.41916877]

rule8: RollRate < -0.003
probabilities_array:[0.53839344 0.07882451 0.         0.38278204]

rule7: Altitude > 4.802
probabilities_array:[0.35158318 0.10556861 0.         0.5428482 ]


---2---
rule3: climbRate > 3.118
probabilities_array:[0.         0.38011795 0.58160275 0.03827931]

rule19: diffClb > 0.120
probabilities_array:[0.         0.30581936 0.5967293  0.09745131]

rule2: -0.216 < climbRate < 3.118
probabilities_array:[0.         0.42835432 0.4258188  0.14582685]

rule18: -0.000 < diffClb < 0.120
probabilities_array:[0.         0.4333865  0.2284967  0.33811674]

rule11: RollRate > 0.004
probabilities_array:[0.         0.34011355 0.20355868 0.4563278 ]

