R2: 0.643470179850745

MAE: 0.0010330834795045391

MSE: 1.8967718565915134e-06

Accuracy: 0.874880611270296

F1: 0.874880611270296

Confusion Matrix: [[1374, 162], [231, 1374]]

Uncertainties: {'class0': [0.13763216137886047, 0.32588323950767517, 0.37257012724876404, 0.5568543672561646, 0.5619282722473145], 'class1': [0.21095703542232513, 0.25543487071990967, 0.5137380361557007, 0.5176501870155334, 0.5226402282714844]}

Most important rules
-----------------------------

---0---
rule0: climbRate < -3.589
probabilities_array:[0.86236787 0.         0.13763216]

rule16: diffClb < -0.120
probabilities_array:[0.67411673 0.         0.32588324]

rule1: -3.589 < climbRate < -0.280
probabilities_array:[0.62742984 0.         0.37257013]

rule8: RollRate < -0.003
probabilities_array:[0.44314563 0.         0.55685437]

rule17: -0.120 < diffClb < -0.000
probabilities_array:[0.4380717 0.        0.5619283]

rule9: -0.003 < RollRate < 0.000
probabilities_array:[0.27490762 0.         0.7250924 ]


---1---
rule19: diffClb > 0.120
probabilities_array:[0.         0.78904295 0.21095704]

rule3: climbRate > 3.030
probabilities_array:[0.         0.7445651  0.25543487]

rule18: -0.000 < diffClb < 0.120
probabilities_array:[0.         0.486262   0.51373804]

rule11: RollRate > 0.004
probabilities_array:[0.         0.48234978 0.5176502 ]

rule2: -0.280 < climbRate < 3.030
probabilities_array:[0.04246144 0.43489835 0.5226402 ]

rule13: -0.009 < curRoll < 0.001
probabilities_array:[0.         0.21556695 0.78443307]

