R2: 0.6432558054146442

MAE: 0.001038028390146451

MSE: 1.9551504139603066e-06

Accuracy: 0.7233365170327921

F1: 0.6589152709297718

Confusion Matrix: [[1456, 83, 30], [224, 351, 267], [48, 217, 465]]

Uncertainties: {'class0': [0.30393823981285095, 0.3654935359954834, 0.37288394570350647, 0.4669749438762665, 0.48943260312080383], 'class1': [0.03547048196196556, 0.1475374698638916, 0.1637270599603653, 0.27361157536506653, 0.30393823981285095], 'class2': [0.03547048196196556, 0.1475374698638916, 0.1637270599603653, 0.27361157536506653, 0.40690940618515015]}

Most important rules
-----------------------------

---0---
rule16: diffClb < -0.119
probabilities_array:[0.63450646 0.         0.         0.36549354]

rule8: RollRate < -0.004
probabilities_array:[0.5065585  0.12055755 0.         0.37288395]

rule17: -0.119 < diffClb < 0.001
probabilities_array:[0.43294075 0.26312104 0.         0.30393824]

rule0: climbRate < -3.602
probabilities_array:[0.533025   0.         0.         0.46697494]

rule15: curRoll > 0.012
probabilities_array:[0.41389406 0.08283391 0.         0.503272  ]

rule4: Altitude < -29.922
probabilities_array:[0.39933315 0.11123423 0.         0.4894326 ]

rule9: -0.004 < RollRate < 0.000
probabilities_array:[0.4112513 0.        0.        0.5887487]

rule1: -3.602 < climbRate < -0.273
probabilities_array:[0.28173172 0.21177356 0.         0.5064947 ]

rule7: Altitude > 4.471
probabilities_array:[0.3178548  0.10222397 0.         0.57992125]

rule12: curRoll < -0.009
probabilities_array:[0.36426467 0.         0.         0.63573533]

rule14: 0.001 < curRoll < 0.012
probabilities_array:[0.3632037 0.        0.        0.6367963]

rule5: -29.922 < Altitude < -12.726
probabilities_array:[0.32783997 0.00130322 0.         0.67085683]

rule13: -0.009 < curRoll < 0.001
probabilities_array:[0.29394358 0.06773947 0.         0.6383169 ]

rule6: -12.726 < Altitude < 4.471
probabilities_array:[3.1277135e-01 0.0000000e+00 5.9835089e-04 6.8663031e-01]

rule10: 0.000 < RollRate < 0.004
probabilities_array:[0.2574286  0.         0.09177307 0.6507984 ]

rule23: diffDiffClb = 0.0
probabilities_array:[0.21249898 0.         0.07998411 0.7075169 ]


---1---
rule3: climbRate > 3.056
probabilities_array:[0.         0.3864474  0.57808214 0.03547048]

rule2: -0.273 < climbRate < 3.056
probabilities_array:[0.         0.40410095 0.44836158 0.14753747]

rule18: 0.001 < diffClb < 0.121
probabilities_array:[0.         0.40179527 0.32459313 0.27361158]

rule19: diffClb > 0.121
probabilities_array:[0.         0.24640459 0.58986837 0.16372706]

rule11: RollRate > 0.004
probabilities_array:[0.         0.32269746 0.27039316 0.4069094 ]

rule17: -0.119 < diffClb < 0.001
probabilities_array:[0.43294075 0.26312104 0.         0.30393824]

rule1: -3.602 < climbRate < -0.273
probabilities_array:[0.28173172 0.21177356 0.         0.5064947 ]

rule8: RollRate < -0.004
probabilities_array:[0.5065585  0.12055755 0.         0.37288395]

rule4: Altitude < -29.922
probabilities_array:[0.39933315 0.11123423 0.         0.4894326 ]

rule7: Altitude > 4.471
probabilities_array:[0.3178548  0.10222397 0.         0.57992125]

rule15: curRoll > 0.012
probabilities_array:[0.41389406 0.08283391 0.         0.503272  ]


---2---
rule3: climbRate > 3.056
probabilities_array:[0.         0.3864474  0.57808214 0.03547048]

rule19: diffClb > 0.121
probabilities_array:[0.         0.24640459 0.58986837 0.16372706]

rule2: -0.273 < climbRate < 3.056
probabilities_array:[0.         0.40410095 0.44836158 0.14753747]

rule18: 0.001 < diffClb < 0.121
probabilities_array:[0.         0.40179527 0.32459313 0.27361158]

rule11: RollRate > 0.004
probabilities_array:[0.         0.32269746 0.27039316 0.4069094 ]

