R2: 0.6372438178298919

MAE: 0.0010758627885504375

MSE: 2.04675139600963e-06

Accuracy: 0.8153454313912767

F1: 0.7190328132807728

Confusion Matrix: [[2200, 210], [370, 361]]

Uncertainties: {'class0': [0.4140661656856537, 0.4631252586841583, 0.47453850507736206, 0.559036135673523, 0.5690848231315613], 'class1': [0.3230563700199127, 0.38708093762397766, 0.5640953779220581]}

Most important rules
-----------------------------

---0---
rule16: diffClb < -0.120
probabilities_array:[0.5859338  0.         0.41406617]

rule17: -0.120 < diffClb < -0.001
probabilities_array:[0.5368747  0.         0.46312526]

rule8: RollRate < -0.004
probabilities_array:[0.5254615 0.        0.4745385]

rule0: climbRate < -3.594
probabilities_array:[0.44096383 0.         0.55903614]

rule4: Altitude < -29.539
probabilities_array:[0.43091515 0.         0.5690848 ]

rule15: curRoll > 0.013
probabilities_array:[0.39096564 0.         0.60903436]

rule1: -3.594 < climbRate < -0.277
probabilities_array:[0.37619027 0.         0.6238097 ]

rule7: Altitude > 4.833
probabilities_array:[0.34029877 0.         0.6597012 ]

rule14: 0.002 < curRoll < 0.013
probabilities_array:[0.33084312 0.         0.6691569 ]

rule12: curRoll < -0.009
probabilities_array:[0.30366036 0.         0.69633967]

rule5: -29.539 < Altitude < -12.353
probabilities_array:[0.28654972 0.         0.7134503 ]

rule13: -0.009 < curRoll < 0.002
probabilities_array:[0.2783107  0.         0.72168934]

rule9: -0.004 < RollRate < -0.000
probabilities_array:[0.25462827 0.         0.74537176]

rule6: -12.353 < Altitude < 4.833
probabilities_array:[0.25051457 0.         0.74948543]

rule18: -0.001 < diffClb < 0.118
probabilities_array:[0.18071274 0.07558889 0.74369836]


---1---
rule3: climbRate > 3.041
probabilities_array:[0.         0.67694366 0.32305637]

rule19: diffClb > 0.118
probabilities_array:[0.         0.61291903 0.38708094]

rule2: -0.277 < climbRate < 3.041
probabilities_array:[0.        0.4359046 0.5640954]

