R2: 0.6472537726104962

MAE: 0.0010717044733958665

MSE: 1.994769509462388e-06

Accuracy: 0.6956383317414836

F1: 0.6228167460841126

Confusion Matrix: [[1435, 96, 44], [242, 286, 309], [58, 207, 464]]

Uncertainties: {'class0': [0.2852064073085785, 0.369172066450119, 0.3880387246608734, 0.4549902677536011, 0.46392109990119934], 'class1': [0.035897161811590195, 0.12973318994045258, 0.13384726643562317, 0.2852064073085785, 0.369172066450119], 'class2': [0.035897161811590195, 0.12973318994045258, 0.13384726643562317, 0.4191816449165344, 0.42315348982810974]}

Most important rules
-----------------------------

---0---
rule16: diffClb < -0.119
probabilities_array:[0.6119613  0.         0.         0.38803872]

rule17: -0.119 < diffClb < -0.000
probabilities_array:[0.4768822  0.23791145 0.         0.2852064 ]

rule4: Altitude < -29.369
probabilities_array:[0.51975423 0.11107372 0.         0.36917207]

rule0: climbRate < -3.596
probabilities_array:[0.54500973 0.         0.         0.45499027]

rule5: -29.369 < Altitude < -12.150
probabilities_array:[0.508859   0.00596323 0.         0.48517781]

rule8: RollRate < -0.004
probabilities_array:[0.45428583 0.08179312 0.         0.4639211 ]

rule15: curRoll > 0.013
probabilities_array:[0.43741953 0.03421964 0.         0.5283608 ]

rule7: Altitude > 5.069
probabilities_array:[0.40895772 0.0555444  0.         0.53549784]

rule6: -12.150 < Altitude < 5.069
probabilities_array:[0.41958627 0.         0.02457849 0.55583525]

rule12: curRoll < -0.009
probabilities_array:[0.40141436 0.         0.0033556  0.59523004]

rule14: 0.002 < curRoll < 0.013
probabilities_array:[0.3852757  0.01740273 0.         0.59732157]

rule1: -3.596 < climbRate < -0.286
probabilities_array:[0.27620202 0.24807698 0.         0.475721  ]

rule9: -0.004 < RollRate < -0.000
probabilities_array:[0.37953907 0.         0.         0.6204609 ]

rule10: -0.000 < RollRate < 0.004
probabilities_array:[0.25331753 0.01913336 0.08213744 0.6454117 ]

rule13: -0.009 < curRoll < 0.002
probabilities_array:[0.26663718 0.03065926 0.         0.7027036 ]

rule23: diffDiffClb = 0.0
probabilities_array:[0.25268131 0.         0.00208189 0.7452368 ]


---1---
rule3: climbRate > 3.024
probabilities_array:[0.         0.394664   0.5694389  0.03589716]

rule2: -0.286 < climbRate < 3.024
probabilities_array:[0.         0.43703747 0.43322933 0.12973319]

rule19: diffClb > 0.119
probabilities_array:[0.         0.2379677  0.62818503 0.13384727]

rule18: -0.000 < diffClb < 0.119
probabilities_array:[0.         0.34561324 0.2352051  0.41918164]

rule11: RollRate > 0.004
probabilities_array:[0.         0.34607294 0.23077361 0.4231535 ]

rule17: -0.119 < diffClb < -0.000
probabilities_array:[0.4768822  0.23791145 0.         0.2852064 ]

rule1: -3.596 < climbRate < -0.286
probabilities_array:[0.27620202 0.24807698 0.         0.475721  ]

rule4: Altitude < -29.369
probabilities_array:[0.51975423 0.11107372 0.         0.36917207]

rule8: RollRate < -0.004
probabilities_array:[0.45428583 0.08179312 0.         0.4639211 ]


---2---
rule3: climbRate > 3.024
probabilities_array:[0.         0.394664   0.5694389  0.03589716]

rule19: diffClb > 0.119
probabilities_array:[0.         0.2379677  0.62818503 0.13384727]

rule2: -0.286 < climbRate < 3.024
probabilities_array:[0.         0.43703747 0.43322933 0.12973319]

rule18: -0.000 < diffClb < 0.119
probabilities_array:[0.         0.34561324 0.2352051  0.41918164]

rule11: RollRate > 0.004
probabilities_array:[0.         0.34607294 0.23077361 0.4231535 ]

