R2: 0.6385799066197186

MAE: 0.0010789357926320625

MSE: 2.129399312255069e-06

Accuracy: 0.8389048073861828

F1: 0.7602608349372801

Confusion Matrix: [[2217, 199], [307, 418]]

Uncertainties: {'class0': [0.40466177463531494, 0.4860602617263794, 0.5265302658081055, 0.530624270439148, 0.5513777732849121], 'class1': [0.36029335856437683, 0.3964288532733917, 0.6136023998260498]}

Most important rules
-----------------------------

---0---
rule16: diffClb < -0.118
probabilities_array:[0.5953382  0.         0.40466177]

rule0: climbRate < -3.561
probabilities_array:[0.51393974 0.         0.48606026]

rule8: RollRate < -0.004
probabilities_array:[0.4734697  0.         0.52653027]

rule17: -0.118 < diffClb < 0.002
probabilities_array:[0.46937576 0.         0.5306243 ]

rule1: -3.561 < climbRate < -0.249
probabilities_array:[0.44862223 0.         0.5513778 ]

rule4: Altitude < -29.639
probabilities_array:[0.4157094 0.        0.5842906]

rule15: curRoll > 0.012
probabilities_array:[0.35339776 0.         0.6466022 ]

rule14: 0.002 < curRoll < 0.012
probabilities_array:[0.31937975 0.         0.68062025]

rule5: -29.639 < Altitude < -12.483
probabilities_array:[0.31220216 0.         0.68779784]

rule13: -0.009 < curRoll < 0.002
probabilities_array:[0.27901775 0.         0.72098225]

rule7: Altitude > 4.674
probabilities_array:[0.27700406 0.00375907 0.7192368 ]

rule9: -0.004 < RollRate < 0.000
probabilities_array:[0.27080828 0.         0.7291917 ]

rule12: curRoll < -0.009
probabilities_array:[0.26590073 0.         0.73409927]

rule11: RollRate > 0.004
probabilities_array:[0.18169272 0.0684331  0.74987423]


---1---
rule3: climbRate > 3.064
probabilities_array:[0.         0.6397067  0.36029336]

rule19: diffClb > 0.121
probabilities_array:[0.         0.6035712  0.39642885]

rule2: -0.249 < climbRate < 3.064
probabilities_array:[0.        0.3863976 0.6136024]

