R2: 0.6507938415620005

MAE: 0.0010643965559601922

MSE: 2.0177923126275227e-06

Accuracy: 0.8755173511620503

F1: 0.8755148780849986

Confusion Matrix: [[1382, 161], [230, 1368]]

Uncertainties: {'class0': [0.19573672115802765, 0.27052778005599976, 0.46119630336761475, 0.5279884338378906, 0.5494526624679565], 'class1': [0.1954900473356247, 0.2218295782804489, 0.46250101923942566, 0.5119008421897888, 0.5759953856468201]}

Most important rules
-----------------------------

---0---
rule0: climbRate < -3.581
probabilities_array:[0.8042633  0.         0.19573672]

rule16: diffClb < -0.120
probabilities_array:[0.7294722  0.         0.27052778]

rule1: -3.581 < climbRate < -0.279
probabilities_array:[0.5388037 0.        0.4611963]

rule17: -0.120 < diffClb < -0.000
probabilities_array:[0.47201157 0.         0.52798843]

rule8: RollRate < -0.004
probabilities_array:[0.45054734 0.         0.54945266]

rule9: -0.004 < RollRate < 0.000
probabilities_array:[0.34444535 0.         0.65555465]


---1---
rule3: climbRate > 3.023
probabilities_array:[0.         0.80450994 0.19549005]

rule19: diffClb > 0.119
probabilities_array:[0.         0.7781704  0.22182958]

rule2: -0.279 < climbRate < 3.023
probabilities_array:[0.         0.537499   0.46250102]

rule11: RollRate > 0.004
probabilities_array:[0.         0.48809916 0.51190084]

rule18: -0.000 < diffClb < 0.119
probabilities_array:[0.         0.42400464 0.5759954 ]

rule13: -0.009 < curRoll < 0.002
probabilities_array:[0.01184334 0.21805745 0.7700992 ]

