R2: 0.634265550680954

MAE: 0.0010882767215182189

MSE: 2.105464387641967e-06

Accuracy: 0.8261700095510984

F1: 0.7355033035367275

Confusion Matrix: [[2217, 213], [333, 378]]

Uncertainties: {'class0': [0.46024343371391296, 0.499937504529953, 0.5075864791870117, 0.5725196003913879, 0.5857093930244446], 'class1': [0.3385394811630249, 0.36181503534317017, 0.6362732648849487, 0.7629057168960571]}

Most important rules
-----------------------------

---0---
rule0: climbRate < -3.581
probabilities_array:[0.53975654 0.         0.46024343]

rule16: diffClb < -0.118
probabilities_array:[0.5000625 0.        0.4999375]

rule4: Altitude < -29.530
probabilities_array:[0.49241355 0.         0.5075865 ]

rule1: -3.581 < climbRate < -0.266
probabilities_array:[0.4274804 0.        0.5725196]

rule8: RollRate < -0.004
probabilities_array:[0.4142906 0.        0.5857094]

rule15: curRoll > 0.012
probabilities_array:[0.41349798 0.         0.586502  ]

rule17: -0.118 < diffClb < 0.001
probabilities_array:[0.41324094 0.         0.58675903]

rule7: Altitude > 4.687
probabilities_array:[0.3844769 0.        0.6155231]

rule12: curRoll < -0.009
probabilities_array:[0.35281077 0.         0.6471892 ]

rule5: -29.530 < Altitude < -12.422
probabilities_array:[0.34744328 0.         0.6525567 ]

rule14: 0.002 < curRoll < 0.012
probabilities_array:[0.3418913 0.        0.6581087]

rule13: -0.009 < curRoll < 0.002
probabilities_array:[0.29952744 0.         0.70047253]

rule9: -0.004 < RollRate < 0.000
probabilities_array:[0.28904396 0.         0.71095604]

rule6: -12.422 < Altitude < 4.687
probabilities_array:[0.25970948 0.         0.7402905 ]


---1---
rule3: climbRate > 3.050
probabilities_array:[0.         0.6614605  0.33853948]

rule19: diffClb > 0.121
probabilities_array:[0.         0.63818496 0.36181504]

rule2: -0.266 < climbRate < 3.050
probabilities_array:[0.         0.3637267  0.63627326]

rule18: 0.001 < diffClb < 0.121
probabilities_array:[0.        0.2370943 0.7629057]

