R2: 0.6533926472898504

MAE: 0.0010572496322576426

MSE: 1.9850557048382332e-06

Accuracy: 0.8217128303088188

F1: 0.7314499285478728

Confusion Matrix: [[2201, 203], [357, 380]]

Uncertainties: {'class0': [0.5241690278053284, 0.5370962619781494, 0.5376778244972229, 0.5393441915512085, 0.5617838501930237], 'class1': [0.3283649682998657, 0.3880637586116791, 0.599345862865448, 0.785862922668457]}

Most important rules
-----------------------------

---0---
rule1: -3.544 < climbRate < -0.241
probabilities_array:[0.475831 0.       0.524169]

rule16: diffClb < -0.119
probabilities_array:[0.46290374 0.         0.53709626]

rule8: RollRate < -0.004
probabilities_array:[0.46232215 0.         0.5376778 ]

rule4: Altitude < -29.527
probabilities_array:[0.4606558 0.        0.5393442]

rule0: climbRate < -3.544
probabilities_array:[0.43821612 0.         0.56178385]

rule15: curRoll > 0.013
probabilities_array:[0.41494316 0.         0.58505684]

rule17: -0.119 < diffClb < 0.001
probabilities_array:[0.38499323 0.         0.61500674]

rule7: Altitude > 4.618
probabilities_array:[0.37250152 0.         0.6274985 ]

rule14: 0.002 < curRoll < 0.013
probabilities_array:[0.34674212 0.         0.65325785]

rule12: curRoll < -0.009
probabilities_array:[0.32187226 0.         0.67812777]

rule13: -0.009 < curRoll < 0.002
probabilities_array:[0.31745988 0.         0.6825401 ]

rule6: -12.455 < Altitude < 4.618
probabilities_array:[0.29455578 0.         0.7054442 ]

rule9: -0.004 < RollRate < -0.000
probabilities_array:[0.28438777 0.         0.71561223]

rule5: -29.527 < Altitude < -12.455
probabilities_array:[0.2689386 0.        0.7310614]


---1---
rule3: climbRate > 3.061
probabilities_array:[0.         0.67163503 0.32836497]

rule19: diffClb > 0.120
probabilities_array:[0.         0.6119362  0.38806376]

rule2: -0.241 < climbRate < 3.061
probabilities_array:[0.         0.40065414 0.59934586]

rule18: 0.001 < diffClb < 0.120
probabilities_array:[0.         0.21413705 0.7858629 ]

