R2: 0.6509145451419798

MAE: 0.001055569049912129

MSE: 1.953320006565572e-06

Accuracy: 0.8764724609996817

F1: 0.8764604274540492

Confusion Matrix: [[1392, 149], [239, 1361]]

Uncertainties: {'class0': [0.22829318046569824, 0.2710566818714142, 0.5036916136741638, 0.6000283360481262, 0.6475009918212891], 'class1': [0.15539316833019257, 0.28671351075172424, 0.3831561803817749, 0.44847092032432556, 0.47432515025138855]}

Most important rules
-----------------------------

---0---
rule0: climbRate < -3.630
probabilities_array:[0.7717068  0.         0.22829318]

rule16: diffClb < -0.119
probabilities_array:[0.7289433  0.         0.27105668]

rule1: -3.630 < climbRate < -0.322
probabilities_array:[0.4963084 0.        0.5036916]

rule8: RollRate < -0.004
probabilities_array:[0.3999717  0.         0.60002834]

rule17: -0.119 < diffClb < 0.000
probabilities_array:[0.33583924 0.01665979 0.647501  ]

rule9: -0.004 < RollRate < 0.000
probabilities_array:[0.26329276 0.         0.7367072 ]

rule15: curRoll > 0.012
probabilities_array:[0.17195448 0.07004935 0.75799614]


---1---
rule3: climbRate > 2.986
probabilities_array:[0.         0.8446068  0.15539317]

rule19: diffClb > 0.119
probabilities_array:[0.         0.71328646 0.2867135 ]

rule18: 0.000 < diffClb < 0.119
probabilities_array:[0.         0.6168438  0.38315618]

rule2: -0.322 < climbRate < 2.986
probabilities_array:[0.         0.5515291  0.44847092]

rule11: RollRate > 0.004
probabilities_array:[0.         0.5256749  0.47432515]

