R2: 0.6412551272103736

MAE: 0.0010755144690827432

MSE: 2.0481696520533688e-06

Accuracy: 0.8131168417701369

F1: 0.7170826491591735

Confusion Matrix: [[2192, 202], [385, 362]]

Uncertainties: {'class0': [0.45233455300331116, 0.4561593234539032, 0.4896145761013031, 0.5025172233581543, 0.5697963237762451], 'class1': [0.3480587303638458, 0.3648417592048645, 0.6609309911727905]}

Most important rules
-----------------------------

---0---
rule0: climbRate < -3.585
probabilities_array:[0.5476655  0.         0.45233455]

rule16: diffClb < -0.121
probabilities_array:[0.54384065 0.         0.45615932]

rule17: -0.121 < diffClb < -0.002
probabilities_array:[0.5103854  0.         0.48961458]

rule8: RollRate < -0.004
probabilities_array:[0.49748278 0.         0.5025172 ]

rule1: -3.585 < climbRate < -0.261
probabilities_array:[0.43020365 0.         0.5697963 ]

rule4: Altitude < -29.373
probabilities_array:[0.41647783 0.         0.5835222 ]

rule15: curRoll > 0.012
probabilities_array:[0.3669833 0.        0.6330167]

rule9: -0.004 < RollRate < 0.000
probabilities_array:[0.2907495 0.        0.7092505]

rule12: curRoll < -0.009
probabilities_array:[0.28352347 0.         0.7164765 ]

rule7: Altitude > 4.938
probabilities_array:[0.27470616 0.         0.7252939 ]

rule6: -12.218 < Altitude < 4.938
probabilities_array:[0.2520779 0.        0.7479221]

rule23: diffDiffClb = 0.0
probabilities_array:[0.23143755 0.0410563  0.72750616]

rule14: 0.002 < curRoll < 0.012
probabilities_array:[0.24923854 0.         0.75076145]

rule5: -29.373 < Altitude < -12.218
probabilities_array:[0.23350276 0.         0.76649725]

rule13: -0.009 < curRoll < 0.002
probabilities_array:[0.22900996 0.         0.77099   ]


---1---
rule3: climbRate > 3.063
probabilities_array:[0.         0.6519413  0.34805873]

rule19: diffClb > 0.117
probabilities_array:[0.         0.63515824 0.36484176]

rule2: -0.261 < climbRate < 3.063
probabilities_array:[0.       0.339069 0.660931]

