R2: 0.6472937540885864

MAE: 0.0010383764774994505

MSE: 1.9156464451568694e-06

Accuracy: 0.7090098694683222

F1: 0.6438317477441265

Confusion Matrix: [[1440, 93, 33], [228, 359, 251], [57, 252, 428]]

Uncertainties: {'class0': [0.34936532378196716, 0.3611449599266052, 0.3824518024921417, 0.4220965802669525, 0.43902868032455444], 'class1': [0.04143811762332916, 0.10895384848117828, 0.15121465921401978, 0.34936532378196716, 0.37078043818473816], 'class2': [0.04143811762332916, 0.10895384848117828, 0.15121465921401978, 0.37078043818473816, 0.411835640668869]}

Most important rules
-----------------------------

---0---
rule0: climbRate < -3.553
probabilities_array:[0.63885504 0.         0.         0.36114496]

rule16: diffClb < -0.121
probabilities_array:[0.5609713  0.         0.         0.43902868]

rule4: Altitude < -29.601
probabilities_array:[0.48965815 0.12789008 0.         0.3824518 ]

rule17: -0.121 < diffClb < -0.001
probabilities_array:[0.45994195 0.19069266 0.         0.34936532]

rule8: RollRate < -0.003
probabilities_array:[0.48508698 0.04881756 0.         0.46609548]

rule5: -29.601 < Altitude < -12.364
probabilities_array:[0.43102735 0.05890702 0.         0.5100656 ]

rule7: Altitude > 4.874
probabilities_array:[0.39398757 0.13112679 0.         0.47488564]

rule1: -3.553 < climbRate < -0.263
probabilities_array:[0.34677765 0.23112579 0.         0.42209658]

rule15: curRoll > 0.012
probabilities_array:[0.41367632 0.06294937 0.         0.5233743 ]

rule12: curRoll < -0.009
probabilities_array:[0.4103972  0.00067537 0.         0.58892745]

rule9: -0.003 < RollRate < 0.000
probabilities_array:[0.3984986 0.        0.        0.6015014]

rule14: 0.002 < curRoll < 0.012
probabilities_array:[0.38718283 0.00533087 0.         0.6074863 ]

rule6: -12.364 < Altitude < 4.874
probabilities_array:[3.838584e-01 8.000349e-05 0.000000e+00 6.160616e-01]

rule23: diffDiffClb = 0.0
probabilities_array:[0.2948935  0.         0.09922167 0.6058848 ]

rule13: -0.009 < curRoll < 0.002
probabilities_array:[0.28462774 0.08146306 0.         0.63390917]

rule10: 0.000 < RollRate < 0.004
probabilities_array:[0.21399617 0.00964315 0.13724712 0.63911366]


---1---
rule3: climbRate > 3.028
probabilities_array:[0.         0.40438464 0.5541772  0.04143812]

rule2: -0.263 < climbRate < 3.028
probabilities_array:[0.         0.4158884  0.43289694 0.15121466]

rule18: -0.001 < diffClb < 0.119
probabilities_array:[0.         0.39727733 0.2319422  0.37078044]

rule19: diffClb > 0.119
probabilities_array:[0.         0.26701668 0.6240295  0.10895385]

rule11: RollRate > 0.004
probabilities_array:[5.3599238e-06 3.4023005e-01 2.4792889e-01 4.1183564e-01]

rule1: -3.553 < climbRate < -0.263
probabilities_array:[0.34677765 0.23112579 0.         0.42209658]

rule17: -0.121 < diffClb < -0.001
probabilities_array:[0.45994195 0.19069266 0.         0.34936532]

rule4: Altitude < -29.601
probabilities_array:[0.48965815 0.12789008 0.         0.3824518 ]

rule7: Altitude > 4.874
probabilities_array:[0.39398757 0.13112679 0.         0.47488564]


---2---
rule19: diffClb > 0.119
probabilities_array:[0.         0.26701668 0.6240295  0.10895385]

rule3: climbRate > 3.028
probabilities_array:[0.         0.40438464 0.5541772  0.04143812]

rule2: -0.263 < climbRate < 3.028
probabilities_array:[0.         0.4158884  0.43289694 0.15121466]

rule18: -0.001 < diffClb < 0.119
probabilities_array:[0.         0.39727733 0.2319422  0.37078044]

rule11: RollRate > 0.004
probabilities_array:[5.3599238e-06 3.4023005e-01 2.4792889e-01 4.1183564e-01]

rule10: 0.000 < RollRate < 0.004
probabilities_array:[0.21399617 0.00964315 0.13724712 0.63911366]

