R2: 0.6392757821637653

MAE: 0.0010643362982496385

MSE: 2.0242875590436363e-06

Accuracy: 0.7109200891435848

F1: 0.6421505684110651

Confusion Matrix: [[1458, 82, 42], [237, 332, 258], [65, 224, 443]]

Uncertainties: {'class0': [0.2865715026855469, 0.39476707577705383, 0.4162471294403076, 0.4328296184539795, 0.5032212734222412], 'class1': [0.03508034348487854, 0.12917447090148926, 0.18162257969379425, 0.25182440876960754, 0.2865715026855469], 'class2': [0.03508034348487854, 0.12917447090148926, 0.18162257969379425, 0.25182440876960754, 0.3604482412338257]}

Most important rules
-----------------------------

---0---
rule0: climbRate < -3.582
probabilities_array:[0.6052329  0.         0.         0.39476708]

rule16: diffClb < -0.118
probabilities_array:[0.5837529  0.         0.         0.41624713]

rule17: -0.118 < diffClb < 0.002
probabilities_array:[0.3976714  0.31575707 0.         0.2865715 ]

rule4: Altitude < -29.814
probabilities_array:[0.43089122 0.13627914 0.         0.43282962]

rule8: RollRate < -0.003
probabilities_array:[0.40977883 0.06760266 0.         0.52261853]

rule15: curRoll > 0.012
probabilities_array:[0.39897567 0.04991503 0.         0.5511093 ]

rule1: -3.582 < climbRate < -0.268
probabilities_array:[0.34255388 0.15422484 0.         0.5032213 ]

rule5: -29.814 < Altitude < -12.673
probabilities_array:[0.38712066 0.05052423 0.         0.5623551 ]

rule12: curRoll < -0.009
probabilities_array:[0.39907485 0.00198261 0.         0.5989426 ]

rule9: -0.003 < RollRate < 0.000
probabilities_array:[0.3993365  0.         0.         0.60066354]

rule7: Altitude > 4.469
probabilities_array:[0.3508392  0.08445263 0.         0.5647082 ]

rule6: -12.673 < Altitude < 4.469
probabilities_array:[0.36321157 0.         0.         0.6367884 ]

rule14: 0.002 < curRoll < 0.012
probabilities_array:[0.32948017 0.         0.         0.6705198 ]

rule10: 0.000 < RollRate < 0.004
probabilities_array:[2.3549636e-01 5.1082607e-04 1.6036060e-01 6.0363215e-01]

rule13: -0.009 < curRoll < 0.002
probabilities_array:[0.2230994  0.06539418 0.         0.7115064 ]

rule23: diffDiffClb = 0.0
probabilities_array:[0.23418222 0.         0.03680087 0.72901696]


---1---
rule3: climbRate > 3.045
probabilities_array:[0.         0.3760943  0.58882535 0.03508034]

rule2: -0.268 < climbRate < 3.045
probabilities_array:[0.00246937 0.41449216 0.4014159  0.18162258]

rule18: 0.002 < diffClb < 0.121
probabilities_array:[0.         0.4164259  0.33174968 0.2518244 ]

rule19: diffClb > 0.121
probabilities_array:[0.         0.27063936 0.60018617 0.12917447]

rule17: -0.118 < diffClb < 0.002
probabilities_array:[0.3976714  0.31575707 0.         0.2865715 ]

rule11: RollRate > 0.004
probabilities_array:[0.         0.3139112  0.32564056 0.36044824]

rule4: Altitude < -29.814
probabilities_array:[0.43089122 0.13627914 0.         0.43282962]

rule1: -3.582 < climbRate < -0.268
probabilities_array:[0.34255388 0.15422484 0.         0.5032213 ]


---2---
rule3: climbRate > 3.045
probabilities_array:[0.         0.3760943  0.58882535 0.03508034]

rule19: diffClb > 0.121
probabilities_array:[0.         0.27063936 0.60018617 0.12917447]

rule2: -0.268 < climbRate < 3.045
probabilities_array:[0.00246937 0.41449216 0.4014159  0.18162258]

rule18: 0.002 < diffClb < 0.121
probabilities_array:[0.         0.4164259  0.33174968 0.2518244 ]

rule11: RollRate > 0.004
probabilities_array:[0.         0.3139112  0.32564056 0.36044824]

rule10: 0.000 < RollRate < 0.004
probabilities_array:[2.3549636e-01 5.1082607e-04 1.6036060e-01 6.0363215e-01]

