R2: 0.6328806151493536

MAE: 0.0010695053182085588

MSE: 2.0783839839952547e-06

Accuracy: 0.8347659980897804

F1: 0.7552938170738426

Confusion Matrix: [[2206, 218], [301, 416]]

Uncertainties: {'class0': [0.509929358959198, 0.510047972202301, 0.5104636549949646, 0.5605300068855286, 0.5964739322662354], 'class1': [0.3312046229839325, 0.3702663779258728, 0.5871469378471375, 0.774850606918335]}

Most important rules
-----------------------------

---0---
rule16: diffClb < -0.119
probabilities_array:[0.49007064 0.         0.50992936]

rule8: RollRate < -0.004
probabilities_array:[0.489952 0.       0.510048]

rule0: climbRate < -3.566
probabilities_array:[0.48953632 0.         0.51046365]

rule17: -0.119 < diffClb < 0.000
probabilities_array:[0.43947002 0.         0.56053   ]

rule4: Altitude < -29.199
probabilities_array:[0.4035261  0.         0.59647393]

rule1: -3.566 < climbRate < -0.260
probabilities_array:[0.40162504 0.         0.59837496]

rule15: curRoll > 0.012
probabilities_array:[0.3734333 0.        0.6265667]

rule9: -0.004 < RollRate < 0.000
probabilities_array:[0.37197223 0.         0.62802774]

rule12: curRoll < -0.009
probabilities_array:[0.30939406 0.         0.69060594]

rule14: 0.002 < curRoll < 0.012
probabilities_array:[0.30581856 0.         0.69418144]

rule7: Altitude > 5.121
probabilities_array:[0.2855436  0.         0.71445644]

rule5: -29.199 < Altitude < -12.039
probabilities_array:[0.24925518 0.         0.7507448 ]

rule6: -12.039 < Altitude < 5.121
probabilities_array:[0.23841146 0.01771284 0.7438757 ]

rule13: -0.009 < curRoll < 0.002
probabilities_array:[0.23973474 0.         0.76026523]

rule10: 0.000 < RollRate < 0.004
probabilities_array:[0.22216779 0.         0.7778322 ]

rule11: RollRate > 0.004
probabilities_array:[0.22132713 0.         0.7786729 ]


---1---
rule3: climbRate > 3.045
probabilities_array:[0.         0.66879535 0.33120462]

rule19: diffClb > 0.120
probabilities_array:[0.         0.6297336  0.37026638]

rule2: -0.260 < climbRate < 3.045
probabilities_array:[0.         0.41285306 0.58714694]

rule18: 0.000 < diffClb < 0.120
probabilities_array:[0.         0.22514942 0.7748506 ]

