R2: 0.6400667418318247

MAE: 0.0010779235081092681

MSE: 2.0828580509083938e-06

Accuracy: 0.8163005412289079

F1: 0.7231435289833166

Confusion Matrix: [[2193, 200], [377, 371]]

Uncertainties: {'class0': [0.39635545015335083, 0.4512461721897125, 0.49937868118286133, 0.5450724363327026, 0.581389844417572], 'class1': [0.3511781096458435, 0.4407890737056732, 0.6637253165245056]}

Most important rules
-----------------------------

---0---
rule0: climbRate < -3.632
probabilities_array:[0.60364455 0.         0.39635545]

rule16: diffClb < -0.121
probabilities_array:[0.5487538  0.         0.45124617]

rule1: -3.632 < climbRate < -0.300
probabilities_array:[0.5006213  0.         0.49937868]

rule8: RollRate < -0.004
probabilities_array:[0.45492756 0.         0.54507244]

rule17: -0.121 < diffClb < -0.001
probabilities_array:[0.4186102  0.         0.58138984]

rule7: Altitude > 4.736
probabilities_array:[0.36041158 0.         0.6395884 ]

rule15: curRoll > 0.012
probabilities_array:[0.35515174 0.         0.6448482 ]

rule4: Altitude < -29.564
probabilities_array:[0.3446814  0.         0.65531856]

rule14: 0.002 < curRoll < 0.012
probabilities_array:[0.30020198 0.         0.69979805]

rule12: curRoll < -0.009
probabilities_array:[0.28748998 0.         0.71251   ]

rule5: -29.564 < Altitude < -12.414
probabilities_array:[0.28337523 0.         0.7166248 ]

rule9: -0.004 < RollRate < -0.000
probabilities_array:[0.25706962 0.         0.74293035]

rule13: -0.009 < curRoll < 0.002
probabilities_array:[0.24780324 0.         0.7521967 ]

rule10: -0.000 < RollRate < 0.004
probabilities_array:[0.17675854 0.08719434 0.7360471 ]

rule6: -12.414 < Altitude < 4.736
probabilities_array:[0.21470211 0.         0.7852979 ]


---1---
rule3: climbRate > 3.033
probabilities_array:[0.        0.6488219 0.3511781]

rule19: diffClb > 0.119
probabilities_array:[0.         0.5592109  0.44078907]

rule2: -0.300 < climbRate < 3.033
probabilities_array:[0.         0.33627465 0.6637253 ]

