R2: 0.6377469178186466

MAE: 0.0010610411050646265

MSE: 1.988912374810221e-06

Accuracy: 0.8153454313912767

F1: 0.7154606907237105

Confusion Matrix: [[2211, 186], [394, 350]]

Uncertainties: {'class0': [0.47154000401496887, 0.5214079022407532, 0.52843177318573, 0.5512881278991699, 0.5901208519935608], 'class1': [0.3096427321434021, 0.4163058400154114, 0.573790967464447]}

Most important rules
-----------------------------

---0---
rule17: -0.122 < diffClb < -0.002
probabilities_array:[0.52845997 0.         0.47154   ]

rule16: diffClb < -0.122
probabilities_array:[0.4785921 0.        0.5214079]

rule0: climbRate < -3.655
probabilities_array:[0.47156823 0.         0.5284318 ]

rule1: -3.655 < climbRate < -0.302
probabilities_array:[0.44871187 0.         0.5512881 ]

rule4: Altitude < -29.486
probabilities_array:[0.40987915 0.         0.59012085]

rule8: RollRate < -0.003
probabilities_array:[0.40372384 0.         0.59627616]

rule15: curRoll > 0.012
probabilities_array:[0.40217748 0.         0.5978225 ]

rule14: 0.002 < curRoll < 0.012
probabilities_array:[0.3421983 0.        0.6578017]

rule7: Altitude > 5.060
probabilities_array:[0.33046615 0.         0.66953385]

rule12: curRoll < -0.009
probabilities_array:[0.31727538 0.         0.6827246 ]

rule13: -0.009 < curRoll < 0.002
probabilities_array:[0.29635102 0.         0.703649  ]

rule6: -12.213 < Altitude < 5.060
probabilities_array:[0.29021993 0.         0.7097801 ]

rule5: -29.486 < Altitude < -12.213
probabilities_array:[0.27959874 0.         0.7204013 ]

rule9: -0.003 < RollRate < 0.000
probabilities_array:[0.27162513 0.         0.7283749 ]

rule11: RollRate > 0.004
probabilities_array:[0.19566187 0.03402211 0.770316  ]


---1---
rule3: climbRate > 3.051
probabilities_array:[0.         0.69035727 0.30964273]

rule19: diffClb > 0.118
probabilities_array:[0.         0.58369416 0.41630584]

rule2: -0.302 < climbRate < 3.051
probabilities_array:[0.         0.426209   0.57379097]

