R2: 0.6428555469567983

MAE: 0.0010472238100766812

MSE: 1.9502983038477915e-06

Accuracy: 0.7045526902260426

F1: 0.6350226669614208

Confusion Matrix: [[1450, 82, 45], [231, 339, 251], [52, 267, 424]]

Uncertainties: {'class0': [0.25451040267944336, 0.37561726570129395, 0.3757215738296509, 0.4402713179588318, 0.46423065662384033], 'class1': [0.03393292799592018, 0.1357027292251587, 0.14225232601165771, 0.25451040267944336, 0.3046429455280304], 'class2': [0.03393292799592018, 0.1357027292251587, 0.14225232601165771, 0.3046429455280304, 0.40594783425331116]}

Most important rules
-----------------------------

---0---
rule16: diffClb < -0.119
probabilities_array:[0.62438273 0.         0.         0.37561727]

rule17: -0.119 < diffClb < 0.001
probabilities_array:[0.40997162 0.33551794 0.         0.2545104 ]

rule4: Altitude < -29.632
probabilities_array:[0.4622526  0.16202587 0.         0.37572157]

rule0: climbRate < -3.607
probabilities_array:[0.53576934 0.         0.         0.46423066]

rule8: RollRate < -0.004
probabilities_array:[0.44259843 0.0546588  0.         0.50274277]

rule5: -29.632 < Altitude < -12.575
probabilities_array:[0.42767215 0.         0.01226801 0.56005985]

rule9: -0.004 < RollRate < 0.000
probabilities_array:[0.42095667 0.         0.00756831 0.571475  ]

rule7: Altitude > 4.482
probabilities_array:[0.36846718 0.10927635 0.         0.5222565 ]

rule12: curRoll < -0.009
probabilities_array:[0.41268033 0.         0.         0.5873197 ]

rule15: curRoll > 0.012
probabilities_array:[0.38474163 0.05787862 0.         0.5573798 ]

rule1: -3.607 < climbRate < -0.282
probabilities_array:[0.28801677 0.27171192 0.         0.44027132]

rule6: -12.575 < Altitude < 4.482
probabilities_array:[0.39245796 0.         0.01320594 0.5943361 ]

rule14: 0.002 < curRoll < 0.012
probabilities_array:[0.37023056 0.         0.         0.62976944]

rule10: 0.000 < RollRate < 0.004
probabilities_array:[0.275757   0.         0.13747358 0.5867694 ]

rule13: -0.009 < curRoll < 0.002
probabilities_array:[0.23036203 0.10769827 0.         0.66193974]

rule23: diffDiffClb = 0.0
probabilities_array:[0.22898865 0.         0.1023115  0.6686999 ]


---1---
rule2: -0.282 < climbRate < 3.043
probabilities_array:[0.         0.42652798 0.43776932 0.13570273]

rule3: climbRate > 3.043
probabilities_array:[0.         0.3675408  0.59852624 0.03393293]

rule18: 0.001 < diffClb < 0.121
probabilities_array:[0.         0.412574   0.28278306 0.30464295]

rule17: -0.119 < diffClb < 0.001
probabilities_array:[0.40997162 0.33551794 0.         0.2545104 ]

rule19: diffClb > 0.121
probabilities_array:[0.         0.2743709  0.58337677 0.14225233]

rule11: RollRate > 0.004
probabilities_array:[0.         0.32120866 0.2728435  0.40594783]

rule1: -3.607 < climbRate < -0.282
probabilities_array:[0.28801677 0.27171192 0.         0.44027132]

rule4: Altitude < -29.632
probabilities_array:[0.4622526  0.16202587 0.         0.37572157]

rule7: Altitude > 4.482
probabilities_array:[0.36846718 0.10927635 0.         0.5222565 ]


---2---
rule3: climbRate > 3.043
probabilities_array:[0.         0.3675408  0.59852624 0.03393293]

rule19: diffClb > 0.121
probabilities_array:[0.         0.2743709  0.58337677 0.14225233]

rule2: -0.282 < climbRate < 3.043
probabilities_array:[0.         0.42652798 0.43776932 0.13570273]

rule18: 0.001 < diffClb < 0.121
probabilities_array:[0.         0.412574   0.28278306 0.30464295]

rule11: RollRate > 0.004
probabilities_array:[0.         0.32120866 0.2728435  0.40594783]

rule10: 0.000 < RollRate < 0.004
probabilities_array:[0.275757   0.         0.13747358 0.5867694 ]

