R2: 0.1533713605736755

MAE: 34764892.227967955

MSE: 3719281932566874.0

Accuracy: 0.7378004369992717

F1: 0.7375184801264296

Confusion Matrix: [[529, 142], [218, 484]]

Uncertainties: {'class0': [0.5595568418502808, 0.5671126842498779, 0.6074977517127991, 0.6142596006393433, 0.6750761866569519], 'class1': [0.5382694602012634, 0.5567073225975037, 0.5748854875564575, 0.6240813732147217, 0.6345466375350952]}

Most important rules
-----------------------------

---0---
rule16: num_user_for_reviews < 36.101
probabilities_array:[0.4404432  0.         0.55955684]

rule49: -30363316.808 < budget < 41776822.588
probabilities_array:[0.4328873 0.        0.5671127]

rule9: -4689.974 < num_voted_users < 97886.858
probabilities_array:[0.39250228 0.         0.60749775]

rule12: num_critic_for_reviews < 76.298
probabilities_array:[0.38574037 0.         0.6142596 ]

rule6: 2003.272 < title_year < 2009.923
probabilities_array:[0.3249238 0.        0.6750762]

rule3: imdb_score > 7.220
probabilities_array:[0.32111704 0.         0.67888296]

rule7: title_year > 2009.923
probabilities_array:[0.2790074  0.         0.72099257]

rule41: -5473.018 < movie_facebook_likes < 8615.671
probabilities_array:[0.21024434 0.         0.78975564]


---1---
rule4: title_year < 1996.621
probabilities_array:[0.         0.46173054 0.53826946]

rule19: num_user_for_reviews > 587.467
probabilities_array:[0.         0.44329268 0.5567073 ]

rule50: 41776822.588 < budget < 113916961.983
probabilities_array:[0.        0.4251145 0.5748855]

rule10: 97886.858 < num_voted_users < 200463.689
probabilities_array:[0.        0.3759186 0.6240814]

rule51: budget > 113916961.983
probabilities_array:[0.         0.36545336 0.63454664]

rule11: num_voted_users > 200463.689
probabilities_array:[0.        0.3586443 0.6413557]

rule1: 5.709 < imdb_score < 6.464
probabilities_array:[0.         0.33441904 0.6655809 ]

rule15: num_critic_for_reviews > 239.873
probabilities_array:[0.         0.33327368 0.6667263 ]

rule0: imdb_score < 5.709
probabilities_array:[0.         0.31485346 0.6851466 ]

rule18: 311.784 < num_user_for_reviews < 587.467
probabilities_array:[0.         0.30350158 0.69649845]

rule14: 158.085 < num_critic_for_reviews < 239.873
probabilities_array:[0.         0.28409487 0.71590513]

rule26: 7599.907 < actor_1_facebook_likes < 19159.630
probabilities_array:[0.0027646  0.25035304 0.7468823 ]

rule47: duration > 124.883
probabilities_array:[0.00169745 0.24248274 0.7558198 ]

rule34: 739.411 < actor_3_facebook_likes < 2017.753
probabilities_array:[0.         0.20755531 0.7924447 ]

rule30: 1923.693 < actor_2_facebook_likes < 5060.553
probabilities_array:[0.         0.20387696 0.796123  ]

