R2: 0.16082565406584415

MAE: 34265051.198834665

MSE: 4259966302303936.0

Accuracy: 0.7793153678077204

F1: 0.7788644463757485

Confusion Matrix: [[566, 110], [193, 504]]

Uncertainties: {'class0': [0.4208850562572479, 0.5284780859947205, 0.5342879295349121, 0.583225667476654, 0.6222610473632812], 'class1': [0.4963518977165222, 0.5640634298324585, 0.5714917182922363, 0.6176690459251404, 0.6461902260780334]}

Most important rules
-----------------------------

---0---
rule51: budget > 230492124.272
probabilities_array:[0.5791149  0.         0.42088506]

rule36: cast_total_facebook_likes < 321.143
probabilities_array:[0.47152194 0.         0.5284781 ]

rule16: num_user_for_reviews < 51.281
probabilities_array:[0.46571207 0.         0.5342879 ]

rule9: -1356.572 < num_voted_users < 96238.528
probabilities_array:[0.4167743  0.         0.58322567]

rule49: -133711470.566 < budget < 48390326.853
probabilities_array:[0.37773892 0.         0.62226105]

rule3: imdb_score > 7.209
probabilities_array:[0.32996023 0.         0.6700398 ]

rule12: num_critic_for_reviews < 76.108
probabilities_array:[0.27211583 0.         0.7278842 ]

rule6: 2003.145 < title_year < 2009.950
probabilities_array:[0.26050702 0.         0.73949295]


---1---
rule4: title_year < 1996.341
probabilities_array:[0.        0.5036481 0.4963519]

rule10: 96238.528 < num_voted_users < 193833.628
probabilities_array:[0.         0.4359366  0.56406343]

rule50: 48390326.853 < budget < 230492124.272
probabilities_array:[0.         0.42850828 0.5714917 ]

rule19: num_user_for_reviews > 563.024
probabilities_array:[0.         0.38233095 0.61766905]

rule11: num_voted_users > 193833.628
probabilities_array:[0.         0.35380977 0.6461902 ]

rule1: 5.740 < imdb_score < 6.475
probabilities_array:[0.         0.34715188 0.6528481 ]

rule0: imdb_score < 5.740
probabilities_array:[0.         0.31202525 0.68797475]

rule43: movie_facebook_likes > 22666.700
probabilities_array:[0.        0.2805039 0.7194961]

rule14: 157.848 < num_critic_for_reviews < 239.587
probabilities_array:[0.00150259 0.27161822 0.7268791 ]

rule15: num_critic_for_reviews > 239.587
probabilities_array:[0.         0.26906246 0.73093754]

rule30: 1892.337 < actor_2_facebook_likes < 4952.188
probabilities_array:[0.         0.25862965 0.7413703 ]

rule35: actor_3_facebook_likes > 1961.823
probabilities_array:[0.01217737 0.2506447  0.7371779 ]

rule34: 724.328 < actor_3_facebook_likes < 1961.823
probabilities_array:[0.         0.24972112 0.7502789 ]

rule18: 307.152 < num_user_for_reviews < 563.024
probabilities_array:[1.6166874e-04 2.4577621e-01 7.5406212e-01]

rule38: 10676.819 < cast_total_facebook_likes < 21032.494
probabilities_array:[0.         0.24520694 0.75479305]

rule13: 76.108 < num_critic_for_reviews < 157.848
probabilities_array:[0.         0.23741554 0.76258445]

rule47: duration > 125.309
probabilities_array:[3.0339888e-06 2.3278801e-01 7.6720893e-01]

rule46: 109.623 < duration < 125.309
probabilities_array:[0.02839004 0.20075746 0.7708525 ]

rule37: 321.143 < cast_total_facebook_likes < 10676.819
probabilities_array:[0.         0.21113768 0.7888623 ]

rule27: actor_1_facebook_likes > 14526.256
probabilities_array:[0.         0.20370421 0.7962958 ]

