R2: 0.1451304221296611

MAE: 36122739.06263656

MSE: 4292853693479574.5

Accuracy: 0.7509104151493081

F1: 0.7508944259122508

Confusion Matrix: [[521, 129], [213, 510]]

Uncertainties: {'class0': [0.5043941736221313, 0.5197480320930481, 0.5908722877502441, 0.643042802810669, 0.6746848225593567], 'class1': [0.5549907684326172, 0.5699275732040405, 0.6022087931632996, 0.6043381690979004, 0.6157893538475037]}

Most important rules
-----------------------------

---0---
rule9: -4858.319 < num_voted_users < 97828.097
probabilities_array:[0.49560583 0.         0.5043942 ]

rule16: num_user_for_reviews < 34.901
probabilities_array:[0.480252   0.         0.51974803]

rule6: 2003.148 < title_year < 2009.933
probabilities_array:[0.40912768 0.         0.5908723 ]

rule49: -132470150.507 < budget < 45681683.956
probabilities_array:[0.3569572 0.        0.6430428]

rule3: imdb_score > 7.220
probabilities_array:[0.32531518 0.         0.6746848 ]

rule12: num_critic_for_reviews < 74.228
probabilities_array:[0.32128978 0.         0.6787102 ]

rule5: 1996.363 < title_year < 2003.148
probabilities_array:[0.2392868 0.        0.7607132]

rule7: title_year > 2009.933
probabilities_array:[0.22654726 0.         0.77345276]

rule41: -5568.243 < movie_facebook_likes < 8501.095
probabilities_array:[0.21613036 0.         0.7838696 ]


---1---
rule50: 45681683.956 < budget < 223833518.419
probabilities_array:[0.         0.44500923 0.55499077]

rule19: num_user_for_reviews > 590.607
probabilities_array:[0.         0.43007246 0.5699276 ]

rule30: 1798.489 < actor_2_facebook_likes < 4318.953
probabilities_array:[0.        0.3977912 0.6022088]

rule11: num_voted_users > 200514.512
probabilities_array:[0.         0.39566183 0.60433817]

rule4: title_year < 1996.363
probabilities_array:[0.         0.38421065 0.61578935]

rule10: 97828.097 < num_voted_users < 200514.512
probabilities_array:[0.        0.3497991 0.6502009]

rule14: 156.948 < num_critic_for_reviews < 239.667
probabilities_array:[0.         0.32426655 0.67573345]

rule18: 312.754 < num_user_for_reviews < 590.607
probabilities_array:[0.         0.32246405 0.67753595]

rule23: director_facebook_likes > 2801.333
probabilities_array:[0.00146516 0.31806007 0.6804747 ]

rule1: 5.719 < imdb_score < 6.469
probabilities_array:[0.        0.3123614 0.6876386]

rule21: -1268.952 < director_facebook_likes < 766.190
probabilities_array:[0.        0.2996266 0.7003734]

rule0: imdb_score < 5.719
probabilities_array:[0.         0.28920874 0.71079123]

rule35: actor_3_facebook_likes > 1831.336
probabilities_array:[0.         0.24797152 0.75202847]

rule13: 74.228 < num_critic_for_reviews < 156.948
probabilities_array:[0.         0.23867944 0.7613206 ]

rule31: actor_2_facebook_likes > 4318.953
probabilities_array:[3.9578154e-04 2.2665523e-01 7.7294904e-01]

rule15: num_critic_for_reviews > 239.667
probabilities_array:[0.         0.22076085 0.7792392 ]

rule46: 109.471 < duration < 124.619
probabilities_array:[0.        0.2160851 0.7839149]

rule34: 683.423 < actor_3_facebook_likes < 1831.336
probabilities_array:[0.         0.21231768 0.7876823 ]

rule47: duration > 124.619
probabilities_array:[0.0199547  0.19915858 0.7808867 ]

