R2: 0.1930252021069483

MAE: 31290069.720320467

MSE: 3035996351467861.5

Accuracy: 0.7734887108521485

F1: 0.7716860625212205

Confusion Matrix: [[592, 117], [194, 470]]

Uncertainties: {'class0': [0.593671441078186, 0.6032381653785706, 0.6076175570487976, 0.6375094056129456, 0.6403127908706665], 'class1': [0.44863012433052063, 0.6050969362258911, 0.6162639260292053, 0.6574385166168213, 0.6676859259605408]}

Most important rules
-----------------------------

---0---
rule16: num_user_for_reviews < 40.183
probabilities_array:[0.40632856 0.         0.59367144]

rule36: cast_total_facebook_likes < 336.021
probabilities_array:[0.39676183 0.         0.60323817]

rule49: -129917581.436 < budget < 47457410.441
probabilities_array:[0.3923824  0.         0.60761756]

rule12: num_critic_for_reviews < 77.392
probabilities_array:[0.3624906 0.        0.6375094]

rule9: -2096.921 < num_voted_users < 99569.139
probabilities_array:[0.3596872 0.        0.6403128]

rule6: 2003.157 < title_year < 2010.135
probabilities_array:[0.30634 0.      0.69366]

rule51: budget > 224832402.318
probabilities_array:[0.2781671 0.        0.7218329]

rule45: 94.217 < duration < 110.037
probabilities_array:[0.24338096 0.         0.75661904]

rule25: -623.728 < actor_1_facebook_likes < 7178.480
probabilities_array:[0.2260267  0.01168696 0.76228637]

rule3: imdb_score > 7.233
probabilities_array:[0.2140087 0.        0.7859913]


---1---
rule4: title_year < 1996.178
probabilities_array:[0.         0.55136985 0.44863012]

rule50: 47457410.441 < budget < 224832402.318
probabilities_array:[0.         0.39490306 0.60509694]

rule10: 99569.139 < num_voted_users < 201235.198
probabilities_array:[0.         0.38373607 0.6162639 ]

rule1: 5.739 < imdb_score < 6.486
probabilities_array:[0.         0.34256148 0.6574385 ]

rule35: actor_3_facebook_likes > 1961.666
probabilities_array:[0.         0.33231407 0.6676859 ]

rule11: num_voted_users > 201235.198
probabilities_array:[0.         0.32223466 0.6777653 ]

rule19: num_user_for_reviews > 592.483
probabilities_array:[0.         0.31228274 0.68771726]

rule15: num_critic_for_reviews > 245.694
probabilities_array:[0.         0.30212414 0.69787586]

rule14: 161.543 < num_critic_for_reviews < 245.694
probabilities_array:[0.         0.296329   0.70367104]

rule0: imdb_score < 5.739
probabilities_array:[0.         0.28426993 0.7157301 ]

rule23: director_facebook_likes > 2729.955
probabilities_array:[0.         0.27615756 0.72384244]

rule43: movie_facebook_likes > 23063.909
probabilities_array:[0.         0.26573765 0.73426235]

rule30: 1845.626 < actor_2_facebook_likes < 4451.454
probabilities_array:[0.         0.26452914 0.73547083]

rule34: 719.513 < actor_3_facebook_likes < 1961.666
probabilities_array:[0.00210995 0.25027022 0.74761987]

rule18: 316.333 < num_user_for_reviews < 592.483
probabilities_array:[0.         0.24679722 0.7532028 ]

rule37: 336.021 < cast_total_facebook_likes < 10695.289
probabilities_array:[0.         0.24405159 0.7559484 ]

rule13: 77.392 < num_critic_for_reviews < 161.543
probabilities_array:[0.         0.22480935 0.77519065]

rule21: -1259.534 < director_facebook_likes < 735.211
probabilities_array:[0.         0.20098796 0.799012  ]

rule42: 8978.934 < movie_facebook_likes < 23063.909
probabilities_array:[0.01938121 0.19108178 0.789537  ]

