R2: 0.16288182279465535

MAE: 33962149.86671522

MSE: 3753491037532982.0

Accuracy: 0.7472687545520758

F1: 0.7472253097800569

Confusion Matrix: [[522, 140], [207, 504]]

Uncertainties: {'class0': [0.5750236511230469, 0.6149138808250427, 0.6496075987815857, 0.710010290145874, 0.7157984375953674], 'class1': [0.48672428727149963, 0.5087051391601562, 0.581331729888916, 0.5855903625488281, 0.6193065047264099]}

Most important rules
-----------------------------

---0---
rule16: num_user_for_reviews < 42.091
probabilities_array:[0.42497632 0.         0.57502365]

rule6: 2003.238 < title_year < 2010.067
probabilities_array:[0.38508615 0.         0.6149139 ]

rule9: -2560.898 < num_voted_users < 96416.633
probabilities_array:[0.35039237 0.         0.6496076 ]

rule41: -5639.136 < movie_facebook_likes < 8875.233
probabilities_array:[0.28998974 0.         0.7100103 ]

rule49: -40571044.243 < budget < 43790401.444
probabilities_array:[0.28420156 0.         0.71579844]

rule12: num_critic_for_reviews < 75.617
probabilities_array:[0.26026154 0.         0.73973846]

rule3: imdb_score > 7.195
probabilities_array:[0.22251672 0.         0.7774833 ]

rule45: 94.332 < duration < 109.743
probabilities_array:[0.21910162 0.00523672 0.77566165]


---1---
rule50: 43790401.444 < budget < 128151847.130
probabilities_array:[0.         0.51327574 0.4867243 ]

rule4: title_year < 1996.408
probabilities_array:[0.         0.4912949  0.50870514]

rule1: 5.717 < imdb_score < 6.456
probabilities_array:[0.         0.41866824 0.58133173]

rule19: num_user_for_reviews > 573.333
probabilities_array:[0.         0.41440967 0.58559036]

rule30: 1858.501 < actor_2_facebook_likes < 4498.342
probabilities_array:[0.        0.3806935 0.6193065]

rule11: num_voted_users > 195394.165
probabilities_array:[0.         0.37036625 0.6296337 ]

rule51: budget > 128151847.130
probabilities_array:[0.         0.35537884 0.6446212 ]

rule14: 158.649 < num_critic_for_reviews < 241.680
probabilities_array:[0.         0.34155816 0.65844184]

rule13: 75.617 < num_critic_for_reviews < 158.649
probabilities_array:[0.         0.33294466 0.66705537]

rule0: imdb_score < 5.717
probabilities_array:[0.         0.32692033 0.67307967]

rule10: 96416.633 < num_voted_users < 195394.165
probabilities_array:[0.         0.31552553 0.68447447]

rule23: director_facebook_likes > 2865.392
probabilities_array:[0.         0.31213233 0.68786764]

rule35: actor_3_facebook_likes > 2104.326
probabilities_array:[0.       0.308414 0.691586]

rule15: num_critic_for_reviews > 241.680
probabilities_array:[0.         0.30642262 0.69357735]

rule43: movie_facebook_likes > 23389.602
probabilities_array:[0.         0.26226288 0.7377371 ]

rule18: 307.712 < num_user_for_reviews < 573.333
probabilities_array:[0.         0.23725468 0.7627453 ]

