R2: 0.14225930164235112

MAE: 34894263.18062636

MSE: 4255321964947875.0

Accuracy: 0.7603787327021122

F1: 0.7590489271759859

Confusion Matrix: [[573, 118], [211, 471]]

Uncertainties: {'class0': [0.577937662601471, 0.6373888850212097, 0.6726465225219727, 0.674754798412323, 0.6970489025115967], 'class1': [0.5434804558753967, 0.5590644478797913, 0.5777862668037415, 0.5904285311698914, 0.6032976508140564]}

Most important rules
-----------------------------

---0---
rule49: -35126364.366 < budget < 42174427.881
probabilities_array:[0.42206234 0.         0.57793766]

rule16: num_user_for_reviews < 46.409
probabilities_array:[0.3626111 0.        0.6373889]

rule9: -2094.007 < num_voted_users < 98998.995
probabilities_array:[0.3273535 0.        0.6726465]

rule6: 2003.137 < title_year < 2009.878
probabilities_array:[0.32524523 0.         0.6747548 ]

rule3: imdb_score > 7.217
probabilities_array:[0.3029511 0.        0.6970489]

rule12: num_critic_for_reviews < 76.570
probabilities_array:[0.29778466 0.         0.7022153 ]

rule7: title_year > 2009.878
probabilities_array:[0.25665173 0.         0.74334824]

rule45: 94.558 < duration < 109.864
probabilities_array:[0.2034563  0.00546737 0.79107636]


---1---
rule4: title_year < 1996.395
probabilities_array:[0.         0.4565195  0.54348046]

rule50: 42174427.881 < budget < 119475220.128
probabilities_array:[0.         0.44093555 0.55906445]

rule10: 98998.995 < num_voted_users < 200091.998
probabilities_array:[0.         0.42221373 0.57778627]

rule11: num_voted_users > 200091.998
probabilities_array:[0.         0.40957147 0.59042853]

rule51: budget > 119475220.128
probabilities_array:[0.         0.39670235 0.60329765]

rule19: num_user_for_reviews > 591.863
probabilities_array:[0.        0.3534612 0.6465388]

rule1: 5.734 < imdb_score < 6.476
probabilities_array:[0.        0.3497514 0.6502486]

rule30: 1892.068 < actor_2_facebook_likes < 4519.356
probabilities_array:[0.        0.3322775 0.6677225]

rule14: 160.358 < num_critic_for_reviews < 244.146
probabilities_array:[0.         0.32846674 0.6715333 ]

rule15: num_critic_for_reviews > 244.146
probabilities_array:[0.         0.3216847  0.67831534]

rule0: imdb_score < 5.734
probabilities_array:[0.         0.29410625 0.70589375]

rule18: 319.136 < num_user_for_reviews < 591.863
probabilities_array:[0.         0.29157165 0.7084284 ]

rule43: movie_facebook_likes > 23418.303
probabilities_array:[0.0159313  0.25317407 0.7308946 ]

rule35: actor_3_facebook_likes > 2040.202
probabilities_array:[0.         0.26025015 0.73974985]

rule46: 109.864 < duration < 125.169
probabilities_array:[0.         0.22873084 0.77126914]

rule42: 8806.888 < movie_facebook_likes < 23418.303
probabilities_array:[0.         0.22100519 0.7789948 ]

rule39: cast_total_facebook_likes > 24379.238
probabilities_array:[0.02787918 0.1870931  0.78502774]

