R2: 0.15935831197682226

MAE: 34487587.39766934

MSE: 4005666661921128.0

Accuracy: 0.7662053896576839

F1: 0.7644656785333515

Confusion Matrix: [[585, 145], [176, 467]]

Uncertainties: {'class0': [0.43184927105903625, 0.5979286432266235, 0.6000815033912659, 0.6412075757980347, 0.6541668772697449], 'class1': [0.44725868105888367, 0.5761422514915466, 0.5910598039627075, 0.6476861834526062, 0.6536595225334167]}

Most important rules
-----------------------------

---0---
rule8: num_voted_users < 2064.703
probabilities_array:[0.56815076 0.         0.43184927]

rule9: 2064.703 < num_voted_users < 96740.422
probabilities_array:[0.4020714  0.         0.59792864]

rule16: num_user_for_reviews < 53.361
probabilities_array:[0.39991847 0.         0.6000815 ]

rule12: num_critic_for_reviews < 77.460
probabilities_array:[0.35879242 0.         0.6412076 ]

rule3: imdb_score > 7.203
probabilities_array:[0.34583312 0.         0.6541669 ]

rule6: 2003.348 < title_year < 2009.975
probabilities_array:[0.34506908 0.         0.6549309 ]

rule49: -121778131.645 < budget < 44620151.793
probabilities_array:[0.33966535 0.         0.66033465]

rule51: budget > 211018435.231
probabilities_array:[0.23665851 0.         0.7633415 ]


---1---
rule4: title_year < 1996.721
probabilities_array:[0.         0.5527413  0.44725868]

rule19: num_user_for_reviews > 573.196
probabilities_array:[0.         0.42385778 0.57614225]

rule10: 96740.422 < num_voted_users < 191416.142
probabilities_array:[0.        0.4089402 0.5910598]

rule50: 44620151.793 < budget < 211018435.231
probabilities_array:[0.         0.35231382 0.6476862 ]

rule11: num_voted_users > 191416.142
probabilities_array:[0.         0.34634048 0.6536595 ]

rule1: 5.699 < imdb_score < 6.451
probabilities_array:[0.         0.33719832 0.6628017 ]

rule30: 1798.238 < actor_2_facebook_likes < 4815.818
probabilities_array:[0.         0.30907023 0.6909298 ]

rule14: 159.392 < num_critic_for_reviews < 241.323
probabilities_array:[0.00210789 0.3059317  0.6919604 ]

rule15: num_critic_for_reviews > 241.323
probabilities_array:[0.         0.30212647 0.69787353]

rule18: 313.279 < num_user_for_reviews < 573.196
probabilities_array:[0.         0.28743887 0.71256113]

rule35: actor_3_facebook_likes > 1918.224
probabilities_array:[0.00205788 0.27936563 0.7185765 ]

rule47: duration > 124.657
probabilities_array:[0.01111452 0.25685623 0.7320293 ]

rule23: director_facebook_likes > 2777.600
probabilities_array:[0.        0.2577213 0.7422787]

rule0: imdb_score < 5.699
probabilities_array:[0.         0.24793983 0.7520602 ]

rule34: 705.156 < actor_3_facebook_likes < 1918.224
probabilities_array:[0.         0.23802368 0.7619763 ]

rule43: movie_facebook_likes > 22692.241
probabilities_array:[0.         0.22457847 0.7754215 ]

