R2: 0.1564854071112044

MAE: 34973287.07720321

MSE: 3810870987431697.5

Accuracy: 0.741442097596504

F1: 0.7410706933875186

Confusion Matrix: [[535, 142], [213, 483]]

Uncertainties: {'class0': [0.5053083896636963, 0.5377845764160156, 0.5512512922286987, 0.5945501327514648, 0.6486778855323792], 'class1': [0.534124493598938, 0.581920325756073, 0.6116084456443787, 0.6293103694915771, 0.6532723307609558]}

Most important rules
-----------------------------

---0---
rule16: num_user_for_reviews < 38.878
probabilities_array:[0.49469158 0.         0.5053084 ]

rule9: -901.451 < num_voted_users < 94676.454
probabilities_array:[0.46221542 0.         0.5377846 ]

rule49: -124578490.076 < budget < 47033998.972
probabilities_array:[0.4487487 0.        0.5512513]

rule6: 2003.592 < title_year < 2010.123
probabilities_array:[0.40544984 0.         0.59455013]

rule12: num_critic_for_reviews < 76.443
probabilities_array:[0.35132214 0.         0.6486779 ]

rule51: budget > 218646488.019
probabilities_array:[0.34141728 0.         0.6585827 ]

rule3: imdb_score > 7.185
probabilities_array:[0.27535146 0.         0.72464854]

rule7: title_year > 2010.123
probabilities_array:[0.2369251  0.         0.76307493]

rule5: 1997.060 < title_year < 2003.592
probabilities_array:[0.20027545 0.         0.7997246 ]


---1---
rule4: title_year < 1997.060
probabilities_array:[0.        0.4658755 0.5341245]

rule10: 94676.454 < num_voted_users < 190254.360
probabilities_array:[0.         0.41807964 0.5819203 ]

rule50: 47033998.972 < budget < 218646488.019
probabilities_array:[0.         0.38839152 0.61160845]

rule19: num_user_for_reviews > 583.723
probabilities_array:[0.         0.37068963 0.62931037]

rule18: 311.301 < num_user_for_reviews < 583.723
probabilities_array:[0.         0.34672767 0.65327233]

rule23: director_facebook_likes > 2665.731
probabilities_array:[1.1478362e-05 3.4330100e-01 6.5668756e-01]

rule30: 1839.087 < actor_2_facebook_likes < 4412.394
probabilities_array:[0.         0.33844966 0.66155034]

rule34: 716.287 < actor_3_facebook_likes < 1942.161
probabilities_array:[0.         0.32397714 0.6760228 ]

rule1: 5.721 < imdb_score < 6.453
probabilities_array:[0.        0.3194428 0.6805572]

rule11: num_voted_users > 190254.360
probabilities_array:[0.         0.30096516 0.69903487]

rule15: num_critic_for_reviews > 243.253
probabilities_array:[0.        0.2939828 0.7060172]

rule0: imdb_score < 5.721
probabilities_array:[0.         0.28597522 0.7140248 ]

rule47: duration > 124.693
probabilities_array:[9.3122264e-07 2.8594112e-01 7.1405798e-01]

rule14: 159.848 < num_critic_for_reviews < 243.253
probabilities_array:[0.         0.26956788 0.73043215]

rule21: -1242.912 < director_facebook_likes < 711.409
probabilities_array:[0.        0.2602728 0.7397272]

rule26: 7407.165 < actor_1_facebook_likes < 18612.784
probabilities_array:[0.01196443 0.24982964 0.73820585]

rule31: actor_2_facebook_likes > 4412.394
probabilities_array:[0.         0.24488145 0.75511855]

rule46: 109.374 < duration < 124.693
probabilities_array:[0.00430162 0.24266446 0.75303394]

rule43: movie_facebook_likes > 23320.541
probabilities_array:[0.         0.21403232 0.7859677 ]

