R2: 0.13377210906348214

MAE: 35840002.744719595

MSE: 4630660314909888.0

Accuracy: 0.7618353969410051

F1: 0.7610642640277375

Confusion Matrix: [[562, 132], [195, 484]]

Uncertainties: {'class0': [0.41490721702575684, 0.5111278891563416, 0.5486283898353577, 0.559199333190918, 0.5675036311149597], 'class1': [0.55165696144104, 0.5739957094192505, 0.584548830986023, 0.6010147333145142, 0.6439467072486877]}

Most important rules
-----------------------------

---0---
rule51: budget > 229714244.322
probabilities_array:[0.5850928  0.         0.41490722]

rule16: num_user_for_reviews < 49.664
probabilities_array:[0.48887214 0.         0.5111279 ]

rule9: -725.892 < num_voted_users < 97823.021
probabilities_array:[0.45137158 0.         0.5486284 ]

rule49: -134205088.698 < budget < 47754577.812
probabilities_array:[0.44080067 0.         0.55919933]

rule6: 2003.335 < title_year < 2009.948
probabilities_array:[0.43249637 0.         0.56750363]

rule7: title_year > 2009.948
probabilities_array:[0.33931395 0.         0.660686  ]

rule12: num_critic_for_reviews < 78.621
probabilities_array:[0.33519244 0.         0.66480756]

rule3: imdb_score > 7.222
probabilities_array:[0.32919377 0.         0.6708062 ]

rule45: 94.343 < duration < 109.445
probabilities_array:[0.2874898 0.        0.7125102]

rule5: 1996.723 < title_year < 2003.335
probabilities_array:[0.21201387 0.         0.78798616]

rule44: duration < 94.343
probabilities_array:[0.20305695 0.00411941 0.7928237 ]


---1---
rule11: num_voted_users > 196371.934
probabilities_array:[0.         0.44834304 0.55165696]

rule0: imdb_score < 5.765
probabilities_array:[0.        0.4260043 0.5739957]

rule10: 97823.021 < num_voted_users < 196371.934
probabilities_array:[0.         0.41545117 0.58454883]

rule4: title_year < 1996.723
probabilities_array:[0.         0.3989853  0.60101473]

rule30: 1980.963 < actor_2_facebook_likes < 5162.886
probabilities_array:[0.         0.35605332 0.6439467 ]

rule35: actor_3_facebook_likes > 2054.625
probabilities_array:[0.         0.35442713 0.6455729 ]

rule50: 47754577.812 < budget < 229714244.322
probabilities_array:[0.         0.34109566 0.6589044 ]

rule15: num_critic_for_reviews > 240.386
probabilities_array:[0.        0.3166853 0.6833147]

rule19: num_user_for_reviews > 576.782
probabilities_array:[0.         0.31262112 0.6873789 ]

rule1: 5.765 < imdb_score < 6.493
probabilities_array:[0.         0.30672377 0.6932762 ]

rule26: 7595.478 < actor_1_facebook_likes < 18903.712
probabilities_array:[0.         0.29271215 0.70728785]

rule14: 159.504 < num_critic_for_reviews < 240.386
probabilities_array:[4.8600559e-04 2.8616515e-01 7.1334887e-01]

rule18: 313.223 < num_user_for_reviews < 576.782
probabilities_array:[0.         0.27183858 0.72816145]

rule34: 758.698 < actor_3_facebook_likes < 2054.625
probabilities_array:[0.        0.2553035 0.7446965]

rule23: director_facebook_likes > 2802.817
probabilities_array:[0.         0.22078301 0.779217  ]

rule39: cast_total_facebook_likes > 25027.715
probabilities_array:[0.         0.21869157 0.7813084 ]

rule21: -1251.975 < director_facebook_likes < 775.421
probabilities_array:[0.         0.20471208 0.7952879 ]

rule31: actor_2_facebook_likes > 5162.886
probabilities_array:[0.02793419 0.19068532 0.78138053]

