R2: 0.14032169431313812

MAE: 35013193.96285506

MSE: 4267691404400803.5

Accuracy: 0.739985433357611

F1: 0.7399655700177985

Confusion Matrix: [[502, 143], [214, 514]]

Uncertainties: {'class0': [0.5010091066360474, 0.545371413230896, 0.6335600018501282, 0.6447272300720215, 0.672934889793396], 'class1': [0.4793209731578827, 0.5373372435569763, 0.5375585556030273, 0.5396490097045898, 0.5509034991264343]}

Most important rules
-----------------------------

---0---
rule3: imdb_score > 7.211
probabilities_array:[0.49899083 0.         0.5010091 ]

rule16: num_user_for_reviews < 48.481
probabilities_array:[0.45462862 0.         0.5453714 ]

rule9: 1948.026 < num_voted_users < 94095.841
probabilities_array:[0.36644003 0.         0.63356   ]

rule8: num_voted_users < 1948.026
probabilities_array:[0.35527277 0.         0.64472723]

rule49: -131596505.497 < budget < 46864967.121
probabilities_array:[0.3270651 0.        0.6729349]

rule6: 2003.195 < title_year < 2009.831
probabilities_array:[0.32233492 0.         0.6776651 ]

rule51: budget > 225326439.739
probabilities_array:[0.2624582  0.01732281 0.72021896]

rule7: title_year > 2009.831
probabilities_array:[0.24617563 0.         0.75382435]

rule12: num_critic_for_reviews < 74.055
probabilities_array:[0.24176103 0.         0.758239  ]


---1---
rule4: title_year < 1996.559
probabilities_array:[0.         0.520679   0.47932097]

rule19: num_user_for_reviews > 558.075
probabilities_array:[0.         0.46266276 0.53733724]

rule50: 46864967.121 < budget < 225326439.739
probabilities_array:[0.         0.46244147 0.53755856]

rule10: 94095.841 < num_voted_users < 186243.656
probabilities_array:[0.       0.460351 0.539649]

rule11: num_voted_users > 186243.656
probabilities_array:[0.         0.44909653 0.5509035 ]

rule15: num_critic_for_reviews > 239.697
probabilities_array:[0.         0.37922552 0.62077445]

rule18: 303.278 < num_user_for_reviews < 558.075
probabilities_array:[0.         0.36188895 0.63811105]

rule43: movie_facebook_likes > 21891.236
probabilities_array:[0.        0.3241056 0.6758944]

rule30: 1857.216 < actor_2_facebook_likes < 4437.743
probabilities_array:[0.         0.31669652 0.6833035 ]

rule14: 156.876 < num_critic_for_reviews < 239.697
probabilities_array:[0.         0.30790207 0.6920979 ]

rule13: 74.055 < num_critic_for_reviews < 156.876
probabilities_array:[0.         0.29809803 0.701902  ]

rule23: director_facebook_likes > 2726.789
probabilities_array:[0.         0.28446692 0.7155331 ]

rule35: actor_3_facebook_likes > 1879.688
probabilities_array:[0.         0.27200213 0.72799784]

rule47: duration > 124.747
probabilities_array:[0.01776931 0.24149193 0.74073875]

rule46: 109.647 < duration < 124.747
probabilities_array:[0.         0.23539919 0.7646008 ]

rule34: 717.960 < actor_3_facebook_likes < 1879.688
probabilities_array:[0.00329468 0.21848303 0.7782223 ]

rule1: 5.738 < imdb_score < 6.474
probabilities_array:[0.         0.20242353 0.7975765 ]

