R2: 0.16156532409206759

MAE: 34540484.733430445

MSE: 4107899044317148.0

Accuracy: 0.7676620538965768

F1: 0.7667891503684895

Confusion Matrix: [[569, 114], [205, 485]]

Uncertainties: {'class0': [0.5290191769599915, 0.5555714964866638, 0.5790613293647766, 0.5885905623435974, 0.6217815279960632], 'class1': [0.445637583732605, 0.5861303806304932, 0.5948100686073303, 0.6269906163215637, 0.6319193243980408]}

Most important rules
-----------------------------

---0---
rule16: num_user_for_reviews < 45.553
probabilities_array:[0.4709808 0.        0.5290192]

rule3: imdb_score > 7.202
probabilities_array:[0.4444285 0.        0.5555715]

rule49: -40224753.522 < budget < 42854495.610
probabilities_array:[0.42093864 0.         0.5790613 ]

rule9: -677.748 < num_voted_users < 96174.967
probabilities_array:[0.41140944 0.         0.58859056]

rule12: num_critic_for_reviews < 77.444
probabilities_array:[3.7795621e-01 2.6228616e-04 6.2178153e-01]

rule6: 2003.145 < title_year < 2010.082
probabilities_array:[0.28404105 0.         0.71595895]


---1---
rule4: title_year < 1996.207
probabilities_array:[0.         0.5543624  0.44563758]

rule10: 96174.967 < num_voted_users < 193027.682
probabilities_array:[0.        0.4138696 0.5861304]

rule19: num_user_for_reviews > 574.464
probabilities_array:[0.         0.4051899  0.59481007]

rule11: num_voted_users > 193027.682
probabilities_array:[0.         0.37300938 0.6269906 ]

rule50: 42854495.610 < budget < 125933744.742
probabilities_array:[0.        0.3680807 0.6319193]

rule30: 1943.029 < actor_2_facebook_likes < 5089.643
probabilities_array:[0.         0.36701953 0.63298047]

rule51: budget > 125933744.742
probabilities_array:[0.         0.32410926 0.67589074]

rule23: director_facebook_likes > 2810.239
probabilities_array:[0.00313253 0.29823428 0.69863325]

rule0: imdb_score < 5.719
probabilities_array:[0.         0.29625276 0.7037473 ]

rule14: 160.059 < num_critic_for_reviews < 242.674
probabilities_array:[0.00125613 0.28797257 0.7107713 ]

rule43: movie_facebook_likes > 23273.629
probabilities_array:[0.         0.26181242 0.73818755]

rule1: 5.719 < imdb_score < 6.461
probabilities_array:[0.         0.24956676 0.75043327]

rule35: actor_3_facebook_likes > 1920.764
probabilities_array:[0.         0.24755159 0.7524484 ]

rule15: num_critic_for_reviews > 242.674
probabilities_array:[0.         0.23084301 0.769157  ]

rule18: 310.009 < num_user_for_reviews < 574.464
probabilities_array:[0.         0.22238407 0.7776159 ]

rule21: -1256.368 < director_facebook_likes < 776.936
probabilities_array:[0.         0.20622838 0.7937716 ]

rule47: duration > 124.088
probabilities_array:[0.02154773 0.19179307 0.7866592 ]

rule46: 109.312 < duration < 124.088
probabilities_array:[0.         0.20180567 0.79819435]

