R2: 0.18947598080895678

MAE: 33474931.608157318

MSE: 3439918896227269.0

Accuracy: 0.7640203932993445

F1: 0.7630246621578429

Confusion Matrix: [[569, 142], [182, 480]]

Uncertainties: {'class0': [0.49619731307029724, 0.5713735222816467, 0.5874202251434326, 0.5962617993354797, 0.6484971046447754], 'class1': [0.5581777095794678, 0.5874624252319336, 0.5876452922821045, 0.5914182066917419, 0.6330260038375854]}

Most important rules
-----------------------------

---0---
rule16: num_user_for_reviews < 52.119
probabilities_array:[0.50380266 0.         0.4961973 ]

rule6: 2003.288 < title_year < 2010.007
probabilities_array:[0.42862648 0.         0.5713735 ]

rule9: 2055.675 < num_voted_users < 97454.921
probabilities_array:[0.41257977 0.         0.5874202 ]

rule8: num_voted_users < 2055.675
probabilities_array:[0.40373823 0.         0.5962618 ]

rule49: -40900381.033 < budget < 43927097.019
probabilities_array:[0.35150293 0.         0.6484971 ]

rule7: title_year > 2010.007
probabilities_array:[0.305825 0.       0.694175]

rule3: imdb_score > 7.230
probabilities_array:[0.27453673 0.         0.7254633 ]

rule12: num_critic_for_reviews < 77.688
probabilities_array:[0.24430288 0.         0.75569713]

rule41: -5440.063 < movie_facebook_likes < 8879.908
probabilities_array:[0.20606083 0.01478138 0.7791578 ]

rule5: 1996.570 < title_year < 2003.288
probabilities_array:[0.20337176 0.         0.79662824]


---1---
rule19: num_user_for_reviews > 569.436
probabilities_array:[0.         0.44182226 0.5581777 ]

rule50: 43927097.019 < budget < 128754575.071
probabilities_array:[0.         0.41253757 0.5874624 ]

rule1: 5.757 < imdb_score < 6.494
probabilities_array:[0.        0.4123547 0.5876453]

rule10: 97454.921 < num_voted_users < 192854.168
probabilities_array:[0.        0.4085818 0.5914182]

rule51: budget > 128754575.071
probabilities_array:[0.         0.36697397 0.633026  ]

rule23: director_facebook_likes > 2740.014
probabilities_array:[0.         0.36636332 0.63363665]

rule4: title_year < 1996.570
probabilities_array:[0.         0.36608338 0.6339166 ]

rule30: 1883.005 < actor_2_facebook_likes < 4962.581
probabilities_array:[0.       0.356877 0.643123]

rule11: num_voted_users > 192854.168
probabilities_array:[0.         0.34740666 0.6525933 ]

rule0: imdb_score < 5.757
probabilities_array:[0.         0.33896786 0.66103214]

rule43: movie_facebook_likes > 23199.880
probabilities_array:[0.         0.31223264 0.6877674 ]

rule35: actor_3_facebook_likes > 1909.727
probabilities_array:[0.         0.31047553 0.6895245 ]

rule14: 160.185 < num_critic_for_reviews < 242.682
probabilities_array:[0.         0.28444138 0.71555865]

rule18: 310.777 < num_user_for_reviews < 569.436
probabilities_array:[0.        0.2788567 0.7211433]

rule15: num_critic_for_reviews > 242.682
probabilities_array:[6.8914314e-04 2.7219626e-01 7.2711468e-01]

rule13: 77.688 < num_critic_for_reviews < 160.185
probabilities_array:[0.         0.2509975  0.74900246]

rule38: 10919.862 < cast_total_facebook_likes < 24316.222
probabilities_array:[0.        0.2342443 0.7657557]

