R2: 0.17595966869362278

MAE: 32243130.136198107

MSE: 3078722031580475.5

Accuracy: 0.7341587764020393

F1: 0.7327410540821457

Confusion Matrix: [[554, 135], [230, 454]]

Uncertainties: {'class0': [0.5667336583137512, 0.5839635729789734, 0.6260475516319275, 0.6673882007598877, 0.6714609861373901], 'class1': [0.4518095552921295, 0.4911865293979645, 0.5035873055458069, 0.5140998363494873, 0.5257377624511719]}

Most important rules
-----------------------------

---0---
rule16: num_user_for_reviews < 38.485
probabilities_array:[0.43326634 0.         0.56673366]

rule3: imdb_score > 7.231
probabilities_array:[0.4160364 0.        0.5839636]

rule49: -129747960.228 < budget < 46921664.317
probabilities_array:[0.37395242 0.         0.62604755]

rule51: budget > 223591288.862
probabilities_array:[0.33261183 0.         0.6673882 ]

rule6: 2003.197 < title_year < 2009.910
probabilities_array:[0.328539 0.       0.671461]

rule9: -4290.385 < num_voted_users < 100105.079
probabilities_array:[0.31247216 0.         0.68752784]

rule12: num_critic_for_reviews < 76.375
probabilities_array:[0.3101234 0.        0.6898766]

rule7: title_year > 2009.910
probabilities_array:[0.2016231 0.        0.7983769]


---1---
rule4: title_year < 1996.484
probabilities_array:[0.         0.5481904  0.45180956]

rule19: num_user_for_reviews > 598.005
probabilities_array:[0.         0.50881344 0.49118653]

rule50: 46921664.317 < budget < 223591288.862
probabilities_array:[0.         0.49641272 0.5035873 ]

rule11: num_voted_users > 204500.543
probabilities_array:[0.         0.48590013 0.51409984]

rule10: 100105.079 < num_voted_users < 204500.543
probabilities_array:[0.         0.47426227 0.52573776]

rule18: 318.245 < num_user_for_reviews < 598.005
probabilities_array:[0.         0.37911427 0.6208857 ]

rule15: num_critic_for_reviews > 242.606
probabilities_array:[0.         0.34570637 0.65429366]

rule14: 159.491 < num_critic_for_reviews < 242.606
probabilities_array:[0.         0.33070666 0.66929334]

rule46: 110.239 < duration < 126.392
probabilities_array:[0.         0.29123288 0.7087671 ]

rule43: movie_facebook_likes > 23441.938
probabilities_array:[0.        0.2725991 0.7274009]

rule47: duration > 126.392
probabilities_array:[0.02612509 0.2548434  0.71903145]

rule35: actor_3_facebook_likes > 2022.116
probabilities_array:[0.         0.26312777 0.7368722 ]

rule13: 76.375 < num_critic_for_reviews < 159.491
probabilities_array:[0.         0.24416056 0.7558394 ]

rule1: 5.756 < imdb_score < 6.494
probabilities_array:[0.        0.2370616 0.7629384]

rule0: imdb_score < 5.756
probabilities_array:[0.         0.22257634 0.7774237 ]

rule30: 1956.807 < actor_2_facebook_likes < 5123.305
probabilities_array:[0.        0.2079323 0.7920677]

