R2: 0.1470456064225748

MAE: 33886291.79169701

MSE: 3930693046637578.5

Accuracy: 0.7319737800437

F1: 0.7304568636237543

Confusion Matrix: [[554, 145], [223, 451]]

Uncertainties: {'class0': [0.4929560720920563, 0.508576512336731, 0.5366798639297485, 0.5825665593147278, 0.5974395275115967], 'class1': [0.5405101776123047, 0.5581441521644592, 0.5915687084197998, 0.5973309278488159, 0.6066854000091553]}

Most important rules
-----------------------------

---0---
rule51: budget > 228842479.952
probabilities_array:[0.5070439  0.         0.49295607]

rule6: 2003.254 < title_year < 2010.044
probabilities_array:[0.4914235 0.        0.5085765]

rule9: -2506.959 < num_voted_users < 100288.235
probabilities_array:[0.46332014 0.         0.53667986]

rule49: -133217139.838 < budget < 47812670.057
probabilities_array:[0.41743347 0.         0.58256656]

rule16: num_user_for_reviews < 40.526
probabilities_array:[0.40256047 0.         0.5974395 ]

rule5: 1996.465 < title_year < 2003.254
probabilities_array:[0.28861985 0.         0.7113801 ]

rule12: num_critic_for_reviews < 77.006
probabilities_array:[0.26482514 0.         0.7351749 ]

rule3: imdb_score > 7.221
probabilities_array:[0.26471117 0.         0.73528886]

rule7: title_year > 2010.044
probabilities_array:[0.21306035 0.         0.7869397 ]

rule44: duration < 94.081
probabilities_array:[0.19989905 0.01374824 0.7863527 ]


---1---
rule19: num_user_for_reviews > 602.474
probabilities_array:[0.         0.45948985 0.5405102 ]

rule10: 100288.235 < num_voted_users < 203083.430
probabilities_array:[0.         0.44185585 0.55814415]

rule1: 5.715 < imdb_score < 6.468
probabilities_array:[0.        0.4084313 0.5915687]

rule11: num_voted_users > 203083.430
probabilities_array:[0.         0.40266907 0.5973309 ]

rule4: title_year < 1996.465
probabilities_array:[0.        0.3933146 0.6066854]

rule50: 47812670.057 < budget < 228842479.952
probabilities_array:[0.         0.3791168  0.62088317]

rule0: imdb_score < 5.715
probabilities_array:[0.         0.3620133  0.63798666]

rule18: 321.500 < num_user_for_reviews < 602.474
probabilities_array:[0.         0.32086036 0.6791397 ]

rule14: 161.069 < num_critic_for_reviews < 245.132
probabilities_array:[0.         0.31770876 0.68229127]

rule43: movie_facebook_likes > 24184.309
probabilities_array:[0.         0.30570138 0.6942986 ]

rule23: director_facebook_likes > 2629.462
probabilities_array:[0.         0.30347455 0.69652545]

rule34: 778.359 < actor_3_facebook_likes < 2105.274
probabilities_array:[0.         0.28237158 0.7176284 ]

rule15: num_critic_for_reviews > 245.132
probabilities_array:[0.         0.272935   0.72706497]

rule30: 1883.559 < actor_2_facebook_likes < 4958.927
probabilities_array:[0.         0.25591397 0.744086  ]

rule13: 77.006 < num_critic_for_reviews < 161.069
probabilities_array:[0.         0.25575465 0.74424535]

rule47: duration > 125.233
probabilities_array:[0.         0.22639586 0.77360415]

rule21: -1219.233 < director_facebook_likes < 705.115
probabilities_array:[0.         0.21217185 0.78782815]

rule35: actor_3_facebook_likes > 2105.274
probabilities_array:[0.         0.20276393 0.7972361 ]

