R2: 0.18090559279622265

MAE: 32665865.81500364

MSE: 3786934494503907.5

Accuracy: 0.7705753823743627

F1: 0.7670882463023149

Confusion Matrix: [[613, 117], [198, 445]]

Uncertainties: {'class0': [0.47360947728157043, 0.4910467267036438, 0.6144711375236511, 0.6310478448867798, 0.6368539929389954], 'class1': [0.5239920020103455, 0.5505430698394775, 0.5521106123924255, 0.5642192959785461, 0.6074866652488708]}

Most important rules
-----------------------------

---0---
rule16: num_user_for_reviews < 41.543
probabilities_array:[0.5263905  0.         0.47360948]

rule51: budget > 226667095.296
probabilities_array:[0.5089533  0.         0.49104673]

rule49: -131292723.860 < budget < 47687185.718
probabilities_array:[0.3855289  0.         0.61447114]

rule6: 2003.296 < title_year < 2009.831
probabilities_array:[0.36895216 0.         0.63104784]

rule3: imdb_score > 7.212
probabilities_array:[0.363146 0.       0.636854]

rule9: -922.280 < num_voted_users < 99862.964
probabilities_array:[0.32108253 0.         0.67891747]

rule12: num_critic_for_reviews < 77.244
probabilities_array:[0.24179426 0.         0.7582058 ]

rule7: title_year > 2009.831
probabilities_array:[0.23124418 0.         0.7687558 ]


---1---
rule50: 47687185.718 < budget < 226667095.296
probabilities_array:[0.       0.476008 0.523992]

rule10: 99862.964 < num_voted_users < 200648.207
probabilities_array:[0.         0.4494569  0.55054307]

rule4: title_year < 1996.761
probabilities_array:[0.        0.4478894 0.5521106]

rule11: num_voted_users > 200648.207
probabilities_array:[0.         0.43578067 0.5642193 ]

rule19: num_user_for_reviews > 602.783
probabilities_array:[0.         0.39251333 0.60748667]

rule18: 322.163 < num_user_for_reviews < 602.783
probabilities_array:[0.00129185 0.35086092 0.64784724]

rule30: 1864.310 < actor_2_facebook_likes < 4477.734
probabilities_array:[0.         0.33251745 0.66748255]

rule15: num_critic_for_reviews > 245.553
probabilities_array:[0.00132675 0.30297738 0.6956958 ]

rule43: movie_facebook_likes > 24091.798
probabilities_array:[0.         0.29858705 0.7014129 ]

rule1: 5.713 < imdb_score < 6.462
probabilities_array:[0.         0.2849702  0.71502984]

rule35: actor_3_facebook_likes > 1960.537
probabilities_array:[0.         0.28298694 0.71701306]

rule14: 161.398 < num_critic_for_reviews < 245.553
probabilities_array:[0.         0.2818025  0.71819746]

rule47: duration > 124.807
probabilities_array:[0.00669829 0.26895347 0.7243483 ]

rule0: imdb_score < 5.713
probabilities_array:[0.        0.2636012 0.7363988]

rule46: 109.629 < duration < 124.807
probabilities_array:[0.         0.24919344 0.75080657]

rule13: 77.244 < num_critic_for_reviews < 161.398
probabilities_array:[0.         0.22434646 0.77565354]

