R2: 0.14986975399622093

MAE: 34191672.86926439

MSE: 4062873727602508.5

Accuracy: 0.7618353969410051

F1: 0.7613167871058083

Confusion Matrix: [[555, 111], [216, 491]]

Uncertainties: {'class0': [0.5576034188270569, 0.5639954805374146, 0.599786639213562, 0.6154646277427673, 0.6408160328865051], 'class1': [0.47497764229774475, 0.4798535704612732, 0.4998493790626526, 0.5938106179237366, 0.5970348119735718]}

Most important rules
-----------------------------

---0---
rule16: num_user_for_reviews < 51.486
probabilities_array:[0.4423966 0.        0.5576034]

rule3: imdb_score > 7.207
probabilities_array:[0.4360045 0.        0.5639955]

rule8: num_voted_users < 484.188
probabilities_array:[0.40021336 0.         0.59978664]

rule9: 484.188 < num_voted_users < 97560.782
probabilities_array:[0.38453534 0.         0.6154646 ]

rule51: budget > 221203770.683
probabilities_array:[0.35918394 0.         0.64081603]

rule12: num_critic_for_reviews < 77.733
probabilities_array:[0.33853927 0.         0.66146076]

rule49: -130021796.412 < budget < 45590987.136
probabilities_array:[0.3229164 0.        0.6770836]

rule6: 2003.322 < title_year < 2009.955
probabilities_array:[0.28192654 0.         0.7180735 ]

rule7: title_year > 2009.955
probabilities_array:[0.26271677 0.         0.73728323]

rule41: -4926.079 < movie_facebook_likes < 8652.161
probabilities_array:[0.20558073 0.         0.7944193 ]


---1---
rule4: title_year < 1996.689
probabilities_array:[0.         0.5250224  0.47497764]

rule11: num_voted_users > 194637.377
probabilities_array:[0.         0.5201464  0.47985357]

rule50: 45590987.136 < budget < 221203770.683
probabilities_array:[0.         0.5001506  0.49984938]

rule0: imdb_score < 5.736
probabilities_array:[0.         0.40618935 0.5938106 ]

rule19: num_user_for_reviews > 567.819
probabilities_array:[0.         0.40296516 0.5970348 ]

rule10: 97560.782 < num_voted_users < 194637.377
probabilities_array:[0.        0.3477389 0.6522611]

rule1: 5.736 < imdb_score < 6.471
probabilities_array:[0.         0.34279993 0.65720004]

rule14: 160.488 < num_critic_for_reviews < 243.243
probabilities_array:[0.         0.32778212 0.6722179 ]

rule35: actor_3_facebook_likes > 1921.111
probabilities_array:[0.         0.3199114  0.68008864]

rule15: num_critic_for_reviews > 243.243
probabilities_array:[0.        0.3042762 0.6957238]

rule18: 309.652 < num_user_for_reviews < 567.819
probabilities_array:[0.02243733 0.28082815 0.6967345 ]

rule43: movie_facebook_likes > 22230.401
probabilities_array:[0.         0.28327292 0.7167271 ]

rule30: 1913.619 < actor_2_facebook_likes < 5018.299
probabilities_array:[0.      0.27775 0.72225]

rule47: duration > 124.836
probabilities_array:[0.00567052 0.27272072 0.72160876]

rule23: director_facebook_likes > 2727.432
probabilities_array:[0.02012048 0.19503084 0.78484875]

