R2: 0.17151410248734078

MAE: 33392229.002549164

MSE: 3625657695758138.5

Accuracy: 0.7581937363437727

F1: 0.7571268424507472

Confusion Matrix: [[566, 132], [200, 475]]

Uncertainties: {'class0': [0.5031540393829346, 0.5551998019218445, 0.55648273229599, 0.6150481700897217, 0.628591775894165], 'class1': [0.5089269280433655, 0.5322545170783997, 0.5456455945968628, 0.548205554485321, 0.6206376552581787]}

Most important rules
-----------------------------

---0---
rule36: cast_total_facebook_likes < 286.071
probabilities_array:[0.496846   0.         0.50315404]

rule16: num_user_for_reviews < 39.407
probabilities_array:[0.44480023 0.         0.5551998 ]

rule3: imdb_score > 7.229
probabilities_array:[0.4435173  0.         0.55648273]

rule51: budget > 226265259.354
probabilities_array:[0.38495183 0.         0.61504817]

rule9: -3139.142 < num_voted_users < 98924.608
probabilities_array:[0.37140825 0.         0.6285918 ]

rule12: num_critic_for_reviews < 76.981
probabilities_array:[0.3267044 0.        0.6732956]

rule49: -130937291.357 < budget < 47663983.998
probabilities_array:[0.30661526 0.         0.6933847 ]

rule6: 2003.089 < title_year < 2009.998
probabilities_array:[0.29514825 0.         0.70485175]

rule22: 798.427 < director_facebook_likes < 2879.795
probabilities_array:[0.23272614 0.         0.76727384]

rule39: cast_total_facebook_likes > 20773.821
probabilities_array:[0.20871823 0.         0.79128176]


---1---
rule4: title_year < 1996.180
probabilities_array:[0.         0.49107304 0.5089269 ]

rule50: 47663983.998 < budget < 226265259.354
probabilities_array:[0.         0.46774548 0.5322545 ]

rule19: num_user_for_reviews > 597.032
probabilities_array:[0.        0.4543544 0.5456456]

rule11: num_voted_users > 200988.358
probabilities_array:[0.         0.45179445 0.54820555]

rule10: 98924.608 < num_voted_users < 200988.358
probabilities_array:[0.         0.37936237 0.62063766]

rule18: 318.219 < num_user_for_reviews < 597.032
probabilities_array:[0.         0.36644125 0.63355875]

rule30: 1877.412 < actor_2_facebook_likes < 4974.529
probabilities_array:[0.        0.3515044 0.6484956]

rule35: actor_3_facebook_likes > 1765.939
probabilities_array:[0.         0.34660718 0.6533928 ]

rule43: movie_facebook_likes > 22145.184
probabilities_array:[0.         0.30286163 0.69713837]

rule15: num_critic_for_reviews > 240.982
probabilities_array:[0.         0.27862287 0.72137713]

rule1: 5.766 < imdb_score < 6.497
probabilities_array:[0.         0.2743635  0.72563654]

rule47: duration > 125.183
probabilities_array:[0.00866189 0.26793584 0.72340226]

rule27: actor_1_facebook_likes > 14426.850
probabilities_array:[0.01074867 0.25664175 0.73260957]

rule31: actor_2_facebook_likes > 4974.529
probabilities_array:[0.         0.24375188 0.7562481 ]

rule34: 666.015 < actor_3_facebook_likes < 1765.939
probabilities_array:[0.0328525  0.22624853 0.740899  ]

rule14: 158.981 < num_critic_for_reviews < 240.982
probabilities_array:[0.         0.23474814 0.7652519 ]

rule13: 76.981 < num_critic_for_reviews < 158.981
probabilities_array:[0.         0.21518868 0.7848113 ]

rule38: 10529.946 < cast_total_facebook_likes < 20773.821
probabilities_array:[0.         0.20268829 0.7973117 ]

