R2: 0.18127199191514876

MAE: 33088911.538237438

MSE: 3611769726241247.5

Accuracy: 0.7691187181354697

F1: 0.7672200552693325

Confusion Matrix: [[590, 117], [200, 466]]

Uncertainties: {'class0': [0.4917253851890564, 0.5418146252632141, 0.5982517600059509, 0.6190202832221985, 0.6807531118392944], 'class1': [0.5821669101715088, 0.6014420986175537, 0.6200259923934937, 0.620532214641571, 0.6520249247550964]}

Most important rules
-----------------------------

---0---
rule9: -1716.909 < num_voted_users < 97865.028
probabilities_array:[0.5082746 0.        0.4917254]

rule16: num_user_for_reviews < 33.195
probabilities_array:[0.45818534 0.         0.5418146 ]

rule6: 2003.422 < title_year < 2010.259
probabilities_array:[0.40174824 0.         0.59825176]

rule49: -4620091.467 < budget < 41221154.793
probabilities_array:[0.38097972 0.         0.6190203 ]

rule3: imdb_score > 7.207
probabilities_array:[0.31924686 0.         0.6807531 ]

rule12: num_critic_for_reviews < 77.800
probabilities_array:[0.27687564 0.         0.7231243 ]

rule7: title_year > 2010.259
probabilities_array:[0.24822521 0.         0.7517748 ]

rule5: 1996.585 < title_year < 2003.422
probabilities_array:[0.202667 0.       0.797333]


---1---
rule4: title_year < 1996.585
probabilities_array:[0.        0.4178331 0.5821669]

rule50: 41221154.793 < budget < 87062401.053
probabilities_array:[0.         0.39855793 0.6014421 ]

rule0: imdb_score < 5.723
probabilities_array:[0.       0.379974 0.620026]

rule10: 97865.028 < num_voted_users < 197446.965
probabilities_array:[0.        0.3794678 0.6205322]

rule19: num_user_for_reviews > 602.934
probabilities_array:[0.         0.34797508 0.6520249 ]

rule11: num_voted_users > 197446.965
probabilities_array:[0.         0.3236529  0.67634714]

rule1: 5.723 < imdb_score < 6.465
probabilities_array:[0.         0.31518584 0.68481416]

rule14: 160.803 < num_critic_for_reviews < 243.806
probabilities_array:[0.         0.31005898 0.689941  ]

rule23: director_facebook_likes > 2608.023
probabilities_array:[0.         0.30053514 0.69946486]

rule51: budget > 87062401.053
probabilities_array:[0.        0.2981375 0.7018625]

rule13: 77.800 < num_critic_for_reviews < 160.803
probabilities_array:[0.         0.27415222 0.7258478 ]

rule35: actor_3_facebook_likes > 1921.833
probabilities_array:[0.        0.2694199 0.7305801]

rule15: num_critic_for_reviews > 243.806
probabilities_array:[0.       0.258616 0.741384]

rule30: 1932.215 < actor_2_facebook_likes < 5066.472
probabilities_array:[0.         0.24993055 0.75006944]

rule21: -1210.563 < director_facebook_likes < 698.730
probabilities_array:[0.         0.24468851 0.7553115 ]

rule46: 109.860 < duration < 125.275
probabilities_array:[0.00893104 0.23887298 0.752196  ]

rule47: duration > 125.275
probabilities_array:[0.00190848 0.23601133 0.76208013]

rule43: movie_facebook_likes > 23685.627
probabilities_array:[0.         0.22232616 0.77767384]

rule34: 715.311 < actor_3_facebook_likes < 1921.833
probabilities_array:[0.         0.21606053 0.7839395 ]

rule18: 318.065 < num_user_for_reviews < 602.934
probabilities_array:[0.         0.20450646 0.79549354]

