R2: 0.16021963930048388

MAE: 32826983.01310998

MSE: 3387535863468112.5

Accuracy: 0.7472687545520758

F1: 0.7464078108125227

Confusion Matrix: [[553, 126], [221, 473]]

Uncertainties: {'class0': [0.48519814014434814, 0.5462394952774048, 0.5865942239761353, 0.5998261570930481, 0.64039546251297], 'class1': [0.49913290143013, 0.5692653059959412, 0.608842134475708, 0.6099974513053894, 0.6262894868850708]}

Most important rules
-----------------------------

---0---
rule8: num_voted_users < 298.944
probabilities_array:[0.51480186 0.         0.48519814]

rule9: 298.944 < num_voted_users < 98464.802
probabilities_array:[0.4537605 0.        0.5462395]

rule16: num_user_for_reviews < 50.283
probabilities_array:[0.41340575 0.         0.5865942 ]

rule49: -41324540.053 < budget < 43684326.717
probabilities_array:[0.40017384 0.         0.59982616]

rule3: imdb_score > 7.225
probabilities_array:[0.35960454 0.         0.64039546]

rule6: 2003.337 < title_year < 2010.147
probabilities_array:[0.28713065 0.         0.71286935]

rule12: num_critic_for_reviews < 77.398
probabilities_array:[0.2503728  0.         0.74962723]

rule44: duration < 94.350
probabilities_array:[0.19317865 0.03453308 0.7722882 ]

rule45: 94.350 < duration < 109.204
probabilities_array:[0.20360534 0.00323085 0.79316384]


---1---
rule4: title_year < 1996.527
probabilities_array:[0.        0.5008671 0.4991329]

rule0: imdb_score < 5.744
probabilities_array:[0.        0.4307347 0.5692653]

rule51: budget > 128693193.486
probabilities_array:[0.         0.39115784 0.60884213]

rule10: 98464.802 < num_voted_users < 196630.661
probabilities_array:[0.         0.39000258 0.60999745]

rule19: num_user_for_reviews > 572.723
probabilities_array:[0.        0.3737105 0.6262895]

rule11: num_voted_users > 196630.661
probabilities_array:[0.        0.3687516 0.6312484]

rule50: 43684326.717 < budget < 128693193.486
probabilities_array:[0.         0.35086632 0.6491337 ]

rule1: 5.744 < imdb_score < 6.485
probabilities_array:[0.         0.34840068 0.65159935]

rule15: num_critic_for_reviews > 244.365
probabilities_array:[0.        0.3469546 0.6530454]

rule14: 160.881 < num_critic_for_reviews < 244.365
probabilities_array:[0.         0.3359724  0.66402763]

rule13: 77.398 < num_critic_for_reviews < 160.881
probabilities_array:[0.        0.3081996 0.6918004]

rule30: 1949.727 < actor_2_facebook_likes < 5105.522
probabilities_array:[0.         0.28968084 0.71031916]

rule47: duration > 124.058
probabilities_array:[0.         0.28163597 0.71836406]

rule18: 311.503 < num_user_for_reviews < 572.723
probabilities_array:[0.         0.25986114 0.7401389 ]

rule23: director_facebook_likes > 2614.390
probabilities_array:[0.05770753 0.19021797 0.75207454]

rule35: actor_3_facebook_likes > 2085.213
probabilities_array:[0.         0.21619166 0.78380835]

rule31: actor_2_facebook_likes > 5105.522
probabilities_array:[0.         0.20873016 0.79126984]

rule34: 768.438 < actor_3_facebook_likes < 2085.213
probabilities_array:[0.         0.20131984 0.7986802 ]

rule26: 7514.080 < actor_1_facebook_likes < 19022.143
probabilities_array:[0.         0.20050073 0.7994993 ]

