R2: 0.16918711693431165

MAE: 34416425.199563004

MSE: 3792595678526462.0

Accuracy: 0.7654770575382375

F1: 0.7650132241385175

Confusion Matrix: [[556, 136], [186, 495]]

Uncertainties: {'class0': [0.43577057123184204, 0.46613767743110657, 0.5237751603126526, 0.5574621558189392, 0.6449229717254639], 'class1': [0.5384279489517212, 0.5942955613136292, 0.623878538608551, 0.6351370215415955, 0.6418463587760925]}

Most important rules
-----------------------------

---0---
rule51: budget > 228174870.080
probabilities_array:[0.5642294  0.         0.43577057]

rule9: -2737.608 < num_voted_users < 95961.369
probabilities_array:[0.53386235 0.         0.46613768]

rule49: -132168417.018 < budget < 48003226.531
probabilities_array:[0.47622484 0.         0.52377516]

rule16: num_user_for_reviews < 39.816
probabilities_array:[0.4425378  0.         0.55746216]

rule6: 2003.406 < title_year < 2009.973
probabilities_array:[0.35507703 0.         0.644923  ]

rule3: imdb_score > 7.198
probabilities_array:[0.2628204 0.        0.7371796]

rule12: num_critic_for_reviews < 76.502
probabilities_array:[0.22996385 0.         0.77003616]

rule41: -5501.436 < movie_facebook_likes < 8722.944
probabilities_array:[0.21578732 0.02820306 0.7560096 ]

rule7: title_year > 2009.973
probabilities_array:[0.21480128 0.         0.7851987 ]


---1---
rule4: title_year < 1996.839
probabilities_array:[0.         0.46157205 0.53842795]

rule10: 95961.369 < num_voted_users < 194660.346
probabilities_array:[0.         0.4057044  0.59429556]

rule0: imdb_score < 5.725
probabilities_array:[0.         0.37612146 0.62387854]

rule11: num_voted_users > 194660.346
probabilities_array:[0.         0.36486298 0.635137  ]

rule1: 5.725 < imdb_score < 6.462
probabilities_array:[0.         0.35815364 0.64184636]

rule14: 158.770 < num_critic_for_reviews < 241.039
probabilities_array:[0.         0.35392562 0.64607435]

rule30: 1873.113 < actor_2_facebook_likes < 4461.696
probabilities_array:[0.         0.35026878 0.6497312 ]

rule13: 76.502 < num_critic_for_reviews < 158.770
probabilities_array:[0.        0.3396604 0.6603396]

rule50: 48003226.531 < budget < 228174870.080
probabilities_array:[0.         0.32451412 0.6754859 ]

rule15: num_critic_for_reviews > 241.039
probabilities_array:[0.       0.324301 0.675699]

rule35: actor_3_facebook_likes > 1881.114
probabilities_array:[0.         0.31601653 0.6839835 ]

rule19: num_user_for_reviews > 579.370
probabilities_array:[0.         0.29168516 0.70831484]

rule18: 309.593 < num_user_for_reviews < 579.370
probabilities_array:[0.         0.26350585 0.7364942 ]

rule31: actor_2_facebook_likes > 4461.696
probabilities_array:[0.         0.23332404 0.76667595]

rule34: 700.006 < actor_3_facebook_likes < 1881.114
probabilities_array:[0.         0.21708037 0.78291965]

rule22: 762.135 < director_facebook_likes < 2792.900
probabilities_array:[0.03035904 0.20230494 0.7673361 ]

rule21: -1268.629 < director_facebook_likes < 762.135
probabilities_array:[0.         0.21193188 0.7880681 ]

rule23: director_facebook_likes > 2792.900
probabilities_array:[0.00447947 0.19906372 0.7964569 ]

