R2: 0.1791365735873176

MAE: 33477507.800437

MSE: 3302540705357949.5

Accuracy: 0.7640203932993445

F1: 0.7634571209800919

Confusion Matrix: [[558, 131], [193, 491]]

Uncertainties: {'class0': [0.4151112735271454, 0.5946550369262695, 0.629830002784729, 0.6386265754699707, 0.6637207269668579], 'class1': [0.48451754450798035, 0.5226131081581116, 0.5647999048233032, 0.5709553360939026, 0.5782232284545898]}

Most important rules
-----------------------------

---0---
rule51: budget > 229807547.469
probabilities_array:[0.58488876 0.         0.41511127]

rule16: num_user_for_reviews < 33.678
probabilities_array:[0.405345   0.         0.59465504]

rule6: 2003.214 < title_year < 2009.992
probabilities_array:[0.37017 0.      0.62983]

rule3: imdb_score > 7.214
probabilities_array:[0.36137342 0.         0.6386266 ]

rule9: -3685.500 < num_voted_users < 97279.691
probabilities_array:[0.33627924 0.         0.6637207 ]

rule22: 742.039 < director_facebook_likes < 2715.387
probabilities_array:[0.33507642 0.         0.6649236 ]

rule49: -133302443.891 < budget < 48252551.789
probabilities_array:[0.33213398 0.         0.66786605]

rule12: num_critic_for_reviews < 75.749
probabilities_array:[0.25058284 0.         0.7494171 ]

rule7: title_year > 2009.992
probabilities_array:[0.22788428 0.         0.7721157 ]


---1---
rule19: num_user_for_reviews > 594.207
probabilities_array:[0.         0.5154824  0.48451754]

rule4: title_year < 1996.436
probabilities_array:[0.        0.4773869 0.5226131]

rule50: 48252551.789 < budget < 229807547.469
probabilities_array:[0.         0.43520012 0.5647999 ]

rule11: num_voted_users > 198244.882
probabilities_array:[0.         0.4290447  0.57095534]

rule10: 97279.691 < num_voted_users < 198244.882
probabilities_array:[0.         0.42177677 0.5782232 ]

rule30: 1866.880 < actor_2_facebook_likes < 4939.639
probabilities_array:[0.         0.36446327 0.63553673]

rule14: 158.963 < num_critic_for_reviews < 242.177
probabilities_array:[0.         0.35013583 0.64986414]

rule13: 75.749 < num_critic_for_reviews < 158.963
probabilities_array:[0.         0.34785384 0.65214616]

rule18: 313.943 < num_user_for_reviews < 594.207
probabilities_array:[0.         0.34562674 0.6543733 ]

rule1: 5.741 < imdb_score < 6.477
probabilities_array:[0.         0.33022597 0.669774  ]

rule15: num_critic_for_reviews > 242.177
probabilities_array:[0.        0.3085974 0.6914026]

rule0: imdb_score < 5.741
probabilities_array:[0.         0.28231835 0.71768165]

rule47: duration > 126.062
probabilities_array:[0.01973182 0.271976   0.70829225]

rule46: 110.198 < duration < 126.062
probabilities_array:[0.        0.2776327 0.7223673]

rule34: 722.994 < actor_3_facebook_likes < 1967.671
probabilities_array:[0.0013778 0.2580121 0.7406101]

rule35: actor_3_facebook_likes > 1967.671
probabilities_array:[0.         0.25737774 0.74262226]

rule43: movie_facebook_likes > 22301.189
probabilities_array:[0.         0.23219642 0.7678036 ]

rule38: 10815.702 < cast_total_facebook_likes < 24029.840
probabilities_array:[0.06737684 0.1902968  0.7423263 ]

