R2: 0.18117191595041615

MAE: 33213149.218499634

MSE: 3576092373659824.0

Accuracy: 0.7603787327021122

F1: 0.7591008405288382

Confusion Matrix: [[572, 131], [198, 472]]

Uncertainties: {'class0': [0.48698854446411133, 0.550160825252533, 0.5542066097259521, 0.607833981513977, 0.6102191805839539], 'class1': [0.5630652904510498, 0.5781647562980652, 0.585789680480957, 0.6206054091453552, 0.62992924451828]}

Most important rules
-----------------------------

---0---
rule9: -4667.322 < num_voted_users < 98359.445
probabilities_array:[0.51301146 0.         0.48698854]

rule16: num_user_for_reviews < 33.686
probabilities_array:[0.44983917 0.         0.5501608 ]

rule6: 2003.297 < title_year < 2010.140
probabilities_array:[0.4457934 0.        0.5542066]

rule49: -130120459.298 < budget < 46590836.545
probabilities_array:[0.39135048 0.00081547 0.607834  ]

rule12: num_critic_for_reviews < 75.569
probabilities_array:[0.38978082 0.         0.6102192 ]

rule51: budget > 223302132.387
probabilities_array:[0.35162064 0.         0.6483794 ]

rule7: title_year > 2010.140
probabilities_array:[0.29192874 0.         0.70807123]

rule3: imdb_score > 7.208
probabilities_array:[0.2898439 0.        0.7101561]

rule5: 1996.454 < title_year < 2003.297
probabilities_array:[0.22687195 0.         0.77312803]


---1---
rule30: 1903.770 < actor_2_facebook_likes < 4992.114
probabilities_array:[0.        0.4369347 0.5630653]

rule10: 98359.445 < num_voted_users < 201386.213
probabilities_array:[0.         0.4218352  0.57816476]

rule50: 46590836.545 < budget < 223302132.387
probabilities_array:[0.        0.4142103 0.5857897]

rule1: 5.728 < imdb_score < 6.468
probabilities_array:[0.         0.37939462 0.6206054 ]

rule19: num_user_for_reviews > 599.147
probabilities_array:[0.         0.37007076 0.62992924]

rule4: title_year < 1996.454
probabilities_array:[0.         0.36092004 0.6390799 ]

rule0: imdb_score < 5.728
probabilities_array:[0.         0.32347926 0.6765207 ]

rule43: movie_facebook_likes > 23419.587
probabilities_array:[0.         0.32112977 0.6788702 ]

rule31: actor_2_facebook_likes > 4992.114
probabilities_array:[0.        0.2929474 0.7070526]

rule11: num_voted_users > 201386.213
probabilities_array:[0.        0.2893745 0.7106255]

rule15: num_critic_for_reviews > 242.927
probabilities_array:[0.00101169 0.2723184  0.7266699 ]

rule35: actor_3_facebook_likes > 1945.899
probabilities_array:[0.         0.26555258 0.7344474 ]

rule29: -1184.574 < actor_2_facebook_likes < 1903.770
probabilities_array:[0.0459502  0.23598234 0.7180674 ]

rule21: -1234.044 < director_facebook_likes < 743.693
probabilities_array:[0.        0.2517733 0.7482267]

rule38: 10790.962 < cast_total_facebook_likes < 21660.169
probabilities_array:[0.         0.24945194 0.75054806]

rule23: director_facebook_likes > 2721.430
probabilities_array:[0.        0.2374384 0.7625616]

rule14: 159.248 < num_critic_for_reviews < 242.927
probabilities_array:[0.         0.23287909 0.7671209 ]

rule18: 316.416 < num_user_for_reviews < 599.147
probabilities_array:[0.        0.2128138 0.7871862]

