R2: 0.17048712673758482

MAE: 34060417.37545521

MSE: 3813914107276911.0

Accuracy: 0.7603787327021122

F1: 0.7591517041894937

Confusion Matrix: [[571, 136], [193, 473]]

Uncertainties: {'class0': [0.511397659778595, 0.5238440036773682, 0.5805282592773438, 0.6437575817108154, 0.7468339800834656], 'class1': [0.47564592957496643, 0.534550130367279, 0.5346971750259399, 0.5624743103981018, 0.5688223838806152]}

Most important rules
-----------------------------

---0---
rule3: imdb_score > 7.202
probabilities_array:[0.48860234 0.         0.51139766]

rule16: num_user_for_reviews < 36.516
probabilities_array:[0.47615597 0.         0.523844  ]

rule49: -5131962.547 < budget < 39828268.925
probabilities_array:[0.4194717  0.         0.58052826]

rule9: -4508.623 < num_voted_users < 98046.164
probabilities_array:[0.35624245 0.         0.6437576 ]

rule12: num_critic_for_reviews < 76.040
probabilities_array:[0.25316605 0.         0.746834  ]

rule6: 2003.305 < title_year < 2010.100
probabilities_array:[0.22062656 0.         0.7793734 ]


---1---
rule4: title_year < 1996.510
probabilities_array:[0.         0.52435404 0.47564593]

rule50: 39828268.925 < budget < 84788500.398
probabilities_array:[0.         0.46544987 0.53455013]

rule51: budget > 84788500.398
probabilities_array:[0.         0.46530282 0.5346972 ]

rule19: num_user_for_reviews > 593.713
probabilities_array:[0.         0.43752572 0.5624743 ]

rule11: num_voted_users > 200600.952
probabilities_array:[0.         0.43117765 0.5688224 ]

rule10: 98046.164 < num_voted_users < 200600.952
probabilities_array:[0.        0.3805923 0.6194077]

rule13: 76.040 < num_critic_for_reviews < 159.105
probabilities_array:[0.         0.34653595 0.6534641 ]

rule15: num_critic_for_reviews > 242.170
probabilities_array:[0.        0.3337121 0.6662879]

rule43: movie_facebook_likes > 22638.395
probabilities_array:[0.         0.29754302 0.702457  ]

rule14: 159.105 < num_critic_for_reviews < 242.170
probabilities_array:[1.3575719e-04 2.9733813e-01 7.0252609e-01]

rule18: 315.115 < num_user_for_reviews < 593.713
probabilities_array:[0.       0.258111 0.741889]

rule42: 8683.771 < movie_facebook_likes < 22638.395
probabilities_array:[0.0008744  0.22783825 0.77128744]

rule35: actor_3_facebook_likes > 2016.245
probabilities_array:[0.         0.22792096 0.77207905]

rule47: duration > 125.084
probabilities_array:[0.01350516 0.21169062 0.7748042 ]

rule30: 1892.121 < actor_2_facebook_likes < 5009.735
probabilities_array:[0.         0.20691627 0.7930837 ]

rule23: director_facebook_likes > 2714.662
probabilities_array:[0.01994227 0.19625668 0.7838011 ]

rule22: 732.317 < director_facebook_likes < 2714.662
probabilities_array:[0.         0.2016057  0.79839426]

