R2: 0.1553748623807234

MAE: 34555339.829570286

MSE: 3845686507794767.5

Accuracy: 0.7494537509104151

F1: 0.7493568244534068

Confusion Matrix: [[528, 117], [227, 501]]

Uncertainties: {'class0': [0.5100113153457642, 0.5237300395965576, 0.6034732460975647, 0.6418147683143616, 0.7103939056396484], 'class1': [0.5581939220428467, 0.583001971244812, 0.5916619300842285, 0.601119339466095, 0.6333709955215454]}

Most important rules
-----------------------------

---0---
rule16: num_user_for_reviews < 31.855
probabilities_array:[0.48998868 0.         0.5100113 ]

rule9: -4024.296 < num_voted_users < 98917.124
probabilities_array:[0.47626996 0.         0.52373004]

rule49: -25128708.602 < budget < 40351774.211
probabilities_array:[0.39652675 0.         0.60347325]

rule6: 2003.282 < title_year < 2010.072
probabilities_array:[0.35818526 0.         0.64181477]

rule3: imdb_score > 7.226
probabilities_array:[0.28960612 0.         0.7103939 ]

rule12: num_critic_for_reviews < 75.746
probabilities_array:[0.28622067 0.         0.71377933]

rule22: 786.574 < director_facebook_likes < 2834.073
probabilities_array:[0.27078217 0.00985345 0.7193644 ]

rule41: -5737.896 < movie_facebook_likes < 9001.342
probabilities_array:[2.5444385e-01 1.6213239e-04 7.4539405e-01]

rule45: 93.918 < duration < 109.579
probabilities_array:[0.2086267 0.        0.7913733]


---1---
rule4: title_year < 1996.491
probabilities_array:[0.         0.44180608 0.5581939 ]

rule11: num_voted_users > 201858.544
probabilities_array:[0.       0.416998 0.583002]

rule30: 1897.872 < actor_2_facebook_likes < 4538.110
probabilities_array:[0.         0.40833807 0.59166193]

rule50: 40351774.211 < budget < 105832257.025
probabilities_array:[0.         0.39888066 0.60111934]

rule1: 5.719 < imdb_score < 6.473
probabilities_array:[0.         0.36662903 0.633371  ]

rule10: 98917.124 < num_voted_users < 201858.544
probabilities_array:[0.         0.34607726 0.65392274]

rule19: num_user_for_reviews > 603.132
probabilities_array:[0.         0.32680386 0.67319614]

rule51: budget > 105832257.025
probabilities_array:[0.         0.32622728 0.6737727 ]

rule15: num_critic_for_reviews > 243.709
probabilities_array:[0.         0.30657125 0.69342875]

rule18: 317.494 < num_user_for_reviews < 603.132
probabilities_array:[0.         0.29130772 0.7086923 ]

rule26: 7411.352 < actor_1_facebook_likes < 18599.554
probabilities_array:[0.00203454 0.28634667 0.7116187 ]

rule34: 743.735 < actor_3_facebook_likes < 1974.225
probabilities_array:[0.01158941 0.2706884  0.7177222 ]

rule13: 75.746 < num_critic_for_reviews < 159.727
probabilities_array:[2.4833137e-04 2.7135870e-01 7.2839296e-01]

rule14: 159.727 < num_critic_for_reviews < 243.709
probabilities_array:[1.2852087e-04 2.6480281e-01 7.3506874e-01]

rule0: imdb_score < 5.719
probabilities_array:[0.        0.2436291 0.7563709]

rule47: duration > 125.240
probabilities_array:[0.         0.23903087 0.76096916]

rule35: actor_3_facebook_likes > 1974.225
probabilities_array:[0.        0.2347292 0.7652708]

rule46: 109.579 < duration < 125.240
probabilities_array:[0.         0.21827595 0.78172404]

rule43: movie_facebook_likes > 23740.580
probabilities_array:[0.        0.2168891 0.7831109]

