R2: 0.16764986529975823

MAE: 33346559.329206116

MSE: 3984514975186705.5

Accuracy: 0.7683903860160233

F1: 0.7678039617776946

Confusion Matrix: [[562, 129], [189, 493]]

Uncertainties: {'class0': [0.5752504467964172, 0.6007722616195679, 0.6302144527435303, 0.6712393164634705, 0.6932464241981506], 'class1': [0.5158906579017639, 0.5401193499565125, 0.5486981868743896, 0.5578876733779907, 0.6023717522621155]}

Most important rules
-----------------------------

---0---
rule9: -2496.944 < num_voted_users < 96153.078
probabilities_array:[0.42474955 0.         0.57525045]

rule12: num_critic_for_reviews < 75.878
probabilities_array:[0.39922774 0.         0.60077226]

rule16: num_user_for_reviews < 39.220
probabilities_array:[0.36978555 0.         0.63021445]

rule49: -122571361.044 < budget < 44222778.789
probabilities_array:[0.3287607 0.        0.6712393]

rule6: 2003.096 < title_year < 2009.900
probabilities_array:[0.30675355 0.         0.6932464 ]

rule51: budget > 211016918.622
probabilities_array:[0.2994675 0.        0.7005325]

rule3: imdb_score > 7.204
probabilities_array:[0.2867754 0.        0.7132246]


---1---
rule11: num_voted_users > 194803.100
probabilities_array:[0.         0.48410934 0.51589066]

rule4: title_year < 1996.292
probabilities_array:[0.         0.45988065 0.54011935]

rule10: 96153.078 < num_voted_users < 194803.100
probabilities_array:[0.        0.4513018 0.5486982]

rule50: 44222778.789 < budget < 211016918.622
probabilities_array:[0.         0.44211233 0.5578877 ]

rule19: num_user_for_reviews > 585.251
probabilities_array:[0.         0.39762825 0.60237175]

rule30: 1915.781 < actor_2_facebook_likes < 5022.033
probabilities_array:[0.         0.38204616 0.61795384]

rule18: 312.236 < num_user_for_reviews < 585.251
probabilities_array:[0.        0.3564248 0.6435752]

rule0: imdb_score < 5.722
probabilities_array:[0.         0.35598606 0.64401394]

rule1: 5.722 < imdb_score < 6.463
probabilities_array:[0.         0.29789498 0.702105  ]

rule47: duration > 124.334
probabilities_array:[5.0969806e-04 2.7114940e-01 7.2834092e-01]

rule34: 697.594 < actor_3_facebook_likes < 1841.416
probabilities_array:[0.         0.26417744 0.73582256]

rule31: actor_2_facebook_likes > 5022.033
probabilities_array:[0.         0.23197371 0.7680263 ]

