R2: 0.14125703653692157

MAE: 35386373.87618354

MSE: 4374556462829892.5

Accuracy: 0.7487254187909687

F1: 0.7476889396687414

Confusion Matrix: [[558, 148], [197, 470]]

Uncertainties: {'class0': [0.5314889550209045, 0.5670320391654968, 0.5935367941856384, 0.6293838024139404, 0.6435996294021606], 'class1': [0.48221132159233093, 0.485437273979187, 0.4902361035346985, 0.49323800206184387, 0.6390045881271362]}

Most important rules
-----------------------------

---0---
rule51: budget > 215666299.529
probabilities_array:[0.46851104 0.         0.53148896]

rule3: imdb_score > 7.228
probabilities_array:[0.43296796 0.         0.56703204]

rule16: num_user_for_reviews < 49.058
probabilities_array:[0.40646324 0.         0.5935368 ]

rule9: -284.376 < num_voted_users < 97973.213
probabilities_array:[0.37061617 0.         0.6293838 ]

rule6: 2003.070 < title_year < 2009.708
probabilities_array:[0.3564004 0.        0.6435996]

rule49: -124906906.082 < budget < 45379696.724
probabilities_array:[0.32666865 0.         0.6733313 ]

rule12: num_critic_for_reviews < 74.778
probabilities_array:[0.31749207 0.         0.68250793]

rule7: title_year > 2009.708
probabilities_array:[0.21805686 0.         0.78194314]

rule45: 94.121 < duration < 109.645
probabilities_array:[2.0384985e-01 4.8931665e-04 7.9566085e-01]


---1---
rule4: title_year < 1996.432
probabilities_array:[0.         0.5177887  0.48221132]

rule19: num_user_for_reviews > 574.765
probabilities_array:[0.         0.5145627  0.48543727]

rule11: num_voted_users > 196230.802
probabilities_array:[0.        0.5097639 0.4902361]

rule50: 45379696.724 < budget < 215666299.529
probabilities_array:[0.       0.506762 0.493238]

rule10: 97973.213 < num_voted_users < 196230.802
probabilities_array:[0.        0.3609954 0.6390046]

rule35: actor_3_facebook_likes > 1986.712
probabilities_array:[0.         0.31788334 0.6821166 ]

rule47: duration > 125.169
probabilities_array:[0.01105597 0.30399746 0.68494654]

rule14: 158.229 < num_critic_for_reviews < 241.680
probabilities_array:[0.00131484 0.30616787 0.6925173 ]

rule30: 1880.023 < actor_2_facebook_likes < 4519.999
probabilities_array:[0.         0.29430407 0.7056959 ]

rule18: 311.911 < num_user_for_reviews < 574.765
probabilities_array:[0.         0.29046002 0.70953995]

rule15: num_critic_for_reviews > 241.680
probabilities_array:[0.         0.28630644 0.71369356]

rule1: 5.739 < imdb_score < 6.483
probabilities_array:[0.         0.25901434 0.74098563]

rule43: movie_facebook_likes > 22691.717
probabilities_array:[0.         0.24375544 0.75624454]

rule13: 74.778 < num_critic_for_reviews < 158.229
probabilities_array:[0.         0.24202636 0.7579736 ]

rule23: director_facebook_likes > 2748.091
probabilities_array:[0.         0.24121076 0.75878924]

rule0: imdb_score < 5.739
probabilities_array:[0.         0.21143022 0.78856975]

rule46: 109.645 < duration < 125.169
probabilities_array:[0.         0.20259786 0.79740214]

