R2: 0.16458553435906864

MAE: 33813447.520029135

MSE: 3753154355940649.5

Accuracy: 0.7662053896576839

F1: 0.7653684908206697

Confusion Matrix: [[567, 112], [209, 485]]

Uncertainties: {'class0': [0.5029243230819702, 0.5604618191719055, 0.5646540522575378, 0.5922660827636719, 0.5994505882263184], 'class1': [0.47558772563934326, 0.6133045554161072, 0.6168918609619141, 0.6233594417572021, 0.6249191761016846]}

Most important rules
-----------------------------

---0---
rule9: 253.561 < num_voted_users < 97766.189
probabilities_array:[0.49707568 0.         0.5029243 ]

rule51: budget > 228029922.571
probabilities_array:[0.43953818 0.         0.5604618 ]

rule16: num_user_for_reviews < 49.822
probabilities_array:[0.43534595 0.         0.56465405]

rule49: -132353221.535 < budget < 47838350.518
probabilities_array:[0.40773392 0.         0.5922661 ]

rule8: num_voted_users < 253.561
probabilities_array:[0.4005494 0.        0.5994506]

rule36: cast_total_facebook_likes < 421.324
probabilities_array:[0.35026577 0.         0.6497342 ]

rule6: 2003.278 < title_year < 2010.013
probabilities_array:[0.3441115 0.        0.6558885]

rule3: imdb_score > 7.214
probabilities_array:[0.32424268 0.         0.67575735]

rule12: num_critic_for_reviews < 77.733
probabilities_array:[0.31877208 0.         0.6812279 ]

rule45: 94.725 < duration < 109.680
probabilities_array:[2.0111524e-01 2.0526983e-04 7.9867947e-01]


---1---
rule4: title_year < 1996.544
probabilities_array:[0.         0.5244123  0.47558773]

rule0: imdb_score < 5.766
probabilities_array:[0.         0.38669547 0.61330456]

rule37: 421.324 < cast_total_facebook_likes < 10808.092
probabilities_array:[0.         0.38310814 0.61689186]

rule11: num_voted_users > 195278.817
probabilities_array:[0.         0.37664053 0.62335944]

rule50: 47838350.518 < budget < 228029922.571
probabilities_array:[0.         0.37508082 0.6249192 ]

rule10: 97766.189 < num_voted_users < 195278.817
probabilities_array:[0.         0.3650628  0.63493717]

rule1: 5.766 < imdb_score < 6.490
probabilities_array:[0.       0.345578 0.654422]

rule19: num_user_for_reviews > 579.743
probabilities_array:[0.         0.34545824 0.65454173]

rule30: 1882.821 < actor_2_facebook_likes < 4974.125
probabilities_array:[0.         0.34050605 0.6594939 ]

rule14: 160.484 < num_critic_for_reviews < 243.235
probabilities_array:[0.         0.29551512 0.7044849 ]

rule43: movie_facebook_likes > 23090.398
probabilities_array:[0.        0.2820235 0.7179765]

rule18: 314.782 < num_user_for_reviews < 579.743
probabilities_array:[0.         0.26922157 0.7307784 ]

rule15: num_critic_for_reviews > 243.235
probabilities_array:[0.         0.2688218  0.73117816]

rule13: 77.733 < num_critic_for_reviews < 160.484
probabilities_array:[0.         0.23068532 0.76931465]

rule26: 7316.390 < actor_1_facebook_likes < 14768.333
probabilities_array:[0.         0.22649163 0.77350837]

rule47: duration > 124.635
probabilities_array:[0.00390542 0.21139199 0.78470254]

rule23: director_facebook_likes > 2920.036
probabilities_array:[2.1174147e-04 2.1162359e-01 7.8816473e-01]

rule27: actor_1_facebook_likes > 14768.333
probabilities_array:[0.        0.2107263 0.7892737]

rule46: 109.680 < duration < 124.635
probabilities_array:[0.02394002 0.19883631 0.77722365]

rule38: 10808.092 < cast_total_facebook_likes < 21194.861
probabilities_array:[0.        0.2061162 0.7938838]

rule35: actor_3_facebook_likes > 1900.473
probabilities_array:[0.         0.20584467 0.79415536]

