R2: 0.15457294041453007

MAE: 35129585.01602331

MSE: 4062671718497841.5

Accuracy: 0.7516387472687546

F1: 0.751253976037781

Confusion Matrix: [[543, 132], [209, 489]]

Uncertainties: {'class0': [0.542088508605957, 0.5756515860557556, 0.5853714346885681, 0.6364357471466064, 0.6493385434150696], 'class1': [0.5303148627281189, 0.5426080226898193, 0.5720587372779846, 0.6018836498260498, 0.6301880478858948]}

Most important rules
-----------------------------

---0---
rule9: -2926.243 < num_voted_users < 97635.202
probabilities_array:[0.4579115 0.        0.5420885]

rule6: 2003.339 < title_year < 2010.018
probabilities_array:[0.42434838 0.         0.5756516 ]

rule49: -131326545.044 < budget < 46686060.761
probabilities_array:[0.41462854 0.         0.58537143]

rule3: imdb_score > 7.221
probabilities_array:[0.36356422 0.         0.63643575]

rule16: num_user_for_reviews < 43.402
probabilities_array:[0.35066143 0.         0.64933854]

rule51: budget > 224698666.567
probabilities_array:[0.2936219 0.        0.7063781]

rule12: num_critic_for_reviews < 76.419
probabilities_array:[0.2645595 0.        0.7354405]

rule7: title_year > 2010.018
probabilities_array:[0.2356502 0.        0.7643498]


---1---
rule4: title_year < 1996.660
probabilities_array:[0.         0.46968514 0.53031486]

rule19: num_user_for_reviews > 581.318
probabilities_array:[0.         0.45739198 0.542608  ]

rule11: num_voted_users > 198196.647
probabilities_array:[0.         0.42794126 0.57205874]

rule10: 97635.202 < num_voted_users < 198196.647
probabilities_array:[0.         0.39811638 0.60188365]

rule1: 5.755 < imdb_score < 6.488
probabilities_array:[0.         0.36981195 0.63018805]

rule50: 46686060.761 < budget < 224698666.567
probabilities_array:[0.         0.35840327 0.64159673]

rule18: 312.360 < num_user_for_reviews < 581.318
probabilities_array:[0.        0.3557637 0.6442363]

rule43: movie_facebook_likes > 23920.204
probabilities_array:[0.00142958 0.33748353 0.6610869 ]

rule23: director_facebook_likes > 2898.006
probabilities_array:[0.         0.33329132 0.6667087 ]

rule0: imdb_score < 5.755
probabilities_array:[0.         0.32995558 0.6700444 ]

rule14: 159.800 < num_critic_for_reviews < 243.182
probabilities_array:[0.         0.30265102 0.697349  ]

rule30: 1823.282 < actor_2_facebook_likes < 4360.890
probabilities_array:[0.         0.29674727 0.70325273]

rule35: actor_3_facebook_likes > 1862.235
probabilities_array:[0.         0.28691614 0.71308386]

rule47: duration > 124.597
probabilities_array:[0.02030945 0.25498107 0.7247095 ]

rule13: 76.419 < num_critic_for_reviews < 159.800
probabilities_array:[0.         0.25974023 0.74025977]

rule15: num_critic_for_reviews > 243.182
probabilities_array:[0.         0.25677907 0.7432209 ]

rule42: 9061.641 < movie_facebook_likes < 23920.204
probabilities_array:[0.04314561 0.2061525  0.75070184]

rule46: 109.547 < duration < 124.597
probabilities_array:[0.00189331 0.2158207  0.782286  ]

rule21: -1285.402 < director_facebook_likes < 806.302
probabilities_array:[0.         0.20135958 0.79864043]

