R2: 0.15504487118602017

MAE: 33740635.26948288

MSE: 3725177864128170.5

Accuracy: 0.7589220684632192

F1: 0.758774143790808

Confusion Matrix: [[538, 133], [198, 504]]

Uncertainties: {'class0': [0.5437442064285278, 0.5761943459510803, 0.5821654200553894, 0.6311559677124023, 0.645778477191925], 'class1': [0.5898716449737549, 0.5924826264381409, 0.6040201187133789, 0.6050217747688293, 0.6371601223945618]}

Most important rules
-----------------------------

---0---
rule9: -1205.982 < num_voted_users < 96239.733
probabilities_array:[0.45625582 0.         0.5437442 ]

rule16: num_user_for_reviews < 38.400
probabilities_array:[0.42380565 0.         0.57619435]

rule6: 2003.427 < title_year < 2009.884
probabilities_array:[0.41783458 0.         0.5821654 ]

rule49: -36500755.936 < budget < 42546896.876
probabilities_array:[0.36884403 0.         0.63115597]

rule36: cast_total_facebook_likes < 129.017
probabilities_array:[0.35422155 0.         0.6457785 ]

rule3: imdb_score > 7.214
probabilities_array:[0.3475228 0.        0.6524772]

rule12: num_critic_for_reviews < 76.000
probabilities_array:[0.32837752 0.         0.67162246]

rule5: 1996.970 < title_year < 2003.427
probabilities_array:[0.2309225 0.        0.7690775]

rule7: title_year > 2009.884
probabilities_array:[0.22963169 0.         0.7703683 ]

rule45: 94.774 < duration < 109.453
probabilities_array:[0.21481866 0.00683379 0.77834755]


---1---
rule10: 96239.733 < num_voted_users < 193685.447
probabilities_array:[0.         0.41012838 0.58987164]

rule50: 42546896.876 < budget < 121594549.688
probabilities_array:[0.         0.40751734 0.5924826 ]

rule4: title_year < 1996.970
probabilities_array:[0.         0.39597988 0.6040201 ]

rule11: num_voted_users > 193685.447
probabilities_array:[0.         0.39497823 0.6050218 ]

rule30: 1821.968 < actor_2_facebook_likes < 4853.599
probabilities_array:[0.        0.3628399 0.6371601]

rule19: num_user_for_reviews > 583.784
probabilities_array:[0.        0.3449087 0.6550913]

rule51: budget > 121594549.688
probabilities_array:[0.         0.32921726 0.67078274]

rule18: 311.092 < num_user_for_reviews < 583.784
probabilities_array:[0.        0.3135598 0.6864402]

rule15: num_critic_for_reviews > 240.840
probabilities_array:[0.         0.30632672 0.69367325]

rule43: movie_facebook_likes > 22839.619
probabilities_array:[0.00262533 0.27258947 0.72478527]

rule38: 10517.057 < cast_total_facebook_likes < 20905.097
probabilities_array:[0.        0.2737828 0.7262172]

rule14: 158.420 < num_critic_for_reviews < 240.840
probabilities_array:[0.         0.27324688 0.7267531 ]

rule0: imdb_score < 5.733
probabilities_array:[0.         0.26475266 0.7352474 ]

rule13: 76.000 < num_critic_for_reviews < 158.420
probabilities_array:[0.         0.25923988 0.7407601 ]

rule27: actor_1_facebook_likes > 14468.401
probabilities_array:[0.         0.23526463 0.76473534]

rule1: 5.733 < imdb_score < 6.474
probabilities_array:[0.         0.23073703 0.76926297]

rule37: 129.017 < cast_total_facebook_likes < 10517.057
probabilities_array:[0.         0.22749716 0.77250284]

rule47: duration > 124.132
probabilities_array:[0.00653832 0.21832024 0.7751415 ]

rule42: 8642.812 < movie_facebook_likes < 22839.619
probabilities_array:[0.02966045 0.202704   0.7676355 ]

rule21: -1215.996 < director_facebook_likes < 719.037
probabilities_array:[0.         0.21154493 0.78845507]

