R2: 0.17181640334838044

MAE: 33279723.361981064

MSE: 3710688923270371.5

Accuracy: 0.7713037144938092

F1: 0.7700093890702686

Confusion Matrix: [[581, 124], [190, 478]]

Uncertainties: {'class0': [0.5273021459579468, 0.6317688226699829, 0.6359573602676392, 0.7047442197799683, 0.7175440788269043], 'class1': [0.5365340113639832, 0.5418625473976135, 0.5775634050369263, 0.610169529914856, 0.6537976861000061]}

Most important rules
-----------------------------

---0---
rule16: num_user_for_reviews < 52.041
probabilities_array:[0.47269785 0.         0.52730215]

rule49: -121904170.018 < budget < 45856458.967
probabilities_array:[0.3682312 0.        0.6317688]

rule9: -1533.969 < num_voted_users < 98480.210
probabilities_array:[0.36404264 0.         0.63595736]

rule6: 2003.087 < title_year < 2009.811
probabilities_array:[0.29525578 0.         0.7047442 ]

rule51: budget > 213617087.952
probabilities_array:[0.2824559 0.        0.7175441]

rule3: imdb_score > 7.216
probabilities_array:[0.26731792 0.         0.73268205]

rule41: -5389.315 < movie_facebook_likes < 8613.945
probabilities_array:[0.25362587 0.         0.74637413]

rule45: 94.645 < duration < 109.371
probabilities_array:[0.20930782 0.         0.79069215]


---1---
rule19: num_user_for_reviews > 579.479
probabilities_array:[0.       0.463466 0.536534]

rule4: title_year < 1996.363
probabilities_array:[0.         0.45813742 0.54186255]

rule50: 45856458.967 < budget < 213617087.952
probabilities_array:[0.         0.42243662 0.5775634 ]

rule30: 1838.138 < actor_2_facebook_likes < 4893.804
probabilities_array:[0.         0.38983044 0.61016953]

rule10: 98480.210 < num_voted_users < 198494.389
probabilities_array:[0.        0.3462023 0.6537977]

rule18: 315.760 < num_user_for_reviews < 579.479
probabilities_array:[0.        0.3406781 0.6593219]

rule0: imdb_score < 5.724
probabilities_array:[0.        0.3151852 0.6848148]

rule11: num_voted_users > 198494.389
probabilities_array:[0.         0.29804143 0.70195854]

rule1: 5.724 < imdb_score < 6.470
probabilities_array:[0.         0.2912     0.70879996]

rule23: director_facebook_likes > 2844.258
probabilities_array:[0.        0.2899026 0.7100974]

rule14: 159.778 < num_critic_for_reviews < 242.347
probabilities_array:[0.01320042 0.24578568 0.74101394]

rule43: movie_facebook_likes > 22617.206
probabilities_array:[0.         0.2286646  0.77133536]

rule46: 109.371 < duration < 124.097
probabilities_array:[0.03707048 0.21014608 0.7527834 ]

rule15: num_critic_for_reviews > 242.347
probabilities_array:[0.         0.22113267 0.77886736]

rule47: duration > 124.097
probabilities_array:[0.         0.21731357 0.7826864 ]

rule26: 7167.925 < actor_1_facebook_likes < 18102.146
probabilities_array:[0.02913449 0.19296093 0.77790457]

rule35: actor_3_facebook_likes > 1972.300
probabilities_array:[0.         0.20470305 0.79529697]

