R2: 0.13075977809449313

MAE: 35649287.50691915

MSE: 4608231132828018.0

Accuracy: 0.7509104151493081

F1: 0.7507484457806768

Confusion Matrix: [[533, 134], [208, 498]]

Uncertainties: {'class0': [0.47819316387176514, 0.5555198788642883, 0.5908246040344238, 0.6186966300010681, 0.6226341724395752], 'class1': [0.5385887622833252, 0.559131383895874, 0.6138309836387634, 0.6146261692047119, 0.6407979130744934]}

Most important rules
-----------------------------

---0---
rule16: num_user_for_reviews < 39.585
probabilities_array:[0.52180684 0.         0.47819316]

rule9: -1724.451 < num_voted_users < 96845.898
probabilities_array:[0.4444801 0.        0.5555199]

rule6: 2003.355 < title_year < 2009.946
probabilities_array:[0.4091754 0.        0.5908246]

rule49: -126599136.633 < budget < 45957520.399
probabilities_array:[0.38130334 0.         0.61869663]

rule12: num_critic_for_reviews < 76.101
probabilities_array:[0.37736583 0.         0.6226342 ]

rule3: imdb_score > 7.214
probabilities_array:[0.37213287 0.         0.6278671 ]

rule51: budget > 218514177.431
probabilities_array:[0.28145438 0.         0.7185456 ]

rule7: title_year > 2009.946
probabilities_array:[0.27602974 0.         0.7239703 ]

rule45: 94.018 < duration < 109.458
probabilities_array:[0.25533116 0.         0.74466884]


---1---
rule4: title_year < 1996.765
probabilities_array:[0.         0.46141127 0.53858876]

rule10: 96845.898 < num_voted_users < 195416.248
probabilities_array:[0.        0.4408686 0.5591314]

rule50: 45957520.399 < budget < 218514177.431
probabilities_array:[0.       0.386169 0.613831]

rule30: 1874.421 < actor_2_facebook_likes < 4495.723
probabilities_array:[0.         0.38537383 0.61462617]

rule35: actor_3_facebook_likes > 1869.732
probabilities_array:[0.         0.35920212 0.6407979 ]

rule0: imdb_score < 5.728
probabilities_array:[0.         0.3499191  0.65008086]

rule19: num_user_for_reviews > 585.108
probabilities_array:[0.         0.33698976 0.66301024]

rule11: num_voted_users > 195416.248
probabilities_array:[0.         0.32445005 0.6755499 ]

rule1: 5.728 < imdb_score < 6.471
probabilities_array:[0.         0.30948508 0.6905149 ]

rule14: 159.485 < num_critic_for_reviews < 242.869
probabilities_array:[0.00408563 0.28298938 0.7129249 ]

rule18: 312.347 < num_user_for_reviews < 585.108
probabilities_array:[0.         0.28163448 0.7183655 ]

rule15: num_critic_for_reviews > 242.869
probabilities_array:[0.         0.28127858 0.71872145]

rule43: movie_facebook_likes > 22491.023
probabilities_array:[0.         0.26914245 0.73085755]

rule31: actor_2_facebook_likes > 4495.723
probabilities_array:[0.         0.26775387 0.73224616]

rule26: 7505.250 < actor_1_facebook_likes < 18761.581
probabilities_array:[0.01550528 0.25443536 0.7300593 ]

rule34: 705.381 < actor_3_facebook_likes < 1869.732
probabilities_array:[0.         0.2496179  0.75038207]

rule47: duration > 124.897
probabilities_array:[0.         0.22977091 0.7702291 ]

rule13: 76.101 < num_critic_for_reviews < 159.485
probabilities_array:[0.         0.22583771 0.7741623 ]

rule21: -1256.257 < director_facebook_likes < 760.380
probabilities_array:[0.         0.21681766 0.7831823 ]

