R2: 0.17885575210293425

MAE: 32431421.301529497

MSE: 3594565452539832.5

Accuracy: 0.7494537509104151

F1: 0.7452195490344158

Confusion Matrix: [[603, 139], [205, 426]]

Uncertainties: {'class0': [0.5689356327056885, 0.6003701090812683, 0.61064612865448, 0.6502827405929565, 0.6837666630744934], 'class1': [0.5300145149230957, 0.5333068370819092, 0.5366145968437195, 0.5428627729415894, 0.55184406042099]}

Most important rules
-----------------------------

---0---
rule3: imdb_score > 7.227
probabilities_array:[0.43106437 0.         0.56893563]

rule16: num_user_for_reviews < 43.324
probabilities_array:[0.3996299 0.        0.6003701]

rule9: -1469.524 < num_voted_users < 100953.225
probabilities_array:[0.38935387 0.         0.6106461 ]

rule6: 2003.310 < title_year < 2009.815
probabilities_array:[0.34971726 0.         0.65028274]

rule49: -29588344.613 < budget < 42940207.126
probabilities_array:[0.31623337 0.         0.68376666]

rule12: num_critic_for_reviews < 78.294
probabilities_array:[0.31566626 0.         0.68433374]

rule7: title_year > 2009.815
probabilities_array:[0.21710977 0.         0.7828902 ]


---1---
rule19: num_user_for_reviews > 604.087
probabilities_array:[0.         0.46998549 0.5300145 ]

rule50: 42940207.126 < budget < 115468758.865
probabilities_array:[0.         0.4666932  0.53330684]

rule4: title_year < 1996.805
probabilities_array:[0.        0.4633854 0.5366146]

rule10: 100953.225 < num_voted_users < 203375.974
probabilities_array:[0.         0.45713726 0.5428628 ]

rule30: 1877.981 < actor_2_facebook_likes < 4455.467
probabilities_array:[0.         0.44815594 0.55184406]

rule11: num_voted_users > 203375.974
probabilities_array:[0.         0.40210477 0.59789526]

rule51: budget > 115468758.865
probabilities_array:[0.         0.39309162 0.6069084 ]

rule1: 5.739 < imdb_score < 6.483
probabilities_array:[0.        0.3335023 0.6664977]

rule18: 323.706 < num_user_for_reviews < 604.087
probabilities_array:[0.         0.29470167 0.70529836]

rule43: movie_facebook_likes > 23115.511
probabilities_array:[9.209305e-05 2.890366e-01 7.108712e-01]

rule23: director_facebook_likes > 2708.409
probabilities_array:[0.         0.28678092 0.7132191 ]

rule34: 721.706 < actor_3_facebook_likes < 1917.553
probabilities_array:[0.        0.2671744 0.7328256]

rule15: num_critic_for_reviews > 245.785
probabilities_array:[0.        0.2605955 0.7394045]

rule46: 110.020 < duration < 125.657
probabilities_array:[0.         0.26043108 0.73956895]

rule0: imdb_score < 5.739
probabilities_array:[0.         0.24084648 0.7591535 ]

rule47: duration > 125.657
probabilities_array:[0.00787501 0.23278849 0.75933653]

rule26: 7639.289 < actor_1_facebook_likes < 18923.845
probabilities_array:[0.10158361 0.16095766 0.7374587 ]

rule13: 78.294 < num_critic_for_reviews < 162.039
probabilities_array:[0.         0.20490293 0.79509705]

