R2: 0.17117670839137

MAE: 33306724.56190823

MSE: 3391206778200469.5

Accuracy: 0.7581937363437727

F1: 0.7578050947237772

Confusion Matrix: [[548, 126], [206, 493]]

Uncertainties: {'class0': [0.48177117109298706, 0.569922685623169, 0.6198554039001465, 0.6233441233634949, 0.6292778849601746], 'class1': [0.4777141809463501, 0.5429919958114624, 0.5458889007568359, 0.5485005974769592, 0.6526985168457031]}

Most important rules
-----------------------------

---0---
rule16: num_user_for_reviews < 49.030
probabilities_array:[0.5182288  0.         0.48177117]

rule36: cast_total_facebook_likes < 129.807
probabilities_array:[0.4300773 0.        0.5699227]

rule9: -395.231 < num_voted_users < 97139.523
probabilities_array:[0.3801446 0.        0.6198554]

rule3: imdb_score > 7.204
probabilities_array:[0.3766559 0.        0.6233441]

rule49: -130172858.118 < budget < 46075469.056
probabilities_array:[0.37072214 0.         0.6292779 ]

rule12: num_critic_for_reviews < 76.719
probabilities_array:[0.3390646 0.        0.6609354]

rule6: 2003.271 < title_year < 2010.118
probabilities_array:[0.2662772 0.        0.7337228]

rule45: 94.366 < duration < 109.512
probabilities_array:[0.24273582 0.00586456 0.7513996 ]

rule22: 723.326 < director_facebook_likes < 2660.574
probabilities_array:[0.20593406 0.00944657 0.7846194 ]


---1---
rule4: title_year < 1996.425
probabilities_array:[0.         0.5222858  0.47771418]

rule11: num_voted_users > 194674.278
probabilities_array:[0.         0.45700797 0.542992  ]

rule19: num_user_for_reviews > 571.746
probabilities_array:[0.        0.4541111 0.5458889]

rule50: 46075469.056 < budget < 222323796.231
probabilities_array:[0.        0.4514994 0.5485006]

rule10: 97139.523 < num_voted_users < 194674.278
probabilities_array:[0.         0.34730148 0.6526985 ]

rule30: 1948.415 < actor_2_facebook_likes < 5099.046
probabilities_array:[0.         0.30624497 0.69375503]

rule43: movie_facebook_likes > 22311.567
probabilities_array:[0.         0.27639645 0.72360355]

rule1: 5.701 < imdb_score < 6.453
probabilities_array:[0.         0.27634603 0.723654  ]

rule42: 8636.358 < movie_facebook_likes < 22311.567
probabilities_array:[0.         0.26456705 0.735433  ]

rule18: 310.388 < num_user_for_reviews < 571.746
probabilities_array:[0.01482762 0.23492418 0.75024825]

rule0: imdb_score < 5.701
probabilities_array:[0.        0.2406774 0.7593226]

rule38: 10987.289 < cast_total_facebook_likes < 21844.771
probabilities_array:[0.         0.23066352 0.76933646]

rule37: 129.807 < cast_total_facebook_likes < 10987.289
probabilities_array:[0.         0.22878775 0.7712122 ]

rule15: num_critic_for_reviews > 242.256
probabilities_array:[4.8971234e-04 2.1909422e-01 7.8041607e-01]

rule35: actor_3_facebook_likes > 2016.729
probabilities_array:[0.00799015 0.20908463 0.7829252 ]

