R2: 0.17173396709984334

MAE: 33986174.4399126

MSE: 3553480029402460.5

Accuracy: 0.7603787327021122

F1: 0.760337541549391

Confusion Matrix: [[531, 120], [209, 513]]

Uncertainties: {'class0': [0.5619993805885315, 0.5942877531051636, 0.6070284843444824, 0.6154705286026001, 0.6400102972984314], 'class1': [0.4997127652168274, 0.5864635109901428, 0.6133344173431396, 0.613937258720398, 0.6257148385047913]}

Most important rules
-----------------------------

---0---
rule9: -590.951 < num_voted_users < 94760.953
probabilities_array:[0.43800062 0.         0.5619994 ]

rule16: num_user_for_reviews < 47.355
probabilities_array:[0.40571225 0.         0.59428775]

rule49: -129827412.899 < budget < 46675537.530
probabilities_array:[0.3929715 0.        0.6070285]

rule51: budget > 223178487.959
probabilities_array:[0.38452947 0.         0.6154705 ]

rule3: imdb_score > 7.199
probabilities_array:[0.35998973 0.         0.6400103 ]

rule12: num_critic_for_reviews < 75.658
probabilities_array:[0.30587015 0.         0.6941298 ]

rule6: 2003.140 < title_year < 2010.036
probabilities_array:[0.30360594 0.         0.6963941 ]

rule45: 93.805 < duration < 109.455
probabilities_array:[0.24838279 0.         0.7516172 ]

rule41: -5549.605 < movie_facebook_likes < 8754.849
probabilities_array:[0.21867839 0.00119382 0.7801278 ]


---1---
rule4: title_year < 1996.244
probabilities_array:[0.         0.50028723 0.49971277]

rule19: num_user_for_reviews > 571.643
probabilities_array:[0.        0.4135365 0.5864635]

rule50: 46675537.530 < budget < 223178487.959
probabilities_array:[0.         0.38666558 0.6133344 ]

rule11: num_voted_users > 190112.858
probabilities_array:[0.         0.38606277 0.61393726]

rule1: 5.728 < imdb_score < 6.463
probabilities_array:[0.         0.37428513 0.62571484]

rule10: 94760.953 < num_voted_users < 190112.858
probabilities_array:[0.       0.364072 0.635928]

rule0: imdb_score < 5.728
probabilities_array:[0.         0.35558403 0.644416  ]

rule23: director_facebook_likes > 2720.910
probabilities_array:[0.         0.33291057 0.6670894 ]

rule18: 309.499 < num_user_for_reviews < 571.643
probabilities_array:[0.         0.33120558 0.66879445]

rule15: num_critic_for_reviews > 242.647
probabilities_array:[0.        0.3288411 0.6711589]

rule35: actor_3_facebook_likes > 2027.428
probabilities_array:[0.         0.30539042 0.6946096 ]

rule13: 75.658 < num_critic_for_reviews < 159.152
probabilities_array:[0.        0.3021297 0.6978703]

rule14: 159.152 < num_critic_for_reviews < 242.647
probabilities_array:[0.        0.2982991 0.7017009]

rule21: -1256.431 < director_facebook_likes < 732.239
probabilities_array:[3.2481473e-04 2.5338250e-01 7.4629271e-01]

rule47: duration > 125.105
probabilities_array:[0.         0.23348567 0.7665143 ]

rule30: 1951.408 < actor_2_facebook_likes < 5111.114
probabilities_array:[0.         0.21303494 0.7869651 ]

rule31: actor_2_facebook_likes > 5111.114
probabilities_array:[0.01540633 0.20273373 0.78186   ]

rule38: 10937.123 < cast_total_facebook_likes < 24374.561
probabilities_array:[0.01446616 0.2021125  0.78342134]

