R2: 0.15859413898433594

MAE: 34185585.56627822

MSE: 3861457332536957.5

Accuracy: 0.7698470502549163

F1: 0.7692643142193443

Confusion Matrix: [[563, 116], [200, 494]]

Uncertainties: {'class0': [0.5127087831497192, 0.52271968126297, 0.597172200679779, 0.6284008026123047, 0.630473256111145], 'class1': [0.4797649085521698, 0.5225517749786377, 0.5604910254478455, 0.5899515748023987, 0.6256649494171143]}

Most important rules
-----------------------------

---0---
rule51: budget > 217341025.563
probabilities_array:[0.48729122 0.         0.5127088 ]

rule16: num_user_for_reviews < 42.931
probabilities_array:[0.47728035 0.         0.5227197 ]

rule9: -1447.261 < num_voted_users < 95958.605
probabilities_array:[0.40282777 0.         0.5971722 ]

rule49: -124273707.330 < budget < 46533659.116
probabilities_array:[0.3715992 0.        0.6284008]

rule3: imdb_score > 7.193
probabilities_array:[0.36952674 0.         0.63047326]

rule6: 2003.387 < title_year < 2009.972
probabilities_array:[0.34944618 0.         0.6505538 ]

rule12: num_critic_for_reviews < 75.114
probabilities_array:[0.24316975 0.         0.7568302 ]

rule41: -5586.016 < movie_facebook_likes < 8638.719
probabilities_array:[0.22281863 0.         0.7771814 ]

rule7: title_year > 2009.972
probabilities_array:[0.20323509 0.         0.7967649 ]


---1---
rule11: num_voted_users > 193364.471
probabilities_array:[0.         0.52023506 0.4797649 ]

rule19: num_user_for_reviews > 574.294
probabilities_array:[0.         0.47744825 0.5225518 ]

rule50: 46533659.116 < budget < 217341025.563
probabilities_array:[0.         0.43950897 0.560491  ]

rule4: title_year < 1996.802
probabilities_array:[0.        0.4100484 0.5899516]

rule1: 5.729 < imdb_score < 6.461
probabilities_array:[0.         0.37433502 0.62566495]

rule10: 95958.605 < num_voted_users < 193364.471
probabilities_array:[0.        0.3471438 0.6528562]

rule35: actor_3_facebook_likes > 1880.849
probabilities_array:[0.         0.34604385 0.6539561 ]

rule18: 308.613 < num_user_for_reviews < 574.294
probabilities_array:[0.         0.34084976 0.65915024]

rule14: 158.775 < num_critic_for_reviews < 242.436
probabilities_array:[3.8900776e-04 3.3572024e-01 6.6389078e-01]

rule23: director_facebook_likes > 2751.538
probabilities_array:[0.00394784 0.32374677 0.6723054 ]

rule0: imdb_score < 5.729
probabilities_array:[0.         0.30715105 0.6928489 ]

rule30: 1866.885 < actor_2_facebook_likes < 4941.762
probabilities_array:[0.        0.2862448 0.7137552]

rule47: duration > 125.386
probabilities_array:[0.00540595 0.28274232 0.71185166]

rule46: 109.500 < duration < 125.386
probabilities_array:[0.        0.2611396 0.7388604]

rule13: 75.114 < num_critic_for_reviews < 158.775
probabilities_array:[0.         0.24588372 0.7541163 ]

rule15: num_critic_for_reviews > 242.436
probabilities_array:[0.         0.22900866 0.7709913 ]

