R2: 0.1408662760953685

MAE: 35761792.884923525

MSE: 4536066965387652.0

Accuracy: 0.7662053896576839

F1: 0.7657874389203753

Confusion Matrix: [[555, 118], [203, 497]]

Uncertainties: {'class0': [0.5061292052268982, 0.5754974484443665, 0.5836659073829651, 0.5978897213935852, 0.6234220266342163], 'class1': [0.5069521069526672, 0.5897854566574097, 0.6073536276817322, 0.6414578557014465, 0.6470516324043274]}

Most important rules
-----------------------------

---0---
rule9: -170.511 < num_voted_users < 95093.398
probabilities_array:[0.49387082 0.         0.5061292 ]

rule51: budget > 219896111.286
probabilities_array:[0.42450258 0.         0.57549745]

rule16: num_user_for_reviews < 48.085
probabilities_array:[0.4163341 0.        0.5836659]

rule3: imdb_score > 7.194
probabilities_array:[0.40211028 0.         0.5978897 ]

rule12: num_critic_for_reviews < 77.106
probabilities_array:[0.37657797 0.         0.623422  ]

rule36: cast_total_facebook_likes < 459.869
probabilities_array:[0.3362475 0.        0.6637525]

rule49: -126352442.307 < budget < 46771834.489
probabilities_array:[0.31159782 0.         0.6884022 ]

rule6: 2003.379 < title_year < 2010.023
probabilities_array:[0.29403815 0.         0.7059618 ]


---1---
rule4: title_year < 1996.735
probabilities_array:[0.         0.49304786 0.5069521 ]

rule50: 46771834.489 < budget < 219896111.286
probabilities_array:[0.         0.4102145  0.58978546]

rule19: num_user_for_reviews > 568.774
probabilities_array:[0.         0.39264637 0.6073536 ]

rule10: 95093.398 < num_voted_users < 190357.308
probabilities_array:[0.         0.35854214 0.64145786]

rule37: 459.869 < cast_total_facebook_likes < 10529.245
probabilities_array:[0.         0.35294837 0.64705163]

rule11: num_voted_users > 190357.308
probabilities_array:[0.       0.325183 0.674817]

rule23: director_facebook_likes > 2745.781
probabilities_array:[0.         0.32455564 0.67544436]

rule18: 308.430 < num_user_for_reviews < 568.774
probabilities_array:[0.         0.2943472  0.70565283]

rule15: num_critic_for_reviews > 240.166
probabilities_array:[0.         0.2738624  0.72613764]

rule47: duration > 124.920
probabilities_array:[0.00780149 0.2515699  0.74062866]

rule14: 158.636 < num_critic_for_reviews < 240.166
probabilities_array:[0.         0.24885692 0.7511431 ]

rule1: 5.722 < imdb_score < 6.458
probabilities_array:[0.         0.24638951 0.7536105 ]

rule27: actor_1_facebook_likes > 14680.071
probabilities_array:[0.         0.24632296 0.75367707]

rule30: 1808.516 < actor_2_facebook_likes < 4346.372
probabilities_array:[0.         0.24592102 0.754079  ]

rule0: imdb_score < 5.722
probabilities_array:[0.         0.23814347 0.7618565 ]

rule26: 7073.669 < actor_1_facebook_likes < 14680.071
probabilities_array:[0.00714426 0.22985315 0.7630025 ]

rule21: -1240.758 < director_facebook_likes < 752.511
probabilities_array:[0.         0.22141741 0.7785826 ]

rule35: actor_3_facebook_likes > 1912.921
probabilities_array:[0.         0.21528752 0.7847125 ]

rule46: 109.624 < duration < 124.920
probabilities_array:[0.01984072 0.20232852 0.7778308 ]

