R2: 0.1654305369781114

MAE: 33307432.054989073

MSE: 3530146657959256.0

Accuracy: 0.7560087399854334

F1: 0.7551775695164124

Confusion Matrix: [[559, 121], [214, 479]]

Uncertainties: {'class0': [0.48130136728286743, 0.535027801990509, 0.6145955324172974, 0.6704501509666443, 0.6967633366584778], 'class1': [0.47320055961608887, 0.5383424758911133, 0.5719457864761353, 0.599012017250061, 0.6443801522254944]}

Most important rules
-----------------------------

---0---
rule16: num_user_for_reviews < 37.421
probabilities_array:[0.51869863 0.         0.48130137]

rule9: -3473.910 < num_voted_users < 98673.140
probabilities_array:[0.4649722 0.        0.5350278]

rule49: -34897472.920 < budget < 43204846.418
probabilities_array:[0.38540444 0.         0.61459553]

rule3: imdb_score > 7.200
probabilities_array:[0.32954982 0.         0.67045015]

rule12: num_critic_for_reviews < 77.768
probabilities_array:[0.3032367  0.         0.69676334]

rule6: 2003.475 < title_year < 2010.190
probabilities_array:[0.2519903 0.        0.7480097]

rule41: -4920.176 < movie_facebook_likes < 9139.892
probabilities_array:[0.198529   0.02478444 0.77668655]


---1---
rule4: title_year < 1996.760
probabilities_array:[0.         0.52679944 0.47320056]

rule50: 43204846.418 < budget < 121307165.757
probabilities_array:[0.        0.4616575 0.5383425]

rule1: 5.741 < imdb_score < 6.470
probabilities_array:[0.        0.4280542 0.5719458]

rule0: imdb_score < 5.741
probabilities_array:[0.         0.40098795 0.599012  ]

rule11: num_voted_users > 200820.190
probabilities_array:[0.         0.35561985 0.64438015]

rule51: budget > 121307165.757
probabilities_array:[0.         0.34681278 0.6531872 ]

rule19: num_user_for_reviews > 591.423
probabilities_array:[0.         0.3349941  0.66500586]

rule14: 161.896 < num_critic_for_reviews < 246.023
probabilities_array:[0.        0.3231858 0.6768142]

rule15: num_critic_for_reviews > 246.023
probabilities_array:[0.         0.30327836 0.6967216 ]

rule35: actor_3_facebook_likes > 1929.747
probabilities_array:[0.         0.29573226 0.70426774]

rule10: 98673.140 < num_voted_users < 200820.190
probabilities_array:[0.         0.28643033 0.7135697 ]

rule13: 77.768 < num_critic_for_reviews < 161.896
probabilities_array:[0.         0.26791444 0.7320856 ]

rule18: 314.422 < num_user_for_reviews < 591.423
probabilities_array:[0.         0.25352165 0.7464783 ]

rule43: movie_facebook_likes > 23199.960
probabilities_array:[1.0154756e-04 2.5067943e-01 7.4921900e-01]

rule47: duration > 125.106
probabilities_array:[0.01593559 0.24100067 0.74306375]

rule30: 1988.166 < actor_2_facebook_likes < 5157.601
probabilities_array:[0.         0.23189256 0.7681074 ]

rule23: director_facebook_likes > 2753.894
probabilities_array:[0.05168378 0.17942879 0.76888746]

rule46: 109.779 < duration < 125.106
probabilities_array:[0.         0.20313756 0.7968624 ]

