R2: 0.14574603474565517

MAE: 34662902.5997815

MSE: 4220397988577830.5

Accuracy: 0.7509104151493081

F1: 0.7508404966571156

Confusion Matrix: [[527, 142], [200, 504]]

Uncertainties: {'class0': [0.4321751296520233, 0.457074910402298, 0.5419703125953674, 0.5924001336097717, 0.6450021266937256], 'class1': [0.535588800907135, 0.5879087448120117, 0.6029449105262756, 0.6096471548080444, 0.6247772574424744]}

Most important rules
-----------------------------

---0---
rule51: budget > 230487505.494
probabilities_array:[0.56782484 0.         0.43217513]

rule9: -1939.496 < num_voted_users < 96125.952
probabilities_array:[0.5429251 0.        0.4570749]

rule16: num_user_for_reviews < 43.994
probabilities_array:[0.45802972 0.         0.5419703 ]

rule49: -133377734.932 < budget < 48554885.281
probabilities_array:[0.4075999  0.         0.59240013]

rule12: num_critic_for_reviews < 77.259
probabilities_array:[0.3549979 0.        0.6450021]

rule6: 2003.423 < title_year < 2010.142
probabilities_array:[0.34160998 0.         0.65839   ]

rule3: imdb_score > 7.209
probabilities_array:[0.29849827 0.         0.7015017 ]

rule45: 94.747 < duration < 109.285
probabilities_array:[0.20996682 0.01887401 0.7711592 ]


---1---
rule4: title_year < 1996.705
probabilities_array:[0.         0.46441117 0.5355888 ]

rule23: director_facebook_likes > 2745.118
probabilities_array:[0.         0.41209128 0.58790874]

rule0: imdb_score < 5.751
probabilities_array:[0.        0.3970551 0.6029449]

rule11: num_voted_users > 194191.399
probabilities_array:[0.         0.39035285 0.60964715]

rule10: 96125.952 < num_voted_users < 194191.399
probabilities_array:[0.         0.37522274 0.62477726]

rule30: 1860.738 < actor_2_facebook_likes < 4912.754
probabilities_array:[0.         0.37305355 0.62694645]

rule1: 5.751 < imdb_score < 6.480
probabilities_array:[0.         0.36741656 0.63258344]

rule50: 48554885.281 < budget < 230487505.494
probabilities_array:[0.        0.3631425 0.6368575]

rule31: actor_2_facebook_likes > 4912.754
probabilities_array:[0.         0.36028963 0.63971037]

rule19: num_user_for_reviews > 574.650
probabilities_array:[0.         0.3050308  0.69496924]

rule14: 159.278 < num_critic_for_reviews < 241.296
probabilities_array:[0.00095671 0.29943734 0.69960594]

rule35: actor_3_facebook_likes > 1939.324
probabilities_array:[0.         0.29337668 0.7066233 ]

rule18: 309.322 < num_user_for_reviews < 574.650
probabilities_array:[0.         0.28263468 0.7173653 ]

rule21: -1257.092 < director_facebook_likes < 744.013
probabilities_array:[0.01106659 0.2496428  0.7392906 ]

rule46: 109.285 < duration < 123.824
probabilities_array:[0.         0.23369402 0.766306  ]

