R2: 0.18130376632802692

MAE: 33068793.733430445

MSE: 3377241229908230.0

Accuracy: 0.7589220684632192

F1: 0.7577867635811677

Confusion Matrix: [[568, 126], [205, 474]]

Uncertainties: {'class0': [0.45198163390159607, 0.5837590098381042, 0.600055456161499, 0.615089476108551, 0.6607980728149414], 'class1': [0.48800283670425415, 0.4944942593574524, 0.5015153884887695, 0.5601579546928406, 0.6218715906143188]}

Most important rules
-----------------------------

---0---
rule51: budget > 229216498.327
probabilities_array:[0.54801834 0.         0.45198163]

rule49: -133047923.742 < budget < 48084287.292
probabilities_array:[0.41624096 0.         0.583759  ]

rule6: 2003.103 < title_year < 2009.956
probabilities_array:[0.39994457 0.         0.60005546]

rule16: num_user_for_reviews < 44.332
probabilities_array:[0.38491052 0.         0.6150895 ]

rule9: -2108.296 < num_voted_users < 98717.806
probabilities_array:[0.33920193 0.         0.6607981 ]

rule7: title_year > 2009.956
probabilities_array:[0.32956052 0.         0.6704395 ]

rule12: num_critic_for_reviews < 76.437
probabilities_array:[0.31441426 0.         0.68558574]

rule3: imdb_score > 7.208
probabilities_array:[0.29365423 0.         0.70634574]


---1---
rule10: 98717.806 < num_voted_users < 199543.908
probabilities_array:[0.         0.51199716 0.48800284]

rule11: num_voted_users > 199543.908
probabilities_array:[0.         0.50550574 0.49449426]

rule4: title_year < 1996.251
probabilities_array:[0.         0.49848458 0.5015154 ]

rule50: 48084287.292 < budget < 229216498.327
probabilities_array:[0.         0.43984205 0.56015795]

rule1: 5.712 < imdb_score < 6.460
probabilities_array:[0.         0.37812844 0.6218716 ]

rule0: imdb_score < 5.712
probabilities_array:[0.         0.34483492 0.6551651 ]

rule30: 1889.965 < actor_2_facebook_likes < 4949.612
probabilities_array:[0.        0.3412621 0.6587379]

rule19: num_user_for_reviews > 578.074
probabilities_array:[0.         0.33970764 0.6602924 ]

rule18: 311.203 < num_user_for_reviews < 578.074
probabilities_array:[0.         0.31189334 0.68810666]

rule14: 157.596 < num_critic_for_reviews < 238.754
probabilities_array:[0.        0.3051185 0.6948815]

rule15: num_critic_for_reviews > 238.754
probabilities_array:[0.        0.2884384 0.7115616]

rule13: 76.437 < num_critic_for_reviews < 157.596
probabilities_array:[0.         0.28186205 0.718138  ]

rule46: 109.564 < duration < 125.197
probabilities_array:[0.00659774 0.25200316 0.7413991 ]

rule47: duration > 125.197
probabilities_array:[9.6973810e-05 2.3703611e-01 7.6286691e-01]

rule35: actor_3_facebook_likes > 1849.267
probabilities_array:[0.        0.2366512 0.7633488]

rule43: movie_facebook_likes > 22379.634
probabilities_array:[0.         0.23333746 0.76666254]

