R2: 0.15176134053388213

MAE: 34746694.62490896

MSE: 4079468510561175.5

Accuracy: 0.7611070648215587

F1: 0.760230854416901

Confusion Matrix: [[564, 133], [195, 481]]

Uncertainties: {'class0': [0.43905434012413025, 0.49691998958587646, 0.6418828964233398, 0.6651816964149475, 0.6709715723991394], 'class1': [0.44447287917137146, 0.5369004011154175, 0.565792977809906, 0.6253820061683655, 0.641788899898529]}

Most important rules
-----------------------------

---0---
rule51: budget > 221902677.318
probabilities_array:[0.5609457  0.         0.43905434]

rule16: num_user_for_reviews < 43.439
probabilities_array:[0.50308 0.      0.49692]

rule3: imdb_score > 7.203
probabilities_array:[0.35811707 0.         0.6418829 ]

rule9: -423.838 < num_voted_users < 96726.120
probabilities_array:[0.33481833 0.         0.6651817 ]

rule49: -130554690.725 < budget < 45673993.296
probabilities_array:[0.32902843 0.         0.6709716 ]

rule6: 2003.277 < title_year < 2009.937
probabilities_array:[0.32626286 0.         0.67373717]

rule12: num_critic_for_reviews < 76.257
probabilities_array:[0.32541737 0.         0.6745826 ]

rule41: -4606.851 < movie_facebook_likes < 8653.802
probabilities_array:[0.2196945  0.02218558 0.75811994]

rule44: duration < 93.640
probabilities_array:[0.19191454 0.04138422 0.7667013 ]


---1---
rule4: title_year < 1996.616
probabilities_array:[0.         0.5555271  0.44447288]

rule10: 96726.120 < num_voted_users < 193876.077
probabilities_array:[0.         0.46309963 0.5369004 ]

rule50: 45673993.296 < budget < 221902677.318
probabilities_array:[0.       0.434207 0.565793]

rule19: num_user_for_reviews > 577.677
probabilities_array:[0.       0.374618 0.625382]

rule11: num_voted_users > 193876.077
probabilities_array:[0.        0.3582111 0.6417889]

rule15: num_critic_for_reviews > 240.666
probabilities_array:[0.         0.29489562 0.7051044 ]

rule18: 310.558 < num_user_for_reviews < 577.677
probabilities_array:[0.         0.29073855 0.7092615 ]

rule34: 712.181 < actor_3_facebook_likes < 1888.785
probabilities_array:[0.         0.28886428 0.7111357 ]

rule14: 158.461 < num_critic_for_reviews < 240.666
probabilities_array:[0.         0.28755197 0.71244806]

rule1: 5.707 < imdb_score < 6.455
probabilities_array:[0.         0.26800385 0.7319962 ]

rule35: actor_3_facebook_likes > 1888.785
probabilities_array:[0.         0.25022188 0.74977815]

rule30: 1888.241 < actor_2_facebook_likes < 4971.582
probabilities_array:[0.         0.24564414 0.75435585]

rule0: imdb_score < 5.707
probabilities_array:[0.         0.23829657 0.76170343]

rule13: 76.257 < num_critic_for_reviews < 158.461
probabilities_array:[0.         0.21592043 0.78407955]

rule31: actor_2_facebook_likes > 4971.582
probabilities_array:[0.       0.206544 0.793456]

rule47: duration > 125.830
probabilities_array:[0.0414544  0.18167675 0.7768688 ]

