R2: 0.16398639825392625

MAE: 31970792.16460306

MSE: 3451253176828579.5

Accuracy: 0.7501820830298617

F1: 0.7481276938718644

Confusion Matrix: [[577, 134], [209, 453]]

Uncertainties: {'class0': [0.49877893924713135, 0.5121344327926636, 0.5782309174537659, 0.6113532781600952, 0.6631747484207153], 'class1': [0.5029511451721191, 0.561676025390625, 0.6083270907402039, 0.6582218408584595, 0.6627535820007324]}

Most important rules
-----------------------------

---0---
rule16: num_user_for_reviews < 51.395
probabilities_array:[0.50122106 0.         0.49877894]

rule51: budget > 226910771.950
probabilities_array:[0.48786557 0.         0.51213443]

rule9: 402.636 < num_voted_users < 98557.463
probabilities_array:[0.42176908 0.         0.5782309 ]

rule8: num_voted_users < 402.636
probabilities_array:[0.38864672 0.         0.6113533 ]

rule3: imdb_score > 7.203
probabilities_array:[0.33682525 0.         0.66317475]

rule49: -130700145.007 < budget < 48105313.472
probabilities_array:[0.33102974 0.         0.6689702 ]

rule36: cast_total_facebook_likes < 893.558
probabilities_array:[0.29071298 0.         0.709287  ]

rule6: 2003.443 < title_year < 2010.185
probabilities_array:[0.27587056 0.         0.72412944]

rule12: num_critic_for_reviews < 78.672
probabilities_array:[0.25367332 0.         0.7463267 ]

rule24: actor_1_facebook_likes < 132.001
probabilities_array:[0.24835181 0.         0.7516482 ]


---1---
rule4: title_year < 1996.701
probabilities_array:[0.         0.49704885 0.50295115]

rule50: 48105313.472 < budget < 226910771.950
probabilities_array:[0.         0.43832397 0.561676  ]

rule30: 1892.411 < actor_2_facebook_likes < 4516.621
probabilities_array:[0.        0.3916729 0.6083271]

rule19: num_user_for_reviews > 586.414
probabilities_array:[0.         0.34177816 0.65822184]

rule1: 5.731 < imdb_score < 6.467
probabilities_array:[0.        0.3372464 0.6627536]

rule11: num_voted_users > 196712.290
probabilities_array:[0.         0.30390474 0.6960953 ]

rule10: 98557.463 < num_voted_users < 196712.290
probabilities_array:[0.         0.30193004 0.69806993]

rule43: movie_facebook_likes > 23292.241
probabilities_array:[0.         0.30033186 0.6996681 ]

rule38: 10775.524 < cast_total_facebook_likes < 20657.491
probabilities_array:[0.         0.29616344 0.70383656]

rule27: actor_1_facebook_likes > 14193.779
probabilities_array:[0.         0.2830831  0.71691686]

rule15: num_critic_for_reviews > 246.327
probabilities_array:[0.         0.2812145  0.71878546]

rule35: actor_3_facebook_likes > 2079.385
probabilities_array:[0.         0.28095773 0.71904224]

rule18: 318.905 < num_user_for_reviews < 586.414
probabilities_array:[0.         0.26311862 0.7368814 ]

rule14: 162.499 < num_critic_for_reviews < 246.327
probabilities_array:[0.         0.25432238 0.74567765]

rule37: 893.558 < cast_total_facebook_likes < 10775.524
probabilities_array:[0.         0.25099698 0.74900305]

rule34: 761.048 < actor_3_facebook_likes < 2079.385
probabilities_array:[0.01859237 0.22214007 0.75926757]

rule46: 109.202 < duration < 123.851
probabilities_array:[0.         0.2285246  0.77147543]

rule13: 78.672 < num_critic_for_reviews < 162.499
probabilities_array:[0.         0.22333089 0.7766691 ]

rule26: 7162.890 < actor_1_facebook_likes < 14193.779
probabilities_array:[0.03244053 0.19399416 0.77356535]

rule47: duration > 123.851
probabilities_array:[0.00288771 0.19868147 0.7984308 ]

