R2: 0.6818523932078904


MAE: 45611.633552286374


Accuracy: 0.8219001017414289


F1: 0.8219318849089842


Most important rules
-----------------------------

---0---
rule28: median_income < 2.602
probabilities_array:[0.8435459  0.         0.15645407]

rule23: population > 2199.884
probabilities_array:[0.643385 0.       0.356615]

rule33: ocean_proximity_INLAND = 1.0
probabilities_array:[0.6418252 0.        0.3581748]

rule7: latitude > 37.108
probabilities_array:[0.59381175 0.         0.40618825]

rule12: total_rooms < 1167.741
probabilities_array:[0.5737044  0.01325204 0.41304353]

rule3: longitude > -118.239
probabilities_array:[0.51863563 0.         0.48136437]

rule29: 2.602 < median_income < 3.885
probabilities_array:[0.51835    0.         0.48164997]

rule22: 1424.781 < population < 2199.884
probabilities_array:[0.43202254 0.         0.5679775 ]

rule6: 35.660 < latitude < 37.108
probabilities_array:[0.37583262 0.         0.6241674 ]

rule24: households < 241.044
probabilities_array:[0.33769795 0.         0.662302  ]

rule1: -120.948 < longitude < -119.594
probabilities_array:[0.22950573 0.06202932 0.70846486]

rule25: 241.044 < households < 499.011
probabilities_array:[0.24100739 0.         0.7589926 ]

rule16: total_bedrooms < 252.804
probabilities_array:[0.2287891 0.        0.7712109]


---1---
rule31: median_income > 5.169
probabilities_array:[0.         0.800937   0.19906297]

rule35: ocean_proximity_ISLAND = 1.0
probabilities_array:[0.         0.7314187  0.26858124]

rule20: population < 649.678
probabilities_array:[0.        0.7171762 0.2828238]

rule0: longitude < -120.948
probabilities_array:[0.        0.6104126 0.3895874]

rule32: ocean_proximity_INLAND = 0.0
probabilities_array:[0.         0.5974469  0.40255305]

rule15: total_rooms > 4103.851
probabilities_array:[0.01706687 0.43062627 0.5523068 ]

rule27: households > 756.977
probabilities_array:[0.        0.3476398 0.6523602]

rule4: latitude < 34.213
probabilities_array:[0.        0.3362012 0.6637988]

rule14: 2635.796 < total_rooms < 4103.851
probabilities_array:[0.00845304 0.31958562 0.67196137]

rule30: 3.885 < median_income < 5.169
probabilities_array:[0.03598799 0.28625652 0.6777554 ]

rule2: -119.594 < longitude < -118.239
probabilities_array:[0.04880634 0.25489524 0.6962985 ]

rule19: total_bedrooms > 818.633
probabilities_array:[0.        0.2762593 0.7237407]

rule21: 649.678 < population < 1424.781
probabilities_array:[0.         0.24364349 0.75635654]

rule39: ocean_proximity_NEAR OCEAN = 1.0
probabilities_array:[0.07354847 0.19062483 0.73582673]

rule9: 20.087 < housing_median_age < 28.595
probabilities_array:[0.         0.21644375 0.7835563 ]

