R2: 0.6346394226227794


MAE: 50839.782599912105


Accuracy: 0.8167928824047228


F1: 0.816793893129771


Most important rules
-----------------------------

---0---
rule28: median_income < 2.586
probabilities_array:[0.84980106 0.         0.15019895]

rule23: population > 2178.145
probabilities_array:[0.6975222  0.         0.30247778]

rule3: longitude > -118.227
probabilities_array:[0.61311966 0.         0.38688037]

rule33: ocean_proximity_INLAND = 1.0
probabilities_array:[0.5872312  0.         0.41276875]

rule29: 2.586 < median_income < 3.873
probabilities_array:[0.54028064 0.         0.45971936]

rule12: total_rooms < 1141.388
probabilities_array:[0.49620274 0.02879284 0.4750045 ]

rule22: 1423.603 < population < 2178.145
probabilities_array:[0.48129058 0.         0.5187094 ]

rule24: households < 241.068
probabilities_array:[0.44598183 0.         0.5540182 ]

rule7: latitude > 37.089
probabilities_array:[0.4129797 0.        0.5870203]

rule6: 35.645 < latitude < 37.089
probabilities_array:[0.31601036 0.         0.68398964]

rule8: housing_median_age < 20.113
probabilities_array:[0.26717877 0.         0.7328212 ]

rule16: total_bedrooms < 252.449
probabilities_array:[0.25781465 0.         0.74218535]

rule1: -120.937 < longitude < -119.582
probabilities_array:[0.21741796 0.03129542 0.7512867 ]

rule37: ocean_proximity_NEAR BAY = 1.0
probabilities_array:[0.16707434 0.09335008 0.73957556]


---1---
rule31: median_income > 5.160
probabilities_array:[0.         0.84154385 0.15845616]

rule20: population < 669.061
probabilities_array:[0.         0.6873777  0.31262228]

rule32: ocean_proximity_INLAND = 0.0
probabilities_array:[0.       0.677589 0.322411]

rule35: ocean_proximity_ISLAND = 1.0
probabilities_array:[0.        0.6105613 0.3894387]

rule0: longitude < -120.937
probabilities_array:[0.         0.49507135 0.50492865]

rule4: latitude < 34.202
probabilities_array:[0.         0.47538668 0.5246133 ]

rule27: households > 757.717
probabilities_array:[0.         0.46451932 0.5354807 ]

rule15: total_rooms > 4150.907
probabilities_array:[0.04580548 0.41191325 0.54228127]

rule30: 3.873 < median_income < 5.160
probabilities_array:[0.03668493 0.34697416 0.61634094]

rule19: total_bedrooms > 821.740
probabilities_array:[0.         0.31301627 0.6869837 ]

rule26: 499.393 < households < 757.717
probabilities_array:[0.         0.29861403 0.701386  ]

rule14: 2646.147 < total_rooms < 4150.907
probabilities_array:[0.02860169 0.28114107 0.6902573 ]

