R2: 0.6888578002914987


MAE: 45491.32583248494


Accuracy: 0.821633023163346


F1: 0.8216382853787434


Most important rules
-----------------------------

---0---
rule28: median_income < 2.593
probabilities_array:[0.78212976 0.         0.21787024]

rule3: longitude > -118.232
probabilities_array:[0.66346186 0.         0.33653817]

rule23: population > 2189.157
probabilities_array:[0.65538263 0.         0.3446174 ]

rule33: ocean_proximity_INLAND = 1.0
probabilities_array:[0.57061714 0.         0.42938286]

rule12: total_rooms < 1180.594
probabilities_array:[0.5414362  0.02446448 0.43409935]

rule7: latitude > 37.086
probabilities_array:[0.5269008  0.         0.47309917]

rule24: households < 243.112
probabilities_array:[0.42943144 0.         0.57056856]

rule6: 35.644 < latitude < 37.086
probabilities_array:[0.4060729 0.        0.5939271]

rule29: 2.593 < median_income < 3.881
probabilities_array:[0.37109488 0.         0.6289051 ]

rule22: 1425.280 < population < 2189.157
probabilities_array:[0.35374334 0.         0.6462566 ]

rule16: total_bedrooms < 255.649
probabilities_array:[0.31942785 0.         0.68057215]

rule8: housing_median_age < 20.082
probabilities_array:[0.28434926 0.         0.71565074]

rule25: 243.112 < households < 498.899
probabilities_array:[0.2782206 0.        0.7217794]

rule38: ocean_proximity_NEAR OCEAN = 0.0
probabilities_array:[0.21331081 0.04083579 0.7458534 ]

rule1: -120.940 < longitude < -119.586
probabilities_array:[0.20299828 0.04284268 0.7541591 ]

rule37: ocean_proximity_NEAR BAY = 1.0
probabilities_array:[0.17619832 0.0684442  0.75535744]


---1---
rule31: median_income > 5.169
probabilities_array:[0.         0.8781849  0.12181506]

rule20: population < 661.403
probabilities_array:[0.        0.7460016 0.2539984]

rule35: ocean_proximity_ISLAND = 1.0
probabilities_array:[0.        0.7151739 0.2848261]

rule32: ocean_proximity_INLAND = 0.0
probabilities_array:[0.         0.6716984  0.32830164]

rule0: longitude < -120.940
probabilities_array:[0.        0.5746819 0.4253181]

rule4: latitude < 34.203
probabilities_array:[0.        0.5281573 0.4718427]

rule30: 3.881 < median_income < 5.169
probabilities_array:[0.        0.4437398 0.5562602]

rule27: households > 754.686
probabilities_array:[0.        0.4155702 0.5844298]

rule15: total_rooms > 4093.416
probabilities_array:[0.04149329 0.34634826 0.6121584 ]

rule19: total_bedrooms > 816.893
probabilities_array:[0.         0.26781464 0.73218536]

rule21: 661.403 < population < 1425.280
probabilities_array:[0.         0.26202267 0.7379773 ]

rule14: 2637.005 < total_rooms < 4093.416
probabilities_array:[0.02854901 0.22552003 0.74593097]

rule5: 34.203 < latitude < 35.644
probabilities_array:[0.        0.2340898 0.7659102]

