R2: 0.6701890097937939


MAE: 47246.0370238106


Accuracy: 0.8104414659600367


F1: 0.8104815032295948


Most important rules
-----------------------------

---0---
rule28: median_income < 2.581
probabilities_array:[0.7701209  0.         0.22987907]

rule23: population > 2195.691
probabilities_array:[0.74085754 0.         0.2591425 ]

rule33: ocean_proximity_INLAND = 1.0
probabilities_array:[0.66782355 0.         0.33217645]

rule3: longitude > -118.214
probabilities_array:[0.5141021  0.         0.48589793]

rule22: 1423.011 < population < 2195.691
probabilities_array:[0.48938638 0.         0.5106136 ]

rule12: total_rooms < 1157.318
probabilities_array:[0.46405727 0.02063384 0.51530886]

rule7: latitude > 37.064
probabilities_array:[0.39866018 0.         0.6013398 ]

rule24: households < 239.785
probabilities_array:[0.3771018  0.         0.62289816]

rule1: -120.913 < longitude < -119.564
probabilities_array:[0.3209235  0.02106378 0.6580127 ]

rule6: 35.628 < latitude < 37.064
probabilities_array:[0.3125709  0.02436727 0.66306186]

rule29: 2.581 < median_income < 3.877
probabilities_array:[0.28839642 0.00247355 0.70913005]

rule16: total_bedrooms < 252.214
probabilities_array:[0.27643755 0.         0.7235625 ]

rule8: housing_median_age < 20.035
probabilities_array:[0.22038397 0.         0.779616  ]

rule37: ocean_proximity_NEAR BAY = 1.0
probabilities_array:[0.18999958 0.0410484  0.768952  ]

rule34: ocean_proximity_ISLAND = 0.0
probabilities_array:[0.20277491 0.         0.7972251 ]


---1---
rule31: median_income > 5.172
probabilities_array:[0.         0.9079615  0.09203853]

rule35: ocean_proximity_ISLAND = 1.0
probabilities_array:[0.        0.7190334 0.2809666]

rule20: population < 650.331
probabilities_array:[0.         0.68013465 0.31986535]

rule32: ocean_proximity_INLAND = 0.0
probabilities_array:[0.        0.6176017 0.3823983]

rule30: 3.877 < median_income < 5.172
probabilities_array:[0.         0.54888403 0.45111597]

rule0: longitude < -120.913
probabilities_array:[0.        0.5013137 0.4986863]

rule27: households > 755.685
probabilities_array:[0.         0.49771208 0.5022879 ]

rule15: total_rooms > 4095.604
probabilities_array:[0.05790589 0.4400453  0.50204885]

rule14: 2626.461 < total_rooms < 4095.604
probabilities_array:[0.03466845 0.3500669  0.6152647 ]

rule4: latitude < 34.192
probabilities_array:[0.         0.36493906 0.63506097]

rule19: total_bedrooms > 817.809
probabilities_array:[0.         0.32648918 0.67351085]

rule5: 34.192 < latitude < 35.628
probabilities_array:[0.       0.264541 0.735459]

rule2: -119.564 < longitude < -118.214
probabilities_array:[0.07964767 0.19781983 0.7225325 ]

rule26: 497.735 < households < 755.685
probabilities_array:[0.        0.2071391 0.7928609]

