R2: 0.6937765034106558


MAE: 45647.101356966785


Accuracy: 0.819993447654519


F1: 0.8200234879624193


Most important rules
-----------------------------

---0---
rule28: median_income < 2.581
probabilities_array:[0.8411233  0.         0.15887672]

rule23: population > 2177.434
probabilities_array:[0.66764015 0.         0.33235988]

rule33: ocean_proximity_INLAND = 1.0
probabilities_array:[0.64373964 0.         0.35626036]

rule3: longitude > -118.226
probabilities_array:[0.6191839  0.         0.38081607]

rule12: total_rooms < 1171.101
probabilities_array:[0.50224495 0.01459267 0.48316228]

rule29: 2.581 < median_income < 3.869
probabilities_array:[0.5043789  0.         0.49562111]

rule22: 1421.206 < population < 2177.434
probabilities_array:[0.45882112 0.         0.5411789 ]

rule7: latitude > 37.094
probabilities_array:[0.43180946 0.         0.5681906 ]

rule24: households < 241.522
probabilities_array:[0.395855 0.       0.604145]

rule1: -120.936 < longitude < -119.581
probabilities_array:[0.24941571 0.0338889  0.7166953 ]

rule6: 35.650 < latitude < 37.094
probabilities_array:[0.2356735  0.00829885 0.75602764]

rule8: housing_median_age < 20.057
probabilities_array:[0.21618815 0.         0.78381187]

rule16: total_bedrooms < 253.128
probabilities_array:[0.2044675 0.        0.7955325]


---1---
rule31: median_income > 5.157
probabilities_array:[0.         0.8488185  0.15118152]

rule20: population < 664.978
probabilities_array:[0.         0.6947029  0.30529708]

rule35: ocean_proximity_ISLAND = 1.0
probabilities_array:[0.         0.62525755 0.37474245]

rule32: ocean_proximity_INLAND = 0.0
probabilities_array:[0.         0.57748276 0.4225172 ]

rule4: latitude < 34.206
probabilities_array:[0.         0.5668806  0.43311942]

rule0: longitude < -120.936
probabilities_array:[0.         0.5415463  0.45845369]

rule27: households > 756.802
probabilities_array:[0.         0.49734002 0.5026599 ]

rule15: total_rooms > 4099.871
probabilities_array:[0.02650145 0.37616944 0.59732914]

rule30: 3.869 < median_income < 5.157
probabilities_array:[0.02837035 0.34375998 0.62786967]

rule5: 34.206 < latitude < 35.650
probabilities_array:[0.        0.3113504 0.6886496]

rule14: 2635.486 < total_rooms < 4099.871
probabilities_array:[0.01463347 0.2623476  0.72301894]

rule19: total_bedrooms > 819.947
probabilities_array:[0.        0.2558522 0.7441478]

rule26: 499.162 < households < 756.802
probabilities_array:[0.         0.23795553 0.7620445 ]

rule39: ocean_proximity_NEAR OCEAN = 1.0
probabilities_array:[0.10195529 0.1708444  0.72720027]

rule21: 664.978 < population < 1421.206
probabilities_array:[0.         0.20457381 0.7954262 ]

rule37: ocean_proximity_NEAR BAY = 1.0
probabilities_array:[0.13132781 0.14794013 0.72073203]

