R2: 0.6926897733599495


MAE: 45953.1761905615


Accuracy: 0.8175122833012298


F1: 0.8175278919553729


Most important rules
-----------------------------

---0---
rule28: median_income < 2.596
probabilities_array:[0.8204979  0.         0.17950211]

rule23: population > 2192.661
probabilities_array:[0.73684007 0.         0.26315996]

rule33: ocean_proximity_INLAND = 1.0
probabilities_array:[0.5909043 0.        0.4090957]

rule7: latitude > 37.060
probabilities_array:[0.5404198  0.         0.45958015]

rule3: longitude > -118.205
probabilities_array:[0.52406985 0.         0.47593015]

rule22: 1422.684 < population < 2192.661
probabilities_array:[0.52201366 0.         0.47798637]

rule29: 2.596 < median_income < 3.875
probabilities_array:[0.49154803 0.         0.50845194]

rule12: total_rooms < 1163.685
probabilities_array:[0.47255352 0.00238162 0.5250649 ]

rule16: total_bedrooms < 253.375
probabilities_array:[0.34849486 0.         0.6515051 ]

rule24: households < 241.865
probabilities_array:[0.2992851 0.        0.7007149]

rule6: 35.620 < latitude < 37.060
probabilities_array:[0.295817 0.       0.704183]

rule1: -120.911 < longitude < -119.558
probabilities_array:[0.24068792 0.02892666 0.7303854 ]

rule8: housing_median_age < 20.145
probabilities_array:[0.23735075 0.         0.76264924]

rule17: 253.375 < total_bedrooms < 535.762
probabilities_array:[2.1148412e-01 1.1281460e-06 7.8851473e-01]


---1---
rule35: ocean_proximity_ISLAND = 1.0
probabilities_array:[0.         0.91109204 0.08890794]

rule31: median_income > 5.155
probabilities_array:[0.         0.8589845  0.14101556]

rule32: ocean_proximity_INLAND = 0.0
probabilities_array:[0.         0.65604854 0.34395146]

rule20: population < 652.708
probabilities_array:[0.         0.6338329  0.36616713]

rule0: longitude < -120.911
probabilities_array:[0.       0.600606 0.399394]

rule15: total_rooms > 4101.652
probabilities_array:[0.01729201 0.46836552 0.5143425 ]

rule27: households > 755.005
probabilities_array:[0.         0.47107995 0.52892005]

rule4: latitude < 34.180
probabilities_array:[0.        0.4210341 0.5789659]

rule5: 34.180 < latitude < 35.620
probabilities_array:[0.         0.37576443 0.6242356 ]

rule30: 3.875 < median_income < 5.155
probabilities_array:[0.02334543 0.32841775 0.6482368 ]

rule14: 2632.668 < total_rooms < 4101.652
probabilities_array:[0.01511632 0.3149011  0.66998255]

rule19: total_bedrooms > 818.148
probabilities_array:[0.         0.27092212 0.7290779 ]

rule37: ocean_proximity_NEAR BAY = 1.0
probabilities_array:[0.12365665 0.1511443  0.72519904]

rule26: 498.435 < households < 755.005
probabilities_array:[0.         0.20355915 0.79644084]

rule11: housing_median_age > 37.101
probabilities_array:[0.         0.20280574 0.79719424]

