R2: 0.7006544302073545


MAE: 44990.63756459412


Accuracy: 0.8231866911338613


F1: 0.8232530827950675


Most important rules
-----------------------------

---0---
rule28: median_income < 2.606
probabilities_array:[0.81716913 0.         0.18283086]

rule33: ocean_proximity_INLAND = 1.0
probabilities_array:[0.6509647  0.         0.34903535]

rule23: population > 2173.829
probabilities_array:[0.63638073 0.         0.36361924]

rule12: total_rooms < 1177.668
probabilities_array:[0.50434047 0.01247438 0.48318514]

rule3: longitude > -118.229
probabilities_array:[0.5102771  0.         0.48972294]

rule29: 2.606 < median_income < 3.880
probabilities_array:[0.4880591 0.        0.5119409]

rule24: households < 245.295
probabilities_array:[0.413522 0.       0.586478]

rule7: latitude > 37.076
probabilities_array:[0.36706945 0.         0.6329306 ]

rule22: 1428.372 < population < 2173.829
probabilities_array:[3.2329860e-01 8.6383312e-05 6.7661506e-01]

rule1: -120.929 < longitude < -119.579
probabilities_array:[0.31228155 0.0016223  0.68609613]

rule6: 35.636 < latitude < 37.076
probabilities_array:[0.27736434 0.01329681 0.70933884]

rule8: housing_median_age < 20.240
probabilities_array:[0.24970043 0.         0.7502996 ]

rule25: 245.295 < households < 499.210
probabilities_array:[0.24570379 0.         0.7542962 ]

rule16: total_bedrooms < 256.715
probabilities_array:[0.2029898 0.        0.7970102]


---1---
rule31: median_income > 5.154
probabilities_array:[0.         0.8308894  0.16911058]

rule35: ocean_proximity_ISLAND = 1.0
probabilities_array:[0.        0.7396265 0.2603735]

rule20: population < 682.915
probabilities_array:[0.         0.7108446  0.28915545]

rule32: ocean_proximity_INLAND = 0.0
probabilities_array:[0.         0.6258268  0.37417325]

rule0: longitude < -120.929
probabilities_array:[0.         0.42194924 0.5780508 ]

rule15: total_rooms > 4096.905
probabilities_array:[0.02338083 0.38223383 0.5943854 ]

rule27: households > 753.125
probabilities_array:[0.         0.39209828 0.60790175]

rule19: total_bedrooms > 815.748
probabilities_array:[0.         0.35442606 0.6455739 ]

rule30: 3.880 < median_income < 5.154
probabilities_array:[0.01375586 0.3353231  0.65092105]

rule4: latitude < 34.195
probabilities_array:[0.        0.3367874 0.6632126]

rule14: 2637.286 < total_rooms < 4096.905
probabilities_array:[0.0142966  0.26215073 0.72355264]

rule5: 34.195 < latitude < 35.636
probabilities_array:[0.        0.2556333 0.7443667]

rule21: 682.915 < population < 1428.372
probabilities_array:[0.         0.22714156 0.77285844]

