R2: 0.6870595215017982


MAE: 46495.31228767309


Accuracy: 0.8212989316590427


F1: 0.8213446858485026


Most important rules
-----------------------------

---0---
rule28: median_income < 2.601
probabilities_array:[0.85490954 0.         0.14509045]

rule33: ocean_proximity_INLAND = 1.0
probabilities_array:[0.6902764 0.        0.3097236]

rule23: population > 2182.871
probabilities_array:[0.6083315 0.        0.3916685]

rule29: 2.601 < median_income < 3.874
probabilities_array:[0.56022996 0.         0.43977004]

rule3: longitude > -118.219
probabilities_array:[0.5038449 0.        0.4961551]

rule12: total_rooms < 1176.287
probabilities_array:[0.48108777 0.01544547 0.5034668 ]

rule24: households < 244.062
probabilities_array:[0.44216147 0.         0.55783856]

rule7: latitude > 37.076
probabilities_array:[0.4045972  0.         0.59540284]

rule16: total_bedrooms < 255.400
probabilities_array:[0.35923943 0.         0.64076054]

rule22: 1423.087 < population < 2182.871
probabilities_array:[0.31327975 0.         0.68672025]

rule6: 35.633 < latitude < 37.076
probabilities_array:[0.28233585 0.03069834 0.6869658 ]

rule25: 244.062 < households < 500.431
probabilities_array:[0.24183714 0.         0.75816286]

rule1: -120.920 < longitude < -119.569
probabilities_array:[0.2127436  0.02178743 0.76546896]

rule17: 255.400 < total_bedrooms < 537.368
probabilities_array:[0.2171483 0.        0.7828517]

rule8: housing_median_age < 20.142
probabilities_array:[0.2123854 0.        0.7876146]


---1---
rule31: median_income > 5.147
probabilities_array:[0.         0.82640797 0.17359203]

rule35: ocean_proximity_ISLAND = 1.0
probabilities_array:[0.         0.7878089  0.21219112]

rule20: population < 663.303
probabilities_array:[0.         0.77623063 0.22376935]

rule0: longitude < -120.920
probabilities_array:[0.        0.5796307 0.4203693]

rule32: ocean_proximity_INLAND = 0.0
probabilities_array:[0.         0.5540041  0.44599593]

rule4: latitude < 34.190
probabilities_array:[0.         0.46654737 0.53345263]

rule15: total_rooms > 4087.710
probabilities_array:[0.02433049 0.38239634 0.59327316]

rule27: households > 756.800
probabilities_array:[0.         0.35138077 0.64861923]

rule19: total_bedrooms > 819.337
probabilities_array:[0.        0.3120636 0.6879364]

rule21: 663.303 < population < 1423.087
probabilities_array:[2.2807576e-04 3.0458894e-01 6.9518298e-01]

rule30: 3.874 < median_income < 5.147
probabilities_array:[0.06096087 0.2635867  0.6754525 ]

rule14: 2631.998 < total_rooms < 4087.710
probabilities_array:[0.00958028 0.27796695 0.71245277]

rule5: 34.190 < latitude < 35.633
probabilities_array:[0.         0.25939187 0.74060816]

rule2: -119.569 < longitude < -118.219
probabilities_array:[0.03655891 0.2069748  0.75646627]

