R2: 0.704521682028387


MAE: 44831.523426861815


Accuracy: 0.824621893132602


F1: 0.8247210804462712


Most important rules
-----------------------------

---0---
rule28: median_income < 2.575
probabilities_array:[0.81208265 0.         0.18791732]

rule23: population > 2160.508
probabilities_array:[0.6769557 0.        0.3230443]

rule33: ocean_proximity_INLAND = 1.0
probabilities_array:[0.6485955 0.        0.3514045]

rule3: longitude > -118.223
probabilities_array:[0.5913873 0.        0.4086127]

rule7: latitude > 37.078
probabilities_array:[0.5091735  0.         0.49082646]

rule12: total_rooms < 1157.838
probabilities_array:[0.41097108 0.03993632 0.5490926 ]

rule29: 2.575 < median_income < 3.863
probabilities_array:[0.42135024 0.         0.57864976]

rule22: 1419.688 < population < 2160.508
probabilities_array:[0.38299313 0.         0.6170069 ]

rule16: total_bedrooms < 255.313
probabilities_array:[0.37586576 0.         0.62413424]

rule24: households < 243.443
probabilities_array:[0.34577724 0.         0.6542227 ]

rule6: 35.636 < latitude < 37.078
probabilities_array:[0.31172788 0.         0.6882721 ]

rule1: -120.922 < longitude < -119.573
probabilities_array:[0.30990005 0.00208574 0.6880142 ]

rule8: housing_median_age < 20.190
probabilities_array:[0.2701969 0.        0.7298031]

rule25: 243.443 < households < 497.037
probabilities_array:[0.21287976 0.         0.7871202 ]


---1---
rule31: median_income > 5.151
probabilities_array:[0.        0.8818359 0.1181641]

rule20: population < 678.868
probabilities_array:[0.         0.72249573 0.27750427]

rule35: ocean_proximity_ISLAND = 1.0
probabilities_array:[0.         0.6111209  0.38887915]

rule32: ocean_proximity_INLAND = 0.0
probabilities_array:[0.         0.6107273  0.38927272]

rule0: longitude < -120.922
probabilities_array:[0.         0.53537476 0.46462524]

rule4: latitude < 34.195
probabilities_array:[0.        0.4555387 0.5444613]

rule19: total_bedrooms > 812.151
probabilities_array:[0.         0.43873405 0.56126595]

rule27: households > 750.630
probabilities_array:[0.         0.43005925 0.56994075]

rule15: total_rooms > 4088.753
probabilities_array:[0.06186095 0.39492983 0.54320925]

rule30: 3.863 < median_income < 5.151
probabilities_array:[0.         0.4233742  0.57662576]

rule14: 2623.296 < total_rooms < 4088.753
probabilities_array:[0.04768172 0.2883972  0.66392106]

rule5: 34.195 < latitude < 35.636
probabilities_array:[0.         0.28034782 0.7196522 ]

rule18: 533.732 < total_bedrooms < 812.151
probabilities_array:[0.         0.26335466 0.73664534]

rule21: 678.868 < population < 1419.688
probabilities_array:[2.5131158e-04 2.2703792e-01 7.7271074e-01]

