R2: 0.6367559866272905


MAE: 49445.07690549539


Accuracy: 0.8221964823305571


F1: 0.8222254844392249


Most important rules
-----------------------------

---0---
rule28: median_income < 2.583
probabilities_array:[0.83113533 0.         0.16886464]

rule33: ocean_proximity_INLAND = 1.0
probabilities_array:[0.67031866 0.         0.32968134]

rule23: population > 2184.883
probabilities_array:[0.6189391  0.         0.38106087]

rule3: longitude > -118.229
probabilities_array:[0.59942096 0.         0.40057904]

rule29: 2.583 < median_income < 3.866
probabilities_array:[0.48335662 0.         0.51664335]

rule24: households < 239.668
probabilities_array:[0.46424296 0.         0.535757  ]

rule12: total_rooms < 1151.963
probabilities_array:[0.41784233 0.02671384 0.55544376]

rule7: latitude > 37.089
probabilities_array:[0.40853277 0.         0.5914672 ]

rule22: 1426.602 < population < 2184.883
probabilities_array:[0.32969838 0.         0.6703016 ]

rule16: total_bedrooms < 252.252
probabilities_array:[0.2910669 0.        0.7089331]

rule8: housing_median_age < 20.113
probabilities_array:[0.28734136 0.         0.71265864]

rule1: -120.931 < longitude < -119.580
probabilities_array:[0.26388994 0.00686178 0.7292483 ]

rule6: 35.647 < latitude < 37.089
probabilities_array:[0.25543228 0.00321002 0.74135774]


---1---
rule31: median_income > 5.150
probabilities_array:[0.         0.86332434 0.13667569]

rule20: population < 668.320
probabilities_array:[0.         0.76496065 0.23503938]

rule35: ocean_proximity_ISLAND = 1.0
probabilities_array:[0.        0.6963546 0.3036454]

rule32: ocean_proximity_INLAND = 0.0
probabilities_array:[0.         0.5932528  0.40674725]

rule4: latitude < 34.204
probabilities_array:[0.         0.51291746 0.48708254]

rule0: longitude < -120.931
probabilities_array:[0.         0.50521785 0.49478212]

rule27: households > 762.013
probabilities_array:[0.         0.47338238 0.52661765]

rule15: total_rooms > 4126.685
probabilities_array:[0.05380576 0.4430242  0.50317013]

rule30: 3.866 < median_income < 5.150
probabilities_array:[3.1589450e-05 3.8670233e-01 6.1326605e-01]

rule14: 2639.324 < total_rooms < 4126.685
probabilities_array:[0.03820857 0.32692373 0.6348678 ]

rule21: 668.320 < population < 1426.602
probabilities_array:[0.        0.2827174 0.7172826]

rule19: total_bedrooms > 824.166
probabilities_array:[0.         0.2671379  0.73286206]

rule26: 500.841 < households < 762.013
probabilities_array:[0.         0.23121902 0.768781  ]

rule5: 34.204 < latitude < 35.647
probabilities_array:[0.         0.21585907 0.78414094]

