R2: 0.698482930139127


MAE: 45395.03635937476


Accuracy: 0.8182415854421814


F1: 0.8182618907809748


Most important rules
-----------------------------

---0---
rule28: median_income < 2.597
probabilities_array:[0.74470323 0.         0.25529674]

rule33: ocean_proximity_INLAND = 1.0
probabilities_array:[0.67558604 0.         0.32441393]

rule23: population > 2168.033
probabilities_array:[0.66860545 0.         0.33139455]

rule3: longitude > -118.221
probabilities_array:[0.56902117 0.         0.43097883]

rule12: total_rooms < 1162.825
probabilities_array:[0.48733032 0.00951225 0.5031574 ]

rule22: 1421.416 < population < 2168.033
probabilities_array:[0.46775508 0.         0.5322449 ]

rule7: latitude > 37.058
probabilities_array:[0.4262465 0.        0.5737535]

rule24: households < 243.165
probabilities_array:[0.3647423 0.        0.6352577]

rule16: total_bedrooms < 255.133
probabilities_array:[0.31034958 0.         0.6896504 ]

rule1: -120.920 < longitude < -119.571
probabilities_array:[0.24884667 0.05219167 0.6989617 ]

rule29: 2.597 < median_income < 3.875
probabilities_array:[2.6582459e-01 5.8414473e-05 7.3411691e-01]

rule6: 35.625 < latitude < 37.058
probabilities_array:[0.250742   0.         0.74925804]

rule8: housing_median_age < 20.131
probabilities_array:[0.24790163 0.         0.7520984 ]

rule38: ocean_proximity_NEAR OCEAN = 0.0
probabilities_array:[0.22985397 0.02442895 0.7457171 ]

rule36: ocean_proximity_NEAR BAY = 0.0
probabilities_array:[0.19071731 0.09044704 0.7188357 ]

rule25: 243.165 < households < 499.366
probabilities_array:[0.2126688 0.        0.7873312]


---1---
rule31: median_income > 5.152
probabilities_array:[0.         0.91274583 0.08725415]

rule35: ocean_proximity_ISLAND = 1.0
probabilities_array:[0.         0.7656103  0.23438974]

rule20: population < 674.798
probabilities_array:[0.        0.7144193 0.2855807]

rule32: ocean_proximity_INLAND = 0.0
probabilities_array:[0.         0.5734953  0.42650467]

rule0: longitude < -120.920
probabilities_array:[0.         0.56274843 0.43725157]

rule30: 3.875 < median_income < 5.152
probabilities_array:[0.        0.5062151 0.4937849]

rule4: latitude < 34.193
probabilities_array:[0.         0.50069606 0.4993039 ]

rule27: households > 755.568
probabilities_array:[0.         0.49534896 0.504651  ]

rule15: total_rooms > 4112.376
probabilities_array:[0.03416536 0.40080354 0.5650311 ]

rule5: 34.193 < latitude < 35.625
probabilities_array:[0.        0.3952701 0.6047299]

rule26: 499.366 < households < 755.568
probabilities_array:[0.        0.3100541 0.6899459]

rule19: total_bedrooms > 819.374
probabilities_array:[0.         0.30977267 0.6902273 ]

rule14: 2637.600 < total_rooms < 4112.376
probabilities_array:[0.0187523  0.26965347 0.7115942 ]

rule2: -119.571 < longitude < -118.221
probabilities_array:[0.11651591 0.15912555 0.7243586 ]

