R2: 0.6944935695431853


MAE: 46053.95156528243


Accuracy: 0.8238216781580003


F1: 0.823840281855549


Most important rules
-----------------------------

---0---
rule28: median_income < 2.592
probabilities_array:[0.8224229 0.        0.1775771]

rule23: population > 2203.757
probabilities_array:[0.74273664 0.         0.25726336]

rule33: ocean_proximity_INLAND = 1.0
probabilities_array:[0.687188   0.         0.31281197]

rule7: latitude > 37.081
probabilities_array:[0.57095367 0.         0.42904633]

rule3: longitude > -118.221
probabilities_array:[0.5476871 0.        0.4523129]

rule29: 2.592 < median_income < 3.868
probabilities_array:[0.47556525 0.         0.52443475]

rule22: 1421.304 < population < 2203.757
probabilities_array:[0.46576938 0.         0.5342306 ]

rule12: total_rooms < 1141.097
probabilities_array:[0.3842759  0.02761276 0.58811134]

rule6: 35.638 < latitude < 37.081
probabilities_array:[0.37169155 0.         0.6283085 ]

rule24: households < 236.112
probabilities_array:[0.35378313 0.         0.64621687]

rule16: total_bedrooms < 247.987
probabilities_array:[0.2592838  0.         0.74071616]

rule34: ocean_proximity_ISLAND = 0.0
probabilities_array:[2.3743901e-01 1.2894563e-04 7.6243204e-01]

rule25: 236.112 < households < 499.518
probabilities_array:[0.22942677 0.         0.7705732 ]

rule36: ocean_proximity_NEAR BAY = 0.0
probabilities_array:[0.1708655  0.06641313 0.76272136]


---1---
rule31: median_income > 5.144
probabilities_array:[0.         0.85747945 0.14252052]

rule20: population < 638.851
probabilities_array:[0.         0.7000528  0.29994717]

rule0: longitude < -120.932
probabilities_array:[0.        0.6766485 0.3233515]

rule35: ocean_proximity_ISLAND = 1.0
probabilities_array:[0.        0.6458071 0.3541929]

rule27: households > 762.923
probabilities_array:[0.         0.59094036 0.40905967]

rule32: ocean_proximity_INLAND = 0.0
probabilities_array:[0.         0.57284784 0.42715216]

rule4: latitude < 34.195
probabilities_array:[0.         0.46932057 0.5306794 ]

rule15: total_rooms > 4123.030
probabilities_array:[0.05545746 0.41436297 0.5301796 ]

rule19: total_bedrooms > 825.221
probabilities_array:[0.      0.41844 0.58156]

rule30: 3.868 < median_income < 5.144
probabilities_array:[0.00296847 0.39865223 0.5983793 ]

rule14: 2632.063 < total_rooms < 4123.030
probabilities_array:[0.03110689 0.34503844 0.6238547 ]

rule5: 34.195 < latitude < 35.638
probabilities_array:[8.7282635e-05 2.9320025e-01 7.0671242e-01]

rule26: 499.518 < households < 762.923
probabilities_array:[0.       0.268273 0.731727]

rule18: 536.604 < total_bedrooms < 825.221
probabilities_array:[0.        0.2474821 0.7525179]

rule2: -119.576 < longitude < -118.221
probabilities_array:[0.07075952 0.20484969 0.72439075]

