R2: 0.6358032086945526


MAE: 52658.01158070598


Accuracy: 0.8172186586565013


F1: 0.8172342924251321


Most important rules
-----------------------------

---0---
rule28: median_income < 2.586
probabilities_array:[0.81415486 0.         0.18584512]

rule33: ocean_proximity_INLAND = 1.0
probabilities_array:[0.7053619 0.        0.2946381]

rule23: population > 2209.194
probabilities_array:[0.67705    0.         0.32295004]

rule12: total_rooms < 1170.839
probabilities_array:[0.51496476 0.01840365 0.4666316 ]

rule3: longitude > -118.226
probabilities_array:[0.5003756  0.         0.49962437]

rule29: 2.586 < median_income < 3.872
probabilities_array:[0.43372983 0.         0.5662702 ]

rule22: 1431.438 < population < 2209.194
probabilities_array:[0.3906242 0.        0.6093758]

rule6: 35.638 < latitude < 37.079
probabilities_array:[0.35525003 0.00835649 0.6363935 ]

rule7: latitude > 37.079
probabilities_array:[0.34973785 0.         0.6502621 ]

rule16: total_bedrooms < 254.443
probabilities_array:[0.31477472 0.         0.68522525]

rule24: households < 242.140
probabilities_array:[0.3011533 0.        0.6988467]

rule1: -120.931 < longitude < -119.578
probabilities_array:[0.26232025 0.03156501 0.7061147 ]

rule8: housing_median_age < 20.088
probabilities_array:[0.2102593 0.        0.7897407]


---1---
rule31: median_income > 5.159
probabilities_array:[0.        0.8861362 0.1138638]

rule35: ocean_proximity_ISLAND = 1.0
probabilities_array:[0.         0.8020747  0.19792534]

rule20: population < 653.683
probabilities_array:[0.         0.72461873 0.2753813 ]

rule32: ocean_proximity_INLAND = 0.0
probabilities_array:[0.         0.53306204 0.46693796]

rule15: total_rooms > 4118.000
probabilities_array:[0.03015537 0.41475326 0.5550914 ]

rule27: households > 760.141
probabilities_array:[0.         0.41971153 0.58028847]

rule30: 3.872 < median_income < 5.159
probabilities_array:[0.         0.41680598 0.583194  ]

rule0: longitude < -120.931
probabilities_array:[0.        0.4163193 0.5836807]

rule19: total_bedrooms > 821.955
probabilities_array:[0.         0.40152642 0.59847355]

rule4: latitude < 34.198
probabilities_array:[0.         0.32703012 0.6729699 ]

rule26: 501.140 < households < 760.141
probabilities_array:[0.         0.2508311  0.74916893]

rule14: 2644.420 < total_rooms < 4118.000
probabilities_array:[0.02445456 0.23045163 0.7450939 ]

rule2: -119.578 < longitude < -118.226
probabilities_array:[0.02604073 0.22543404 0.74852526]

rule21: 653.683 < population < 1431.438
probabilities_array:[0.         0.22787325 0.77212673]

