R2: 0.7123204094189639


MAE: 44332.3221333315


Accuracy: 0.8137029682281229


F1: 0.8137110980622431


Most important rules
-----------------------------

---0---
rule28: median_income < 2.585
probabilities_array:[0.8503567  0.         0.14964329]

rule23: population > 2185.977
probabilities_array:[0.75593024 0.         0.24406973]

rule33: ocean_proximity_INLAND = 1.0
probabilities_array:[0.6340368  0.         0.36596325]

rule3: longitude > -118.228
probabilities_array:[0.59008926 0.         0.40991077]

rule22: 1422.988 < population < 2185.977
probabilities_array:[0.55781144 0.         0.44218856]

rule7: latitude > 37.078
probabilities_array:[0.53782856 0.         0.46217147]

rule29: 2.585 < median_income < 3.866
probabilities_array:[0.5249075  0.         0.47509244]

rule12: total_rooms < 1162.143
probabilities_array:[0.47669852 0.01277332 0.5105282 ]

rule6: 35.640 < latitude < 37.078
probabilities_array:[0.41614187 0.         0.58385813]

rule24: households < 241.629
probabilities_array:[0.33473784 0.         0.66526216]

rule1: -120.926 < longitude < -119.577
probabilities_array:[0.2399764  0.06126994 0.69875365]

rule8: housing_median_age < 20.159
probabilities_array:[0.20293751 0.         0.7970625 ]


---1---
rule31: median_income > 5.148
probabilities_array:[0.         0.8289347  0.17106529]

rule35: ocean_proximity_ISLAND = 1.0
probabilities_array:[0.         0.8114946  0.18850543]

rule20: population < 660.000
probabilities_array:[0.         0.6080753  0.39192465]

rule0: longitude < -120.926
probabilities_array:[0.         0.6027184  0.39728162]

rule32: ocean_proximity_INLAND = 0.0
probabilities_array:[0.         0.5929099  0.40709013]

rule4: latitude < 34.203
probabilities_array:[0.         0.5131925  0.48680753]

rule27: households > 755.314
probabilities_array:[0.        0.4609694 0.5390306]

rule15: total_rooms > 4089.086
probabilities_array:[0.01646121 0.43818155 0.5453573 ]

rule19: total_bedrooms > 815.475
probabilities_array:[0.        0.3920071 0.6079929]

rule30: 3.866 < median_income < 5.148
probabilities_array:[0.04908984 0.3235529  0.6273572 ]

rule26: 498.471 < households < 755.314
probabilities_array:[0.         0.28988135 0.71011865]

rule5: 34.203 < latitude < 35.640
probabilities_array:[0.       0.289054 0.710946]

rule14: 2625.615 < total_rooms < 4089.086
probabilities_array:[0.01536617 0.2698142  0.71481967]

rule9: 20.159 < housing_median_age < 28.667
probabilities_array:[0.         0.23293886 0.7670611 ]

rule11: housing_median_age > 37.176
probabilities_array:[0.         0.23273787 0.7672621 ]

