R2: 0.6916088786718866


MAE: 46768.71274512748


Accuracy: 0.8211477956578381


F1: 0.8211978860833823


Most important rules
-----------------------------

---0---
rule28: median_income < 2.595
probabilities_array:[0.8060021  0.         0.19399792]

rule23: population > 2182.313
probabilities_array:[7.14507639e-01 1.11478934e-04 2.85380810e-01]

rule33: ocean_proximity_INLAND = 1.0
probabilities_array:[0.6831344  0.         0.31686562]

rule12: total_rooms < 1169.520
probabilities_array:[0.5795282  0.026058   0.39441383]

rule7: latitude > 37.065
probabilities_array:[0.54039216 0.         0.45960784]

rule29: 2.595 < median_income < 3.869
probabilities_array:[0.46261078 0.         0.5373892 ]

rule22: 1432.828 < population < 2182.313
probabilities_array:[0.4414668 0.        0.5585332]

rule3: longitude > -118.199
probabilities_array:[0.4198797  0.         0.58012027]

rule6: 35.619 < latitude < 37.065
probabilities_array:[0.33277893 0.         0.66722107]

rule16: total_bedrooms < 255.526
probabilities_array:[0.32919008 0.         0.6708099 ]

rule24: households < 244.209
probabilities_array:[0.31236026 0.         0.6876397 ]

rule17: 255.526 < total_bedrooms < 538.512
probabilities_array:[0.2509016  0.         0.74909836]

rule8: housing_median_age < 20.182
probabilities_array:[0.24829811 0.         0.7517019 ]

rule1: -120.906 < longitude < -119.552
probabilities_array:[0.22433275 0.02837669 0.7472905 ]

rule25: 244.209 < households < 500.982
probabilities_array:[0.20595619 0.         0.7940438 ]

rule37: ocean_proximity_NEAR BAY = 1.0
probabilities_array:[0.15820199 0.10654149 0.7352565 ]


---1---
rule31: median_income > 5.143
probabilities_array:[0.         0.8647597  0.13524032]

rule35: ocean_proximity_ISLAND = 1.0
probabilities_array:[0.         0.7727529  0.22724709]

rule20: population < 683.343
probabilities_array:[0.         0.7041352  0.29586482]

rule0: longitude < -120.906
probabilities_array:[0.         0.63075805 0.36924192]

rule32: ocean_proximity_INLAND = 0.0
probabilities_array:[0.         0.5815563  0.41844368]

rule27: households > 757.754
probabilities_array:[0.         0.50858855 0.49141145]

rule5: 34.173 < latitude < 35.619
probabilities_array:[0.         0.43129846 0.5687015 ]

rule15: total_rooms > 4122.338
probabilities_array:[0.05989083 0.34890682 0.59120244]

rule4: latitude < 34.173
probabilities_array:[0.        0.3619628 0.6380372]

rule30: 3.869 < median_income < 5.143
probabilities_array:[0.00822844 0.34365    0.64812154]

rule19: total_bedrooms > 821.499
probabilities_array:[0.         0.31005517 0.68994486]

rule14: 2645.929 < total_rooms < 4122.338
probabilities_array:[0.02977861 0.26178122 0.7084402 ]

rule26: 500.982 < households < 757.754
probabilities_array:[0.         0.23383772 0.7661623 ]

rule21: 683.343 < population < 1432.828
probabilities_array:[0.         0.20968042 0.79031956]

