R2: 0.6987511793021628


MAE: 45574.06866163714


Accuracy: 0.8216379740364379


F1: 0.8216382853787434


Most important rules
-----------------------------

---0---
rule28: median_income < 2.594
probabilities_array:[0.7375522  0.         0.26244777]

rule33: ocean_proximity_INLAND = 1.0
probabilities_array:[0.6884438  0.         0.31155625]

rule23: population > 2192.760
probabilities_array:[0.66689694 0.         0.33310303]

rule12: total_rooms < 1145.636
probabilities_array:[0.5362086  0.02707416 0.4367172 ]

rule7: latitude > 37.063
probabilities_array:[0.5318651  0.         0.46813488]

rule24: households < 239.575
probabilities_array:[0.5172948  0.         0.48270518]

rule3: longitude > -118.209
probabilities_array:[0.4962576 0.        0.5037424]

rule16: total_bedrooms < 251.420
probabilities_array:[0.35960883 0.         0.6403912 ]

rule6: 35.623 < latitude < 37.063
probabilities_array:[0.3456923 0.        0.6543077]

rule22: 1425.448 < population < 2192.760
probabilities_array:[0.32737836 0.         0.67262167]

rule25: 239.575 < households < 499.438
probabilities_array:[0.2789483 0.        0.7210517]

rule29: 2.594 < median_income < 3.870
probabilities_array:[0.26323774 0.01598425 0.720778  ]

rule1: -120.910 < longitude < -119.560
probabilities_array:[0.24149634 0.02591904 0.7325846 ]

rule13: 1145.636 < total_rooms < 2637.592
probabilities_array:[0.2061522  0.01886485 0.774983  ]

rule38: ocean_proximity_NEAR OCEAN = 0.0
probabilities_array:[0.18908657 0.04004743 0.77086604]


---1---
rule31: median_income > 5.147
probabilities_array:[0.         0.91407293 0.08592708]

rule20: population < 658.136
probabilities_array:[0.         0.78235054 0.21764944]

rule35: ocean_proximity_ISLAND = 1.0
probabilities_array:[0.         0.7439788  0.25602123]

rule0: longitude < -120.910
probabilities_array:[0.         0.58562064 0.4143794 ]

rule32: ocean_proximity_INLAND = 0.0
probabilities_array:[0.        0.5827884 0.4172116]

rule30: 3.870 < median_income < 5.147
probabilities_array:[0.         0.51566446 0.48433554]

rule27: households > 759.302
probabilities_array:[0.        0.3999012 0.6000988]

rule19: total_bedrooms > 822.232
probabilities_array:[0.        0.3179033 0.6820967]

rule21: 658.136 < population < 1425.448
probabilities_array:[0.         0.31673828 0.68326175]

rule4: latitude < 34.184
probabilities_array:[0.        0.3118812 0.6881188]

rule15: total_rooms > 4129.548
probabilities_array:[0.03705855 0.28958502 0.6733564 ]

rule5: 34.184 < latitude < 35.623
probabilities_array:[0.         0.25913787 0.74086213]

rule14: 2637.592 < total_rooms < 4129.548
probabilities_array:[0.04439657 0.20369837 0.7519051 ]

