R2: 0.6592016797070419


MAE: 48151.200388988065


Accuracy: 0.8174953227243167


F1: 0.8175278919553729


Most important rules
-----------------------------

---0---
rule28: median_income < 2.589
probabilities_array:[0.7886694  0.         0.21133061]

rule23: population > 2169.999
probabilities_array:[0.70730716 0.         0.29269287]

rule33: ocean_proximity_INLAND = 1.0
probabilities_array:[0.6809971  0.         0.31900296]

rule12: total_rooms < 1166.167
probabilities_array:[0.54248095 0.03467332 0.4228457 ]

rule3: longitude > -118.213
probabilities_array:[0.49407658 0.         0.5059234 ]

rule22: 1419.100 < population < 2169.999
probabilities_array:[0.45844668 0.         0.5415533 ]

rule7: latitude > 37.071
probabilities_array:[0.43614644 0.         0.56385356]

rule24: households < 243.375
probabilities_array:[0.3796779 0.        0.6203221]

rule29: 2.589 < median_income < 3.866
probabilities_array:[0.3596337  0.         0.64036626]

rule6: 35.631 < latitude < 37.071
probabilities_array:[0.3295907  0.         0.67040926]

rule1: -120.925 < longitude < -119.569
probabilities_array:[0.24856491 0.04164794 0.7097871 ]

rule8: housing_median_age < 20.229
probabilities_array:[0.22445673 0.         0.7755433 ]

rule16: total_bedrooms < 254.418
probabilities_array:[0.20538853 0.         0.79461145]


---1---
rule35: ocean_proximity_ISLAND = 1.0
probabilities_array:[0.         0.9046204  0.09537959]

rule31: median_income > 5.143
probabilities_array:[0.         0.8885237  0.11147628]

rule20: population < 668.202
probabilities_array:[0.         0.64605516 0.35394487]

rule32: ocean_proximity_INLAND = 0.0
probabilities_array:[0.         0.58171386 0.41828614]

rule0: longitude < -120.925
probabilities_array:[0.      0.55885 0.44115]

rule30: 3.866 < median_income < 5.143
probabilities_array:[0.       0.453098 0.546902]

rule15: total_rooms > 4078.702
probabilities_array:[0.07762618 0.36771742 0.5546564 ]

rule19: total_bedrooms > 815.233
probabilities_array:[0.         0.40440747 0.5955925 ]

rule27: households > 750.658
probabilities_array:[0.         0.39682403 0.60317594]

rule4: latitude < 34.192
probabilities_array:[0.         0.37902424 0.6209758 ]

rule5: 34.192 < latitude < 35.631
probabilities_array:[1.5936908e-04 2.8293616e-01 7.1690452e-01]

rule14: 2622.434 < total_rooms < 4078.702
probabilities_array:[0.04806971 0.24188478 0.7100455 ]

rule2: -119.569 < longitude < -118.213
probabilities_array:[0.08231669 0.19638894 0.72129446]

