R2: 0.6894165772664955


MAE: 46042.294776903276


Accuracy: 0.8238095266833816


F1: 0.823840281855549


Most important rules
-----------------------------

---0---
rule28: median_income < 2.590
probabilities_array:[0.8323448  0.         0.16765523]

rule23: population > 2185.388
probabilities_array:[0.67003065 0.         0.32996935]

rule33: ocean_proximity_INLAND = 1.0
probabilities_array:[0.5710383  0.         0.42896166]

rule7: latitude > 37.078
probabilities_array:[0.5386371  0.         0.46136293]

rule3: longitude > -118.222
probabilities_array:[0.5275033 0.        0.4724967]

rule29: 2.590 < median_income < 3.877
probabilities_array:[0.50911605 0.         0.49088395]

rule12: total_rooms < 1191.050
probabilities_array:[0.44187024 0.03701716 0.5211127 ]

rule24: households < 245.895
probabilities_array:[0.41097224 0.         0.58902776]

rule22: 1427.695 < population < 2185.388
probabilities_array:[0.40992582 0.         0.5900742 ]

rule6: 35.635 < latitude < 37.078
probabilities_array:[0.3712171  0.         0.62878287]

rule16: total_bedrooms < 259.271
probabilities_array:[0.31524542 0.         0.68475455]

rule17: 259.271 < total_bedrooms < 537.319
probabilities_array:[0.24128793 0.         0.75871205]

rule36: ocean_proximity_NEAR BAY = 0.0
probabilities_array:[0.1946358  0.09184158 0.7135226 ]

rule8: housing_median_age < 20.197
probabilities_array:[0.22652505 0.         0.77347493]


---1---
rule31: median_income > 5.164
probabilities_array:[0.        0.8619508 0.1380492]

rule20: population < 670.002
probabilities_array:[0.         0.6938201  0.30617988]

rule35: ocean_proximity_ISLAND = 1.0
probabilities_array:[0.         0.68876946 0.31123054]

rule0: longitude < -120.932
probabilities_array:[0.        0.6700281 0.3299719]

rule32: ocean_proximity_INLAND = 0.0
probabilities_array:[0.         0.6269039  0.37309614]

rule4: latitude < 34.192
probabilities_array:[0.         0.54542327 0.45457673]

rule27: households > 755.021
probabilities_array:[0.         0.44167098 0.55832905]

rule19: total_bedrooms > 815.367
probabilities_array:[0.         0.39878494 0.60121506]

rule5: 34.192 < latitude < 35.635
probabilities_array:[0.        0.3601542 0.6398458]

rule15: total_rooms > 4078.486
probabilities_array:[0.06812025 0.3248852  0.60699457]

rule30: 3.877 < median_income < 5.164
probabilities_array:[0.00351742 0.33897886 0.6575037 ]

rule14: 2634.768 < total_rooms < 4078.486
probabilities_array:[0.0404112  0.26056892 0.6990199 ]

rule2: -119.577 < longitude < -118.222
probabilities_array:[0.0523667  0.18804917 0.7595841 ]

rule11: housing_median_age > 37.104
probabilities_array:[0.         0.20565948 0.79434055]

