R2: 0.6914022543788806


MAE: 45263.39497830824


Accuracy: 0.8138551860854206


F1: 0.8138578978273635


Most important rules
-----------------------------

---0---
rule28: median_income < 2.588
probabilities_array:[0.78177905 0.         0.21822095]

rule23: population > 2174.361
probabilities_array:[0.733976   0.         0.26602396]

rule3: longitude > -118.227
probabilities_array:[0.6079788  0.         0.39202118]

rule7: latitude > 37.099
probabilities_array:[0.593557 0.       0.406443]

rule33: ocean_proximity_INLAND = 1.0
probabilities_array:[0.5815995  0.         0.41840053]

rule22: 1421.179 < population < 2174.361
probabilities_array:[0.5132422  0.         0.48675779]

rule12: total_rooms < 1163.246
probabilities_array:[0.44698295 0.02135714 0.53165984]

rule6: 35.651 < latitude < 37.099
probabilities_array:[0.4486886  0.         0.55131143]

rule24: households < 239.639
probabilities_array:[0.4219856 0.        0.5780144]

rule29: 2.588 < median_income < 3.872
probabilities_array:[0.37709612 0.         0.6229039 ]

rule8: housing_median_age < 20.114
probabilities_array:[0.25483325 0.         0.7451668 ]

rule16: total_bedrooms < 252.070
probabilities_array:[0.24191037 0.         0.75808966]

rule25: 239.639 < households < 499.087
probabilities_array:[0.2222275 0.        0.7777725]

rule1: -120.937 < longitude < -119.582
probabilities_array:[0.17301005 0.06933188 0.7576581 ]


---1---
rule35: ocean_proximity_ISLAND = 1.0
probabilities_array:[0.         0.8908419  0.10915809]

rule31: median_income > 5.155
probabilities_array:[0.         0.8879453  0.11205474]

rule32: ocean_proximity_INLAND = 0.0
probabilities_array:[0.         0.6514243  0.34857574]

rule20: population < 667.997
probabilities_array:[0.         0.6343844  0.36561558]

rule0: longitude < -120.937
probabilities_array:[0.        0.5928202 0.4071798]

rule30: 3.872 < median_income < 5.155
probabilities_array:[0.         0.4854178  0.51458216]

rule19: total_bedrooms > 820.679
probabilities_array:[0.         0.44840774 0.5515923 ]

rule4: latitude < 34.202
probabilities_array:[0.         0.43394083 0.5660592 ]

rule15: total_rooms > 4103.732
probabilities_array:[0.05309979 0.40720442 0.53969574]

rule27: households > 758.535
probabilities_array:[0.         0.40996727 0.5900327 ]

rule14: 2633.489 < total_rooms < 4103.732
probabilities_array:[0.02602749 0.32616767 0.64780486]

rule2: -119.582 < longitude < -118.227
probabilities_array:[0.12498934 0.15551695 0.71949375]

rule26: 499.087 < households < 758.535
probabilities_array:[0.         0.20461197 0.79538804]

