R2: 0.6979069184906852


MAE: 46162.31455825029


Accuracy: 0.8188434525310386


F1: 0.8188490898414562


Most important rules
-----------------------------

---0---
rule28: median_income < 2.589
probabilities_array:[0.8208793  0.         0.17912069]

rule23: population > 2191.990
probabilities_array:[0.70456535 0.         0.29543468]

rule33: ocean_proximity_INLAND = 1.0
probabilities_array:[0.5534163 0.        0.4465837]

rule7: latitude > 37.060
probabilities_array:[0.54420775 0.         0.45579222]

rule12: total_rooms < 1164.935
probabilities_array:[0.52701616 0.02598928 0.44699466]

rule29: 2.589 < median_income < 3.857
probabilities_array:[0.49520275 0.         0.5047972 ]

rule3: longitude > -118.206
probabilities_array:[0.4705815 0.        0.5294185]

rule24: households < 243.299
probabilities_array:[0.4536872 0.        0.5463128]

rule22: 1426.027 < population < 2191.990
probabilities_array:[0.42827442 0.         0.5717256 ]

rule6: 35.619 < latitude < 37.060
probabilities_array:[0.37755418 0.         0.6224458 ]

rule16: total_bedrooms < 256.938
probabilities_array:[0.32024541 0.         0.6797546 ]

rule25: 243.299 < households < 499.051
probabilities_array:[0.31932452 0.         0.68067545]

rule34: ocean_proximity_ISLAND = 0.0
probabilities_array:[0.24160117 0.         0.75839883]

rule8: housing_median_age < 20.069
probabilities_array:[0.23754956 0.         0.76245046]

rule1: -120.903 < longitude < -119.554
probabilities_array:[0.1957492 0.0706301 0.7336207]

rule37: ocean_proximity_NEAR BAY = 1.0
probabilities_array:[0.14314148 0.1556031  0.70125544]

rule38: ocean_proximity_NEAR OCEAN = 0.0
probabilities_array:[0.18682864 0.03526748 0.7779039 ]


---1---
rule31: median_income > 5.124
probabilities_array:[0.         0.8617067  0.13829331]

rule35: ocean_proximity_ISLAND = 1.0
probabilities_array:[0.         0.7567757  0.24322431]

rule20: population < 660.063
probabilities_array:[0.        0.7331516 0.2668484]

rule32: ocean_proximity_INLAND = 0.0
probabilities_array:[0.         0.68383706 0.31616297]

rule0: longitude < -120.903
probabilities_array:[0.         0.67601657 0.32398343]

rule5: 34.177 < latitude < 35.619
probabilities_array:[0.       0.508948 0.491052]

rule4: latitude < 34.177
probabilities_array:[0.        0.4790036 0.5209964]

rule27: households > 754.803
probabilities_array:[0.         0.4378483  0.56215173]

rule19: total_bedrooms > 815.042
probabilities_array:[0.        0.3841695 0.6158305]

rule30: 3.857 < median_income < 5.124
probabilities_array:[0.01484253 0.3651851  0.61997235]

rule15: total_rooms > 4097.702
probabilities_array:[0.06288545 0.30903006 0.62808454]

rule14: 2631.319 < total_rooms < 4097.702
probabilities_array:[0.04512294 0.23894896 0.7159281 ]

rule21: 660.063 < population < 1426.027
probabilities_array:[0.        0.2227753 0.7772247]

rule37: ocean_proximity_NEAR BAY = 1.0
probabilities_array:[0.14314148 0.1556031  0.70125544]

rule2: -119.554 < longitude < -118.206
probabilities_array:[0.09149326 0.16055343 0.74795324]

