R2: 0.6996591023517049


MAE: 45310.334429896844


Accuracy: 0.8230848374248743


F1: 0.8231062830299471


Most important rules
-----------------------------

---0---
rule28: median_income < 2.595
probabilities_array:[0.81260663 0.         0.18739335]

rule23: population > 2174.968
probabilities_array:[0.78396904 0.         0.21603097]

rule33: ocean_proximity_INLAND = 1.0
probabilities_array:[0.68434864 0.         0.31565136]

rule22: 1421.487 < population < 2174.968
probabilities_array:[0.56641626 0.         0.43358374]

rule3: longitude > -118.211
probabilities_array:[0.54471457 0.         0.45528546]

rule7: latitude > 37.061
probabilities_array:[0.54344046 0.         0.4565595 ]

rule12: total_rooms < 1162.306
probabilities_array:[0.48080707 0.01280205 0.5063909 ]

rule29: 2.595 < median_income < 3.874
probabilities_array:[0.47386095 0.         0.5261391 ]

rule6: 35.624 < latitude < 37.061
probabilities_array:[0.40132564 0.         0.59867436]

rule24: households < 240.319
probabilities_array:[0.30349424 0.         0.6965058 ]

rule1: -120.913 < longitude < -119.562
probabilities_array:[0.21536042 0.05574198 0.72889763]


---1---
rule31: median_income > 5.152
probabilities_array:[0.         0.8557843  0.14421573]

rule35: ocean_proximity_ISLAND = 1.0
probabilities_array:[0.         0.70553535 0.29446465]

rule20: population < 668.006
probabilities_array:[0.         0.62988514 0.37011486]

rule0: longitude < -120.913
probabilities_array:[0.        0.6112633 0.3887367]

rule27: households > 755.781
probabilities_array:[0.         0.5472633  0.45273668]

rule32: ocean_proximity_INLAND = 0.0
probabilities_array:[0.         0.53707707 0.46292296]

rule15: total_rooms > 4101.082
probabilities_array:[0.02652543 0.45752448 0.5159501 ]

rule4: latitude < 34.187
probabilities_array:[0.        0.4260746 0.5739254]

rule19: total_bedrooms > 817.914
probabilities_array:[0.         0.3684263  0.63157374]

rule5: 34.187 < latitude < 35.624
probabilities_array:[0.         0.35137713 0.6486229 ]

rule30: 3.874 < median_income < 5.152
probabilities_array:[0.02149598 0.3238739  0.6546302 ]

rule14: 2631.694 < total_rooms < 4101.082
probabilities_array:[0.02081011 0.3103212  0.66886866]

rule26: 498.050 < households < 755.781
probabilities_array:[0.       0.302754 0.697246]

rule18: 535.646 < total_bedrooms < 817.914
probabilities_array:[0.         0.24219692 0.7578031 ]

rule2: -119.562 < longitude < -118.211
probabilities_array:[0.07870641 0.17240408 0.7488895 ]

