R2: 0.7043626992034008


MAE: 45325.95320771217


Accuracy: 0.8241142321161012


F1: 0.8241338813857898


Most important rules
-----------------------------

---0---
rule28: median_income < 2.597
probabilities_array:[0.8312152  0.         0.16878481]

rule23: population > 2210.155
probabilities_array:[0.6765302  0.         0.32346985]

rule33: ocean_proximity_INLAND = 1.0
probabilities_array:[0.6496915  0.         0.35030845]

rule7: latitude > 37.074
probabilities_array:[0.5504324  0.         0.44956765]

rule12: total_rooms < 1145.305
probabilities_array:[0.5276852  0.0249388  0.44737607]

rule3: longitude > -118.218
probabilities_array:[0.5212727  0.         0.47872728]

rule24: households < 239.382
probabilities_array:[0.4846993 0.        0.5153007]

rule29: 2.597 < median_income < 3.868
probabilities_array:[0.48395213 0.         0.5160479 ]

rule22: 1428.054 < population < 2210.155
probabilities_array:[0.3971127  0.         0.60288733]

rule6: 35.635 < latitude < 37.074
probabilities_array:[0.3938272 0.        0.6061728]

rule16: total_bedrooms < 251.198
probabilities_array:[0.36241606 0.         0.6375839 ]

rule25: 239.382 < households < 499.141
probabilities_array:[0.30151084 0.         0.6984891 ]

rule8: housing_median_age < 20.160
probabilities_array:[0.26199615 0.         0.73800385]


---1---
rule31: median_income > 5.140
probabilities_array:[0.         0.85623276 0.14376725]

rule35: ocean_proximity_ISLAND = 1.0
probabilities_array:[0.         0.76781565 0.23218432]

rule20: population < 645.952
probabilities_array:[0.         0.72919834 0.27080166]

rule0: longitude < -120.927
probabilities_array:[0.         0.6499814  0.35001862]

rule32: ocean_proximity_INLAND = 0.0
probabilities_array:[0.         0.5827829  0.41721705]

rule4: latitude < 34.196
probabilities_array:[0.         0.39441887 0.6055811 ]

rule27: households > 758.900
probabilities_array:[0.         0.38708013 0.61291987]

rule15: total_rooms > 4127.045
probabilities_array:[0.035368   0.34235102 0.62228096]

rule30: 3.868 < median_income < 5.140
probabilities_array:[0.01292583 0.31358364 0.67349046]

rule5: 34.196 < latitude < 35.635
probabilities_array:[0.        0.2770297 0.7229703]

rule19: total_bedrooms > 821.320
probabilities_array:[0.        0.2707474 0.7292526]

rule21: 645.952 < population < 1428.054
probabilities_array:[1.4739047e-04 2.1600781e-01 7.8384483e-01]

rule2: -119.572 < longitude < -118.218
probabilities_array:[0.06022914 0.18765993 0.7521109 ]

rule11: housing_median_age > 37.108
probabilities_array:[0.         0.20907296 0.79092705]

rule9: 20.160 < housing_median_age < 28.634
probabilities_array:[0.         0.20453303 0.79546696]

