R2: 0.6722590815393823


MAE: 46923.857903102726


Accuracy: 0.8266084589201466


F1: 0.8266294773928362


Most important rules
-----------------------------

---0---
rule28: median_income < 2.579
probabilities_array:[0.8574666  0.         0.14253345]

rule33: ocean_proximity_INLAND = 1.0
probabilities_array:[0.6903384  0.         0.30966166]

rule23: population > 2183.317
probabilities_array:[0.62054384 0.         0.37945616]

rule29: 2.579 < median_income < 3.862
probabilities_array:[0.5711769 0.        0.4288231]

rule24: households < 242.505
probabilities_array:[0.4844307  0.         0.51556927]

rule12: total_rooms < 1181.053
probabilities_array:[0.45638147 0.03110863 0.51250994]

rule3: longitude > -118.212
probabilities_array:[0.4211988 0.        0.5788012]

rule7: latitude > 37.054
probabilities_array:[0.40605843 0.         0.59394157]

rule6: 35.619 < latitude < 37.054
probabilities_array:[0.35999122 0.         0.64000875]

rule22: 1429.573 < population < 2183.317
probabilities_array:[2.8570384e-01 3.8181635e-05 7.1425802e-01]

rule1: -120.914 < longitude < -119.563
probabilities_array:[0.24138345 0.08404706 0.6745694 ]

rule16: total_bedrooms < 255.277
probabilities_array:[0.2487148 0.        0.7512852]

rule17: 255.277 < total_bedrooms < 538.191
probabilities_array:[0.22411892 0.         0.7758811 ]

rule37: ocean_proximity_NEAR BAY = 1.0
probabilities_array:[0.17009313 0.11831763 0.7115892 ]

rule25: 242.505 < households < 501.446
probabilities_array:[0.22032014 0.         0.7796799 ]


---1---
rule31: median_income > 5.144
probabilities_array:[0.        0.8135321 0.1864679]

rule35: ocean_proximity_ISLAND = 1.0
probabilities_array:[0.         0.8023981  0.19760191]

rule20: population < 675.830
probabilities_array:[0.         0.75497603 0.24502397]

rule0: longitude < -120.914
probabilities_array:[0.         0.57222503 0.427775  ]

rule32: ocean_proximity_INLAND = 0.0
probabilities_array:[0.        0.5590192 0.4409808]

rule15: total_rooms > 4093.317
probabilities_array:[0.03550477 0.45971626 0.504779  ]

rule27: households > 760.386
probabilities_array:[0.         0.3833162  0.61668384]

rule14: 2637.185 < total_rooms < 4093.317
probabilities_array:[0.02268285 0.3297771  0.64754003]

rule21: 675.830 < population < 1429.573
probabilities_array:[0.         0.33170217 0.6682978 ]

rule4: latitude < 34.184
probabilities_array:[0.         0.32304105 0.676959  ]

rule19: total_bedrooms > 821.105
probabilities_array:[0.         0.31446767 0.68553233]

rule5: 34.184 < latitude < 35.619
probabilities_array:[0.         0.30646127 0.6935387 ]

rule30: 3.862 < median_income < 5.144
probabilities_array:[0.07926452 0.2525398  0.66819566]

rule2: -119.563 < longitude < -118.212
probabilities_array:[0.0333649  0.20670652 0.7599286 ]

rule11: housing_median_age > 37.160
probabilities_array:[0.         0.22005007 0.7799499 ]

rule26: 501.446 < households < 760.386
probabilities_array:[0.         0.20775677 0.79224324]

