R2: 0.6472322436655882


MAE: 49942.34135544641


Accuracy: 0.8156194791150808


F1: 0.815619495008808


Most important rules
-----------------------------

---0---
rule28: median_income < 2.586
probabilities_array:[0.8192843  0.         0.18071567]

rule23: population > 2141.011
probabilities_array:[0.6848542 0.        0.3151458]

rule33: ocean_proximity_INLAND = 1.0
probabilities_array:[0.6591149 0.        0.3408851]

rule12: total_rooms < 1179.846
probabilities_array:[0.5462905  0.01469524 0.4390142 ]

rule29: 2.586 < median_income < 3.863
probabilities_array:[0.50667125 0.         0.49332878]

rule3: longitude > -118.211
probabilities_array:[0.43106318 0.         0.5689368 ]

rule7: latitude > 37.073
probabilities_array:[0.4263091 0.        0.5736909]

rule24: households < 245.569
probabilities_array:[0.36700958 0.         0.6329904 ]

rule22: 1415.547 < population < 2141.011
probabilities_array:[0.36130616 0.         0.6386938 ]

rule6: 35.629 < latitude < 37.073
probabilities_array:[0.3577043 0.        0.6422957]

rule16: total_bedrooms < 257.276
probabilities_array:[0.34006563 0.         0.6599344 ]

rule1: -120.918 < longitude < -119.565
probabilities_array:[0.26171547 0.07574283 0.66254175]

rule25: 245.569 < households < 498.050
probabilities_array:[0.25358352 0.         0.74641645]

rule8: housing_median_age < 20.226
probabilities_array:[0.22545414 0.         0.77454585]


---1---
rule31: median_income > 5.141
probabilities_array:[0.         0.83392715 0.16607285]

rule20: population < 690.083
probabilities_array:[0.         0.7469235  0.25307646]

rule32: ocean_proximity_INLAND = 0.0
probabilities_array:[0.       0.661484 0.338516]

rule35: ocean_proximity_ISLAND = 1.0
probabilities_array:[0.         0.63887036 0.36112967]

rule0: longitude < -120.918
probabilities_array:[0.         0.5728642  0.42713585]

rule27: households > 750.531
probabilities_array:[0.         0.48271704 0.51728296]

rule15: total_rooms > 4062.322
probabilities_array:[0.03149164 0.38096642 0.5875419 ]

rule4: latitude < 34.184
probabilities_array:[0.         0.36786285 0.6321372 ]

rule30: 3.863 < median_income < 5.141
probabilities_array:[0.00606119 0.35767293 0.6362659 ]

rule5: 34.184 < latitude < 35.629
probabilities_array:[0.         0.31950977 0.68049026]

rule19: total_bedrooms > 812.939
probabilities_array:[0.         0.29652387 0.70347613]

rule21: 690.083 < population < 1415.547
probabilities_array:[0.         0.28135145 0.71864855]

rule2: -119.565 < longitude < -118.211
probabilities_array:[0.02162609 0.25032797 0.72804594]

rule14: 2621.084 < total_rooms < 4062.322
probabilities_array:[0.02409508 0.24661109 0.72929376]

