R2: 0.6910540970708872


MAE: 46079.62846261754


Accuracy: 0.8220462257904322


F1: 0.8220786846741045


Most important rules
-----------------------------

---0---
rule28: median_income < 2.590
probabilities_array:[0.80209655 0.         0.19790344]

rule33: ocean_proximity_INLAND = 1.0
probabilities_array:[0.6809163 0.        0.3190837]

rule23: population > 2194.920
probabilities_array:[0.6581572  0.         0.34184274]

rule3: longitude > -118.221
probabilities_array:[0.5466072 0.        0.4533928]

rule12: total_rooms < 1179.662
probabilities_array:[0.47346747 0.02668142 0.4998511 ]

rule7: latitude > 37.080
probabilities_array:[0.42999446 0.         0.57000554]

rule29: 2.590 < median_income < 3.879
probabilities_array:[0.4019872 0.        0.5980128]

rule22: 1429.728 < population < 2194.920
probabilities_array:[0.39581642 0.         0.6041836 ]

rule6: 35.638 < latitude < 37.080
probabilities_array:[0.31548825 0.03471021 0.64980155]

rule24: households < 243.317
probabilities_array:[0.3301791 0.        0.6698209]

rule1: -120.920 < longitude < -119.570
probabilities_array:[0.27206576 0.04217361 0.6857607 ]

rule16: total_bedrooms < 255.772
probabilities_array:[0.28601184 0.         0.7139881 ]

rule8: housing_median_age < 20.100
probabilities_array:[0.21268778 0.         0.7873122 ]

rule37: ocean_proximity_NEAR BAY = 1.0
probabilities_array:[0.14293025 0.15096952 0.7061002 ]


---1---
rule31: median_income > 5.168
probabilities_array:[0.         0.873328   0.12667203]

rule35: ocean_proximity_ISLAND = 1.0
probabilities_array:[0.         0.8044149  0.19558506]

rule20: population < 664.536
probabilities_array:[0.        0.7020213 0.2979787]

rule32: ocean_proximity_INLAND = 0.0
probabilities_array:[0.         0.55636793 0.44363207]

rule27: households > 758.028
probabilities_array:[0.         0.54417306 0.45582694]

rule0: longitude < -120.920
probabilities_array:[0.        0.5022904 0.4977096]

rule4: latitude < 34.197
probabilities_array:[0.         0.44711477 0.55288523]

rule30: 3.879 < median_income < 5.168
probabilities_array:[0.        0.4356924 0.5643076]

rule15: total_rooms > 4105.110
probabilities_array:[0.06089223 0.3766344  0.5624734 ]

rule14: 2642.386 < total_rooms < 4105.110
probabilities_array:[0.03429339 0.3069453  0.6587613 ]

rule5: 34.197 < latitude < 35.638
probabilities_array:[0.         0.27639198 0.723608  ]

rule19: total_bedrooms > 819.747
probabilities_array:[0.        0.2430368 0.7569632]

rule21: 664.536 < population < 1429.728
probabilities_array:[1.2978754e-04 2.1090803e-01 7.8896224e-01]

rule37: ocean_proximity_NEAR BAY = 1.0
probabilities_array:[0.14293025 0.15096952 0.7061002 ]

