R2: 0.6656996794110452


MAE: 49169.1494192975


Accuracy: 0.8127983443539248


F1: 0.8128302994715209


Most important rules
-----------------------------

---0---
rule28: median_income < 2.584
probabilities_array:[0.8285455  0.         0.17145449]

rule23: population > 2178.097
probabilities_array:[0.72113854 0.         0.2788615 ]

rule33: ocean_proximity_INLAND = 1.0
probabilities_array:[0.6034618 0.        0.3965382]

rule7: latitude > 37.066
probabilities_array:[0.55772954 0.         0.44227046]

rule22: 1414.782 < population < 2178.097
probabilities_array:[0.4969936 0.        0.5030064]

rule3: longitude > -118.218
probabilities_array:[0.4470869  0.         0.55291307]

rule29: 2.584 < median_income < 3.861
probabilities_array:[0.4463711 0.        0.5536289]

rule24: households < 240.478
probabilities_array:[0.42375657 0.         0.57624346]

rule12: total_rooms < 1164.279
probabilities_array:[0.42096537 0.00229505 0.5767396 ]

rule6: 35.626 < latitude < 37.066
probabilities_array:[0.41426417 0.         0.5857358 ]

rule1: -120.923 < longitude < -119.571
probabilities_array:[0.27304867 0.03577602 0.6911753 ]

rule16: total_bedrooms < 252.884
probabilities_array:[0.26874843 0.         0.73125154]

rule8: housing_median_age < 20.246
probabilities_array:[0.24573515 0.         0.75426483]

rule34: ocean_proximity_ISLAND = 0.0
probabilities_array:[2.0237698e-01 6.0982227e-05 7.9756200e-01]


---1---
rule31: median_income > 5.138
probabilities_array:[0.         0.86411256 0.13588741]

rule35: ocean_proximity_ISLAND = 1.0
probabilities_array:[0.         0.74282753 0.25717247]

rule32: ocean_proximity_INLAND = 0.0
probabilities_array:[0.         0.6785777  0.32142228]

rule20: population < 651.467
probabilities_array:[0.         0.6776274  0.32237262]

rule0: longitude < -120.923
probabilities_array:[0.         0.63517785 0.36482215]

rule15: total_rooms > 4048.558
probabilities_array:[0.02684288 0.45034257 0.5228146 ]

rule27: households > 751.600
probabilities_array:[0.         0.4335628  0.56643724]

rule30: 3.861 < median_income < 5.138
probabilities_array:[0.00753564 0.38641706 0.6060473 ]

rule14: 2606.419 < total_rooms < 4048.558
probabilities_array:[0.01173492 0.3643313  0.6239338 ]

rule4: latitude < 34.187
probabilities_array:[0.         0.35700074 0.64299923]

rule19: total_bedrooms > 813.019
probabilities_array:[0.         0.34656823 0.6534318 ]

rule5: 34.187 < latitude < 35.626
probabilities_array:[0.         0.33399868 0.6660013 ]

rule2: -119.571 < longitude < -118.218
probabilities_array:[0.06776527 0.20813398 0.7241007 ]

rule26: 496.039 < households < 751.600
probabilities_array:[0.         0.21613055 0.78386945]

rule11: housing_median_age > 37.227
probabilities_array:[0.         0.20003258 0.7999674 ]

