R2: 0.6912549187341004


MAE: 45625.37561688342


Accuracy: 0.8206088159221221


F1: 0.8206106870229007


Most important rules
-----------------------------

---0---
rule28: median_income < 2.579
probabilities_array:[0.76488054 0.         0.23511946]

rule23: population > 2187.846
probabilities_array:[0.7158827  0.         0.28411725]

rule33: ocean_proximity_INLAND = 1.0
probabilities_array:[0.6772108  0.         0.32278916]

rule7: latitude > 37.075
probabilities_array:[0.5916521  0.         0.40834787]

rule3: longitude > -118.220
probabilities_array:[0.5667696  0.         0.43323037]

rule12: total_rooms < 1157.589
probabilities_array:[0.52593046 0.03701145 0.43705803]

rule24: households < 241.532
probabilities_array:[0.51838535 0.         0.48161462]

rule22: 1428.273 < population < 2187.846
probabilities_array:[0.48969612 0.         0.5103039 ]

rule6: 35.633 < latitude < 37.075
probabilities_array:[0.40794608 0.         0.5920539 ]

rule29: 2.579 < median_income < 3.859
probabilities_array:[0.32859594 0.         0.67140406]

rule8: housing_median_age < 20.173
probabilities_array:[0.2691195 0.        0.7308805]

rule1: -120.930 < longitude < -119.575
probabilities_array:[0.23363653 0.039681   0.72668254]

rule25: 241.532 < households < 500.100
probabilities_array:[0.23547935 0.         0.76452065]


---1---
rule31: median_income > 5.139
probabilities_array:[0.         0.89922494 0.10077509]

rule35: ocean_proximity_ISLAND = 1.0
probabilities_array:[0.         0.80285406 0.19714597]

rule20: population < 668.701
probabilities_array:[0.         0.73189765 0.26810235]

rule0: longitude < -120.930
probabilities_array:[0.         0.6112203  0.38877967]

rule32: ocean_proximity_INLAND = 0.0
probabilities_array:[0.         0.5558934  0.44410655]

rule30: 3.859 < median_income < 5.139
probabilities_array:[0.         0.49833685 0.50166315]

rule27: households > 758.669
probabilities_array:[0.        0.4851394 0.5148606]

rule15: total_rooms > 4107.150
probabilities_array:[0.05817793 0.45000926 0.4918128 ]

rule4: latitude < 34.191
probabilities_array:[0.         0.42753997 0.57246006]

rule14: 2632.369 < total_rooms < 4107.150
probabilities_array:[0.0385737  0.28493088 0.67649543]

rule19: total_bedrooms > 821.594
probabilities_array:[0.         0.24248025 0.7575197 ]

rule5: 34.191 < latitude < 35.633
probabilities_array:[0.         0.22244559 0.7775544 ]

rule2: -119.575 < longitude < -118.220
probabilities_array:[0.10823036 0.1592232  0.7325465 ]

