R2: 0.6191571076388971


MAE: 51320.70602045572


Accuracy: 0.8200104396596724


F1: 0.8200234879624193


Most important rules
-----------------------------

---0---
rule28: median_income < 2.586
probabilities_array:[0.74907655 0.         0.25092345]

rule23: population > 2199.593
probabilities_array:[0.6872137  0.         0.31278628]

rule33: ocean_proximity_INLAND = 1.0
probabilities_array:[0.66761506 0.         0.33238494]

rule7: latitude > 37.066
probabilities_array:[0.59167516 0.         0.40832487]

rule12: total_rooms < 1172.157
probabilities_array:[0.56536907 0.01813363 0.41649738]

rule3: longitude > -118.217
probabilities_array:[0.49154422 0.         0.5084558 ]

rule22: 1434.025 < population < 2199.593
probabilities_array:[0.43805295 0.         0.56194705]

rule24: households < 244.532
probabilities_array:[0.41883937 0.         0.5811606 ]

rule6: 35.631 < latitude < 37.066
probabilities_array:[0.3913878 0.        0.6086122]

rule16: total_bedrooms < 256.763
probabilities_array:[0.29356077 0.         0.7064392 ]

rule29: 2.586 < median_income < 3.864
probabilities_array:[0.2849703  0.         0.71502966]

rule1: -120.917 < longitude < -119.567
probabilities_array:[0.24191836 0.07237621 0.68570536]

rule8: housing_median_age < 20.073
probabilities_array:[0.2568143 0.        0.7431857]

rule34: ocean_proximity_ISLAND = 0.0
probabilities_array:[0.22374302 0.         0.776257  ]

rule17: 256.763 < total_bedrooms < 538.567
probabilities_array:[0.21645443 0.         0.78354555]


---1---
rule31: median_income > 5.141
probabilities_array:[0.         0.89831823 0.10168178]

rule20: population < 668.457
probabilities_array:[0.         0.73620117 0.2637988 ]

rule0: longitude < -120.917
probabilities_array:[0.         0.7025689  0.29743114]

rule35: ocean_proximity_ISLAND = 1.0
probabilities_array:[0.         0.65259916 0.34740084]

rule32: ocean_proximity_INLAND = 0.0
probabilities_array:[0.         0.60626763 0.39373237]

rule30: 3.864 < median_income < 5.141
probabilities_array:[0.         0.51176065 0.48823935]

rule4: latitude < 34.196
probabilities_array:[0.         0.43930927 0.56069076]

rule27: households > 758.319
probabilities_array:[0.         0.43385968 0.5661403 ]

rule15: total_rooms > 4123.513
probabilities_array:[0.04455175 0.3684978  0.5869505 ]

rule5: 34.196 < latitude < 35.631
probabilities_array:[0.         0.37628096 0.62371904]

rule19: total_bedrooms > 820.372
probabilities_array:[0.         0.26087523 0.7391248 ]

rule14: 2647.835 < total_rooms < 4123.513
probabilities_array:[0.04193465 0.22412032 0.7339451 ]

rule21: 668.457 < population < 1434.025
probabilities_array:[3.0571411e-04 2.2238539e-01 7.7730894e-01]

