R2: 0.6803932861382794


MAE: 47383.41189332294


Accuracy: 0.8100191891508016


F1: 0.8101879036993541


Most important rules
-----------------------------

---0---
rule28: median_income < 2.588
probabilities_array:[0.84780115 0.         0.15219885]

rule23: population > 2217.894
probabilities_array:[0.69005114 0.         0.30994886]

rule33: ocean_proximity_INLAND = 1.0
probabilities_array:[0.6249545  0.         0.37504548]

rule12: total_rooms < 1144.489
probabilities_array:[0.5252423  0.02550667 0.44925094]

rule29: 2.588 < median_income < 3.872
probabilities_array:[0.5067624 0.        0.4932376]

rule3: longitude > -118.217
probabilities_array:[0.49453664 0.         0.50546336]

rule22: 1428.626 < population < 2217.894
probabilities_array:[0.48615095 0.         0.5138491 ]

rule24: households < 236.675
probabilities_array:[0.38244766 0.         0.61755234]

rule7: latitude > 37.080
probabilities_array:[0.37880906 0.         0.6211909 ]

rule6: 35.637 < latitude < 37.080
probabilities_array:[0.30489907 0.         0.69510096]

rule16: total_bedrooms < 250.375
probabilities_array:[0.2833486 0.        0.7166514]

rule8: housing_median_age < 20.077
probabilities_array:[2.4496578e-01 2.2853204e-04 7.5480568e-01]

rule1: -120.918 < longitude < -119.567
probabilities_array:[0.20179646 0.092016   0.70618755]

rule25: 236.675 < households < 499.605
probabilities_array:[2.0584263e-01 6.7474357e-05 7.9408991e-01]


---1---
rule31: median_income > 5.155
probabilities_array:[0.         0.8456668  0.15433314]

rule35: ocean_proximity_ISLAND = 1.0
probabilities_array:[0.         0.74366784 0.2563322 ]

rule20: population < 639.358
probabilities_array:[0.         0.6665205  0.33347955]

rule32: ocean_proximity_INLAND = 0.0
probabilities_array:[0.         0.6524456  0.34755436]

rule0: longitude < -120.918
probabilities_array:[0.        0.5708748 0.4291252]

rule4: latitude < 34.194
probabilities_array:[0.         0.47530815 0.5246918 ]

rule15: total_rooms > 4138.127
probabilities_array:[0.02865999 0.41055554 0.56078446]

rule27: households > 762.534
probabilities_array:[0.         0.39517513 0.60482484]

rule30: 3.872 < median_income < 5.155
probabilities_array:[0.01570322 0.35639447 0.6279023 ]

rule5: 34.194 < latitude < 35.637
probabilities_array:[0.         0.34151515 0.6584848 ]

rule19: total_bedrooms > 824.231
probabilities_array:[0.        0.3131882 0.6868118]

rule14: 2641.308 < total_rooms < 4138.127
probabilities_array:[0.04344856 0.2107043  0.7458471 ]

rule18: 537.303 < total_bedrooms < 824.231
probabilities_array:[0.         0.22672667 0.77327335]

