R2: 0.697810997914939


MAE: 44650.85610855541


Accuracy: 0.8167938299597821


F1: 0.816793893129771


Most important rules
-----------------------------

---0---
rule28: median_income < 2.586
probabilities_array:[0.76882374 0.         0.23117627]

rule23: population > 2208.519
probabilities_array:[0.72475344 0.         0.2752466 ]

rule33: ocean_proximity_INLAND = 1.0
probabilities_array:[0.5102236  0.         0.48977637]

rule12: total_rooms < 1156.578
probabilities_array:[0.49943504 0.00066349 0.49990147]

rule22: 1428.901 < population < 2208.519
probabilities_array:[0.4790069 0.        0.5209931]

rule3: longitude > -118.218
probabilities_array:[0.42312413 0.         0.57687587]

rule24: households < 240.555
probabilities_array:[0.34693587 0.         0.65306413]

rule29: 2.586 < median_income < 3.877
probabilities_array:[0.34202087 0.         0.65797913]

rule7: latitude > 37.090
probabilities_array:[0.32891858 0.         0.6710814 ]

rule6: 35.643 < latitude < 37.090
probabilities_array:[0.30673867 0.         0.6932613 ]

rule25: 240.555 < households < 500.235
probabilities_array:[0.30385017 0.         0.6961498 ]

rule16: total_bedrooms < 253.457
probabilities_array:[0.2810804  0.         0.71891963]

rule1: -120.925 < longitude < -119.571
probabilities_array:[0.25034025 0.0517284  0.69793135]

rule8: housing_median_age < 20.080
probabilities_array:[0.27056706 0.         0.72943294]

rule37: ocean_proximity_NEAR BAY = 1.0
probabilities_array:[0.15684539 0.14034067 0.7028139 ]


---1---
rule31: median_income > 5.169
probabilities_array:[0.         0.90680456 0.09319542]

rule35: ocean_proximity_ISLAND = 1.0
probabilities_array:[0.         0.767521   0.23247895]

rule32: ocean_proximity_INLAND = 0.0
probabilities_array:[0.         0.7060615  0.29393852]

rule20: population < 649.283
probabilities_array:[0.         0.5621039  0.43789604]

rule30: 3.877 < median_income < 5.169
probabilities_array:[0.         0.47729778 0.5227022 ]

rule0: longitude < -120.925
probabilities_array:[0.         0.41485727 0.58514273]

rule19: total_bedrooms > 821.474
probabilities_array:[0.         0.38578027 0.6142197 ]

rule15: total_rooms > 4141.109
probabilities_array:[0.03353844 0.32705072 0.63941085]

rule27: households > 759.915
probabilities_array:[0.       0.339368 0.660632]

rule4: latitude < 34.195
probabilities_array:[0.         0.29391253 0.70608747]

rule2: -119.571 < longitude < -118.218
probabilities_array:[0.02606073 0.2178617  0.7560776 ]

rule39: ocean_proximity_NEAR OCEAN = 1.0
probabilities_array:[0.1147186  0.15960608 0.72567534]

rule37: ocean_proximity_NEAR BAY = 1.0
probabilities_array:[0.15684539 0.14034067 0.7028139 ]

