R2: 0.7047938455481868


MAE: 45006.994111930704


Accuracy: 0.8210499718175882


F1: 0.8210510863182618


Most important rules
-----------------------------

---0---
rule28: median_income < 2.601
probabilities_array:[0.8039959  0.         0.19600412]

rule23: population > 2215.243
probabilities_array:[0.68333906 0.         0.31666094]

rule3: longitude > -118.225
probabilities_array:[0.6241922 0.        0.3758078]

rule33: ocean_proximity_INLAND = 1.0
probabilities_array:[0.5886543 0.        0.4113457]

rule7: latitude > 37.075
probabilities_array:[0.58518356 0.         0.4148164 ]

rule12: total_rooms < 1154.561
probabilities_array:[0.48457006 0.05240322 0.46302664]

rule6: 35.637 < latitude < 37.075
probabilities_array:[0.48687983 0.         0.5131202 ]

rule24: households < 239.502
probabilities_array:[0.43114665 0.         0.5688534 ]

rule22: 1433.219 < population < 2215.243
probabilities_array:[0.42140538 0.         0.5785946 ]

rule29: 2.601 < median_income < 3.885
probabilities_array:[0.4002326 0.        0.5997674]

rule16: total_bedrooms < 252.222
probabilities_array:[0.2987176  0.         0.70128244]

rule1: -120.925 < longitude < -119.575
probabilities_array:[0.27755153 0.02770906 0.6947394 ]

rule8: housing_median_age < 19.991
probabilities_array:[0.23173077 0.         0.76826924]

rule25: 239.502 < households < 502.380
probabilities_array:[0.22679338 0.         0.77320665]


---1---
rule31: median_income > 5.170
probabilities_array:[0.         0.88175136 0.11824863]

rule35: ocean_proximity_ISLAND = 1.0
probabilities_array:[0.         0.7806216  0.21937844]

rule20: population < 651.195
probabilities_array:[0.        0.7419119 0.2580881]

rule32: ocean_proximity_INLAND = 0.0
probabilities_array:[0.         0.6501769  0.34982312]

rule0: longitude < -120.925
probabilities_array:[0.         0.5454286  0.45457146]

rule27: households > 765.258
probabilities_array:[0.         0.47947493 0.52052504]

rule15: total_rooms > 4151.726
probabilities_array:[0.08357892 0.38070077 0.5357203 ]

rule30: 3.885 < median_income < 5.170
probabilities_array:[0.         0.40746394 0.59253603]

rule4: latitude < 34.198
probabilities_array:[0.         0.39862624 0.6013738 ]

rule19: total_bedrooms > 827.026
probabilities_array:[0.      0.36027 0.63973]

rule14: 2653.144 < total_rooms < 4151.726
probabilities_array:[0.03548274 0.3066554  0.6578618 ]

rule5: 34.198 < latitude < 35.637
probabilities_array:[0.         0.26906922 0.73093075]

rule26: 502.380 < households < 765.258
probabilities_array:[0.         0.20038728 0.7996127 ]

