R2: 0.6928183132964756


MAE: 45048.64831247977


Accuracy: 0.8182211345088282


F1: 0.8182618907809748


Most important rules
-----------------------------

---0---
rule28: median_income < 2.594
probabilities_array:[0.7579762  0.         0.24202384]

rule23: population > 2217.132
probabilities_array:[0.73005754 0.         0.2699425 ]

rule33: ocean_proximity_INLAND = 1.0
probabilities_array:[0.62497467 0.         0.37502533]

rule22: 1434.045 < population < 2217.132
probabilities_array:[0.5019081  0.         0.49809185]

rule12: total_rooms < 1158.142
probabilities_array:[5.0166863e-01 3.6248466e-04 4.9796894e-01]

rule3: longitude > -118.215
probabilities_array:[0.4105064 0.        0.5894936]

rule6: 35.620 < latitude < 37.055
probabilities_array:[0.37627017 0.00716683 0.616563  ]

rule7: latitude > 37.055
probabilities_array:[0.3491801 0.        0.6508199]

rule29: 2.594 < median_income < 3.887
probabilities_array:[0.3186106 0.        0.6813894]

rule24: households < 238.087
probabilities_array:[0.27974814 0.         0.72025186]

rule8: housing_median_age < 20.105
probabilities_array:[0.2732672 0.        0.7267328]

rule16: total_bedrooms < 251.574
probabilities_array:[0.2580102 0.        0.7419898]

rule1: -120.915 < longitude < -119.565
probabilities_array:[0.24046123 0.0118284  0.74771035]

rule36: ocean_proximity_NEAR BAY = 0.0
probabilities_array:[0.21509367 0.02125789 0.76364845]


---1---
rule31: median_income > 5.180
probabilities_array:[0.         0.90581805 0.09418195]

rule35: ocean_proximity_ISLAND = 1.0
probabilities_array:[0.        0.6829782 0.3170218]

rule32: ocean_proximity_INLAND = 0.0
probabilities_array:[0.         0.63598096 0.364019  ]

rule20: population < 650.957
probabilities_array:[0.         0.6226907  0.37730935]

rule30: 3.887 < median_income < 5.180
probabilities_array:[0.         0.5255147  0.47448528]

rule27: households > 765.980
probabilities_array:[0.         0.4779115  0.52208847]

rule0: longitude < -120.915
probabilities_array:[0.         0.45518485 0.5448152 ]

rule15: total_rooms > 4143.146
probabilities_array:[0.04198435 0.3479536  0.610062  ]

rule19: total_bedrooms > 826.266
probabilities_array:[0.         0.3649145  0.63508546]

rule14: 2650.644 < total_rooms < 4143.146
probabilities_array:[0.02308214 0.2829912  0.69392663]

rule2: -119.565 < longitude < -118.215
probabilities_array:[0.00260352 0.2592088  0.7381876 ]

rule4: latitude < 34.186
probabilities_array:[0.         0.23501995 0.76498   ]

rule18: 538.920 < total_bedrooms < 826.266
probabilities_array:[0.         0.21584456 0.7841554 ]

