R2: 0.6895291980978413


MAE: 45608.99938789757


Accuracy: 0.8233761276000358


F1: 0.8233998825601879


Most important rules
-----------------------------

---0---
rule28: median_income < 2.590
probabilities_array:[0.77442753 0.         0.22557245]

rule33: ocean_proximity_INLAND = 1.0
probabilities_array:[0.72486264 0.         0.27513736]

rule23: population > 2219.403
probabilities_array:[0.6460603 0.        0.3539397]

rule12: total_rooms < 1161.647
probabilities_array:[0.5306573  0.02177795 0.44756472]

rule7: latitude > 37.068
probabilities_array:[0.47502416 0.         0.52497584]

rule3: longitude > -118.206
probabilities_array:[0.42579952 0.         0.57420045]

rule24: households < 241.080
probabilities_array:[0.40288588 0.         0.59711415]

rule22: 1432.854 < population < 2219.403
probabilities_array:[0.40177432 0.         0.59822565]

rule29: 2.590 < median_income < 3.873
probabilities_array:[0.35341457 0.         0.64658546]

rule6: 35.627 < latitude < 37.068
probabilities_array:[0.3201769 0.        0.6798231]

rule1: -120.913 < longitude < -119.559
probabilities_array:[0.2489464  0.00921529 0.7418383 ]

rule37: ocean_proximity_NEAR BAY = 1.0
probabilities_array:[0.17239508 0.08615872 0.7414462 ]

rule8: housing_median_age < 20.027
probabilities_array:[0.21035449 0.         0.7896455 ]

rule25: 241.080 < households < 500.857
probabilities_array:[0.20901224 0.         0.7909878 ]

rule16: total_bedrooms < 253.478
probabilities_array:[0.2015693 0.        0.7984307]


---1---
rule35: ocean_proximity_ISLAND = 1.0
probabilities_array:[0.         0.8913329  0.10866709]

rule31: median_income > 5.155
probabilities_array:[0.         0.8816115  0.11838849]

rule20: population < 646.305
probabilities_array:[0.         0.6997342  0.30026576]

rule0: longitude < -120.913
probabilities_array:[0.        0.5552414 0.4447586]

rule32: ocean_proximity_INLAND = 0.0
probabilities_array:[0.      0.50573 0.49427]

rule30: 3.873 < median_income < 5.155
probabilities_array:[0.         0.44949803 0.550502  ]

rule15: total_rooms > 4126.106
probabilities_array:[0.04166969 0.41404596 0.54428434]

rule27: households > 760.635
probabilities_array:[0.         0.42071044 0.57928956]

rule4: latitude < 34.185
probabilities_array:[0.         0.3091657  0.69083434]

rule5: 34.185 < latitude < 35.627
probabilities_array:[0.         0.27430293 0.7256971 ]

rule14: 2643.877 < total_rooms < 4126.106
probabilities_array:[0.03920486 0.2552547  0.7055405 ]

rule2: -119.559 < longitude < -118.206
probabilities_array:[0.08435692 0.19642606 0.71921706]

rule11: housing_median_age > 37.031
probabilities_array:[0.         0.21475966 0.78524035]

