R2: 0.6952189733023098


MAE: 45658.97151615807


Accuracy: 0.8150320408384926


F1: 0.8150322959483265


Most important rules
-----------------------------

---0---
rule28: median_income < 2.594
probabilities_array:[0.8045087 0.        0.1954913]

rule23: population > 2222.445
probabilities_array:[0.67175335 0.         0.32824668]

rule3: longitude > -118.214
probabilities_array:[0.61414486 0.         0.3858551 ]

rule33: ocean_proximity_INLAND = 1.0
probabilities_array:[0.595955   0.         0.40404496]

rule7: latitude > 37.075
probabilities_array:[0.5063533  0.         0.49364668]

rule12: total_rooms < 1153.657
probabilities_array:[0.49516177 0.00687803 0.4979602 ]

rule16: total_bedrooms < 253.177
probabilities_array:[0.39359528 0.         0.6064047 ]

rule29: 2.594 < median_income < 3.868
probabilities_array:[0.38711137 0.         0.61288863]

rule22: 1434.007 < population < 2222.445
probabilities_array:[0.38422364 0.         0.61577636]

rule6: 35.632 < latitude < 37.075
probabilities_array:[0.3346322  0.         0.66536784]

rule1: -120.919 < longitude < -119.567
probabilities_array:[0.3299631 0.        0.6700369]

rule24: households < 239.938
probabilities_array:[0.32921028 0.         0.6707897 ]

rule8: housing_median_age < 20.188
probabilities_array:[0.26636025 0.         0.7336398 ]

rule17: 253.177 < total_bedrooms < 538.587
probabilities_array:[0.22119671 0.         0.7788033 ]

rule25: 239.938 < households < 501.873
probabilities_array:[0.21426365 0.         0.7857363 ]

rule38: ocean_proximity_NEAR OCEAN = 0.0
probabilities_array:[0.186924   0.02991578 0.7831602 ]


---1---
rule31: median_income > 5.142
probabilities_array:[0.         0.8883299  0.11167005]

rule20: population < 645.569
probabilities_array:[0.        0.7231592 0.2768408]

rule32: ocean_proximity_INLAND = 0.0
probabilities_array:[0.         0.64807135 0.35192865]

rule35: ocean_proximity_ISLAND = 1.0
probabilities_array:[0.        0.5122198 0.4877802]

rule0: longitude < -120.919
probabilities_array:[0.         0.5019665  0.49803355]

rule30: 3.868 < median_income < 5.142
probabilities_array:[0.         0.44132438 0.55867565]

rule4: latitude < 34.189
probabilities_array:[0.         0.43174344 0.56825656]

rule15: total_rooms > 4143.364
probabilities_array:[0.01916946 0.41880104 0.5620294 ]

rule27: households > 763.808
probabilities_array:[0.         0.41133076 0.58866924]

rule5: 34.189 < latitude < 35.632
probabilities_array:[0.         0.3633472  0.63665277]

rule14: 2648.510 < total_rooms < 4143.364
probabilities_array:[0.01429476 0.30136728 0.684338  ]

rule19: total_bedrooms > 823.997
probabilities_array:[0.        0.2940641 0.7059359]

