R2: 0.7065256246056391


MAE: 44700.00939893395


Accuracy: 0.819239748591174


F1: 0.8192894891368174


Most important rules
-----------------------------

---0---
rule28: median_income < 2.584
probabilities_array:[0.8463926  0.         0.15360741]

rule23: population > 2205.770
probabilities_array:[0.7109237  0.         0.28907633]

rule33: ocean_proximity_INLAND = 1.0
probabilities_array:[0.63227284 0.         0.3677272 ]

rule29: 2.584 < median_income < 3.857
probabilities_array:[0.4994679  0.         0.50053215]

rule7: latitude > 37.096
probabilities_array:[0.47329974 0.         0.52670026]

rule3: longitude > -118.231
probabilities_array:[0.46418732 0.         0.5358127 ]

rule22: 1423.931 < population < 2205.770
probabilities_array:[0.45925286 0.         0.54074717]

rule12: total_rooms < 1142.279
probabilities_array:[0.42492655 0.01683623 0.5582372 ]

rule6: 35.646 < latitude < 37.096
probabilities_array:[0.38517094 0.         0.61482906]

rule24: households < 237.102
probabilities_array:[0.34261787 0.         0.65738213]

rule16: total_bedrooms < 250.167
probabilities_array:[0.32550654 0.         0.67449343]

rule8: housing_median_age < 20.138
probabilities_array:[0.26063237 0.         0.73936766]

rule1: -120.938 < longitude < -119.585
probabilities_array:[0.21759039 0.08636139 0.69604826]

rule25: 237.102 < households < 499.079
probabilities_array:[2.1028037e-01 6.0824706e-05 7.8965884e-01]

rule37: ocean_proximity_NEAR BAY = 1.0
probabilities_array:[0.16154    0.09162367 0.74683636]


---1---
rule35: ocean_proximity_ISLAND = 1.0
probabilities_array:[0.         0.85932326 0.14067674]

rule31: median_income > 5.129
probabilities_array:[0.        0.8541487 0.1458513]

rule20: population < 642.092
probabilities_array:[0.         0.6951283  0.30487168]

rule32: ocean_proximity_INLAND = 0.0
probabilities_array:[0.         0.6275164  0.37248364]

rule27: households > 761.056
probabilities_array:[0.         0.5832755  0.41672447]

rule0: longitude < -120.938
probabilities_array:[0.         0.55096203 0.44903797]

rule30: 3.857 < median_income < 5.129
probabilities_array:[0.01871999 0.35162157 0.6296585 ]

rule15: total_rooms > 4111.785
probabilities_array:[0.05911312 0.31981918 0.62106764]

rule4: latitude < 34.196
probabilities_array:[0.        0.3389563 0.6610437]

rule19: total_bedrooms > 821.144
probabilities_array:[0.         0.33868518 0.66131485]

rule14: 2627.032 < total_rooms < 4111.785
probabilities_array:[0.02175327 0.26957235 0.7086744 ]

rule2: -119.585 < longitude < -118.231
probabilities_array:[0.02951781 0.23674534 0.7337369 ]

rule26: 499.079 < households < 761.056
probabilities_array:[0.         0.22819492 0.77180505]

