R2: 0.6820735367097869


MAE: 46238.872488382876


Accuracy: 0.813842476750827


F1: 0.8138578978273635


Most important rules
-----------------------------

---0---
rule28: median_income < 2.584
probabilities_array:[0.8669579 0.        0.1330421]

rule33: ocean_proximity_INLAND = 1.0
probabilities_array:[0.6987799  0.         0.30122015]

rule23: population > 2200.111
probabilities_array:[0.69421536 0.         0.3057846 ]

rule29: 2.584 < median_income < 3.882
probabilities_array:[0.5912598  0.         0.40874022]

rule12: total_rooms < 1165.776
probabilities_array:[0.55609643 0.00991721 0.4339863 ]

rule3: longitude > -118.222
probabilities_array:[0.44910374 0.         0.5508963 ]

rule22: 1427.865 < population < 2200.111
probabilities_array:[0.4488695 0.        0.5511305]

rule24: households < 242.238
probabilities_array:[0.37669805 0.         0.6233019 ]

rule6: 35.639 < latitude < 37.081
probabilities_array:[0.33262214 0.01063285 0.656745  ]

rule1: -120.929 < longitude < -119.576
probabilities_array:[0.27995807 0.02962002 0.69042194]

rule16: total_bedrooms < 254.530
probabilities_array:[0.29430804 0.         0.70569193]

rule7: latitude > 37.081
probabilities_array:[0.2773396 0.        0.7226604]

rule8: housing_median_age < 20.075
probabilities_array:[0.23521362 0.         0.76478636]

rule25: 242.238 < households < 499.004
probabilities_array:[0.21464676 0.         0.78535324]


---1---
rule35: ocean_proximity_ISLAND = 1.0
probabilities_array:[0.         0.8269382  0.17306179]

rule31: median_income > 5.180
probabilities_array:[0.         0.8004696  0.19953042]

rule20: population < 655.619
probabilities_array:[0.         0.6929241  0.30707592]

rule32: ocean_proximity_INLAND = 0.0
probabilities_array:[0.        0.5916946 0.4083054]

rule0: longitude < -120.929
probabilities_array:[0.        0.4885762 0.5114238]

rule4: latitude < 34.197
probabilities_array:[0.         0.41899586 0.58100414]

rule15: total_rooms > 4109.529
probabilities_array:[0.00772337 0.37612906 0.6161476 ]

rule27: households > 755.771
probabilities_array:[0.         0.37947544 0.6205245 ]

rule5: 34.197 < latitude < 35.639
probabilities_array:[0.         0.32709065 0.6729093 ]

rule30: 3.882 < median_income < 5.180
probabilities_array:[0.05339061 0.27931553 0.66729385]

rule19: total_bedrooms > 818.780
probabilities_array:[0.         0.28609022 0.7139098 ]

rule2: -119.576 < longitude < -118.222
probabilities_array:[0.01851983 0.25191903 0.72956115]

rule14: 2637.653 < total_rooms < 4109.529
probabilities_array:[0.04982162 0.17967121 0.7705072 ]

