R2: 0.6888981022809432


MAE: 45898.9573086277


Accuracy: 0.8211976394772094


F1: 0.8211978860833823


Most important rules
-----------------------------

---0---
rule28: median_income < 2.590
probabilities_array:[0.8241427  0.         0.17585729]

rule23: population > 2177.011
probabilities_array:[0.6630903  0.         0.33690968]

rule33: ocean_proximity_INLAND = 1.0
probabilities_array:[0.63076466 0.         0.3692353 ]

rule3: longitude > -118.230
probabilities_array:[0.5611691 0.        0.4388309]

rule29: 2.590 < median_income < 3.869
probabilities_array:[0.47246847 0.         0.52753156]

rule12: total_rooms < 1174.780
probabilities_array:[0.46500158 0.00503174 0.52996665]

rule24: households < 244.512
probabilities_array:[0.44525442 0.         0.55474555]

rule22: 1427.594 < population < 2177.011
probabilities_array:[0.4152123 0.        0.5847877]

rule7: latitude > 37.082
probabilities_array:[0.36325046 0.         0.6367495 ]

rule1: -120.926 < longitude < -119.578
probabilities_array:[0.28788796 0.04488813 0.66722393]

rule8: housing_median_age < 20.013
probabilities_array:[0.3075273 0.        0.6924727]

rule16: total_bedrooms < 256.852
probabilities_array:[0.29329106 0.         0.70670897]

rule6: 35.640 < latitude < 37.082
probabilities_array:[0.2593735  0.03393488 0.7066916 ]

rule25: 244.512 < households < 500.993
probabilities_array:[0.22570057 0.         0.77429944]


---1---
rule31: median_income > 5.148
probabilities_array:[0.         0.86461174 0.13538824]

rule35: ocean_proximity_ISLAND = 1.0
probabilities_array:[0.         0.82672364 0.17327638]

rule20: population < 678.178
probabilities_array:[0.         0.7360436  0.26395643]

rule32: ocean_proximity_INLAND = 0.0
probabilities_array:[0.         0.6067652  0.39323482]

rule27: households > 757.474
probabilities_array:[0.         0.48430553 0.5156945 ]

rule0: longitude < -120.926
probabilities_array:[0.         0.45560867 0.54439133]

rule4: latitude < 34.198
probabilities_array:[0.         0.43414524 0.5658547 ]

rule15: total_rooms > 4107.756
probabilities_array:[0.01776778 0.37924844 0.6029838 ]

rule30: 3.869 < median_income < 5.148
probabilities_array:[0.0138107  0.34774303 0.6384463 ]

rule19: total_bedrooms > 819.197
probabilities_array:[0.        0.3206288 0.6793712]

rule5: 34.198 < latitude < 35.640
probabilities_array:[0.        0.3177948 0.6822052]

rule14: 2641.268 < total_rooms < 4107.756
probabilities_array:[0.01736346 0.2663602  0.71627635]

rule26: 500.993 < households < 757.474
probabilities_array:[0.       0.262631 0.737369]

rule2: -119.578 < longitude < -118.230
probabilities_array:[0.07939606 0.17156675 0.7490372 ]

rule21: 678.178 < population < 1427.594
probabilities_array:[0.         0.2009854  0.79901457]

