R2: 0.7068108098926451


MAE: 45377.44513669306


Accuracy: 0.8203102566766046


F1: 0.82031708749266


Most important rules
-----------------------------

---0---
rule28: median_income < 2.583
probabilities_array:[0.8309502  0.         0.16904978]

rule23: population > 2147.080
probabilities_array:[0.70543176 0.         0.2945682 ]

rule33: ocean_proximity_INLAND = 1.0
probabilities_array:[0.6349957 0.        0.3650043]

rule7: latitude > 37.085
probabilities_array:[0.5138564 0.        0.4861436]

rule29: 2.583 < median_income < 3.855
probabilities_array:[0.49666092 0.         0.5033391 ]

rule3: longitude > -118.218
probabilities_array:[0.48994082 0.         0.5100592 ]

rule12: total_rooms < 1196.742
probabilities_array:[0.43706748 0.01884107 0.54409146]

rule22: 1421.804 < population < 2147.080
probabilities_array:[0.43233642 0.         0.5676636 ]

rule24: households < 247.523
probabilities_array:[0.39309913 0.         0.6069009 ]

rule6: 35.638 < latitude < 37.085
probabilities_array:[0.37716612 0.         0.62283385]

rule16: total_bedrooms < 259.635
probabilities_array:[0.32005638 0.         0.6799436 ]

rule1: -120.928 < longitude < -119.573
probabilities_array:[0.21531814 0.03060807 0.75407374]

rule34: ocean_proximity_ISLAND = 0.0
probabilities_array:[2.2222959e-01 9.4419374e-05 7.7767599e-01]

rule25: 247.523 < households < 498.795
probabilities_array:[0.21719027 0.         0.78280973]

rule17: 259.635 < total_bedrooms < 535.902
probabilities_array:[0.2065693 0.        0.7934307]


---1---
rule31: median_income > 5.126
probabilities_array:[0.         0.84919435 0.15080567]

rule20: population < 696.528
probabilities_array:[0.         0.6947332  0.30526683]

rule35: ocean_proximity_ISLAND = 1.0
probabilities_array:[0.        0.6719843 0.3280157]

rule32: ocean_proximity_INLAND = 0.0
probabilities_array:[0.         0.60966456 0.39033544]

rule0: longitude < -120.928
probabilities_array:[0.         0.60391724 0.39608276]

rule15: total_rooms > 4052.369
probabilities_array:[0.02758516 0.4757338  0.49668106]

rule27: households > 750.068
probabilities_array:[0.         0.43509302 0.564907  ]

rule4: latitude < 34.192
probabilities_array:[0.         0.41261142 0.5873886 ]

rule30: 3.855 < median_income < 5.126
probabilities_array:[0.00679038 0.37583867 0.61737096]

rule14: 2624.555 < total_rooms < 4052.369
probabilities_array:[0.025649   0.33765578 0.63669527]

rule19: total_bedrooms > 812.169
probabilities_array:[0.         0.3092499  0.69075006]

rule11: housing_median_age > 37.135
probabilities_array:[0.         0.27819142 0.72180855]

rule2: -119.573 < longitude < -118.218
probabilities_array:[0.04830714 0.23457965 0.7171132 ]

rule39: ocean_proximity_NEAR OCEAN = 1.0
probabilities_array:[0.09997934 0.18823275 0.71178794]

rule9: 20.211 < housing_median_age < 28.673
probabilities_array:[0.         0.22651705 0.7734829 ]

rule5: 34.192 < latitude < 35.638
probabilities_array:[0.         0.21354431 0.7864557 ]

