R2: 0.6923436513701631


MAE: 44699.42050364871


Accuracy: 0.8186957221770264


F1: 0.8187022900763359


Most important rules
-----------------------------

---0---
rule28: median_income < 2.599
probabilities_array:[0.82257473 0.         0.17742524]

rule23: population > 2206.907
probabilities_array:[0.6552294 0.        0.3447706]

rule33: ocean_proximity_INLAND = 1.0
probabilities_array:[0.57792795 0.         0.42207208]

rule12: total_rooms < 1154.051
probabilities_array:[0.54271114 0.02313212 0.4341567 ]

rule3: longitude > -118.228
probabilities_array:[0.5308297 0.        0.4691703]

rule7: latitude > 37.081
probabilities_array:[0.5285377 0.        0.4714623]

rule29: 2.599 < median_income < 3.878
probabilities_array:[0.47945273 0.         0.5205473 ]

rule6: 35.641 < latitude < 37.081
probabilities_array:[0.462042 0.       0.537958]

rule22: 1427.505 < population < 2206.907
probabilities_array:[0.40512663 0.         0.59487337]

rule24: households < 239.352
probabilities_array:[0.40381217 0.         0.59618783]

rule16: total_bedrooms < 251.618
probabilities_array:[0.3182181 0.        0.6817819]

rule1: -120.925 < longitude < -119.577
probabilities_array:[0.22535187 0.05238076 0.7222674 ]

rule25: 239.352 < households < 500.443
probabilities_array:[0.21916002 0.         0.78084   ]

rule8: housing_median_age < 20.183
probabilities_array:[0.20345412 0.         0.79654586]


---1---
rule31: median_income > 5.157
probabilities_array:[0.         0.84494364 0.15505634]

rule35: ocean_proximity_ISLAND = 1.0
probabilities_array:[0.        0.8133397 0.1866603]

rule20: population < 648.103
probabilities_array:[0.        0.7219873 0.2780127]

rule32: ocean_proximity_INLAND = 0.0
probabilities_array:[0.         0.68927366 0.31072637]

rule0: longitude < -120.925
probabilities_array:[0.         0.5778774  0.42212263]

rule27: households > 761.533
probabilities_array:[0.         0.43368617 0.5663138 ]

rule15: total_rooms > 4129.306
probabilities_array:[0.04838989 0.3870672  0.56454295]

rule30: 3.878 < median_income < 5.157
probabilities_array:[0.00240065 0.36354586 0.63405347]

rule4: latitude < 34.202
probabilities_array:[0.         0.34119928 0.6588007 ]

rule39: ocean_proximity_NEAR OCEAN = 1.0
probabilities_array:[0.09950276 0.21202789 0.68846935]

rule14: 2641.678 < total_rooms < 4129.306
probabilities_array:[0.03385922 0.22663555 0.73950523]

rule19: total_bedrooms > 823.133
probabilities_array:[0.         0.23391536 0.7660847 ]

rule2: -119.577 < longitude < -118.228
probabilities_array:[0.05283767 0.17567286 0.7714895 ]

