R2: 0.6499776105259676


MAE: 48961.870944447415


Accuracy: 0.8255924827574257


F1: 0.8256018790369936


Most important rules
-----------------------------

---0---
rule28: median_income < 2.576
probabilities_array:[0.8187297 0.        0.1812703]

rule23: population > 2182.910
probabilities_array:[0.73069423 0.         0.2693058 ]

rule3: longitude > -118.222
probabilities_array:[0.59912056 0.         0.40087944]

rule7: latitude > 37.081
probabilities_array:[0.561822 0.       0.438178]

rule33: ocean_proximity_INLAND = 1.0
probabilities_array:[0.5544405 0.        0.4455595]

rule12: total_rooms < 1166.988
probabilities_array:[0.5354618  0.02138265 0.44315562]

rule29: 2.576 < median_income < 3.860
probabilities_array:[0.49776757 0.         0.50223243]

rule22: 1423.126 < population < 2182.910
probabilities_array:[0.49695113 0.         0.5030489 ]

rule6: 35.638 < latitude < 37.081
probabilities_array:[0.37311444 0.         0.62688553]

rule24: households < 241.250
probabilities_array:[0.3620964  0.         0.63790363]

rule1: -120.928 < longitude < -119.575
probabilities_array:[0.25944975 0.01565757 0.72489274]

rule8: housing_median_age < 20.089
probabilities_array:[0.24629545 0.         0.75370455]

rule25: 241.250 < households < 499.402
probabilities_array:[0.21700591 0.         0.7829941 ]


---1---
rule31: median_income > 5.144
probabilities_array:[0.         0.84331137 0.15668862]

rule32: ocean_proximity_INLAND = 0.0
probabilities_array:[0.         0.71123266 0.28876734]

rule20: population < 663.342
probabilities_array:[0.         0.6759541  0.32404587]

rule35: ocean_proximity_ISLAND = 1.0
probabilities_array:[0.         0.63595986 0.36404017]

rule0: longitude < -120.928
probabilities_array:[0.         0.5612916  0.43870842]

rule27: households > 757.554
probabilities_array:[0.         0.46394652 0.5360535 ]

rule15: total_rooms > 4097.932
probabilities_array:[0.04039949 0.4279257  0.53167474]

rule4: latitude < 34.195
probabilities_array:[0.         0.39468938 0.6053106 ]

rule19: total_bedrooms > 818.081
probabilities_array:[0.         0.3821325  0.61786747]

rule30: 3.860 < median_income < 5.144
probabilities_array:[0.0164345  0.34585965 0.6377058 ]

rule14: 2632.460 < total_rooms < 4097.932
probabilities_array:[0.02472876 0.27437446 0.70089674]

rule26: 499.402 < households < 757.554
probabilities_array:[0.         0.22063397 0.779366  ]

