R2: 0.4362303419854383

MAE: 9.536000000000001

MSE: 139.1687494117647

Accuracy: 0.8176470588235294

F1: 0.8176470588235294

Confusion Matrix: [[139, 30], [32, 139]]

Uncertainties: {'class0': [0.10802607983350754, 0.23699671030044556, 0.3105795085430145, 0.31511789560317993, 0.4507351815700531], 'class1': [0.3055889904499054, 0.40054672956466675, 0.41657018661499023, 0.4302503168582916, 0.4320288300514221]}

Most important rules
-----------------------------

---0---
rule28: age < 1.369
probabilities_array:[0.8919739  0.         0.10802608]

rule29: 1.369 < age < 45.448
probabilities_array:[0.7630033  0.         0.23699671]

rule27: fine_aggregate > 826.400
probabilities_array:[0.68942046 0.         0.3105795 ]

rule15: water > 195.797
probabilities_array:[0.6848821 0.        0.3151179]

rule0: cement < 212.966
probabilities_array:[0.5492648  0.         0.45073518]

rule26: 771.913 < fine_aggregate < 826.400
probabilities_array:[0.4738616 0.        0.5261384]

rule16: superplasticizer < 1.922
probabilities_array:[0.43743423 0.         0.5625658 ]

rule14: 181.241 < water < 195.797
probabilities_array:[0.32981452 0.         0.67018545]

rule25: 717.425 < fine_aggregate < 771.913
probabilities_array:[0.25074446 0.         0.74925554]

rule1: 212.966 < cement < 284.528
probabilities_array:[0.20826986 0.         0.79173017]


---1---
rule31: age > 89.526
probabilities_array:[0.       0.694411 0.305589]

rule8: fly_ash < 7.211
probabilities_array:[0.         0.5994533  0.40054673]

rule3: cement > 356.091
probabilities_array:[0.        0.5834298 0.4165702]

rule12: water < 166.685
probabilities_array:[0.         0.5697497  0.43025032]

rule24: fine_aggregate < 717.425
probabilities_array:[0.         0.56797117 0.43202883]

rule30: 45.448 < age < 89.526
probabilities_array:[0.         0.52744997 0.47255006]

rule6: 75.734 < blast_furnace_slag < 134.589
probabilities_array:[0.        0.5230111 0.4769889]

rule20: coarse_aggregate < 923.258
probabilities_array:[0.         0.50737387 0.49262613]

rule19: superplasticizer > 10.093
probabilities_array:[0.        0.4766004 0.5233996]

rule9: 7.211 < fly_ash < 49.978
probabilities_array:[0.         0.44535643 0.5546436 ]

rule2: 284.528 < cement < 356.091
probabilities_array:[0.         0.43603426 0.56396574]

rule10: 49.978 < fly_ash < 92.745
probabilities_array:[0.         0.42900372 0.5709963 ]

rule18: 6.008 < superplasticizer < 10.093
probabilities_array:[0.         0.41327098 0.58672905]

rule21: 923.258 < coarse_aggregate < 975.955
probabilities_array:[0.         0.40552518 0.59447485]

rule5: 16.879 < blast_furnace_slag < 75.734
probabilities_array:[0.         0.35911202 0.640888  ]

rule13: 166.685 < water < 181.241
probabilities_array:[0.         0.35886088 0.6411391 ]

rule17: 1.922 < superplasticizer < 6.008
probabilities_array:[0.         0.3032699  0.69673014]

