R2: 0.4422850246791411

MAE: 10.197588235294116

MSE: 158.9125876470588

Accuracy: 0.8294117647058824

F1: 0.8291990022172949

Confusion Matrix: [[135, 21], [37, 147]]

Uncertainties: {'class0': [0.11386134475469589, 0.3310216963291168, 0.3987065553665161, 0.4218493402004242, 0.5184581875801086], 'class1': [0.20502865314483643, 0.3172233998775482, 0.35351938009262085, 0.3801226317882538, 0.4325193762779236]}

Most important rules
-----------------------------

---0---
rule28: age < 2.969
probabilities_array:[0.8861387  0.         0.11386134]

rule29: 2.969 < age < 47.038
probabilities_array:[0.6689783 0.        0.3310217]

rule15: water > 197.123
probabilities_array:[0.60129344 0.         0.39870656]

rule27: fine_aggregate > 827.478
probabilities_array:[0.57815063 0.         0.42184934]

rule0: cement < 209.199
probabilities_array:[0.4815418 0.        0.5184582]

rule16: superplasticizer < 2.188
probabilities_array:[0.47262853 0.         0.52737147]

rule9: 11.094 < fly_ash < 54.243
probabilities_array:[0.45190552 0.         0.5480945 ]

rule14: 182.778 < water < 197.123
probabilities_array:[0.29660222 0.0421307  0.6612671 ]

rule4: blast_furnace_slag < 18.898
probabilities_array:[0.30204087 0.         0.6979591 ]

rule26: 773.268 < fine_aggregate < 827.478
probabilities_array:[0.29514343 0.         0.7048566 ]

rule7: blast_furnace_slag > 134.571
probabilities_array:[0.18490437 0.08800953 0.7270861 ]

rule5: 18.898 < blast_furnace_slag < 76.734
probabilities_array:[0.17949852 0.07168335 0.7488181 ]


---1---
rule31: age > 91.106
probabilities_array:[0.         0.79497135 0.20502865]

rule3: cement > 346.969
probabilities_array:[0.        0.6827766 0.3172234]

rule30: 47.038 < age < 91.106
probabilities_array:[0.         0.6464806  0.35351938]

rule12: water < 168.433
probabilities_array:[0.         0.61987734 0.38012263]

rule24: fine_aggregate < 719.058
probabilities_array:[0.         0.5674806  0.43251938]

rule10: 54.243 < fly_ash < 97.392
probabilities_array:[0.         0.51225126 0.48774874]

rule19: superplasticizer > 10.201
probabilities_array:[0.        0.4967643 0.5032357]

rule2: 278.084 < cement < 346.969
probabilities_array:[0.         0.48710296 0.5128971 ]

rule20: coarse_aggregate < 917.893
probabilities_array:[0.         0.46958497 0.53041506]

rule13: 168.433 < water < 182.778
probabilities_array:[0.        0.4481946 0.5518054]

rule6: 76.734 < blast_furnace_slag < 134.571
probabilities_array:[0.         0.39057684 0.60942316]

rule18: 6.194 < superplasticizer < 10.201
probabilities_array:[0.         0.3657731  0.63422686]

rule17: 2.188 < superplasticizer < 6.194
probabilities_array:[0.         0.33616334 0.66383666]

rule8: fly_ash < 11.094
probabilities_array:[0.01888293 0.29353058 0.6875864 ]

