R2: 0.495513146259308

MAE: 9.33210294117647

MSE: 136.87463227941177

Accuracy: 0.8588235294117647

F1: 0.8588186442437455

Confusion Matrix: [[147, 18], [30, 145]]

Uncertainties: {'class0': [0.04828047379851341, 0.3087621331214905, 0.3854842483997345, 0.4154732823371887, 0.4843564033508301], 'class1': [0.0966530442237854, 0.24821428954601288, 0.27649930119514465, 0.2801297605037689, 0.413404256105423]}

Most important rules
-----------------------------

---0---
rule28: age < 3.459
probabilities_array:[0.9517195  0.         0.04828047]

rule15: water > 195.493
probabilities_array:[0.69123787 0.         0.30876213]

rule0: cement < 210.239
probabilities_array:[0.6145158  0.         0.38548425]

rule27: fine_aggregate > 827.434
probabilities_array:[0.5845267  0.         0.41547328]

rule16: superplasticizer < 2.233
probabilities_array:[0.5156436 0.        0.4843564]

rule29: 3.459 < age < 45.433
probabilities_array:[0.41242462 0.         0.5875754 ]

rule11: fly_ash > 97.546
probabilities_array:[0.4108935 0.        0.5891065]

rule14: 181.194 < water < 195.493
probabilities_array:[0.40175113 0.         0.5982489 ]

rule4: blast_furnace_slag < 15.736
probabilities_array:[0.2525602 0.        0.7474398]

rule5: 15.736 < blast_furnace_slag < 73.687
probabilities_array:[0.20165989 0.07525826 0.7230819 ]

rule23: coarse_aggregate > 1025.507
probabilities_array:[0.21301237 0.         0.7869876 ]


---1---
rule31: age > 87.408
probabilities_array:[0.         0.90334696 0.09665304]

rule3: cement > 353.473
probabilities_array:[0.         0.7517857  0.24821429]

rule30: 45.433 < age < 87.408
probabilities_array:[0.         0.72350067 0.2764993 ]

rule24: fine_aggregate < 719.064
probabilities_array:[0.         0.7198702  0.28012976]

rule12: water < 166.895
probabilities_array:[0.         0.5865958  0.41340426]

rule19: superplasticizer > 10.263
probabilities_array:[0.         0.57636046 0.42363957]

rule2: 281.856 < cement < 353.473
probabilities_array:[0.        0.4667338 0.5332662]

rule13: 166.895 < water < 181.194
probabilities_array:[0.         0.42974588 0.57025415]

rule10: 54.327 < fly_ash < 97.546
probabilities_array:[0.         0.41924158 0.58075845]

rule9: 11.109 < fly_ash < 54.327
probabilities_array:[0.         0.32494026 0.67505974]

rule17: 2.233 < superplasticizer < 6.248
probabilities_array:[0.         0.3155106  0.68448937]

rule18: 6.248 < superplasticizer < 10.263
probabilities_array:[0.        0.3132972 0.6867028]

rule20: coarse_aggregate < 920.478
probabilities_array:[0.         0.26621336 0.73378664]

rule6: 73.687 < blast_furnace_slag < 131.638
probabilities_array:[0.04584829 0.20435897 0.74979275]

rule8: fly_ash < 11.109
probabilities_array:[0.0331183  0.20571695 0.7611647 ]

