R2: 0.5449527437772099

MAE: 9.032323529411764

MSE: 120.81921558823528

Accuracy: 0.861764705882353

F1: 0.857167118047176

Confusion Matrix: [[177, 23], [24, 116]]

Uncertainties: {'class0': [0.038959603756666183, 0.2740560472011566, 0.3120545446872711, 0.32206442952156067, 0.5353230237960815], 'class1': [0.0769442766904831, 0.16031858325004578, 0.24786876142024994, 0.38890308141708374, 0.39823096990585327]}

Most important rules
-----------------------------

---0---
rule28: age < 3.917
probabilities_array:[0.9610404 0.        0.0389596]

rule0: cement < 214.587
probabilities_array:[0.7259439  0.         0.27405605]

rule15: water > 196.025
probabilities_array:[0.6879454  0.         0.31205454]

rule27: fine_aggregate > 825.657
probabilities_array:[0.67793554 0.         0.32206443]

rule14: 181.389 < water < 196.025
probabilities_array:[0.46467695 0.         0.535323  ]

rule16: superplasticizer < 2.289
probabilities_array:[0.46411437 0.         0.53588563]

rule25: 716.590 < fine_aggregate < 771.124
probabilities_array:[0.35915285 0.00364282 0.6372043 ]

rule1: 214.587 < cement < 286.127
probabilities_array:[0.32277924 0.         0.67722076]

rule29: 3.917 < age < 46.113
probabilities_array:[0.24520944 0.1128263  0.6419642 ]

rule4: blast_furnace_slag < 18.948
probabilities_array:[0.24183838 0.         0.7581616 ]

rule26: 771.124 < fine_aggregate < 825.657
probabilities_array:[0.23418935 0.00718204 0.7586286 ]

rule7: blast_furnace_slag > 134.714
probabilities_array:[0.18097909 0.05895359 0.7600673 ]

rule5: 18.948 < blast_furnace_slag < 76.831
probabilities_array:[0.16147412 0.09682854 0.7416973 ]


---1---
rule31: age > 88.309
probabilities_array:[0.         0.9230557  0.07694428]

rule30: 46.113 < age < 88.309
probabilities_array:[0.         0.8396814  0.16031858]

rule3: cement > 357.666
probabilities_array:[0.         0.7521312  0.24786876]

rule9: 9.586 < fly_ash < 52.723
probabilities_array:[0.         0.6110969  0.38890308]

rule12: water < 166.754
probabilities_array:[0.         0.60176903 0.39823097]

rule6: 76.831 < blast_furnace_slag < 134.714
probabilities_array:[0.         0.5740962  0.42590377]

rule24: fine_aggregate < 716.590
probabilities_array:[0.         0.528052   0.47194803]

rule2: 286.127 < cement < 357.666
probabilities_array:[0.         0.47026956 0.52973044]

rule19: superplasticizer > 10.611
probabilities_array:[0.        0.4294485 0.5705515]

rule20: coarse_aggregate < 917.392
probabilities_array:[0.         0.42608985 0.5739101 ]

rule17: 2.289 < superplasticizer < 6.450
probabilities_array:[0.         0.40959942 0.5904006 ]

rule18: 6.450 < superplasticizer < 10.611
probabilities_array:[0.00129592 0.3659272  0.6327769 ]

rule13: 166.754 < water < 181.389
probabilities_array:[0.         0.34464425 0.65535575]

rule8: fly_ash < 9.586
probabilities_array:[0.0712814  0.30212474 0.6265938 ]

rule29: 3.917 < age < 46.113
probabilities_array:[0.24520944 0.1128263  0.6419642 ]

