R2: 0.41434176744671214

MAE: 10.229

MSE: 159.62482117647062

Accuracy: 0.8176470588235294

F1: 0.8172423359689277

Confusion Matrix: [[147, 14], [48, 131]]

Uncertainties: {'class0': [0.17252318561077118, 0.30793488025665283, 0.37060868740081787, 0.38599300384521484, 0.42974668741226196], 'class1': [0.1658375859260559, 0.31479164958000183, 0.32564082741737366, 0.4585739076137543, 0.48616907000541687]}

Most important rules
-----------------------------

---0---
rule28: age < 2.375
probabilities_array:[0.8274768  0.         0.17252319]

rule29: 2.375 < age < 47.270
probabilities_array:[0.6920651  0.         0.30793488]

rule27: fine_aggregate > 831.084
probabilities_array:[0.6293913 0.        0.3706087]

rule15: water > 195.034
probabilities_array:[0.614007 0.       0.385993]

rule0: cement < 209.827
probabilities_array:[0.5702533 0.        0.4297467]

rule14: 180.655 < water < 195.034
probabilities_array:[0.3992817  0.         0.60071826]

rule16: superplasticizer < 2.172
probabilities_array:[0.38387358 0.         0.6161264 ]

rule1: 209.827 < cement < 279.952
probabilities_array:[0.22466166 0.         0.77533835]

rule5: 15.154 < blast_furnace_slag < 73.633
probabilities_array:[0.20019536 0.02539497 0.7744097 ]


---1---
rule31: age > 92.164
probabilities_array:[0.         0.8341624  0.16583759]

rule3: cement > 350.076
probabilities_array:[0.         0.6852083  0.31479165]

rule30: 47.270 < age < 92.164
probabilities_array:[0.         0.67435914 0.32564083]

rule10: 54.837 < fly_ash < 97.842
probabilities_array:[0.         0.54142606 0.4585739 ]

rule12: water < 166.276
probabilities_array:[0.         0.51383096 0.48616907]

rule24: fine_aggregate < 721.227
probabilities_array:[0.         0.48241836 0.51758164]

rule19: superplasticizer > 10.350
probabilities_array:[0.         0.44605023 0.5539498 ]

rule6: 73.633 < blast_furnace_slag < 132.112
probabilities_array:[0.         0.4293894  0.57061064]

rule7: blast_furnace_slag > 132.112
probabilities_array:[0.         0.42796272 0.5720373 ]

rule20: coarse_aggregate < 922.963
probabilities_array:[0.       0.426647 0.573353]

rule18: 6.261 < superplasticizer < 10.350
probabilities_array:[0.        0.4047439 0.5952561]

rule17: 2.172 < superplasticizer < 6.261
probabilities_array:[0.         0.35476652 0.64523345]

rule13: 166.276 < water < 180.655
probabilities_array:[0.        0.3400218 0.6599782]

rule8: fly_ash < 11.831
probabilities_array:[0.01162027 0.33296025 0.6554194 ]

rule2: 279.952 < cement < 350.076
probabilities_array:[0.         0.27673522 0.7232648 ]

rule22: 975.048 < coarse_aggregate < 1027.134
probabilities_array:[0.         0.20380871 0.7961913 ]

