R2: 0.17146370698898517

MAE: 33041966.494901676

MSE: 3584316689966437.0

Accuracy: 0.7378004369992717

F1: 0.7345035773370862

Confusion Matrix: [[583, 164], [196, 430]]

Uncertainties: {'class0': [0.43604791164398193, 0.5485469102859497, 0.6160624623298645, 0.6264064908027649, 0.6284835934638977], 'class1': [0.5105255842208862, 0.542943000793457, 0.6003949642181396, 0.6047108769416809, 0.6614634990692139]}

Most important rules
-----------------------------

---0---
rule16: num_user_for_reviews < 41.186
probabilities_array:[0.5639521 0.        0.4360479]

rule9: -944.880 < num_voted_users < 99846.941
probabilities_array:[0.45145312 0.         0.5485469 ]

rule12: num_critic_for_reviews < 77.376
probabilities_array:[0.38393757 0.         0.61606246]

rule3: imdb_score > 7.207
probabilities_array:[0.3735935 0.        0.6264065]

rule6: 2003.470 < title_year < 2010.113
probabilities_array:[0.3715164 0.        0.6284836]

rule49: -128966093.795 < budget < 47722182.034
probabilities_array:[0.33187106 0.         0.6681289 ]

rule45: 94.111 < duration < 109.546
probabilities_array:[0.251501   0.         0.74849904]

rule44: duration < 94.111
probabilities_array:[0.20946942 0.00464137 0.7858892 ]

rule7: title_year > 2010.113
probabilities_array:[0.20582782 0.         0.79417217]


---1---
rule4: title_year < 1996.826
probabilities_array:[0.        0.4894744 0.5105256]

rule50: 47722182.034 < budget < 224410457.862
probabilities_array:[0.         0.45705703 0.542943  ]

rule11: num_voted_users > 200638.762
probabilities_array:[0.         0.39960504 0.60039496]

rule10: 99846.941 < num_voted_users < 200638.762
probabilities_array:[0.         0.39528912 0.6047109 ]

rule14: 161.001 < num_critic_for_reviews < 244.626
probabilities_array:[0.        0.3385365 0.6614635]

rule15: num_critic_for_reviews > 244.626
probabilities_array:[1.6797980e-04 3.2044762e-01 6.7938441e-01]

rule19: num_user_for_reviews > 593.293
probabilities_array:[0.        0.3185234 0.6814766]

rule43: movie_facebook_likes > 23137.226
probabilities_array:[0.         0.30452222 0.6954778 ]

rule30: 1927.682 < actor_2_facebook_likes < 4609.524
probabilities_array:[0.         0.29473075 0.7052692 ]

rule1: 5.753 < imdb_score < 6.480
probabilities_array:[0.         0.2824373  0.71756274]

rule18: 317.239 < num_user_for_reviews < 593.293
probabilities_array:[0.         0.27431932 0.72568065]

rule0: imdb_score < 5.753
probabilities_array:[0.         0.27045795 0.729542  ]

rule34: 750.423 < actor_3_facebook_likes < 2041.827
probabilities_array:[0.         0.26615915 0.7338409 ]

rule35: actor_3_facebook_likes > 2041.827
probabilities_array:[0.         0.24696063 0.75303936]

rule13: 77.376 < num_critic_for_reviews < 161.001
probabilities_array:[0.         0.23108076 0.7689192 ]

rule23: director_facebook_likes > 2697.904
probabilities_array:[0.         0.22696511 0.7730349 ]

rule21: -1216.983 < director_facebook_likes < 740.460
probabilities_array:[0.        0.2125652 0.7874348]

