R2: 0.13727084859207317

MAE: 34654606.1587764

MSE: 4378979375640802.5

Accuracy: 0.7487254187909687

F1: 0.7482446457110148

Confusion Matrix: [[544, 116], [229, 484]]

Uncertainties: {'class0': [0.4988681972026825, 0.5069833993911743, 0.571176290512085, 0.573222279548645, 0.5864172577857971], 'class1': [0.5783383250236511, 0.5899450778961182, 0.5916712880134583, 0.6119982004165649, 0.6164626479148865]}

Most important rules
-----------------------------

---0---
rule9: 640.040 < num_voted_users < 99178.056
probabilities_array:[0.50113183 0.         0.4988682 ]

rule8: num_voted_users < 640.040
probabilities_array:[0.4930166 0.        0.5069834]

rule6: 2003.187 < title_year < 2009.961
probabilities_array:[0.4288237 0.        0.5711763]

rule51: budget > 217765791.513
probabilities_array:[0.4267777 0.        0.5732223]

rule49: -127561760.023 < budget < 45102015.745
probabilities_array:[0.41358274 0.         0.58641726]

rule16: num_user_for_reviews < 51.686
probabilities_array:[0.34736905 0.         0.652631  ]

rule12: num_critic_for_reviews < 77.885
probabilities_array:[0.34325883 0.00293949 0.6538017 ]

rule7: title_year > 2009.961
probabilities_array:[0.32303765 0.         0.6769624 ]

rule3: imdb_score > 7.238
probabilities_array:[0.30837676 0.         0.6916233 ]

rule5: 1996.413 < title_year < 2003.187
probabilities_array:[0.25148255 0.         0.74851745]

rule44: duration < 94.365
probabilities_array:[0.23183191 0.         0.7681681 ]

rule45: 94.365 < duration < 109.143
probabilities_array:[0.20846069 0.         0.7915393 ]


---1---
rule11: num_voted_users > 197716.073
probabilities_array:[0.         0.42166167 0.5783383 ]

rule10: 99178.056 < num_voted_users < 197716.073
probabilities_array:[0.         0.41005495 0.5899451 ]

rule19: num_user_for_reviews > 573.999
probabilities_array:[0.         0.40832874 0.5916713 ]

rule4: title_year < 1996.413
probabilities_array:[0.         0.38800177 0.6119982 ]

rule1: 5.757 < imdb_score < 6.497
probabilities_array:[0.         0.38353732 0.61646265]

rule50: 45102015.745 < budget < 217765791.513
probabilities_array:[0.         0.38186526 0.61813474]

rule30: 1919.674 < actor_2_facebook_likes < 5030.052
probabilities_array:[0.         0.37539706 0.6246029 ]

rule0: imdb_score < 5.757
probabilities_array:[0.        0.3539104 0.6460896]

rule18: 312.842 < num_user_for_reviews < 573.999
probabilities_array:[0.         0.33605105 0.66394895]

rule17: 51.686 < num_user_for_reviews < 312.842
probabilities_array:[0.         0.27580425 0.7241958 ]

rule14: 159.693 < num_critic_for_reviews < 241.501
probabilities_array:[0.00224771 0.26020896 0.7375433 ]

rule21: -1243.039 < director_facebook_likes < 769.777
probabilities_array:[0.        0.2611429 0.7388571]

rule35: actor_3_facebook_likes > 1923.262
probabilities_array:[0.         0.2524986  0.74750143]

rule23: director_facebook_likes > 2782.593
probabilities_array:[0.01089814 0.23962457 0.74947727]

rule13: 77.885 < num_critic_for_reviews < 159.693
probabilities_array:[0.         0.24456586 0.75543416]

rule47: duration > 123.921
probabilities_array:[0.         0.24289122 0.75710875]

rule15: num_critic_for_reviews > 241.501
probabilities_array:[0.         0.23890471 0.7610953 ]

rule34: 711.679 < actor_3_facebook_likes < 1923.262
probabilities_array:[4.7206009e-05 2.3312327e-01 7.6682949e-01]

rule31: actor_2_facebook_likes > 5030.052
probabilities_array:[0.         0.22101088 0.77898914]

rule43: movie_facebook_likes > 22488.598
probabilities_array:[0.         0.20640773 0.7935923 ]

