R2: 0.15683067116606386

MAE: 34802880.197378

MSE: 4198854977402401.0

Accuracy: 0.7683903860160233

F1: 0.7680950195673513

Confusion Matrix: [[552, 128], [190, 503]]

Uncertainties: {'class0': [0.5286715626716614, 0.5776238441467285, 0.6641058921813965, 0.6800878643989563, 0.7263614535331726], 'class1': [0.45034658908843994, 0.473415344953537, 0.49344778060913086, 0.5738441348075867, 0.5949172377586365]}

Most important rules
-----------------------------

---0---
rule3: imdb_score > 7.217
probabilities_array:[0.4713284  0.         0.52867156]

rule16: num_user_for_reviews < 44.451
probabilities_array:[0.42237616 0.         0.57762384]

rule6: 2003.263 < title_year < 2009.959
probabilities_array:[0.33589408 0.         0.6641059 ]

rule9: -2626.809 < num_voted_users < 96672.493
probabilities_array:[0.31991214 0.         0.68008786]

rule51: budget > 224745764.492
probabilities_array:[0.27363858 0.         0.72636145]

rule12: num_critic_for_reviews < 75.189
probabilities_array:[0.26048443 0.         0.73951554]

rule49: -131482878.646 < budget < 46631442.923
probabilities_array:[0.23032783 0.         0.76967216]

rule7: title_year > 2009.959
probabilities_array:[0.20671201 0.         0.793288  ]


---1---
rule50: 46631442.923 < budget < 224745764.492
probabilities_array:[0.        0.5496534 0.4503466]

rule11: num_voted_users > 195971.794
probabilities_array:[0.         0.5265846  0.47341534]

rule19: num_user_for_reviews > 570.719
probabilities_array:[0.         0.5065522  0.49344778]

rule4: title_year < 1996.566
probabilities_array:[0.         0.42615584 0.57384413]

rule10: 96672.493 < num_voted_users < 195971.794
probabilities_array:[0.         0.40508273 0.59491724]

rule18: 307.585 < num_user_for_reviews < 570.719
probabilities_array:[0.00479138 0.31705403 0.6781546 ]

rule43: movie_facebook_likes > 22834.337
probabilities_array:[0.         0.31254607 0.6874539 ]

rule14: 157.448 < num_critic_for_reviews < 239.706
probabilities_array:[0.        0.2887776 0.7112224]

rule13: 75.189 < num_critic_for_reviews < 157.448
probabilities_array:[0.         0.2866005  0.71339947]

rule47: duration > 124.307
probabilities_array:[0.00088879 0.2537484  0.7453628 ]

rule15: num_critic_for_reviews > 239.706
probabilities_array:[0.         0.24710356 0.7528964 ]

rule30: 1879.279 < actor_2_facebook_likes < 4475.680
probabilities_array:[0.         0.23811014 0.7618899 ]

rule35: actor_3_facebook_likes > 2056.921
probabilities_array:[0.04758285 0.19100928 0.7614079 ]

rule1: 5.731 < imdb_score < 6.474
probabilities_array:[0.         0.20098275 0.79901725]

