R2: 0.13975947387939658

MAE: 35246316.642753094

MSE: 4233666502601265.0

Accuracy: 0.7545520757465404

F1: 0.7545333251988743

Confusion Matrix: [[524, 141], [196, 512]]

Uncertainties: {'class0': [0.4689047038555145, 0.5170436501502991, 0.663153350353241, 0.7018411159515381, 0.7024417519569397], 'class1': [0.5086811780929565, 0.5196647644042969, 0.5261523723602295, 0.5585862398147583, 0.5709498524665833]}

Most important rules
-----------------------------

---0---
rule3: imdb_score > 7.211
probabilities_array:[0.5310953 0.        0.4689047]

rule16: num_user_for_reviews < 36.989
probabilities_array:[0.48295638 0.         0.51704365]

rule49: -41620312.893 < budget < 43510340.487
probabilities_array:[0.33684665 0.         0.66315335]

rule12: num_critic_for_reviews < 75.630
probabilities_array:[0.29815888 0.         0.7018411 ]

rule6: 2003.331 < title_year < 2009.870
probabilities_array:[0.29755825 0.         0.70244175]

rule9: -3583.847 < num_voted_users < 94921.428
probabilities_array:[0.23776188 0.         0.7622381 ]

rule45: 94.042 < duration < 109.454
probabilities_array:[0.20348515 0.         0.79651487]


---1---
rule19: num_user_for_reviews > 578.862
probabilities_array:[0.         0.49131882 0.5086812 ]

rule4: title_year < 1996.791
probabilities_array:[0.         0.48033524 0.51966476]

rule10: 94921.428 < num_voted_users < 193426.704
probabilities_array:[0.         0.47384763 0.5261524 ]

rule50: 43510340.487 < budget < 128640993.866
probabilities_array:[0.         0.44141376 0.55858624]

rule11: num_voted_users > 193426.704
probabilities_array:[0.         0.42905015 0.57094985]

rule51: budget > 128640993.866
probabilities_array:[0.         0.4176838  0.58231616]

rule43: movie_facebook_likes > 22277.642
probabilities_array:[0.         0.37668934 0.6233107 ]

rule35: actor_3_facebook_likes > 2029.067
probabilities_array:[0.        0.3266427 0.6733573]

rule18: 307.926 < num_user_for_reviews < 578.862
probabilities_array:[0.        0.3068707 0.6931293]

rule34: 745.616 < actor_3_facebook_likes < 2029.067
probabilities_array:[0.01398419 0.28289098 0.7031248 ]

rule15: num_critic_for_reviews > 239.290
probabilities_array:[0.         0.2780023  0.72199774]

rule14: 157.460 < num_critic_for_reviews < 239.290
probabilities_array:[3.9023213e-05 2.7372181e-01 7.2623920e-01]

rule30: 1986.266 < actor_2_facebook_likes < 5173.130
probabilities_array:[0.       0.255862 0.744138]

rule1: 5.725 < imdb_score < 6.468
probabilities_array:[0.         0.24202137 0.7579786 ]

rule47: duration > 124.866
probabilities_array:[0.         0.24120718 0.7587928 ]

rule13: 75.630 < num_critic_for_reviews < 157.460
probabilities_array:[0.         0.20908056 0.7909194 ]

rule0: imdb_score < 5.725
probabilities_array:[0.         0.20468684 0.7953132 ]

rule42: 8573.015 < movie_facebook_likes < 22277.642
probabilities_array:[0.03267374 0.18712962 0.78019667]

