R2: 0.14854043651368087

MAE: 34817596.27967954

MSE: 4121387424221573.5

Accuracy: 0.7545520757465404

F1: 0.7543221839632785

Confusion Matrix: [[539, 127], [210, 497]]

Uncertainties: {'class0': [0.4924069046974182, 0.6461111307144165, 0.6846333742141724, 0.7248043417930603, 0.7321348190307617], 'class1': [0.48099565505981445, 0.5418350100517273, 0.5596616268157959, 0.5717792510986328, 0.6054589748382568]}

Most important rules
-----------------------------

---0---
rule16: num_user_for_reviews < 40.860
probabilities_array:[0.5075931 0.        0.4924069]

rule3: imdb_score > 7.192
probabilities_array:[0.35388887 0.         0.64611113]

rule49: -14437849.618 < budget < 40536341.789
probabilities_array:[0.31536666 0.         0.6846334 ]

rule6: 2003.341 < title_year < 2009.993
probabilities_array:[0.27519566 0.         0.72480434]

rule12: num_critic_for_reviews < 76.693
probabilities_array:[0.26786518 0.         0.7321348 ]

rule9: -2795.083 < num_voted_users < 97094.235
probabilities_array:[0.24300629 0.         0.7569937 ]

rule45: 94.129 < duration < 109.127
probabilities_array:[0.22418268 0.         0.77581733]


---1---
rule50: 40536341.789 < budget < 95510533.196
probabilities_array:[0.         0.51900434 0.48099566]

rule4: title_year < 1996.689
probabilities_array:[0.         0.45816496 0.541835  ]

rule51: budget > 95510533.196
probabilities_array:[0.         0.44033837 0.5596616 ]

rule10: 97094.235 < num_voted_users < 196983.553
probabilities_array:[0.         0.42822075 0.57177925]

rule11: num_voted_users > 196983.553
probabilities_array:[0.         0.39454103 0.605459  ]

rule19: num_user_for_reviews > 589.729
probabilities_array:[0.         0.35128888 0.64871114]

rule15: num_critic_for_reviews > 241.585
probabilities_array:[0.        0.3428877 0.6571123]

rule18: 315.295 < num_user_for_reviews < 589.729
probabilities_array:[0.01235369 0.32778475 0.65986156]

rule14: 159.139 < num_critic_for_reviews < 241.585
probabilities_array:[0.         0.2778069  0.72219306]

rule23: director_facebook_likes > 2721.277
probabilities_array:[0.         0.27389178 0.7261082 ]

rule1: 5.706 < imdb_score < 6.449
probabilities_array:[0.         0.26038963 0.7396104 ]

rule13: 76.693 < num_critic_for_reviews < 159.139
probabilities_array:[0.         0.24557164 0.7544284 ]

rule47: duration > 124.126
probabilities_array:[0.         0.24285471 0.7571453 ]

rule35: actor_3_facebook_likes > 1973.383
probabilities_array:[0.         0.23664832 0.7633517 ]

rule43: movie_facebook_likes > 22967.429
probabilities_array:[0.         0.22162652 0.7783735 ]

rule0: imdb_score < 5.706
probabilities_array:[0.         0.20742339 0.7925766 ]

rule42: 8744.496 < movie_facebook_likes < 22967.429
probabilities_array:[0.02093035 0.19565094 0.7834188 ]

