R2: 0.18251987106617995

MAE: 33351989.274217043

MSE: 3454342556473813.0

Accuracy: 0.7501820830298617

F1: 0.7477796647659323

Confusion Matrix: [[582, 133], [210, 448]]

Uncertainties: {'class0': [0.49955880641937256, 0.5762918591499329, 0.5937200784683228, 0.6208951473236084, 0.6286457777023315], 'class1': [0.5009170770645142, 0.5063524842262268, 0.5784392356872559, 0.5819317102432251, 0.6064275503158569]}

Most important rules
-----------------------------

---0---
rule16: num_user_for_reviews < 42.234
probabilities_array:[0.5004412 0.        0.4995588]

rule9: -2212.451 < num_voted_users < 100022.589
probabilities_array:[0.4237081  0.         0.57629186]

rule51: budget > 222878890.118
probabilities_array:[0.40627992 0.         0.5937201 ]

rule49: -129216331.531 < budget < 46831279.294
probabilities_array:[0.37910488 0.         0.62089515]

rule3: imdb_score > 7.219
probabilities_array:[0.3713542 0.        0.6286458]

rule12: num_critic_for_reviews < 78.185
probabilities_array:[0.36762443 0.         0.63237554]

rule6: 2003.250 < title_year < 2010.035
probabilities_array:[0.30202124 0.         0.6979788 ]

rule22: 765.927 < director_facebook_likes < 2798.824
probabilities_array:[0.22190312 0.         0.7780969 ]

rule45: 94.004 < duration < 109.500
probabilities_array:[0.22111562 0.         0.77888435]


---1---
rule19: num_user_for_reviews > 595.473
probabilities_array:[0.        0.4990829 0.5009171]

rule4: title_year < 1996.465
probabilities_array:[0.        0.4936475 0.5063525]

rule10: 100022.589 < num_voted_users < 202257.628
probabilities_array:[0.         0.42156076 0.57843924]

rule50: 46831279.294 < budget < 222878890.118
probabilities_array:[0.         0.41806832 0.5819317 ]

rule0: imdb_score < 5.757
probabilities_array:[0.         0.39357248 0.60642755]

rule18: 318.854 < num_user_for_reviews < 595.473
probabilities_array:[0.         0.36956102 0.630439  ]

rule11: num_voted_users > 202257.628
probabilities_array:[0.         0.35764238 0.6423576 ]

rule1: 5.757 < imdb_score < 6.488
probabilities_array:[0.         0.32977125 0.6702288 ]

rule35: actor_3_facebook_likes > 2022.825
probabilities_array:[0.         0.27058402 0.72941595]

rule30: 1924.162 < actor_2_facebook_likes < 5055.086
probabilities_array:[0.         0.24093956 0.75906044]

rule14: 159.769 < num_critic_for_reviews < 241.353
probabilities_array:[0.         0.23729777 0.7627022 ]

rule26: 7469.890 < actor_1_facebook_likes < 18908.398
probabilities_array:[0.03599605 0.21382701 0.75017697]

rule47: duration > 124.995
probabilities_array:[0.         0.22688262 0.77311736]

rule43: movie_facebook_likes > 21912.867
probabilities_array:[0.         0.22014588 0.7798541 ]

rule38: 11086.785 < cast_total_facebook_likes < 24874.070
probabilities_array:[0.00445031 0.21102524 0.78452444]

