R2: 0.1667140139034271

MAE: 32805041.658412237

MSE: 3612981090854773.5

Accuracy: 0.7727603787327021

F1: 0.7726589565926227

Confusion Matrix: [[545, 133], [179, 516]]

Uncertainties: {'class0': [0.48247918486595154, 0.5268892049789429, 0.5507389307022095, 0.593701183795929, 0.622900664806366], 'class1': [0.49070653319358826, 0.5753095149993896, 0.5849688649177551, 0.6061850786209106, 0.613444447517395]}

Most important rules
-----------------------------

---0---
rule8: num_voted_users < 119.199
probabilities_array:[0.51752084 0.         0.48247918]

rule16: num_user_for_reviews < 44.305
probabilities_array:[0.4731108 0.        0.5268892]

rule9: 119.199 < num_voted_users < 97224.732
probabilities_array:[0.44926107 0.         0.55073893]

rule6: 2003.125 < title_year < 2009.766
probabilities_array:[0.40629885 0.         0.5937012 ]

rule49: -12716269.950 < budget < 39904664.512
probabilities_array:[0.37709936 0.         0.62290066]

rule12: num_critic_for_reviews < 77.156
probabilities_array:[0.30140984 0.         0.69859016]

rule3: imdb_score > 7.222
probabilities_array:[0.25881833 0.         0.7411817 ]

rule45: 94.034 < duration < 109.427
probabilities_array:[0.21186362 0.01663872 0.77149767]


---1---
rule4: title_year < 1996.485
probabilities_array:[0.         0.5092935  0.49070653]

rule51: budget > 92525598.974
probabilities_array:[0.         0.42469049 0.5753095 ]

rule19: num_user_for_reviews > 582.915
probabilities_array:[0.         0.41503114 0.58496886]

rule35: actor_3_facebook_likes > 1868.657
probabilities_array:[0.        0.3938149 0.6061851]

rule50: 39904664.512 < budget < 92525598.974
probabilities_array:[0.         0.38655552 0.61344445]

rule11: num_voted_users > 194330.265
probabilities_array:[0.         0.37046444 0.62953556]

rule1: 5.730 < imdb_score < 6.476
probabilities_array:[0.        0.3614391 0.6385609]

rule0: imdb_score < 5.730
probabilities_array:[0.         0.31924567 0.6807543 ]

rule18: 313.610 < num_user_for_reviews < 582.915
probabilities_array:[0.         0.30330247 0.69669753]

rule10: 97224.732 < num_voted_users < 194330.265
probabilities_array:[0.         0.29070458 0.70929545]

rule30: 1838.299 < actor_2_facebook_likes < 4885.077
probabilities_array:[0.         0.27826446 0.72173554]

rule15: num_critic_for_reviews > 238.303
probabilities_array:[0.        0.2737664 0.7262336]

rule13: 77.156 < num_critic_for_reviews < 157.730
probabilities_array:[0.       0.255767 0.744233]

rule23: director_facebook_likes > 2615.069
probabilities_array:[0.         0.25394988 0.7460501 ]

rule14: 157.730 < num_critic_for_reviews < 238.303
probabilities_array:[0.         0.23867273 0.76132727]

rule47: duration > 124.819
probabilities_array:[0.02607273 0.21704608 0.7568812 ]

rule34: 703.822 < actor_3_facebook_likes < 1868.657
probabilities_array:[0.00636717 0.22170456 0.77192825]

rule43: movie_facebook_likes > 21674.015
probabilities_array:[0.        0.2242988 0.7757012]

rule26: 7295.643 < actor_1_facebook_likes < 18634.663
probabilities_array:[0.0065247  0.2147204  0.77875483]

