R2: 0.14990771333604513

MAE: 34810088.30808449

MSE: 3964280280449046.5

Accuracy: 0.7407137654770576

F1: 0.740640984824366

Confusion Matrix: [[520, 161], [195, 497]]

Uncertainties: {'class0': [0.5299878716468811, 0.5503263473510742, 0.5768752098083496, 0.6523579359054565, 0.6670559048652649], 'class1': [0.5035896301269531, 0.5731448531150818, 0.5772497057914734, 0.6377999782562256, 0.6424410939216614]}

Most important rules
-----------------------------

---0---
rule16: num_user_for_reviews < 37.411
probabilities_array:[0.4700121 0.        0.5299879]

rule9: -3164.054 < num_voted_users < 96292.360
probabilities_array:[0.44967368 0.         0.55032635]

rule6: 2003.328 < title_year < 2009.969
probabilities_array:[0.4231248 0.        0.5768752]

rule49: -35846017.428 < budget < 43979375.686
probabilities_array:[0.3476421  0.         0.65235794]

rule12: num_critic_for_reviews < 76.644
probabilities_array:[0.33294407 0.         0.6670559 ]

rule3: imdb_score > 7.207
probabilities_array:[0.2859262 0.        0.7140738]

rule7: title_year > 2009.969
probabilities_array:[0.26559246 0.         0.73440754]

rule45: 94.072 < duration < 109.434
probabilities_array:[0.24455827 0.00128415 0.75415754]

rule5: 1996.688 < title_year < 2003.328
probabilities_array:[0.20052534 0.         0.79947466]


---1---
rule4: title_year < 1996.688
probabilities_array:[0.         0.49641037 0.50358963]

rule50: 43979375.686 < budget < 123804768.800
probabilities_array:[0.         0.42685512 0.57314485]

rule10: 96292.360 < num_voted_users < 195748.774
probabilities_array:[0.         0.42275026 0.5772497 ]

rule1: 5.729 < imdb_score < 6.468
probabilities_array:[0.     0.3622 0.6378]

rule11: num_voted_users > 195748.774
probabilities_array:[0.         0.35755894 0.6424411 ]

rule51: budget > 123804768.800
probabilities_array:[0.         0.34262356 0.6573764 ]

rule14: 158.474 < num_critic_for_reviews < 240.305
probabilities_array:[0.         0.3370137  0.66298634]

rule35: actor_3_facebook_likes > 1909.411
probabilities_array:[0.         0.32025614 0.6797439 ]

rule15: num_critic_for_reviews > 240.305
probabilities_array:[0.         0.31084925 0.68915075]

rule0: imdb_score < 5.729
probabilities_array:[0.         0.30744368 0.6925563 ]

rule13: 76.644 < num_critic_for_reviews < 158.474
probabilities_array:[0.        0.2978089 0.7021911]

rule19: num_user_for_reviews > 589.502
probabilities_array:[0.         0.29041097 0.70958906]

rule42: 8426.442 < movie_facebook_likes < 22207.680
probabilities_array:[0.         0.2833222  0.71667784]

rule30: 1955.268 < actor_2_facebook_likes < 5111.571
probabilities_array:[0.         0.28001204 0.719988  ]

rule43: movie_facebook_likes > 22207.680
probabilities_array:[0.         0.25783446 0.74216557]

rule23: director_facebook_likes > 2699.131
probabilities_array:[0.02045703 0.23229799 0.747245  ]

rule38: 11195.589 < cast_total_facebook_likes < 24925.263
probabilities_array:[0.00670623 0.22989526 0.7633985 ]

rule31: actor_2_facebook_likes > 5111.571
probabilities_array:[0.00707193 0.22925186 0.76367617]

rule21: -1233.285 < director_facebook_likes < 732.923
probabilities_array:[0.        0.2177295 0.7822705]

rule18: 313.456 < num_user_for_reviews < 589.502
probabilities_array:[0.         0.21239425 0.78760576]

rule34: 716.519 < actor_3_facebook_likes < 1909.411
probabilities_array:[0.         0.20174079 0.7982592 ]

rule47: duration > 124.796
probabilities_array:[0.         0.20141095 0.79858905]

