R2: 0.13452884705537016

MAE: 35297251.53350328

MSE: 4353229453699891.0

Accuracy: 0.739985433357611

F1: 0.7374849572053581

Confusion Matrix: [[575, 140], [217, 441]]

Uncertainties: {'class0': [0.5061839818954468, 0.5950053334236145, 0.6038636565208435, 0.6276081204414368, 0.6345858573913574], 'class1': [0.49841630458831787, 0.5717523694038391, 0.6078023314476013, 0.6503666043281555, 0.66187584400177]}

Most important rules
-----------------------------

---0---
rule16: num_user_for_reviews < 39.904
probabilities_array:[0.49381602 0.         0.506184  ]

rule12: num_critic_for_reviews < 77.652
probabilities_array:[0.40499467 0.         0.59500533]

rule51: budget > 223524997.395
probabilities_array:[0.3961363  0.         0.60386366]

rule9: -2775.728 < num_voted_users < 99449.379
probabilities_array:[0.37239188 0.         0.6276081 ]

rule6: 2003.348 < title_year < 2010.270
probabilities_array:[0.36541414 0.         0.63458586]

rule49: -129033455.113 < budget < 47245771.141
probabilities_array:[0.35699347 0.         0.6430065 ]

rule3: imdb_score > 7.221
probabilities_array:[0.2856266 0.        0.7143734]

rule7: title_year > 2010.270
probabilities_array:[0.22112364 0.         0.77887636]

rule45: 94.616 < duration < 110.015
probabilities_array:[0.22023109 0.         0.77976894]


---1---
rule4: title_year < 1996.426
probabilities_array:[0.        0.5015837 0.4984163]

rule50: 47245771.141 < budget < 223524997.395
probabilities_array:[0.         0.42824766 0.57175237]

rule11: num_voted_users > 201674.487
probabilities_array:[0.         0.39219767 0.60780233]

rule19: num_user_for_reviews > 595.452
probabilities_array:[0.        0.3496334 0.6503666]

rule14: 160.196 < num_critic_for_reviews < 242.740
probabilities_array:[0.         0.33812413 0.66187584]

rule10: 99449.379 < num_voted_users < 201674.487
probabilities_array:[0.         0.33557552 0.6644245 ]

rule23: director_facebook_likes > 2755.621
probabilities_array:[0.         0.32813346 0.67186654]

rule15: num_critic_for_reviews > 242.740
probabilities_array:[0.         0.32744214 0.67255783]

rule1: 5.758 < imdb_score < 6.490
probabilities_array:[0.         0.31100783 0.68899214]

rule30: 1923.122 < actor_2_facebook_likes < 5060.703
probabilities_array:[0.        0.2989315 0.7010685]

rule0: imdb_score < 5.758
probabilities_array:[0.         0.26685742 0.73314255]

rule35: actor_3_facebook_likes > 1959.753
probabilities_array:[0.        0.2565015 0.7434985]

rule26: 7523.059 < actor_1_facebook_likes < 18976.948
probabilities_array:[0.00919479 0.24947621 0.741329  ]

rule46: 110.015 < duration < 125.415
probabilities_array:[0.01018542 0.23364945 0.75616515]

rule13: 77.652 < num_critic_for_reviews < 160.196
probabilities_array:[0.         0.23752072 0.7624793 ]

rule47: duration > 125.415
probabilities_array:[0.         0.22401495 0.77598506]

rule18: 317.678 < num_user_for_reviews < 595.452
probabilities_array:[0.         0.21507688 0.78492314]

rule43: movie_facebook_likes > 23296.277
probabilities_array:[0.         0.2125105  0.78748953]

