R2: 0.15666220018765553

MAE: 34727899.75345958

MSE: 3868367283144957.5

Accuracy: 0.7421704297159505

F1: 0.7411310424167536

Confusion Matrix: [[553, 138], [216, 466]]

Uncertainties: {'class0': [0.5112828612327576, 0.562336802482605, 0.5967556834220886, 0.6267601847648621, 0.6293571591377258], 'class1': [0.4958886206150055, 0.4963753819465637, 0.5214994549751282, 0.5896574854850769, 0.6151784062385559]}

Most important rules
-----------------------------

---0---
rule9: 250.149 < num_voted_users < 99708.002
probabilities_array:[0.48871717 0.         0.51128286]

rule36: cast_total_facebook_likes < 517.151
probabilities_array:[0.4376632 0.        0.5623368]

rule6: 2003.577 < title_year < 2010.151
probabilities_array:[0.40324432 0.         0.5967557 ]

rule8: num_voted_users < 250.149
probabilities_array:[0.3732398 0.        0.6267602]

rule3: imdb_score > 7.216
probabilities_array:[0.3706428  0.         0.62935716]

rule16: num_user_for_reviews < 40.586
probabilities_array:[0.36517993 0.         0.63482004]

rule49: -122492294.380 < budget < 45357979.578
probabilities_array:[0.34435982 0.         0.6556402 ]

rule51: budget > 213208253.537
probabilities_array:[0.34423578 0.         0.6557642 ]

rule12: num_critic_for_reviews < 78.857
probabilities_array:[0.32677087 0.         0.6732291 ]

rule45: 94.105 < duration < 109.590
probabilities_array:[0.27200052 0.00133535 0.7266641 ]

rule5: 1997.003 < title_year < 2003.577
probabilities_array:[0.24186428 0.         0.75813574]

rule41: -5365.093 < movie_facebook_likes < 8963.139
probabilities_array:[2.4127465e-01 6.9572197e-05 7.5865585e-01]

rule7: title_year > 2010.151
probabilities_array:[0.23562318 0.         0.7643768 ]


---1---
rule19: num_user_for_reviews > 598.109
probabilities_array:[0.         0.50411135 0.49588862]

rule4: title_year < 1997.003
probabilities_array:[0.         0.5036246  0.49637538]

rule50: 45357979.578 < budget < 213208253.537
probabilities_array:[0.         0.47850055 0.52149945]

rule11: num_voted_users > 199165.854
probabilities_array:[0.         0.41034248 0.5896575 ]

rule35: actor_3_facebook_likes > 1934.069
probabilities_array:[0.        0.3848216 0.6151784]

rule37: 517.151 < cast_total_facebook_likes < 10644.987
probabilities_array:[0.        0.3750778 0.6249222]

rule18: 319.348 < num_user_for_reviews < 598.109
probabilities_array:[0.         0.36715737 0.6328426 ]

rule30: 1822.327 < actor_2_facebook_likes < 4330.442
probabilities_array:[0.         0.35680348 0.6431965 ]

rule1: 5.738 < imdb_score < 6.477
probabilities_array:[0.        0.3411221 0.6588779]

rule14: 162.807 < num_critic_for_reviews < 246.757
probabilities_array:[0.        0.3382364 0.6617636]

rule10: 99708.002 < num_voted_users < 199165.854
probabilities_array:[0.         0.33068073 0.6693193 ]

rule0: imdb_score < 5.738
probabilities_array:[0.        0.3126831 0.6873169]

rule27: actor_1_facebook_likes > 14844.427
probabilities_array:[0.         0.2947549  0.70524514]

rule21: -1266.826 < director_facebook_likes < 806.014
probabilities_array:[0.         0.25319096 0.74680907]

rule23: director_facebook_likes > 2878.853
probabilities_array:[0.00176695 0.24404922 0.7541839 ]

rule38: 10644.987 < cast_total_facebook_likes < 20772.823
probabilities_array:[0.         0.23906897 0.760931  ]

rule15: num_critic_for_reviews > 246.757
probabilities_array:[0.         0.23878486 0.76121515]

rule13: 78.857 < num_critic_for_reviews < 162.807
probabilities_array:[0.         0.22854815 0.77145183]

