R2: 0.16369438183027296

MAE: 33931366.284413695

MSE: 4019875356473090.5

Accuracy: 0.7625637290604516

F1: 0.7618146019582801

Confusion Matrix: [[562, 112], [214, 485]]

Uncertainties: {'class0': [0.4553866386413574, 0.5461037755012512, 0.563799262046814, 0.5741978287696838, 0.5999281406402588], 'class1': [0.48205721378326416, 0.5296855568885803, 0.5528578758239746, 0.6195538640022278, 0.6273242831230164]}

Most important rules
-----------------------------

---0---
rule16: num_user_for_reviews < 47.509
probabilities_array:[0.54461336 0.         0.45538664]

rule9: -372.560 < num_voted_users < 97504.866
probabilities_array:[0.45389625 0.         0.5461038 ]

rule51: budget > 228764797.486
probabilities_array:[0.43620074 0.         0.56379926]

rule36: cast_total_facebook_likes < 348.455
probabilities_array:[0.42580217 0.         0.5741978 ]

rule3: imdb_score > 7.208
probabilities_array:[0.40007183 0.         0.59992814]

rule49: -134210673.135 < budget < 47277062.175
probabilities_array:[0.34888184 0.         0.65111816]

rule6: 2003.392 < title_year < 2010.068
probabilities_array:[0.34422177 0.         0.6557782 ]

rule12: num_critic_for_reviews < 78.812
probabilities_array:[0.24561375 0.         0.75438625]


---1---
rule50: 47277062.175 < budget < 228764797.486
probabilities_array:[0.        0.5179428 0.4820572]

rule11: num_voted_users > 195382.293
probabilities_array:[0.         0.47031444 0.52968556]

rule4: title_year < 1996.715
probabilities_array:[0.         0.44714212 0.5528579 ]

rule30: 1800.938 < actor_2_facebook_likes < 4792.251
probabilities_array:[0.         0.3804461  0.61955386]

rule10: 97504.866 < num_voted_users < 195382.293
probabilities_array:[0.         0.37267572 0.6273243 ]

rule19: num_user_for_reviews > 568.844
probabilities_array:[0.         0.30017877 0.69982123]

rule37: 348.455 < cast_total_facebook_likes < 10545.039
probabilities_array:[0.         0.29400796 0.70599204]

rule46: 109.477 < duration < 124.397
probabilities_array:[0.         0.28810385 0.7118961 ]

rule18: 308.177 < num_user_for_reviews < 568.844
probabilities_array:[0.         0.28597438 0.7140256 ]

rule47: duration > 124.397
probabilities_array:[0.02223184 0.26677486 0.71099335]

rule23: director_facebook_likes > 2669.808
probabilities_array:[0.01993776 0.25609288 0.72396934]

rule15: num_critic_for_reviews > 242.483
probabilities_array:[6.2898308e-04 2.5375459e-01 7.4561644e-01]

rule1: 5.740 < imdb_score < 6.474
probabilities_array:[0.         0.24996103 0.750039  ]

rule14: 160.648 < num_critic_for_reviews < 242.483
probabilities_array:[0.         0.24140947 0.7585905 ]

rule35: actor_3_facebook_likes > 1816.315
probabilities_array:[0.         0.23959123 0.76040876]

rule27: actor_1_facebook_likes > 14450.261
probabilities_array:[0.         0.22893442 0.7710656 ]

rule13: 78.812 < num_critic_for_reviews < 160.648
probabilities_array:[0.         0.21956672 0.7804333 ]

rule0: imdb_score < 5.740
probabilities_array:[0.         0.21860106 0.78139895]

