R2: 0.16494991001695636

MAE: 33719490.98361253

MSE: 3977472415209179.5

Accuracy: 0.7589220684632192

F1: 0.7578347760521991

Confusion Matrix: [[567, 125], [206, 475]]

Uncertainties: {'class0': [0.43771815299987793, 0.4593183398246765, 0.5450152158737183, 0.5946381688117981, 0.6484806537628174], 'class1': [0.5847530961036682, 0.589464008808136, 0.5977175831794739, 0.6002255082130432, 0.6368209719657898]}

Most important rules
-----------------------------

---0---
rule51: budget > 229550349.280
probabilities_array:[0.56228185 0.         0.43771815]

rule9: -3031.269 < num_voted_users < 97378.815
probabilities_array:[0.54068166 0.         0.45931834]

rule16: num_user_for_reviews < 37.209
probabilities_array:[0.4549848 0.        0.5450152]

rule49: -133498408.801 < budget < 48025970.239
probabilities_array:[0.4053618  0.         0.59463817]

rule6: 2003.137 < title_year < 2009.984
probabilities_array:[0.35151932 0.         0.64848065]

rule12: num_critic_for_reviews < 77.157
probabilities_array:[0.3077646 0.        0.6922354]

rule45: 94.175 < duration < 109.678
probabilities_array:[0.29509822 0.00770203 0.69719976]

rule3: imdb_score > 7.202
probabilities_array:[0.23629044 0.         0.76370955]

rule41: -5172.368 < movie_facebook_likes < 8422.244
probabilities_array:[0.17439032 0.06756428 0.75804543]


---1---
rule50: 48025970.239 < budget < 229550349.280
probabilities_array:[0.         0.41524687 0.5847531 ]

rule0: imdb_score < 5.733
probabilities_array:[0.       0.410536 0.589464]

rule1: 5.733 < imdb_score < 6.467
probabilities_array:[0.         0.40228242 0.5977176 ]

rule4: title_year < 1996.289
probabilities_array:[0.         0.39977452 0.6002255 ]

rule11: num_voted_users > 197788.899
probabilities_array:[0.       0.363179 0.636821]

rule10: 97378.815 < num_voted_users < 197788.899
probabilities_array:[0.        0.3447641 0.6552359]

rule30: 1863.193 < actor_2_facebook_likes < 4461.763
probabilities_array:[0.         0.32924497 0.670755  ]

rule18: 317.711 < num_user_for_reviews < 598.213
probabilities_array:[0.         0.28169557 0.7183044 ]

rule23: director_facebook_likes > 2884.393
probabilities_array:[0.        0.2710091 0.7289909]

rule34: 721.361 < actor_3_facebook_likes < 1934.937
probabilities_array:[0.00327975 0.25921488 0.7375054 ]

rule19: num_user_for_reviews > 598.213
probabilities_array:[0.        0.2523248 0.7476752]

rule26: 7373.154 < actor_1_facebook_likes < 18657.064
probabilities_array:[0.         0.25197092 0.7480291 ]

rule14: 158.693 < num_critic_for_reviews < 240.228
probabilities_array:[0.         0.24676344 0.7532366 ]

rule39: cast_total_facebook_likes > 24086.448
probabilities_array:[0.0443356  0.21041143 0.74525297]

rule35: actor_3_facebook_likes > 1934.937
probabilities_array:[0.         0.22834736 0.77165264]

rule43: movie_facebook_likes > 22016.856
probabilities_array:[0.         0.21637057 0.7836294 ]

rule21: -1276.047 < director_facebook_likes < 804.173
probabilities_array:[0.         0.21224707 0.7877529 ]

rule38: 10873.438 < cast_total_facebook_likes < 24086.448
probabilities_array:[0.        0.2103309 0.7896691]

