R2: 0.14015125589750443

MAE: 34351514.17370721

MSE: 4124914744113122.0

Accuracy: 0.7603787327021122

F1: 0.7600345299281512

Confusion Matrix: [[548, 122], [207, 496]]

Uncertainties: {'class0': [0.6448690295219421, 0.6545097231864929, 0.6708436608314514, 0.6950455904006958, 0.7024584412574768], 'class1': [0.4857054352760315, 0.49593105912208557, 0.5412473678588867, 0.567618191242218, 0.6292582154273987]}

Most important rules
-----------------------------

---0---
rule16: num_user_for_reviews < 36.232
probabilities_array:[0.35513094 0.         0.644869  ]

rule49: -40871563.694 < budget < 42767233.207
probabilities_array:[0.34549028 0.         0.6545097 ]

rule3: imdb_score > 7.220
probabilities_array:[0.32915637 0.         0.67084366]

rule36: cast_total_facebook_likes < 91.439
probabilities_array:[0.30495438 0.         0.6950456 ]

rule9: -2888.878 < num_voted_users < 98783.750
probabilities_array:[0.2975416  0.         0.70245844]

rule12: num_critic_for_reviews < 77.324
probabilities_array:[0.29271433 0.         0.70728564]

rule6: 2003.291 < title_year < 2010.036
probabilities_array:[0.2768172 0.        0.7231828]


---1---
rule4: title_year < 1996.546
probabilities_array:[0.         0.51429456 0.48570544]

rule10: 98783.750 < num_voted_users < 200456.378
probabilities_array:[0.         0.5040689  0.49593106]

rule50: 42767233.207 < budget < 126406030.108
probabilities_array:[0.         0.45875263 0.54124737]

rule51: budget > 126406030.108
probabilities_array:[0.        0.4323818 0.5676182]

rule11: num_voted_users > 200456.378
probabilities_array:[0.         0.37074178 0.6292582 ]

rule19: num_user_for_reviews > 595.751
probabilities_array:[0.         0.34310156 0.65689844]

rule43: movie_facebook_likes > 23566.903
probabilities_array:[0.00231525 0.3346326  0.6630522 ]

rule14: 160.768 < num_critic_for_reviews < 244.211
probabilities_array:[0.         0.33053762 0.6694624 ]

rule18: 315.991 < num_user_for_reviews < 595.751
probabilities_array:[0.01448679 0.313125   0.67238814]

rule47: duration > 125.146
probabilities_array:[0.00766309 0.2992154  0.6931215 ]

rule31: actor_2_facebook_likes > 5044.102
probabilities_array:[0.00933122 0.24843216 0.7422366 ]

rule15: num_critic_for_reviews > 244.211
probabilities_array:[0.         0.24473763 0.7552624 ]

rule0: imdb_score < 5.760
probabilities_array:[0.        0.2435844 0.7564156]

rule13: 77.324 < num_critic_for_reviews < 160.768
probabilities_array:[0.         0.23389477 0.76610523]

rule42: 8996.152 < movie_facebook_likes < 23566.903
probabilities_array:[0.04195187 0.20244731 0.75560087]

rule34: 710.547 < actor_3_facebook_likes < 1888.774
probabilities_array:[0.         0.21844722 0.7815528 ]

rule1: 5.760 < imdb_score < 6.490
probabilities_array:[0.         0.21047273 0.78952724]

rule30: 1923.004 < actor_2_facebook_likes < 5044.102
probabilities_array:[0.00330632 0.2005437  0.79614997]

rule38: 10765.919 < cast_total_facebook_likes < 21440.399
probabilities_array:[0.00967663 0.1966361  0.7936873 ]

