R2: 0.18033098205594766

MAE: 32828942.067734886

MSE: 3543878850587426.5

Accuracy: 0.7458120903131829

F1: 0.7440475649967178

Confusion Matrix: [[569, 147], [202, 455]]

Uncertainties: {'class0': [0.39727941155433655, 0.6077187061309814, 0.631467342376709, 0.6358230113983154, 0.6719774603843689], 'class1': [0.4532785713672638, 0.4982590675354004, 0.5078977942466736, 0.5298795104026794, 0.6375516653060913]}

Most important rules
-----------------------------

---0---
rule51: budget > 228060688.740
probabilities_array:[0.6027206 0.        0.3972794]

rule16: num_user_for_reviews < 45.363
probabilities_array:[0.39228126 0.         0.6077187 ]

rule12: num_critic_for_reviews < 78.465
probabilities_array:[0.3685327  0.         0.63146734]

rule49: -130422358.989 < budget < 48819164.876
probabilities_array:[0.364177 0.       0.635823]

rule3: imdb_score > 7.199
probabilities_array:[0.32802254 0.         0.67197746]

rule9: -417.339 < num_voted_users < 97804.144
probabilities_array:[0.3010669  0.         0.69893306]

rule6: 2003.338 < title_year < 2009.967
probabilities_array:[0.29152927 0.         0.70847076]

rule22: 785.889 < director_facebook_likes < 2828.162
probabilities_array:[0.2379392 0.        0.7620608]


---1---
rule4: title_year < 1996.709
probabilities_array:[0.         0.5467214  0.45327857]

rule50: 48819164.876 < budget < 228060688.740
probabilities_array:[0.         0.50174093 0.49825907]

rule11: num_voted_users > 196025.627
probabilities_array:[0.        0.4921022 0.5078978]

rule10: 97804.144 < num_voted_users < 196025.627
probabilities_array:[0.         0.47012052 0.5298795 ]

rule18: 317.932 < num_user_for_reviews < 590.500
probabilities_array:[0.         0.3624483  0.63755167]

rule1: 5.722 < imdb_score < 6.461
probabilities_array:[0.         0.32521117 0.67478883]

rule19: num_user_for_reviews > 590.500
probabilities_array:[0.         0.32490188 0.6750981 ]

rule14: 161.842 < num_critic_for_reviews < 245.218
probabilities_array:[0.         0.31729558 0.6827044 ]

rule15: num_critic_for_reviews > 245.218
probabilities_array:[0.        0.2892511 0.7107489]

rule35: actor_3_facebook_likes > 2046.858
probabilities_array:[0.00542315 0.264252   0.7303248 ]

rule43: movie_facebook_likes > 22791.214
probabilities_array:[0.        0.2476824 0.7523176]

rule42: 8755.036 < movie_facebook_likes < 22791.214
probabilities_array:[0.00644834 0.23789039 0.7556613 ]

rule34: 750.968 < actor_3_facebook_likes < 2046.858
probabilities_array:[0.0347669  0.21056953 0.7546636 ]

rule47: duration > 125.287
probabilities_array:[0.00797923 0.22212951 0.7698913 ]

rule30: 1914.076 < actor_2_facebook_likes < 5066.995
probabilities_array:[0.         0.21539554 0.7846045 ]

rule38: 10921.911 < cast_total_facebook_likes < 22113.975
probabilities_array:[0.07296893 0.17615531 0.7508758 ]

rule0: imdb_score < 5.722
probabilities_array:[0.         0.20615537 0.79384464]

