R2: 0.148360010047765

MAE: 35035315.205389656

MSE: 4169684251923837.0

Accuracy: 0.763292061179898

F1: 0.7632739783075198

Confusion Matrix: [[530, 106], [219, 518]]

Uncertainties: {'class0': [0.5594393014907837, 0.5800129771232605, 0.6143701076507568, 0.648240864276886, 0.6748868227005005], 'class1': [0.505943238735199, 0.5351821184158325, 0.599333643913269, 0.6015182137489319, 0.6595273017883301]}

Most important rules
-----------------------------

---0---
rule36: cast_total_facebook_likes < 457.959
probabilities_array:[0.44056073 0.         0.5594393 ]

rule9: -418.902 < num_voted_users < 96880.042
probabilities_array:[0.41998702 0.         0.580013  ]

rule16: num_user_for_reviews < 50.895
probabilities_array:[0.38562992 0.         0.6143701 ]

rule6: 2003.296 < title_year < 2010.042
probabilities_array:[0.35175917 0.         0.64824086]

rule49: -130730347.109 < budget < 45702199.813
probabilities_array:[0.32511315 0.         0.6748868 ]

rule12: num_critic_for_reviews < 76.784
probabilities_array:[0.3213845 0.        0.6786155]

rule3: imdb_score > 7.211
probabilities_array:[0.31272674 0.         0.68727326]

rule51: budget > 222134746.735
probabilities_array:[0.27928045 0.         0.7207195 ]

rule7: title_year > 2010.042
probabilities_array:[0.20932984 0.         0.79067016]


---1---
rule4: title_year < 1996.551
probabilities_array:[0.         0.49405676 0.50594324]

rule50: 45702199.813 < budget < 222134746.735
probabilities_array:[0.         0.46481785 0.5351821 ]

rule10: 96880.042 < num_voted_users < 194178.986
probabilities_array:[0.         0.40066633 0.59933364]

rule19: num_user_for_reviews > 574.419
probabilities_array:[0.        0.3984818 0.6015182]

rule11: num_voted_users > 194178.986
probabilities_array:[0.        0.3404727 0.6595273]

rule18: 312.657 < num_user_for_reviews < 574.419
probabilities_array:[0.         0.32161772 0.6783823 ]

rule43: movie_facebook_likes > 22984.092
probabilities_array:[0.00107019 0.31830037 0.68062943]

rule14: 159.863 < num_critic_for_reviews < 242.943
probabilities_array:[0.         0.31174305 0.6882569 ]

rule38: 10577.207 < cast_total_facebook_likes < 20696.455
probabilities_array:[0.         0.25675964 0.74324036]

rule1: 5.722 < imdb_score < 6.467
probabilities_array:[0.         0.25474596 0.74525404]

rule30: 1833.807 < actor_2_facebook_likes < 4384.378
probabilities_array:[0.         0.25161883 0.7483812 ]

rule47: duration > 125.120
probabilities_array:[0.02483552 0.23883799 0.73632646]

rule42: 8791.875 < movie_facebook_likes < 22984.092
probabilities_array:[0.03653627 0.21484107 0.74862266]

rule27: actor_1_facebook_likes > 14834.536
probabilities_array:[0.         0.23139574 0.7686043 ]

rule13: 76.784 < num_critic_for_reviews < 159.863
probabilities_array:[0.         0.22692586 0.77307415]

rule34: 714.337 < actor_3_facebook_likes < 1892.717
probabilities_array:[0.         0.22367443 0.7763256 ]

rule0: imdb_score < 5.722
probabilities_array:[0.       0.216126 0.783874]

rule35: actor_3_facebook_likes > 1892.717
probabilities_array:[0.         0.20927775 0.79072225]

rule15: num_critic_for_reviews > 242.943
probabilities_array:[0.         0.20579216 0.7942078 ]

