R2: 0.1452233551315829

MAE: 34689359.05608157

MSE: 4389488427984703.0

Accuracy: 0.7778587035688274

F1: 0.7778582322127179

Confusion Matrix: [[535, 128], [177, 533]]

Uncertainties: {'class0': [0.49520620703697205, 0.5481711030006409, 0.6856967210769653, 0.6879070997238159, 0.6922316551208496], 'class1': [0.4648914635181427, 0.5293233394622803, 0.5298137068748474, 0.5376302599906921, 0.5834717154502869]}

Most important rules
-----------------------------

---0---
rule8: num_voted_users < 1149.504
probabilities_array:[0.50479376 0.         0.4952062 ]

rule3: imdb_score > 7.219
probabilities_array:[0.4518289 0.        0.5481711]

rule16: num_user_for_reviews < 45.901
probabilities_array:[0.3143033 0.        0.6856967]

rule9: 1149.504 < num_voted_users < 96669.597
probabilities_array:[0.3120929 0.        0.6879071]

rule49: -41256630.827 < budget < 42439618.565
probabilities_array:[0.30776832 0.         0.69223166]

rule6: 2003.149 < title_year < 2009.865
probabilities_array:[0.28657258 0.         0.7134274 ]

rule22: 770.526 < director_facebook_likes < 2796.045
probabilities_array:[0.24938484 0.         0.7506152 ]

rule12: num_critic_for_reviews < 75.606
probabilities_array:[0.2461988  0.         0.75380117]

rule7: title_year > 2009.865
probabilities_array:[0.21393724 0.         0.7860628 ]


---1---
rule4: title_year < 1996.432
probabilities_array:[0.         0.53510857 0.46489146]

rule10: 96669.597 < num_voted_users < 192189.691
probabilities_array:[0.         0.4706767  0.52932334]

rule19: num_user_for_reviews > 575.439
probabilities_array:[0.         0.47018626 0.5298137 ]

rule11: num_voted_users > 192189.691
probabilities_array:[0.         0.46236977 0.53763026]

rule50: 42439618.565 < budget < 126135867.958
probabilities_array:[0.        0.4165283 0.5834717]

rule14: 158.311 < num_critic_for_reviews < 241.017
probabilities_array:[0.         0.36640838 0.6335916 ]

rule15: num_critic_for_reviews > 241.017
probabilities_array:[0.         0.36330408 0.6366959 ]

rule51: budget > 126135867.958
probabilities_array:[0.        0.3380514 0.6619486]

rule23: director_facebook_likes > 2796.045
probabilities_array:[0.         0.28804213 0.7119579 ]

rule43: movie_facebook_likes > 22145.858
probabilities_array:[0.         0.26544678 0.7345532 ]

rule18: 310.670 < num_user_for_reviews < 575.439
probabilities_array:[0.        0.2595179 0.7404821]

rule30: 1838.279 < actor_2_facebook_likes < 4895.314
probabilities_array:[0.        0.2567283 0.7432717]

rule0: imdb_score < 5.728
probabilities_array:[0.         0.25353044 0.74646956]

rule35: actor_3_facebook_likes > 1922.039
probabilities_array:[0.01461314 0.23957066 0.7458162 ]

rule1: 5.728 < imdb_score < 6.473
probabilities_array:[0.         0.24337906 0.75662094]

rule13: 75.606 < num_critic_for_reviews < 158.311
probabilities_array:[0.         0.24091174 0.7590883 ]

rule47: duration > 124.763
probabilities_array:[0.00229575 0.2341554  0.7635488 ]

rule34: 711.043 < actor_3_facebook_likes < 1922.039
probabilities_array:[0.         0.22780602 0.77219397]

rule46: 109.518 < duration < 124.763
probabilities_array:[0.03661966 0.1832105  0.78016984]

