R2: 0.14955182640340825

MAE: 34682182.53459577

MSE: 4232132282594512.0

Accuracy: 0.7560087399854334

F1: 0.754810057822511

Confusion Matrix: [[567, 120], [215, 471]]

Uncertainties: {'class0': [0.5748449563980103, 0.6016771197319031, 0.6595808863639832, 0.6764528751373291, 0.6772330403327942], 'class1': [0.47198426723480225, 0.49337002635002136, 0.5879917740821838, 0.6258253455162048, 0.6704868078231812]}

Most important rules
-----------------------------

---0---
rule16: num_user_for_reviews < 46.967
probabilities_array:[0.42515507 0.         0.57484496]

rule9: -1824.371 < num_voted_users < 97072.187
probabilities_array:[0.39832285 0.         0.6016771 ]

rule49: -121209305.170 < budget < 46000944.802
probabilities_array:[0.34041908 0.         0.6595809 ]

rule12: num_critic_for_reviews < 76.064
probabilities_array:[0.32354712 0.         0.6764529 ]

rule51: budget > 213211194.773
probabilities_array:[0.32276696 0.         0.67723304]

rule3: imdb_score > 7.201
probabilities_array:[0.31884542 0.         0.68115455]

rule6: 2003.318 < title_year < 2009.991
probabilities_array:[0.313446 0.       0.686554]


---1---
rule50: 46000944.802 < budget < 213211194.773
probabilities_array:[0.         0.52801573 0.47198427]

rule4: title_year < 1996.645
probabilities_array:[0.         0.50663    0.49337003]

rule11: num_voted_users > 195968.746
probabilities_array:[0.         0.41200823 0.5879918 ]

rule10: 97072.187 < num_voted_users < 195968.746
probabilities_array:[0.         0.37417462 0.62582535]

rule35: actor_3_facebook_likes > 1858.516
probabilities_array:[0.         0.32951316 0.6704868 ]

rule14: 158.738 < num_critic_for_reviews < 241.413
probabilities_array:[0.         0.31898135 0.68101865]

rule15: num_critic_for_reviews > 241.413
probabilities_array:[0.         0.31355348 0.6864465 ]

rule19: num_user_for_reviews > 577.589
probabilities_array:[0.         0.28436294 0.7156371 ]

rule47: duration > 124.971
probabilities_array:[0.00727668 0.27143994 0.7212834 ]

rule18: 312.278 < num_user_for_reviews < 577.589
probabilities_array:[0.         0.26324075 0.73675925]

rule1: 5.718 < imdb_score < 6.459
probabilities_array:[0.         0.26108626 0.7389138 ]

rule43: movie_facebook_likes > 23378.681
probabilities_array:[0.         0.25541937 0.7445806 ]

rule0: imdb_score < 5.718
probabilities_array:[0.         0.25409955 0.74590045]

rule46: 109.546 < duration < 124.971
probabilities_array:[0.03710186 0.22174667 0.7411515 ]

rule42: 8992.305 < movie_facebook_likes < 23378.681
probabilities_array:[0.06083304 0.20833515 0.7308318 ]

rule23: director_facebook_likes > 2808.046
probabilities_array:[0.         0.22613108 0.7738689 ]

rule30: 1878.226 < actor_2_facebook_likes < 4970.402
probabilities_array:[0.         0.20725136 0.79274863]

rule13: 76.064 < num_critic_for_reviews < 158.738
probabilities_array:[0.         0.20024711 0.7997529 ]

