R2: 0.15263618433280957

MAE: 35849614.9217043

MSE: 4172129719820305.0

Accuracy: 0.7465404224326293

F1: 0.7464111480504922

Confusion Matrix: [[528, 165], [183, 497]]

Uncertainties: {'class0': [0.5867241621017456, 0.5896493196487427, 0.6672534942626953, 0.6912001967430115, 0.6932659149169922], 'class1': [0.5121666193008423, 0.5253615975379944, 0.5769098401069641, 0.5924286246299744, 0.5964550971984863]}

Most important rules
-----------------------------

---0---
rule9: -2678.496 < num_voted_users < 95611.457
probabilities_array:[0.41327584 0.         0.58672416]

rule16: num_user_for_reviews < 36.363
probabilities_array:[0.41035068 0.         0.5896493 ]

rule6: 2003.334 < title_year < 2009.867
probabilities_array:[0.33274654 0.         0.6672535 ]

rule49: -22885649.999 < budget < 42011737.002
probabilities_array:[0.3087998 0.        0.6912002]

rule12: num_critic_for_reviews < 74.113
probabilities_array:[0.30673406 0.         0.6932659 ]

rule3: imdb_score > 7.179
probabilities_array:[0.27942315 0.         0.7205769 ]

rule7: title_year > 2009.867
probabilities_array:[0.25479636 0.         0.7452036 ]

rule45: 94.385 < duration < 109.497
probabilities_array:[0.20785895 0.00950023 0.7826408 ]

rule41: -5061.990 < movie_facebook_likes < 8183.097
probabilities_array:[0.20498264 0.01117019 0.78384715]


---1---
rule50: 42011737.002 < budget < 106909124.002
probabilities_array:[0.        0.4878334 0.5121666]

rule4: title_year < 1996.800
probabilities_array:[0.         0.47463837 0.5253616 ]

rule10: 95611.457 < num_voted_users < 193901.410
probabilities_array:[0.         0.42309016 0.57690984]

rule51: budget > 106909124.002
probabilities_array:[0.         0.40757135 0.5924286 ]

rule0: imdb_score < 5.737
probabilities_array:[0.         0.40354487 0.5964551 ]

rule1: 5.737 < imdb_score < 6.458
probabilities_array:[0.         0.3840818  0.61591816]

rule19: num_user_for_reviews > 584.734
probabilities_array:[0.        0.3553329 0.6446671]

rule15: num_critic_for_reviews > 236.845
probabilities_array:[0.        0.3514886 0.6485114]

rule11: num_voted_users > 193901.410
probabilities_array:[0.         0.33019748 0.66980255]

rule18: 310.548 < num_user_for_reviews < 584.734
probabilities_array:[0.         0.32717416 0.6728258 ]

rule35: actor_3_facebook_likes > 1942.184
probabilities_array:[0.         0.2906852  0.70931476]

rule30: 1920.219 < actor_2_facebook_likes < 5050.545
probabilities_array:[0.         0.26696396 0.73303604]

rule42: 8183.097 < movie_facebook_likes < 21428.184
probabilities_array:[0.         0.24879342 0.7512066 ]

rule14: 155.479 < num_critic_for_reviews < 236.845
probabilities_array:[0.         0.24403496 0.75596505]

rule23: director_facebook_likes > 2717.399
probabilities_array:[0.02562979 0.22951148 0.7448587 ]

rule43: movie_facebook_likes > 21428.184
probabilities_array:[0.00787964 0.21392645 0.7781939 ]

rule47: duration > 124.608
probabilities_array:[0.00191797 0.20276967 0.7953124 ]

