R2: 0.16824245056151632

MAE: 33162920.024763294

MSE: 3768504191491401.5

Accuracy: 0.7749453750910416

F1: 0.774216689861073

Confusion Matrix: [[571, 113], [196, 493]]

Uncertainties: {'class0': [0.5353482365608215, 0.537688136100769, 0.6375730633735657, 0.6562824845314026, 0.6901344060897827], 'class1': [0.4480645954608917, 0.5552531480789185, 0.5566564202308655, 0.5951874852180481, 0.625851035118103]}

Most important rules
-----------------------------

---0---
rule9: -107.800 < num_voted_users < 97755.874
probabilities_array:[0.46465176 0.         0.53534824]

rule16: num_user_for_reviews < 44.172
probabilities_array:[0.46231186 0.         0.53768814]

rule3: imdb_score > 7.212
probabilities_array:[0.36242694 0.         0.63757306]

rule51: budget > 214849034.960
probabilities_array:[0.34371752 0.         0.6562825 ]

rule49: -123897904.960 < budget < 45475565.000
probabilities_array:[0.30986562 0.         0.6901344 ]

rule6: 2003.169 < title_year < 2010.063
probabilities_array:[0.30521327 0.         0.6947867 ]

rule12: num_critic_for_reviews < 77.807
probabilities_array:[0.30169037 0.         0.69830966]


---1---
rule4: title_year < 1996.275
probabilities_array:[0.         0.55193543 0.4480646 ]

rule50: 45475565.000 < budget < 214849034.960
probabilities_array:[0.         0.44474682 0.55525315]

rule19: num_user_for_reviews > 578.776
probabilities_array:[0.         0.44334358 0.5566564 ]

rule0: imdb_score < 5.728
probabilities_array:[0.         0.40481254 0.5951875 ]

rule11: num_voted_users > 195619.547
probabilities_array:[0.         0.37414896 0.62585104]

rule30: 1865.281 < actor_2_facebook_likes < 4956.203
probabilities_array:[0.         0.36741498 0.632585  ]

rule10: 97755.874 < num_voted_users < 195619.547
probabilities_array:[0.         0.35846746 0.64153254]

rule1: 5.728 < imdb_score < 6.470
probabilities_array:[0.         0.35450998 0.64549005]

rule14: 160.806 < num_critic_for_reviews < 243.805
probabilities_array:[0.         0.32082567 0.6791743 ]

rule15: num_critic_for_reviews > 243.805
probabilities_array:[0.         0.30156648 0.6984335 ]

rule47: duration > 124.861
probabilities_array:[0.         0.25978926 0.7402108 ]

rule13: 77.807 < num_critic_for_reviews < 160.806
probabilities_array:[0.         0.24077623 0.75922376]

rule35: actor_3_facebook_likes > 2013.031
probabilities_array:[0.         0.23301868 0.7669813 ]

rule26: 7374.165 < actor_1_facebook_likes < 18699.556
probabilities_array:[0.03920235 0.20727508 0.7535226 ]

rule43: movie_facebook_likes > 23298.369
probabilities_array:[5.1698345e-04 2.2336358e-01 7.7611941e-01]

rule23: director_facebook_likes > 2876.525
probabilities_array:[0.04474518 0.18326917 0.7719857 ]

