R2: 0.14466485568070153

MAE: 36068574.47887837

MSE: 4491684672380001.5

Accuracy: 0.7603787327021122

F1: 0.7591517041894937

Confusion Matrix: [[571, 132], [197, 473]]

Uncertainties: {'class0': [0.5503227710723877, 0.5871051549911499, 0.6098089814186096, 0.6535308957099915, 0.6771512031555176], 'class1': [0.5209906697273254, 0.5328161120414734, 0.5896520018577576, 0.590275228023529, 0.5967969298362732]}

Most important rules
-----------------------------

---0---
rule49: -37316145.106 < budget < 42391498.533
probabilities_array:[0.44967726 0.         0.5503228 ]

rule16: num_user_for_reviews < 47.803
probabilities_array:[0.41289487 0.         0.58710515]

rule9: -2491.147 < num_voted_users < 98100.633
probabilities_array:[0.39019102 0.         0.609809  ]

rule6: 2003.092 < title_year < 2009.875
probabilities_array:[0.34646907 0.         0.6535309 ]

rule3: imdb_score > 7.215
probabilities_array:[0.3228488 0.        0.6771512]

rule12: num_critic_for_reviews < 76.560
probabilities_array:[0.29891202 0.         0.701088  ]

rule45: 94.434 < duration < 109.479
probabilities_array:[0.25236607 0.00118778 0.7464462 ]


---1---
rule4: title_year < 1996.310
probabilities_array:[0.         0.47900936 0.52099067]

rule19: num_user_for_reviews > 595.391
probabilities_array:[0.         0.46718386 0.5328161 ]

rule10: 98100.633 < num_voted_users < 198692.413
probabilities_array:[0.         0.41034797 0.589652  ]

rule51: budget > 122099142.171
probabilities_array:[0.        0.4097248 0.5902752]

rule30: 1829.651 < actor_2_facebook_likes < 4882.786
probabilities_array:[0.         0.40320307 0.59679693]

rule11: num_voted_users > 198692.413
probabilities_array:[0.         0.33416986 0.66583014]

rule50: 42391498.533 < budget < 122099142.171
probabilities_array:[0.         0.32828498 0.671715  ]

rule14: 159.453 < num_critic_for_reviews < 242.346
probabilities_array:[0.         0.3079616  0.69203836]

rule15: num_critic_for_reviews > 242.346
probabilities_array:[0.         0.29926237 0.7007376 ]

rule1: 5.714 < imdb_score < 6.464
probabilities_array:[0.         0.2891687  0.71083134]

rule35: actor_3_facebook_likes > 1827.643
probabilities_array:[0.         0.28260705 0.7173929 ]

rule23: director_facebook_likes > 2617.111
probabilities_array:[0.00580778 0.27157637 0.7226158 ]

rule31: actor_2_facebook_likes > 4882.786
probabilities_array:[0.01931137 0.26277414 0.7179145 ]

rule43: movie_facebook_likes > 22690.336
probabilities_array:[0.         0.26979914 0.7302009 ]

rule13: 76.560 < num_critic_for_reviews < 159.453
probabilities_array:[0.        0.2691387 0.7308613]

rule18: 321.597 < num_user_for_reviews < 595.391
probabilities_array:[0.         0.25595242 0.7440476 ]

rule0: imdb_score < 5.714
probabilities_array:[0.        0.2519186 0.7480814]

rule21: -1237.418 < director_facebook_likes < 689.847
probabilities_array:[0.         0.21274665 0.7872534 ]

