R2: 0.1416084959429782

MAE: 34418048.32556446

MSE: 4336790983635072.5

Accuracy: 0.752367079388201

F1: 0.7517400849195477

Confusion Matrix: [[551, 120], [220, 482]]

Uncertainties: {'class0': [0.41146713495254517, 0.4849499762058258, 0.5800986289978027, 0.5801757574081421, 0.5885403156280518], 'class1': [0.5317171812057495, 0.536411702632904, 0.5581247806549072, 0.5910545587539673, 0.6337988376617432]}

Most important rules
-----------------------------

---0---
rule51: budget > 227102425.765
probabilities_array:[0.58853287 0.         0.41146713]

rule16: num_user_for_reviews < 45.984
probabilities_array:[0.51505    0.         0.48494998]

rule9: 582.962 < num_voted_users < 98401.897
probabilities_array:[0.41990134 0.         0.5800986 ]

rule8: num_voted_users < 582.962
probabilities_array:[0.41982424 0.         0.58017576]

rule3: imdb_score > 7.213
probabilities_array:[0.41145965 0.         0.5885403 ]

rule6: 2003.242 < title_year < 2009.879
probabilities_array:[0.3569081 0.        0.6430919]

rule49: -131508811.901 < budget < 47796806.932
probabilities_array:[0.32972342 0.         0.6702766 ]

rule7: title_year > 2009.879
probabilities_array:[0.28154972 0.         0.71845025]

rule12: num_critic_for_reviews < 77.348
probabilities_array:[0.2408441 0.        0.7591559]

rule45: 93.530 < duration < 109.259
probabilities_array:[0.21461345 0.01488773 0.7704989 ]


---1---
rule4: title_year < 1996.605
probabilities_array:[0.         0.46828285 0.5317172 ]

rule11: num_voted_users > 196220.832
probabilities_array:[0.        0.4635883 0.5364117]

rule10: 98401.897 < num_voted_users < 196220.832
probabilities_array:[0.         0.44187522 0.5581248 ]

rule19: num_user_for_reviews > 591.767
probabilities_array:[0.         0.4089454  0.59105456]

rule50: 47796806.932 < budget < 227102425.765
probabilities_array:[0.         0.3662012  0.63379884]

rule30: 1892.702 < actor_2_facebook_likes < 4511.420
probabilities_array:[0.         0.35110754 0.64889246]

rule14: 159.806 < num_critic_for_reviews < 242.264
probabilities_array:[0.         0.33820418 0.66179585]

rule18: 318.875 < num_user_for_reviews < 591.767
probabilities_array:[0.         0.32648623 0.67351377]

rule13: 77.348 < num_critic_for_reviews < 159.806
probabilities_array:[0.        0.3189256 0.6810744]

rule15: num_critic_for_reviews > 242.264
probabilities_array:[0.         0.31652844 0.68347156]

rule0: imdb_score < 5.723
probabilities_array:[0.        0.3061853 0.6938147]

rule43: movie_facebook_likes > 22764.158
probabilities_array:[0.         0.29659376 0.7034062 ]

rule1: 5.723 < imdb_score < 6.468
probabilities_array:[0.        0.2956876 0.7043124]

rule47: duration > 124.987
probabilities_array:[0.00895409 0.2602339  0.730812  ]

rule23: director_facebook_likes > 2643.491
probabilities_array:[0.         0.24650197 0.753498  ]

rule31: actor_2_facebook_likes > 4511.420
probabilities_array:[0.02632635 0.20081066 0.77286303]

