R2: 0.15671366517079033

MAE: 34042040.64675892

MSE: 3797666235781574.0

Accuracy: 0.7603787327021122

F1: 0.7601950432264417

Confusion Matrix: [[541, 131], [198, 503]]

Uncertainties: {'class0': [0.4984416961669922, 0.5608858466148376, 0.5634254217147827, 0.6334238648414612, 0.6463720202445984], 'class1': [0.5047360062599182, 0.5294709205627441, 0.5378977060317993, 0.5802143812179565, 0.5935119390487671]}

Most important rules
-----------------------------

---0---
rule51: budget > 226927515.753
probabilities_array:[0.5015583 0.        0.4984417]

rule3: imdb_score > 7.203
probabilities_array:[0.43911418 0.         0.56088585]

rule16: num_user_for_reviews < 36.846
probabilities_array:[0.43657458 0.         0.5634254 ]

rule49: -131584207.102 < budget < 47671654.326
probabilities_array:[0.36657614 0.         0.63342386]

rule9: -4286.277 < num_voted_users < 97784.880
probabilities_array:[0.35362798 0.         0.646372  ]

rule6: 2003.283 < title_year < 2010.042
probabilities_array:[0.2959318  0.         0.70406824]

rule12: num_critic_for_reviews < 75.963
probabilities_array:[0.29234493 0.         0.7076551 ]

rule45: 94.328 < duration < 109.807
probabilities_array:[0.2452152  0.00401442 0.7507704 ]

rule44: duration < 94.328
probabilities_array:[0.18636103 0.05102544 0.76261353]


---1---
rule11: num_voted_users > 199856.037
probabilities_array:[0.       0.495264 0.504736]

rule4: title_year < 1996.523
probabilities_array:[0.         0.47052908 0.5294709 ]

rule50: 47671654.326 < budget < 226927515.753
probabilities_array:[0.        0.4621023 0.5378977]

rule19: num_user_for_reviews > 586.824
probabilities_array:[0.         0.41978562 0.5802144 ]

rule10: 97784.880 < num_voted_users < 199856.037
probabilities_array:[0.         0.40648806 0.59351194]

rule23: director_facebook_likes > 2748.178
probabilities_array:[0.         0.31367284 0.68632716]

rule14: 158.547 < num_critic_for_reviews < 241.130
probabilities_array:[0.         0.29978108 0.7002189 ]

rule18: 311.835 < num_user_for_reviews < 586.824
probabilities_array:[0.         0.27659822 0.7234018 ]

rule30: 1926.822 < actor_2_facebook_likes < 5058.197
probabilities_array:[0.         0.25530618 0.7446938 ]

rule15: num_critic_for_reviews > 241.130
probabilities_array:[0.         0.25371248 0.7462875 ]

rule1: 5.734 < imdb_score < 6.469
probabilities_array:[0.         0.24479753 0.7552025 ]

rule0: imdb_score < 5.734
probabilities_array:[0.        0.2359481 0.7640519]

rule38: 11010.358 < cast_total_facebook_likes < 24634.512
probabilities_array:[0.03205432 0.21210817 0.75583756]

rule13: 75.963 < num_critic_for_reviews < 158.547
probabilities_array:[0.         0.22003853 0.77996147]

rule43: movie_facebook_likes > 22536.388
probabilities_array:[0.00747459 0.20978862 0.78273684]

