R2: 0.14115100401446423

MAE: 35239310.86635105

MSE: 4505375827904940.0

Accuracy: 0.7581937363437727

F1: 0.7576505765312849

Confusion Matrix: [[553, 119], [213, 488]]

Uncertainties: {'class0': [0.48033419251441956, 0.5953486561775208, 0.6107397079467773, 0.6477774977684021, 0.6683169603347778], 'class1': [0.5007288455963135, 0.5702193975448608, 0.5876868963241577, 0.620520830154419, 0.6265039443969727]}

Most important rules
-----------------------------

---0---
rule16: num_user_for_reviews < 50.539
probabilities_array:[0.51966584 0.         0.4803342 ]

rule49: -35511566.199 < budget < 42417975.336
probabilities_array:[0.40465134 0.         0.59534866]

rule8: num_voted_users < 2158.888
probabilities_array:[0.3892603 0.        0.6107397]

rule9: 2158.888 < num_voted_users < 97968.658
probabilities_array:[0.35222253 0.         0.6477775 ]

rule6: 2003.201 < title_year < 2010.142
probabilities_array:[0.331683   0.         0.66831696]

rule12: num_critic_for_reviews < 78.363
probabilities_array:[0.30087033 0.         0.6991297 ]

rule45: 93.973 < duration < 109.403
probabilities_array:[0.25978345 0.01357793 0.7266387 ]

rule41: -4885.026 < movie_facebook_likes < 8788.463
probabilities_array:[0.25350505 0.         0.74649495]

rule3: imdb_score > 7.204
probabilities_array:[0.24747586 0.         0.75252414]


---1---
rule4: title_year < 1996.260
probabilities_array:[0.         0.4992712  0.50072885]

rule51: budget > 120347516.872
probabilities_array:[0.        0.4297806 0.5702194]

rule50: 42417975.336 < budget < 120347516.872
probabilities_array:[0.         0.41231307 0.5876869 ]

rule1: 5.737 < imdb_score < 6.470
probabilities_array:[0.         0.37947917 0.62052083]

rule19: num_user_for_reviews > 575.024
probabilities_array:[0.         0.37349603 0.62650394]

rule35: actor_3_facebook_likes > 1837.867
probabilities_array:[0.        0.3705622 0.6294378]

rule10: 97968.658 < num_voted_users < 193778.429
probabilities_array:[0.         0.36939204 0.63060796]

rule15: num_critic_for_reviews > 243.247
probabilities_array:[0.         0.32653144 0.67346853]

rule30: 1863.721 < actor_2_facebook_likes < 4932.906
probabilities_array:[0.        0.2852794 0.7147206]

rule11: num_voted_users > 193778.429
probabilities_array:[0.         0.28227505 0.7177249 ]

rule14: 160.805 < num_critic_for_reviews < 243.247
probabilities_array:[0.         0.279565   0.72043496]

rule0: imdb_score < 5.737
probabilities_array:[0.         0.26379293 0.73620707]

rule38: 10961.424 < cast_total_facebook_likes < 24554.760
probabilities_array:[0.02516315 0.2423705  0.73246634]

rule18: 312.781 < num_user_for_reviews < 575.024
probabilities_array:[0.         0.25387925 0.74612075]

rule13: 78.363 < num_critic_for_reviews < 160.805
probabilities_array:[0.         0.22928569 0.7707143 ]

rule39: cast_total_facebook_likes > 24554.760
probabilities_array:[0.01402452 0.2194108  0.7665647 ]

rule23: director_facebook_likes > 2710.897
probabilities_array:[0.         0.2226738  0.77732617]

