R2: 0.14301941752773717

MAE: 35306301.503277496

MSE: 4182665013111854.0

Accuracy: 0.7581937363437727

F1: 0.7573068404463754

Confusion Matrix: [[562, 153], [179, 479]]

Uncertainties: {'class0': [0.5629176497459412, 0.5633335709571838, 0.5887472629547119, 0.603456974029541, 0.6420267224311829], 'class1': [0.5595571398735046, 0.5759768486022949, 0.5897400379180908, 0.6072270274162292, 0.6138901710510254]}

Most important rules
-----------------------------

---0---
rule36: cast_total_facebook_likes < 401.659
probabilities_array:[0.43708232 0.         0.56291765]

rule16: num_user_for_reviews < 53.309
probabilities_array:[0.4366664 0.        0.5633336]

rule8: num_voted_users < 189.767
probabilities_array:[0.41125274 0.         0.58874726]

rule49: -124272033.818 < budget < 45269858.474
probabilities_array:[0.396543 0.       0.603457]

rule12: num_critic_for_reviews < 76.494
probabilities_array:[0.35574377 0.00222952 0.6420267 ]

rule9: 189.767 < num_voted_users < 97472.431
probabilities_array:[0.35196576 0.         0.6480342 ]

rule6: 2003.357 < title_year < 2009.994
probabilities_array:[0.327662 0.       0.672338]

rule3: imdb_score > 7.203
probabilities_array:[0.29623035 0.         0.7037697 ]

rule51: budget > 214811750.766
probabilities_array:[0.25003913 0.         0.74996084]

rule22: 717.111 < director_facebook_likes < 2638.607
probabilities_array:[0.23882717 0.         0.76117283]

rule45: 93.777 < duration < 109.196
probabilities_array:[0.22059005 0.00229044 0.7771196 ]


---1---
rule10: 97472.431 < num_voted_users < 194755.096
probabilities_array:[0.         0.4404429  0.55955714]

rule4: title_year < 1996.719
probabilities_array:[0.         0.42402312 0.57597685]

rule19: num_user_for_reviews > 566.941
probabilities_array:[0.         0.41025996 0.58974004]

rule11: num_voted_users > 194755.096
probabilities_array:[0.       0.392773 0.607227]

rule50: 45269858.474 < budget < 214811750.766
probabilities_array:[0.         0.38610983 0.6138902 ]

rule35: actor_3_facebook_likes > 1822.912
probabilities_array:[0.         0.3748543  0.62514573]

rule15: num_critic_for_reviews > 241.113
probabilities_array:[0.         0.32483768 0.6751623 ]

rule18: 310.125 < num_user_for_reviews < 566.941
probabilities_array:[0.        0.2817179 0.7182821]

rule37: 401.659 < cast_total_facebook_likes < 10612.230
probabilities_array:[0.         0.27583054 0.72416943]

rule0: imdb_score < 5.705
probabilities_array:[0.         0.24771227 0.75228775]

rule23: director_facebook_likes > 2638.607
probabilities_array:[0.         0.24600975 0.75399023]

rule46: 109.196 < duration < 124.616
probabilities_array:[0.00082057 0.24203981 0.7571396 ]

rule1: 5.705 < imdb_score < 6.454
probabilities_array:[0.         0.23937032 0.76062965]

rule34: 690.765 < actor_3_facebook_likes < 1822.912
probabilities_array:[0.00696636 0.22798085 0.7650528 ]

rule30: 1856.117 < actor_2_facebook_likes < 4448.244
probabilities_array:[0.         0.22653535 0.7734647 ]

rule47: duration > 124.616
probabilities_array:[0.         0.22428185 0.77571815]

rule14: 158.804 < num_critic_for_reviews < 241.113
probabilities_array:[0.00443942 0.21424375 0.78131676]

rule13: 76.494 < num_critic_for_reviews < 158.804
probabilities_array:[0.         0.20902658 0.7909734 ]

rule27: actor_1_facebook_likes > 15000.483
probabilities_array:[0.         0.20187747 0.7981225 ]

