R2: 0.16038521928889837

MAE: 33851735.87217771

MSE: 3954629362757878.0

Accuracy: 0.7611070648215587

F1: 0.7606946245244117

Confusion Matrix: [[551, 141], [187, 494]]

Uncertainties: {'class0': [0.5507000088691711, 0.5818063020706177, 0.678166389465332, 0.6831833720207214, 0.7088240385055542], 'class1': [0.4259403347969055, 0.5248162150382996, 0.6190680861473083, 0.62266606092453, 0.6327276229858398]}

Most important rules
-----------------------------

---0---
rule16: num_user_for_reviews < 44.433
probabilities_array:[0.4493 0.     0.5507]

rule9: -2439.898 < num_voted_users < 97146.669
probabilities_array:[0.41819373 0.         0.5818063 ]

rule3: imdb_score > 7.230
probabilities_array:[0.3218336 0.        0.6781664]

rule6: 2003.349 < title_year < 2009.934
probabilities_array:[0.3168166 0.        0.6831834]

rule49: -123295159.533 < budget < 44436140.465
probabilities_array:[0.29117593 0.         0.70882404]

rule12: num_critic_for_reviews < 76.986
probabilities_array:[0.26995403 0.         0.730046  ]


---1---
rule4: title_year < 1996.763
probabilities_array:[0.         0.57405967 0.42594033]

rule50: 44436140.465 < budget < 212167440.462
probabilities_array:[0.         0.47518376 0.5248162 ]

rule19: num_user_for_reviews > 579.283
probabilities_array:[0.        0.3809319 0.6190681]

rule11: num_voted_users > 196733.235
probabilities_array:[0.         0.37733397 0.62266606]

rule14: 160.207 < num_critic_for_reviews < 243.428
probabilities_array:[0.         0.36727235 0.6327276 ]

rule10: 97146.669 < num_voted_users < 196733.235
probabilities_array:[0.         0.36650336 0.63349664]

rule1: 5.738 < imdb_score < 6.484
probabilities_array:[0.        0.3073647 0.6926353]

rule15: num_critic_for_reviews > 243.428
probabilities_array:[0.         0.29321697 0.706783  ]

rule18: 311.858 < num_user_for_reviews < 579.283
probabilities_array:[0.         0.28764975 0.71235025]

rule0: imdb_score < 5.738
probabilities_array:[0.         0.28668335 0.7133167 ]

rule30: 1903.787 < actor_2_facebook_likes < 5038.359
probabilities_array:[0.         0.2684497  0.73155034]

rule13: 76.986 < num_critic_for_reviews < 160.207
probabilities_array:[0.        0.2565382 0.7434618]

rule35: actor_3_facebook_likes > 1955.537
probabilities_array:[0.         0.23753889 0.7624611 ]

rule43: movie_facebook_likes > 23036.420
probabilities_array:[0.        0.2205477 0.7794523]

rule26: 7493.983 < actor_1_facebook_likes < 18878.694
probabilities_array:[0.         0.21643676 0.78356326]

rule47: duration > 124.790
probabilities_array:[0.00946145 0.20792603 0.7826125 ]

