R2: 0.1409646897994551

MAE: 35355436.5782957

MSE: 4112963842607188.5

Accuracy: 0.7749453750910416

F1: 0.7748646424187815

Confusion Matrix: [[545, 100], [209, 519]]

Uncertainties: {'class0': [0.4775739312171936, 0.49555858969688416, 0.5786511898040771, 0.6186073422431946, 0.6462192535400391], 'class1': [0.5343427658081055, 0.5456764698028564, 0.6337709426879883, 0.6395269632339478, 0.6580193042755127]}

Most important rules
-----------------------------

---0---
rule51: budget > 231084228.656
probabilities_array:[0.52242607 0.         0.47757393]

rule16: num_user_for_reviews < 49.301
probabilities_array:[0.5044414 0.        0.4955586]

rule6: 2003.414 < title_year < 2010.062
probabilities_array:[0.42134878 0.         0.5786512 ]

rule9: -569.419 < num_voted_users < 94315.620
probabilities_array:[0.38139266 0.         0.61860734]

rule49: -133586358.576 < budget < 48748935.040
probabilities_array:[0.35378072 0.         0.64621925]

rule12: num_critic_for_reviews < 77.050
probabilities_array:[0.2937717 0.        0.7062283]

rule3: imdb_score > 7.202
probabilities_array:[0.2340787 0.        0.7659213]


---1---
rule10: 94315.620 < num_voted_users < 189200.659
probabilities_array:[0.         0.46565726 0.53434277]

rule50: 48748935.040 < budget < 231084228.656
probabilities_array:[0.         0.45432353 0.54567647]

rule4: title_year < 1996.766
probabilities_array:[0.         0.3662291  0.63377094]

rule11: num_voted_users > 189200.659
probabilities_array:[0.         0.360473   0.63952696]

rule19: num_user_for_reviews > 564.241
probabilities_array:[0.         0.34198073 0.6580193 ]

rule1: 5.720 < imdb_score < 6.461
probabilities_array:[0.         0.33928937 0.66071063]

rule14: 159.480 < num_critic_for_reviews < 241.909
probabilities_array:[0.         0.32836255 0.6716374 ]

rule0: imdb_score < 5.720
probabilities_array:[0.         0.31123686 0.68876314]

rule15: num_critic_for_reviews > 241.909
probabilities_array:[0.         0.30193102 0.698069  ]

rule18: 306.771 < num_user_for_reviews < 564.241
probabilities_array:[0.         0.27095476 0.7290453 ]

rule34: 718.931 < actor_3_facebook_likes < 1949.766
probabilities_array:[0.         0.25544113 0.7445589 ]

rule30: 1878.641 < actor_2_facebook_likes < 4987.586
probabilities_array:[0.         0.25210685 0.74789315]

rule35: actor_3_facebook_likes > 1949.766
probabilities_array:[0.00734917 0.20457153 0.7880793 ]

