R2: 0.1617922539145369

MAE: 34379737.52294246

MSE: 3817909980225729.0

Accuracy: 0.7654770575382375

F1: 0.7646980554455614

Confusion Matrix: [[565, 111], [211, 486]]

Uncertainties: {'class0': [0.4387204647064209, 0.4865272641181946, 0.5744236707687378, 0.5758571624755859, 0.6225751042366028], 'class1': [0.5281596779823303, 0.5887600183486938, 0.5934363603591919, 0.5975527167320251, 0.6161025166511536]}

Most important rules
-----------------------------

---0---
rule51: budget > 229790936.654
probabilities_array:[0.56127954 0.         0.43872046]

rule9: -978.840 < num_voted_users < 96969.167
probabilities_array:[0.51347274 0.         0.48652726]

rule16: num_user_for_reviews < 39.185
probabilities_array:[0.42557633 0.         0.5744237 ]

rule49: -133123550.041 < budget < 48333693.306
probabilities_array:[0.42414284 0.         0.57585716]

rule6: 2003.370 < title_year < 2010.176
probabilities_array:[0.37742487 0.         0.6225751 ]

rule22: 765.469 < director_facebook_likes < 2797.135
probabilities_array:[0.32574895 0.         0.674251  ]

rule3: imdb_score > 7.207
probabilities_array:[0.27397126 0.         0.72602874]

rule5: 1996.565 < title_year < 2003.370
probabilities_array:[0.2703558 0.        0.7296442]

rule12: num_critic_for_reviews < 78.330
probabilities_array:[0.26639625 0.         0.7336037 ]

rule7: title_year > 2010.176
probabilities_array:[0.21130171 0.         0.78869826]

rule45: 94.657 < duration < 109.647
probabilities_array:[0.19711274 0.0187405  0.7841467 ]

rule44: duration < 94.657
probabilities_array:[0.19035383 0.02241587 0.7872304 ]


---1---
rule4: title_year < 1996.565
probabilities_array:[0.         0.47184032 0.5281597 ]

rule11: num_voted_users > 194917.174
probabilities_array:[0.         0.41123998 0.58876   ]

rule50: 48333693.306 < budget < 229790936.654
probabilities_array:[0.         0.4065636  0.59343636]

rule35: actor_3_facebook_likes > 2057.096
probabilities_array:[0.        0.4024473 0.5975527]

rule0: imdb_score < 5.737
probabilities_array:[0.         0.38389745 0.6161025 ]

rule19: num_user_for_reviews > 594.161
probabilities_array:[0.        0.3826859 0.6173141]

rule1: 5.737 < imdb_score < 6.472
probabilities_array:[0.         0.33136696 0.66863304]

rule14: 161.681 < num_critic_for_reviews < 245.031
probabilities_array:[0.         0.33124676 0.6687532 ]

rule18: 316.673 < num_user_for_reviews < 594.161
probabilities_array:[0.         0.31859156 0.68140846]

rule23: director_facebook_likes > 2797.135
probabilities_array:[0.         0.31065264 0.6893474 ]

rule10: 96969.167 < num_voted_users < 194917.174
probabilities_array:[0.         0.29803827 0.70196176]

rule30: 1891.872 < actor_2_facebook_likes < 4529.952
probabilities_array:[0.         0.28362253 0.7163775 ]

rule13: 78.330 < num_critic_for_reviews < 161.681
probabilities_array:[0.         0.2554061  0.74459386]

rule27: actor_1_facebook_likes > 18452.174
probabilities_array:[0.         0.25288737 0.74711263]

rule43: movie_facebook_likes > 22785.394
probabilities_array:[0.00483334 0.2503912  0.7447755 ]

rule26: 7354.355 < actor_1_facebook_likes < 18452.174
probabilities_array:[0.        0.2519919 0.7480081]

rule34: 764.894 < actor_3_facebook_likes < 2057.096
probabilities_array:[0.00320832 0.23934403 0.75744766]

rule15: num_critic_for_reviews > 245.031
probabilities_array:[0.         0.22842234 0.77157766]

