R2: 0.13609588796307315

MAE: 34605930.902767666

MSE: 4172983308122117.0

Accuracy: 0.7618353969410051

F1: 0.761827310994581

Confusion Matrix: [[527, 114], [213, 519]]

Uncertainties: {'class0': [0.4861321449279785, 0.6092272996902466, 0.6505046486854553, 0.6826299428939819, 0.7186742424964905], 'class1': [0.4286486804485321, 0.5135836601257324, 0.5574377775192261, 0.6024799346923828, 0.6160443425178528]}

Most important rules
-----------------------------

---0---
rule16: num_user_for_reviews < 42.849
probabilities_array:[0.51386786 0.         0.48613214]

rule3: imdb_score > 7.225
probabilities_array:[0.39077273 0.         0.6092273 ]

rule51: budget > 216161968.858
probabilities_array:[0.34949538 0.         0.65050465]

rule9: -3477.303 < num_voted_users < 97712.499
probabilities_array:[0.31737006 0.         0.68262994]

rule49: -124661700.053 < budget < 45750134.402
probabilities_array:[0.28132576 0.         0.71867424]

rule12: num_critic_for_reviews < 76.299
probabilities_array:[0.25987542 0.         0.7401246 ]

rule6: 2003.217 < title_year < 2010.012
probabilities_array:[0.24759203 0.         0.75240797]


---1---
rule4: title_year < 1996.422
probabilities_array:[0.         0.57135135 0.42864868]

rule11: num_voted_users > 198902.302
probabilities_array:[0.         0.48641634 0.51358366]

rule50: 45750134.402 < budget < 216161968.858
probabilities_array:[0.         0.44256222 0.5574378 ]

rule10: 97712.499 < num_voted_users < 198902.302
probabilities_array:[0.         0.39752007 0.60247993]

rule19: num_user_for_reviews > 579.913
probabilities_array:[0.         0.38395566 0.61604434]

rule30: 1902.424 < actor_2_facebook_likes < 5015.663
probabilities_array:[0.        0.3462822 0.6537178]

rule18: 311.381 < num_user_for_reviews < 579.913
probabilities_array:[0.        0.2846677 0.7153323]

rule15: num_critic_for_reviews > 242.835
probabilities_array:[0.         0.28094155 0.71905845]

rule13: 76.299 < num_critic_for_reviews < 159.567
probabilities_array:[0.         0.27953544 0.7204646 ]

rule35: actor_3_facebook_likes > 1930.336
probabilities_array:[0.         0.27825043 0.7217496 ]

rule14: 159.567 < num_critic_for_reviews < 242.835
probabilities_array:[0.00238557 0.26297355 0.7346409 ]

rule46: 109.816 < duration < 125.141
probabilities_array:[0.01569536 0.21668886 0.7676158 ]

rule34: 717.596 < actor_3_facebook_likes < 1930.336
probabilities_array:[0.00105059 0.22282836 0.7761211 ]

rule0: imdb_score < 5.740
probabilities_array:[0.         0.21967596 0.78032404]

rule26: 7302.355 < actor_1_facebook_likes < 18556.979
probabilities_array:[0.04521346 0.19706346 0.7577231 ]

rule1: 5.740 < imdb_score < 6.482
probabilities_array:[0.        0.2182815 0.7817185]

