R2: 0.14395266800564022

MAE: 34022479.43918427

MSE: 4197488091912981.0

Accuracy: 0.7764020393299345

F1: 0.7763849579704878

Confusion Matrix: [[539, 111], [196, 527]]

Uncertainties: {'class0': [0.38008320331573486, 0.5438778400421143, 0.5547149181365967, 0.565850555896759, 0.7238087058067322], 'class1': [0.3992013931274414, 0.5138382315635681, 0.5205526947975159, 0.5467977523803711, 0.601585865020752]}

Most important rules
-----------------------------

---0---
rule48: budget < 4702503.068
probabilities_array:[0.6199168 0.        0.3800832]

rule9: -2860.908 < num_voted_users < 97439.664
probabilities_array:[0.4561222  0.         0.54387784]

rule16: num_user_for_reviews < 37.477
probabilities_array:[0.44528508 0.         0.5547149 ]

rule3: imdb_score > 7.214
probabilities_array:[0.43414947 0.         0.56585056]

rule12: num_critic_for_reviews < 78.041
probabilities_array:[0.27619126 0.         0.7238087 ]

rule6: 2003.385 < title_year < 2010.056
probabilities_array:[0.24851851 0.         0.7514815 ]

rule41: -5642.453 < movie_facebook_likes < 9045.744
probabilities_array:[0.20560445 0.         0.79439557]


---1---
rule4: title_year < 1996.715
probabilities_array:[0.        0.6007986 0.3992014]

rule50: 38678775.951 < budget < 72655048.835
probabilities_array:[0.         0.48616177 0.51383823]

rule11: num_voted_users > 197740.236
probabilities_array:[0.         0.47944728 0.5205527 ]

rule51: budget > 72655048.835
probabilities_array:[0.         0.45320222 0.54679775]

rule19: num_user_for_reviews > 597.366
probabilities_array:[0.         0.39841416 0.60158587]

rule10: 97439.664 < num_voted_users < 197740.236
probabilities_array:[0.        0.3735552 0.6264448]

rule14: 161.097 < num_critic_for_reviews < 244.153
probabilities_array:[0.00227404 0.33855712 0.65916884]

rule15: num_critic_for_reviews > 244.153
probabilities_array:[0.         0.31894526 0.6810547 ]

rule13: 78.041 < num_critic_for_reviews < 161.097
probabilities_array:[0.         0.29869622 0.7013038 ]

rule1: 5.739 < imdb_score < 6.476
probabilities_array:[0.         0.28385845 0.7161416 ]

rule18: 317.421 < num_user_for_reviews < 597.366
probabilities_array:[0.         0.26598868 0.7340113 ]

rule46: 109.023 < duration < 123.791
probabilities_array:[0.02431432 0.23894106 0.7367446 ]

rule22: 753.050 < director_facebook_likes < 2741.996
probabilities_array:[0.03228516 0.22389305 0.7438218 ]

rule47: duration > 123.791
probabilities_array:[0.03789343 0.21679318 0.7453134 ]

rule30: 1936.295 < actor_2_facebook_likes < 5090.427
probabilities_array:[0.         0.22559415 0.77440584]

rule43: movie_facebook_likes > 23733.940
probabilities_array:[6.3951308e-04 2.2166352e-01 7.7769697e-01]

rule35: actor_3_facebook_likes > 2040.743
probabilities_array:[0.         0.22070678 0.77929324]

rule0: imdb_score < 5.739
probabilities_array:[0.         0.21567608 0.78432393]

rule34: 750.588 < actor_3_facebook_likes < 2040.743
probabilities_array:[0.00426202 0.2083778  0.78736013]

