R2: 0.161603599134315

MAE: 33792835.95593591

MSE: 3903188006775012.0

Accuracy: 0.7494537509104151

F1: 0.747557414130012

Confusion Matrix: [[574, 118], [226, 455]]

Uncertainties: {'class0': [0.5361437201499939, 0.5673197507858276, 0.5797839760780334, 0.6239736080169678, 0.6688337922096252], 'class1': [0.5044959783554077, 0.5492051243782043, 0.5734867453575134, 0.591674268245697, 0.6233110427856445]}

Most important rules
-----------------------------

---0---
rule16: num_user_for_reviews < 43.984
probabilities_array:[0.46385625 0.         0.5361437 ]

rule51: budget > 230141014.988
probabilities_array:[0.43268028 0.         0.56731975]

rule9: -532.478 < num_voted_users < 100758.364
probabilities_array:[0.42021602 0.         0.579784  ]

rule49: -131982314.987 < budget < 49079350.001
probabilities_array:[0.37602636 0.         0.6239736 ]

rule12: num_critic_for_reviews < 77.369
probabilities_array:[0.3311662 0.        0.6688338]

rule6: 2003.412 < title_year < 2009.970
probabilities_array:[0.29565042 0.         0.7043496 ]

rule3: imdb_score > 7.204
probabilities_array:[0.254646 0.       0.745354]

rule45: 94.571 < duration < 109.829
probabilities_array:[2.0879912e-01 4.4724013e-04 7.9075366e-01]


---1---
rule4: title_year < 1996.854
probabilities_array:[0.         0.49550402 0.504496  ]

rule50: 49079350.001 < budget < 230141014.988
probabilities_array:[0.        0.4507949 0.5492051]

rule1: 5.739 < imdb_score < 6.472
probabilities_array:[0.         0.42651328 0.57348675]

rule10: 100758.364 < num_voted_users < 202049.206
probabilities_array:[0.         0.40832576 0.59167427]

rule0: imdb_score < 5.739
probabilities_array:[0.         0.376689   0.62331104]

rule11: num_voted_users > 202049.206
probabilities_array:[0.        0.3575887 0.6424113]

rule35: actor_3_facebook_likes > 1908.748
probabilities_array:[0.         0.35556912 0.6444309 ]

rule15: num_critic_for_reviews > 245.714
probabilities_array:[0.         0.34030455 0.65969545]

rule13: 77.369 < num_critic_for_reviews < 161.542
probabilities_array:[0.         0.31056523 0.68943477]

rule19: num_user_for_reviews > 598.563
probabilities_array:[0.         0.27176622 0.72823375]

rule23: director_facebook_likes > 2650.281
probabilities_array:[0.         0.25313684 0.7468631 ]

rule30: 1879.988 < actor_2_facebook_likes < 4465.337
probabilities_array:[0.         0.25285503 0.74714494]

rule26: 7606.065 < actor_1_facebook_likes < 18616.345
probabilities_array:[0.03414987 0.22896367 0.73688644]

rule14: 161.542 < num_critic_for_reviews < 245.714
probabilities_array:[0.00167063 0.24230145 0.7560279 ]

rule22: 713.534 < director_facebook_likes < 2650.281
probabilities_array:[0.02975438 0.20179857 0.76844704]

rule43: movie_facebook_likes > 23140.456
probabilities_array:[0.         0.21412218 0.7858778 ]

rule18: 321.273 < num_user_for_reviews < 598.563
probabilities_array:[0.         0.21256232 0.7874377 ]

rule47: duration > 125.086
probabilities_array:[1.3012563e-04 2.0663263e-01 7.9323721e-01]

