R2: 0.1707097851061844

MAE: 33080138.58230153

MSE: 3610819554652695.5

Accuracy: 0.7581937363437727

F1: 0.757390541639523

Confusion Matrix: [[560, 141], [191, 481]]

Uncertainties: {'class0': [0.48795196413993835, 0.5487499237060547, 0.5645051598548889, 0.5710263252258301, 0.6801676154136658], 'class1': [0.45809704065322876, 0.6037793159484863, 0.6224249601364136, 0.6487705707550049, 0.6694226861000061]}

Most important rules
-----------------------------

---0---
rule16: num_user_for_reviews < 39.917
probabilities_array:[0.51204807 0.         0.48795196]

rule51: budget > 224061297.339
probabilities_array:[0.4512501 0.        0.5487499]

rule9: -3198.465 < num_voted_users < 98291.205
probabilities_array:[0.43549484 0.         0.56450516]

rule49: -129539652.489 < budget < 47260822.425
probabilities_array:[0.42897367 0.         0.5710263 ]

rule12: num_critic_for_reviews < 74.996
probabilities_array:[0.31983235 0.         0.6801676 ]

rule3: imdb_score > 7.206
probabilities_array:[0.31390285 0.         0.68609715]

rule6: 2003.136 < title_year < 2009.855
probabilities_array:[0.20713782 0.         0.7928622 ]


---1---
rule4: title_year < 1996.416
probabilities_array:[0.         0.54190296 0.45809704]

rule10: 98291.205 < num_voted_users < 199780.876
probabilities_array:[0.         0.39622065 0.6037793 ]

rule50: 47260822.425 < budget < 224061297.339
probabilities_array:[0.         0.37757504 0.62242496]

rule43: movie_facebook_likes > 23279.692
probabilities_array:[0.         0.35122943 0.6487706 ]

rule35: actor_3_facebook_likes > 1989.835
probabilities_array:[0.        0.3305773 0.6694227]

rule30: 1859.446 < actor_2_facebook_likes < 4491.318
probabilities_array:[0.         0.32850203 0.67149794]

rule19: num_user_for_reviews > 593.834
probabilities_array:[0.        0.3190906 0.6809094]

rule11: num_voted_users > 199780.876
probabilities_array:[0.         0.31677538 0.6832246 ]

rule14: 158.221 < num_critic_for_reviews < 241.446
probabilities_array:[0.        0.3107953 0.6892047]

rule18: 316.875 < num_user_for_reviews < 593.834
probabilities_array:[0.00146127 0.29012215 0.7084165 ]

rule0: imdb_score < 5.724
probabilities_array:[0.         0.2898158  0.71018416]

rule13: 74.996 < num_critic_for_reviews < 158.221
probabilities_array:[0.         0.26762027 0.73237973]

rule42: 8864.657 < movie_facebook_likes < 23279.692
probabilities_array:[0.01485027 0.25928792 0.72586185]

rule1: 5.724 < imdb_score < 6.465
probabilities_array:[0.        0.2613487 0.7386513]

rule34: 735.444 < actor_3_facebook_likes < 1989.835
probabilities_array:[0.         0.24733129 0.75266874]

rule15: num_critic_for_reviews > 241.446
probabilities_array:[0.         0.24266155 0.75733846]

rule47: duration > 125.419
probabilities_array:[0.01499413 0.22461954 0.76038635]

rule46: 109.772 < duration < 125.419
probabilities_array:[0.         0.22671197 0.773288  ]

rule26: 7412.557 < actor_1_facebook_likes < 18721.521
probabilities_array:[0.02981628 0.20654911 0.7636346 ]

