R2: 0.16856934304348126

MAE: 33335264.231245447

MSE: 3470767122521850.0

Accuracy: 0.7516387472687546

F1: 0.7505669864450683

Confusion Matrix: [[561, 148], [193, 471]]

Uncertainties: {'class0': [0.5053750872612, 0.6314661502838135, 0.6372249722480774, 0.6619893312454224, 0.6635730266571045], 'class1': [0.48987331986427307, 0.5879426002502441, 0.603195071220398, 0.6083074808120728, 0.6089546084403992]}

Most important rules
-----------------------------

---0---
rule16: num_user_for_reviews < 42.053
probabilities_array:[0.49462494 0.         0.5053751 ]

rule49: -30212126.433 < budget < 42087247.433
probabilities_array:[0.36853385 0.         0.63146615]

rule3: imdb_score > 7.218
probabilities_array:[0.36277506 0.         0.637225  ]

rule6: 2003.346 < title_year < 2009.946
probabilities_array:[0.33801064 0.         0.66198933]

rule9: -2021.767 < num_voted_users < 98596.895
probabilities_array:[0.33642697 0.         0.663573  ]

rule12: num_critic_for_reviews < 78.705
probabilities_array:[0.3220256 0.        0.6779744]

rule41: -5747.154 < movie_facebook_likes < 9120.893
probabilities_array:[0.25467885 0.         0.74532115]

rule7: title_year > 2009.946
probabilities_array:[0.2520636  0.         0.74793637]

rule45: 94.535 < duration < 109.674
probabilities_array:[0.24011143 0.00525056 0.754638  ]


---1---
rule4: title_year < 1996.746
probabilities_array:[0.         0.51012665 0.48987332]

rule50: 42087247.433 < budget < 114386621.298
probabilities_array:[0.         0.41205743 0.5879426 ]

rule11: num_voted_users > 199215.556
probabilities_array:[0.         0.39680493 0.6031951 ]

rule51: budget > 114386621.298
probabilities_array:[0.         0.39169252 0.6083075 ]

rule0: imdb_score < 5.748
probabilities_array:[0.        0.3910454 0.6089546]

rule19: num_user_for_reviews > 602.645
probabilities_array:[0.         0.37594426 0.62405574]

rule18: 322.349 < num_user_for_reviews < 602.645
probabilities_array:[0.        0.3663194 0.6336806]

rule10: 98596.895 < num_voted_users < 199215.556
probabilities_array:[0.         0.33864233 0.6613577 ]

rule35: actor_3_facebook_likes > 2017.932
probabilities_array:[0.         0.33724132 0.66275865]

rule15: num_critic_for_reviews > 245.317
probabilities_array:[0.         0.31333813 0.68666184]

rule1: 5.748 < imdb_score < 6.483
probabilities_array:[0.         0.26726398 0.73273605]

rule13: 78.705 < num_critic_for_reviews < 162.011
probabilities_array:[0.        0.2656697 0.7343303]

rule26: 7510.652 < actor_1_facebook_likes < 18904.347
probabilities_array:[0.00264332 0.25924644 0.73811024]

rule14: 162.011 < num_critic_for_reviews < 245.317
probabilities_array:[0.         0.24054237 0.75945765]

rule47: duration > 124.814
probabilities_array:[0.010445   0.23459247 0.75496256]

rule38: 11133.546 < cast_total_facebook_likes < 24866.870
probabilities_array:[0.04207089 0.21097592 0.7469532 ]

rule30: 1946.364 < actor_2_facebook_likes < 5120.357
probabilities_array:[0.         0.22822046 0.77177954]

rule31: actor_2_facebook_likes > 5120.357
probabilities_array:[0.         0.22712402 0.77287596]

rule43: movie_facebook_likes > 23988.941
probabilities_array:[0.         0.20140721 0.7985928 ]

