R2: 0.15891765849694783

MAE: 34202904.03495994

MSE: 3763416378876861.0

Accuracy: 0.7472687545520758

F1: 0.7472639280926723

Confusion Matrix: [[516, 140], [207, 510]]

Uncertainties: {'class0': [0.46970438957214355, 0.5792101621627808, 0.5802489519119263, 0.6006552577018738, 0.6261711120605469], 'class1': [0.520432710647583, 0.5828576683998108, 0.5955361127853394, 0.6019754409790039, 0.6044188141822815]}

Most important rules
-----------------------------

---0---
rule16: num_user_for_reviews < 41.750
probabilities_array:[0.5302956 0.        0.4697044]

rule9: -3774.827 < num_voted_users < 98939.100
probabilities_array:[0.42078987 0.         0.57921016]

rule51: budget > 217347819.213
probabilities_array:[0.41975108 0.         0.58024895]

rule49: -125145046.295 < budget < 46101386.459
probabilities_array:[0.39934474 0.         0.60065526]

rule6: 2003.092 < title_year < 2009.985
probabilities_array:[0.3738289 0.        0.6261711]

rule12: num_critic_for_reviews < 74.945
probabilities_array:[0.36355284 0.         0.63644713]


---1---
rule4: title_year < 1996.199
probabilities_array:[0.         0.47956726 0.5204327 ]

rule10: 98939.100 < num_voted_users < 201653.027
probabilities_array:[0.         0.41714236 0.58285767]

rule50: 46101386.459 < budget < 217347819.213
probabilities_array:[0.         0.40446386 0.5955361 ]

rule11: num_voted_users > 201653.027
probabilities_array:[0.         0.39802456 0.60197544]

rule1: 5.729 < imdb_score < 6.475
probabilities_array:[0.         0.39558122 0.6044188 ]

rule19: num_user_for_reviews > 585.125
probabilities_array:[0.         0.35824585 0.64175415]

rule0: imdb_score < 5.729
probabilities_array:[0.         0.3515089  0.64849114]

rule30: 1874.440 < actor_2_facebook_likes < 4504.996
probabilities_array:[0.       0.346475 0.653525]

rule35: actor_3_facebook_likes > 1950.824
probabilities_array:[0.         0.34487292 0.65512705]

rule18: 313.438 < num_user_for_reviews < 585.125
probabilities_array:[0.         0.32822746 0.67177254]

rule14: 159.213 < num_critic_for_reviews < 243.481
probabilities_array:[0.         0.27099642 0.72900355]

rule13: 74.945 < num_critic_for_reviews < 159.213
probabilities_array:[0.         0.2519512  0.74804884]

rule34: 721.309 < actor_3_facebook_likes < 1950.824
probabilities_array:[0.00093561 0.24369171 0.7553727 ]

rule43: movie_facebook_likes > 23812.100
probabilities_array:[0.        0.2369097 0.7630903]

rule23: director_facebook_likes > 2734.351
probabilities_array:[0.00288265 0.21929298 0.7778244 ]

rule15: num_critic_for_reviews > 243.481
probabilities_array:[0.         0.21002436 0.78997564]

