R2: 0.1687990601846303

MAE: 33119842.882010195

MSE: 3814954325937157.0

Accuracy: 0.7552804078659869

F1: 0.753728283708297

Confusion Matrix: [[573, 141], [195, 464]]

Uncertainties: {'class0': [0.3917608857154846, 0.48212650418281555, 0.5516305565834045, 0.5963813066482544, 0.6007032990455627], 'class1': [0.5316058397293091, 0.5342246294021606, 0.5510545372962952, 0.5886320471763611, 0.6404633522033691]}

Most important rules
-----------------------------

---0---
rule51: budget > 222761721.351
probabilities_array:[0.6082391 0.        0.3917609]

rule16: num_user_for_reviews < 51.159
probabilities_array:[0.5178735 0.        0.4821265]

rule8: num_voted_users < 11.686
probabilities_array:[0.44836944 0.         0.55163056]

rule49: -130046809.165 < budget < 46357456.093
probabilities_array:[0.40361866 0.         0.5963813 ]

rule9: 11.686 < num_voted_users < 99188.767
probabilities_array:[0.3992967 0.        0.6007033]

rule3: imdb_score > 7.207
probabilities_array:[0.3332099 0.        0.6667901]

rule6: 2003.289 < title_year < 2009.966
probabilities_array:[0.27265677 0.         0.72734326]

rule12: num_critic_for_reviews < 78.212
probabilities_array:[0.24629332 0.         0.7537067 ]


---1---
rule4: title_year < 1996.612
probabilities_array:[0.         0.46839416 0.53160584]

rule19: num_user_for_reviews > 584.150
probabilities_array:[0.        0.4657754 0.5342246]

rule50: 46357456.093 < budget < 222761721.351
probabilities_array:[0.         0.44894546 0.55105454]

rule30: 1910.513 < actor_2_facebook_likes < 5028.248
probabilities_array:[0.         0.41136798 0.58863205]

rule1: 5.742 < imdb_score < 6.475
probabilities_array:[0.         0.35953665 0.64046335]

rule10: 99188.767 < num_voted_users < 198365.848
probabilities_array:[0.        0.3306893 0.6693107]

rule18: 317.655 < num_user_for_reviews < 584.150
probabilities_array:[0.        0.3238542 0.6761458]

rule11: num_voted_users > 198365.848
probabilities_array:[0.         0.31547964 0.68452036]

rule34: 731.773 < actor_3_facebook_likes < 1998.426
probabilities_array:[0.         0.28356716 0.71643287]

rule15: num_critic_for_reviews > 242.897
probabilities_array:[0.         0.27342278 0.7265772 ]

rule43: movie_facebook_likes > 23576.656
probabilities_array:[0.         0.25298452 0.7470155 ]

rule14: 160.555 < num_critic_for_reviews < 242.897
probabilities_array:[0.         0.24793673 0.7520633 ]

rule23: director_facebook_likes > 2857.467
probabilities_array:[0.         0.23494297 0.765057  ]

rule35: actor_3_facebook_likes > 1998.426
probabilities_array:[0.         0.22784317 0.77215683]

rule31: actor_2_facebook_likes > 5028.248
probabilities_array:[0.         0.21949235 0.7805077 ]

rule47: duration > 124.162
probabilities_array:[0.00219802 0.20322366 0.79457825]

