R2: 0.17173441405335965

MAE: 33720723.3390386

MSE: 3739965610599888.5

Accuracy: 0.7669337217771304

F1: 0.7661595582067691

Confusion Matrix: [[566, 148], [172, 487]]

Uncertainties: {'class0': [0.5768627524375916, 0.6072971820831299, 0.6301361918449402, 0.6670074462890625, 0.6955462098121643], 'class1': [0.510219395160675, 0.5287674069404602, 0.5911104083061218, 0.6192161440849304, 0.6581321954727173]}

Most important rules
-----------------------------

---0---
rule8: num_voted_users < 466.346
probabilities_array:[0.42313728 0.         0.57686275]

rule3: imdb_score > 7.194
probabilities_array:[0.39270282 0.         0.6072972 ]

rule9: 466.346 < num_voted_users < 96821.724
probabilities_array:[0.3698638 0.        0.6301362]

rule16: num_user_for_reviews < 51.127
probabilities_array:[0.33299258 0.         0.66700745]

rule6: 2003.349 < title_year < 2009.924
probabilities_array:[0.30445382 0.         0.6955462 ]

rule49: -35569584.644 < budget < 42790416.945
probabilities_array:[0.29522023 0.         0.70477974]

rule12: num_critic_for_reviews < 77.080
probabilities_array:[0.27867454 0.         0.72132546]

rule36: cast_total_facebook_likes < 978.765
probabilities_array:[0.26839107 0.         0.7316089 ]

rule24: actor_1_facebook_likes < 154.905
probabilities_array:[0.24645992 0.         0.7535401 ]

rule7: title_year > 2009.924
probabilities_array:[0.223885 0.       0.776115]

rule29: -733.462 < actor_2_facebook_likes < 1891.778
probabilities_array:[2.2223043e-01 3.4008004e-05 7.7773559e-01]


---1---
rule4: title_year < 1996.774
probabilities_array:[0.        0.4897806 0.5102194]

rule50: 42790416.945 < budget < 121150418.533
probabilities_array:[0.        0.4712326 0.5287674]

rule19: num_user_for_reviews > 575.375
probabilities_array:[0.         0.40888962 0.5911104 ]

rule15: num_critic_for_reviews > 244.193
probabilities_array:[0.         0.3807839  0.61921614]

rule14: 160.636 < num_critic_for_reviews < 244.193
probabilities_array:[0.         0.34186783 0.6581322 ]

rule51: budget > 121150418.533
probabilities_array:[0.         0.32750532 0.67249465]

rule10: 96821.724 < num_voted_users < 193177.101
probabilities_array:[0.         0.32297537 0.6770246 ]

rule38: 10687.863 < cast_total_facebook_likes < 20396.960
probabilities_array:[0.         0.31210515 0.6878948 ]

rule13: 77.080 < num_critic_for_reviews < 160.636
probabilities_array:[0.         0.31028938 0.6897106 ]

rule11: num_voted_users > 193177.101
probabilities_array:[0.       0.308762 0.691238]

rule18: 313.251 < num_user_for_reviews < 575.375
probabilities_array:[0.         0.2765542  0.72344583]

rule46: 109.585 < duration < 124.261
probabilities_array:[0.         0.26794273 0.7320573 ]

rule43: movie_facebook_likes > 23380.159
probabilities_array:[0.         0.25711873 0.74288124]

rule47: duration > 124.261
probabilities_array:[0.00755778 0.24331361 0.74912864]

rule23: director_facebook_likes > 2896.336
probabilities_array:[0.        0.2440079 0.7559921]

rule35: actor_3_facebook_likes > 1936.986
probabilities_array:[0.         0.23969498 0.760305  ]

rule1: 5.719 < imdb_score < 6.457
probabilities_array:[0.         0.23161113 0.76838887]

rule37: 978.765 < cast_total_facebook_likes < 10687.863
probabilities_array:[0.         0.22292995 0.77707005]

rule42: 8927.593 < movie_facebook_likes < 23380.159
probabilities_array:[0.00539569 0.21623328 0.77837104]

