R2: 0.1374057996443353

MAE: 35717975.305171154

MSE: 4390380920929844.5

Accuracy: 0.7465404224326293

F1: 0.7462915763986236

Confusion Matrix: [[534, 140], [208, 491]]

Uncertainties: {'class0': [0.5237614512443542, 0.5767337679862976, 0.5941010117530823, 0.6909590363502502, 0.7055214643478394], 'class1': [0.455233097076416, 0.5433403849601746, 0.5618910193443298, 0.5840588808059692, 0.6572959423065186]}

Most important rules
-----------------------------

---0---
rule16: num_user_for_reviews < 40.088
probabilities_array:[0.47623855 0.         0.52376145]

rule9: -1616.253 < num_voted_users < 96413.520
probabilities_array:[0.42326623 0.         0.57673377]

rule49: -124077878.694 < budget < 44797715.341
probabilities_array:[0.40589896 0.         0.594101  ]

rule12: num_critic_for_reviews < 77.518
probabilities_array:[0.30904093 0.         0.69095904]

rule6: 2003.496 < title_year < 2010.158
probabilities_array:[0.2944785  0.         0.70552146]

rule3: imdb_score > 7.198
probabilities_array:[0.27861455 0.         0.7213854 ]

rule24: actor_1_facebook_likes < 83.811
probabilities_array:[0.2691593 0.        0.7308407]

rule51: budget > 213673309.377
probabilities_array:[0.25308114 0.         0.74691886]

rule36: cast_total_facebook_likes < 982.488
probabilities_array:[0.23189126 0.         0.7681087 ]

rule29: -731.795 < actor_2_facebook_likes < 1827.716
probabilities_array:[0.231227 0.       0.768773]


---1---
rule4: title_year < 1996.835
probabilities_array:[0.        0.5447669 0.4552331]

rule10: 96413.520 < num_voted_users < 194443.294
probabilities_array:[0.         0.45665964 0.5433404 ]

rule50: 44797715.341 < budget < 213673309.377
probabilities_array:[0.       0.438109 0.561891]

rule19: num_user_for_reviews > 585.354
probabilities_array:[0.         0.41594112 0.5840589 ]

rule38: 10600.521 < cast_total_facebook_likes < 20218.554
probabilities_array:[0.         0.34270403 0.65729594]

rule37: 982.488 < cast_total_facebook_likes < 10600.521
probabilities_array:[0.         0.30923703 0.69076294]

rule14: 160.292 < num_critic_for_reviews < 243.065
probabilities_array:[0.         0.30913264 0.69086736]

rule30: 1827.716 < actor_2_facebook_likes < 4387.226
probabilities_array:[0.         0.30764222 0.6923578 ]

rule43: movie_facebook_likes > 22806.439
probabilities_array:[0.         0.30179566 0.69820434]

rule18: 312.721 < num_user_for_reviews < 585.354
probabilities_array:[0.         0.29915395 0.700846  ]

rule11: num_voted_users > 194443.294
probabilities_array:[0.         0.29176706 0.70823294]

rule1: 5.710 < imdb_score < 6.454
probabilities_array:[0.         0.28554347 0.71445656]

rule0: imdb_score < 5.710
probabilities_array:[0.         0.27786702 0.722133  ]

rule15: num_critic_for_reviews > 243.065
probabilities_array:[0.        0.2736475 0.7263525]

rule47: duration > 123.714
probabilities_array:[4.8107776e-04 2.6642165e-01 7.3309731e-01]

rule27: actor_1_facebook_likes > 14258.350
probabilities_array:[0.         0.25512165 0.74487835]

rule13: 77.518 < num_critic_for_reviews < 160.292
probabilities_array:[0.         0.21983956 0.7801604 ]

rule46: 109.158 < duration < 123.714
probabilities_array:[0.02061495 0.20130642 0.7780786 ]

