R2: 0.16804831092405692

MAE: 34458872.40203933

MSE: 3703263880861768.5

Accuracy: 0.7516387472687546

F1: 0.7507497052020198

Confusion Matrix: [[557, 144], [197, 475]]

Uncertainties: {'class0': [0.45177412033081055, 0.5079549551010132, 0.5204305052757263, 0.5454622507095337, 0.5459091663360596], 'class1': [0.52244633436203, 0.5307064652442932, 0.5733579993247986, 0.5822286605834961, 0.639776885509491]}

Most important rules
-----------------------------

---0---
rule8: num_voted_users < 805.740
probabilities_array:[0.5482259  0.         0.45177412]

rule16: num_user_for_reviews < 44.955
probabilities_array:[0.49204504 0.         0.50795496]

rule51: budget > 226317581.128
probabilities_array:[0.47956952 0.         0.5204305 ]

rule9: 805.740 < num_voted_users < 95231.237
probabilities_array:[0.45453772 0.         0.54546225]

rule49: -131067627.214 < budget < 47624976.957
probabilities_array:[0.45409083 0.         0.54590917]

rule6: 2003.253 < title_year < 2009.965
probabilities_array:[0.41619223 0.         0.58380777]

rule12: num_critic_for_reviews < 76.221
probabilities_array:[0.3600124 0.        0.6399876]

rule3: imdb_score > 7.208
probabilities_array:[0.3489215  0.         0.65107846]

rule7: title_year > 2009.965
probabilities_array:[0.23705254 0.         0.76294744]


---1---
rule19: num_user_for_reviews > 572.499
probabilities_array:[0.         0.47755367 0.52244633]

rule4: title_year < 1996.542
probabilities_array:[0.         0.46929353 0.53070647]

rule10: 95231.237 < num_voted_users < 189656.733
probabilities_array:[0.       0.426642 0.573358]

rule11: num_voted_users > 189656.733
probabilities_array:[0.         0.41777134 0.58222866]

rule1: 5.726 < imdb_score < 6.467
probabilities_array:[0.         0.36022314 0.6397769 ]

rule50: 47624976.957 < budget < 226317581.128
probabilities_array:[0.         0.31997067 0.68002933]

rule14: 158.704 < num_critic_for_reviews < 241.187
probabilities_array:[0.       0.311678 0.688322]

rule35: actor_3_facebook_likes > 2015.064
probabilities_array:[0.        0.3115967 0.6884033]

rule0: imdb_score < 5.726
probabilities_array:[0.        0.3111115 0.6888885]

rule30: 1956.036 < actor_2_facebook_likes < 5077.675
probabilities_array:[0.         0.30662358 0.6933764 ]

rule18: 308.727 < num_user_for_reviews < 572.499
probabilities_array:[0.         0.30637944 0.69362056]

rule13: 76.221 < num_critic_for_reviews < 158.704
probabilities_array:[0.         0.2721614  0.72783864]

rule34: 754.958 < actor_3_facebook_likes < 2015.064
probabilities_array:[5.0550693e-04 2.5604653e-01 7.4344796e-01]

rule43: movie_facebook_likes > 22542.450
probabilities_array:[0.         0.24682826 0.75317174]

rule15: num_critic_for_reviews > 241.187
probabilities_array:[0.         0.23298378 0.76701623]

rule26: 7456.445 < actor_1_facebook_likes < 18258.781
probabilities_array:[0.00723141 0.21590614 0.77686244]

rule47: duration > 124.608
probabilities_array:[0.01800765 0.20182866 0.78016365]

