R2: 0.14770673248983857

MAE: 34375417.396212675

MSE: 4317388561750016.0

Accuracy: 0.7560087399854334

F1: 0.7556582599572361

Confusion Matrix: [[545, 150], [185, 493]]

Uncertainties: {'class0': [0.5250301361083984, 0.5417660474777222, 0.6224802136421204, 0.664602518081665, 0.6735327839851379], 'class1': [0.5104153752326965, 0.5115405917167664, 0.5127448439598083, 0.5541638731956482, 0.5775271654129028]}

Most important rules
-----------------------------

---0---
rule3: imdb_score > 7.200
probabilities_array:[0.47496986 0.         0.52503014]

rule16: num_user_for_reviews < 50.295
probabilities_array:[0.45823395 0.         0.54176605]

rule49: -128367065.763 < budget < 44993836.099
probabilities_array:[0.3775198 0.        0.6224802]

rule6: 2003.449 < title_year < 2010.143
probabilities_array:[0.33539748 0.         0.6646025 ]

rule8: num_voted_users < 865.957
probabilities_array:[0.3264672 0.        0.6735328]

rule51: budget > 218354737.960
probabilities_array:[0.32358924 0.         0.6764108 ]

rule9: 865.957 < num_voted_users < 95659.300
probabilities_array:[0.3231232 0.        0.6768768]

rule12: num_critic_for_reviews < 76.855
probabilities_array:[0.27732405 0.         0.7226759 ]


---1---
rule11: num_voted_users > 190452.643
probabilities_array:[0.         0.48958462 0.5104154 ]

rule4: title_year < 1996.756
probabilities_array:[0.        0.4884594 0.5115406]

rule10: 95659.300 < num_voted_users < 190452.643
probabilities_array:[0.         0.4872552  0.51274484]

rule50: 44993836.099 < budget < 218354737.960
probabilities_array:[0.        0.4458361 0.5541639]

rule30: 1855.967 < actor_2_facebook_likes < 4917.918
probabilities_array:[0.         0.4224728  0.57752717]

rule19: num_user_for_reviews > 562.599
probabilities_array:[0.         0.38655883 0.61344117]

rule47: duration > 124.119
probabilities_array:[0.         0.30540583 0.69459414]

rule15: num_critic_for_reviews > 242.458
probabilities_array:[0.         0.29947877 0.70052123]

rule0: imdb_score < 5.731
probabilities_array:[0.         0.29061508 0.7093849 ]

rule18: 306.447 < num_user_for_reviews < 562.599
probabilities_array:[0.        0.2902159 0.7097841]

rule35: actor_3_facebook_likes > 1858.626
probabilities_array:[0.         0.27122575 0.72877425]

rule43: movie_facebook_likes > 23531.281
probabilities_array:[0.         0.27004972 0.72995025]

rule46: 109.277 < duration < 124.119
probabilities_array:[0.         0.26046884 0.73953116]

rule1: 5.731 < imdb_score < 6.466
probabilities_array:[0.         0.2558342  0.74416584]

rule14: 159.656 < num_critic_for_reviews < 242.458
probabilities_array:[0.         0.24569789 0.75430214]

rule13: 76.855 < num_critic_for_reviews < 159.656
probabilities_array:[0.         0.22469005 0.7753099 ]

