R2: 0.139554243908398

MAE: 36514272.70211216

MSE: 4655722341083687.0

Accuracy: 0.7669337217771304

F1: 0.7667821714906917

Confusion Matrix: [[544, 134], [186, 509]]

Uncertainties: {'class0': [0.4272550344467163, 0.522266149520874, 0.5885811448097229, 0.642942488193512, 0.6955172419548035], 'class1': [0.5044902563095093, 0.5478336811065674, 0.60599684715271, 0.6063824892044067, 0.6240776777267456]}

Most important rules
-----------------------------

---0---
rule51: budget > 225407613.463
probabilities_array:[0.57274497 0.         0.42725503]

rule16: num_user_for_reviews < 44.843
probabilities_array:[0.47773388 0.         0.52226615]

rule9: -313.623 < num_voted_users < 96358.252
probabilities_array:[0.41141888 0.         0.58858114]

rule49: -131810695.685 < budget < 46798458.889
probabilities_array:[0.35705748 0.         0.6429425 ]

rule6: 2003.356 < title_year < 2009.890
probabilities_array:[0.3044828  0.         0.69551724]

rule3: imdb_score > 7.210
probabilities_array:[0.30356294 0.         0.69643706]

rule12: num_critic_for_reviews < 76.195
probabilities_array:[0.27132374 0.         0.72867626]

rule45: 93.978 < duration < 109.377
probabilities_array:[0.23597193 0.         0.7640281 ]

rule7: title_year > 2009.890
probabilities_array:[0.20804219 0.         0.7919578 ]


---1---
rule4: title_year < 1996.823
probabilities_array:[0.         0.49550974 0.50449026]

rule10: 96358.252 < num_voted_users < 193030.126
probabilities_array:[0.         0.45216632 0.5478337 ]

rule50: 46798458.889 < budget < 225407613.463
probabilities_array:[0.         0.39400315 0.60599685]

rule0: imdb_score < 5.720
probabilities_array:[0.         0.39361748 0.6063825 ]

rule30: 1893.671 < actor_2_facebook_likes < 4995.656
probabilities_array:[0.        0.3759223 0.6240777]

rule18: 313.396 < num_user_for_reviews < 581.949
probabilities_array:[0.        0.3573963 0.6426037]

rule15: num_critic_for_reviews > 243.372
probabilities_array:[0.         0.35063782 0.6493622 ]

rule19: num_user_for_reviews > 581.949
probabilities_array:[0.        0.3440478 0.6559522]

rule11: num_voted_users > 193030.126
probabilities_array:[0.        0.3391955 0.6608045]

rule1: 5.720 < imdb_score < 6.465
probabilities_array:[0.         0.31190866 0.68809134]

rule35: actor_3_facebook_likes > 1911.491
probabilities_array:[0.         0.30829844 0.6917016 ]

rule43: movie_facebook_likes > 23324.324
probabilities_array:[0.         0.29003775 0.70996225]

rule14: 159.784 < num_critic_for_reviews < 243.372
probabilities_array:[0.         0.28330988 0.7166901 ]

rule47: duration > 124.775
probabilities_array:[0.        0.2735937 0.7264063]

rule13: 76.195 < num_critic_for_reviews < 159.784
probabilities_array:[0.         0.24336125 0.75663877]

rule38: 10580.529 < cast_total_facebook_likes < 21461.166
probabilities_array:[0.00721221 0.2373505  0.7554373 ]

rule42: 8855.545 < movie_facebook_likes < 23324.324
probabilities_array:[0.02515495 0.1948378  0.78000724]

rule34: 715.962 < actor_3_facebook_likes < 1911.491
probabilities_array:[0.         0.20645408 0.7935459 ]

