R2: 0.1490215000819598

MAE: 34693469.04806992

MSE: 3963424152817095.5

Accuracy: 0.7494537509104151

F1: 0.7491843254541437

Confusion Matrix: [[537, 134], [210, 492]]

Uncertainties: {'class0': [0.5278239250183105, 0.601671040058136, 0.6060167551040649, 0.6068522334098816, 0.6247442960739136], 'class1': [0.5340345501899719, 0.5473366975784302, 0.5555049777030945, 0.6063840985298157, 0.6157993078231812]}

Most important rules
-----------------------------

---0---
rule9: 306.323 < num_voted_users < 96557.026
probabilities_array:[0.47217607 0.         0.5278239 ]

rule6: 2003.336 < title_year < 2009.907
probabilities_array:[0.398329   0.         0.60167104]

rule16: num_user_for_reviews < 45.522
probabilities_array:[0.39398322 0.         0.60601676]

rule51: budget > 226803746.544
probabilities_array:[0.39314777 0.         0.60685223]

rule3: imdb_score > 7.205
probabilities_array:[0.3752557 0.        0.6247443]

rule8: num_voted_users < 306.323
probabilities_array:[0.34665927 0.         0.6533407 ]

rule49: -131375870.075 < budget < 47713938.235
probabilities_array:[0.3287556 0.        0.6712444]

rule7: title_year > 2009.907
probabilities_array:[0.2553048 0.        0.7446952]

rule12: num_critic_for_reviews < 76.681
probabilities_array:[0.24568567 0.         0.75431436]

rule45: 94.219 < duration < 109.119
probabilities_array:[0.20155905 0.00266654 0.79577434]


---1---
rule4: title_year < 1996.766
probabilities_array:[0.         0.46596542 0.53403455]

rule19: num_user_for_reviews > 579.857
probabilities_array:[0.        0.4526633 0.5473367]

rule50: 47713938.235 < budget < 226803746.544
probabilities_array:[0.         0.44449505 0.555505  ]

rule10: 96557.026 < num_voted_users < 192807.729
probabilities_array:[0.        0.3936159 0.6063841]

rule14: 159.008 < num_critic_for_reviews < 241.335
probabilities_array:[0.         0.38420066 0.6157993 ]

rule15: num_critic_for_reviews > 241.335
probabilities_array:[0.        0.3579376 0.6420624]

rule11: num_voted_users > 192807.729
probabilities_array:[0.         0.3428909  0.65710914]

rule18: 312.690 < num_user_for_reviews < 579.857
probabilities_array:[0.        0.3262225 0.6737775]

rule43: movie_facebook_likes > 21643.496
probabilities_array:[0.        0.3167174 0.6832826]

rule13: 76.681 < num_critic_for_reviews < 159.008
probabilities_array:[0.         0.30259508 0.6974049 ]

rule35: actor_3_facebook_likes > 1894.953
probabilities_array:[0.         0.29026106 0.7097389 ]

rule1: 5.730 < imdb_score < 6.468
probabilities_array:[0.         0.27256784 0.72743213]

rule34: 715.350 < actor_3_facebook_likes < 1894.953
probabilities_array:[0.02890815 0.2315817  0.7395102 ]

rule47: duration > 124.020
probabilities_array:[0.         0.24290708 0.7570929 ]

rule42: 8523.846 < movie_facebook_likes < 21643.496
probabilities_array:[0.05847555 0.20972012 0.7318044 ]

rule30: 1947.295 < actor_2_facebook_likes < 5080.518
probabilities_array:[0.         0.20644154 0.7935585 ]

rule0: imdb_score < 5.730
probabilities_array:[0.         0.20497866 0.79502136]

