R2: 0.5156984851768945

MAE: 0.056425909914392884

MSE: 0.00740947816184812

Accuracy: 0.7795232936078007

F1: 0.7794860205333505

Confusion Matrix: [[1415, 360], [454, 1463]]

Uncertainties: {'class0': [0.28198251128196716, 0.34644317626953125, 0.3679448962211609, 0.4013499617576599, 0.46592411398887634], 'class1': [0.21826647222042084, 0.4106002449989319, 0.41584348678588867, 0.41680675745010376, 0.6816134452819824]}

Most important rules
-----------------------------

---0---
rule44: a2pop < 1.018
probabilities_array:[0.71801746 0.         0.2819825 ]

rule20: a1pop < 0.982
probabilities_array:[0.6535568  0.         0.34644318]

rule68: a3pop < 0.948
probabilities_array:[0.6320551 0.        0.3679449]

rule128: mxql = 9.0
probabilities_array:[0.59865004 0.         0.40134996]

rule45: 1.018 < a2pop < 3.101
probabilities_array:[0.5340759 0.        0.4659241]

rule69: 0.948 < a3pop < 3.063
probabilities_array:[0.51181537 0.         0.4881846 ]

rule21: 0.982 < a1pop < 3.043
probabilities_array:[0.5013881  0.         0.49861196]

rule127: mxql = 8.0
probabilities_array:[0.43406025 0.         0.5659398 ]

rule100: b2call < 2.874
probabilities_array:[0.24418315 0.         0.7558169 ]

rule39: a2sy > 1.688
probabilities_array:[0.19844818 0.03622863 0.76532316]

rule75: temp > 0.637
probabilities_array:[0.21038309 0.         0.78961694]


---1---
rule47: a2pop > 5.184
probabilities_array:[0.         0.7817335  0.21826647]

rule23: a1pop > 5.103
probabilities_array:[0.         0.58939976 0.41060024]

rule124: mxql = 5.0
probabilities_array:[0.        0.5841565 0.4158435]

rule71: a3pop > 5.179
probabilities_array:[0.         0.58319324 0.41680676]

rule103: b2call > 5.060
probabilities_array:[0.         0.31746048 0.6825395 ]

rule46: 3.101 < a2pop < 5.184
probabilities_array:[0.01146588 0.30692065 0.68161345]

rule87: b1call > 5.023
probabilities_array:[0.        0.2908786 0.7091214]

rule118: 4.010 < b3call < 5.113
probabilities_array:[0.         0.27617872 0.7238213 ]

rule125: mxql = 6.0
probabilities_array:[0.        0.2702189 0.7297811]

rule88: b1eff < 0.961
probabilities_array:[0.         0.2595494  0.74045056]

rule29: -0.372 < a2cy < 0.017
probabilities_array:[0.        0.2554204 0.7445796]

rule66: -0.002 < a3rho < 0.193
probabilities_array:[0.         0.23996514 0.76003486]

rule56: a3sx < 0.321
probabilities_array:[0.         0.22969636 0.7703036 ]

rule92: b2x < -0.396
probabilities_array:[0.         0.22923249 0.7707675 ]

rule14: 1.016 < a1sy < 1.700
probabilities_array:[0.0015932  0.21075884 0.78764796]

rule96: b2y < -0.376
probabilities_array:[0.         0.21111718 0.7888828 ]

rule81: -0.387 < b1y < 0.005
probabilities_array:[7.6438868e-05 2.0099504e-01 7.9892850e-01]

