R2: 0.5139034308828108

MAE: 0.05658154644249147

MSE: 0.007436941250821119

Accuracy: 0.7789815817984832

F1: 0.7789410379705151

Confusion Matrix: [[1413, 362], [454, 1463]]

Uncertainties: {'class0': [0.28320878744125366, 0.3751467764377594, 0.4050426483154297, 0.4664890766143799, 0.4719689190387726], 'class1': [0.22344206273555756, 0.3050694167613983, 0.38186147809028625, 0.46015650033950806, 0.7057470679283142]}

Most important rules
-----------------------------

---0---
rule44: a2pop < 1.018
probabilities_array:[0.7167912 0.        0.2832088]

rule20: a1pop < 0.982
probabilities_array:[0.6248532  0.         0.37514678]

rule128: mxql = 9.0
probabilities_array:[0.59495735 0.         0.40504265]

rule45: 1.018 < a2pop < 3.101
probabilities_array:[0.5335109  0.         0.46648908]

rule68: a3pop < 0.948
probabilities_array:[0.5280311  0.         0.47196892]

rule21: 0.982 < a1pop < 3.043
probabilities_array:[0.44994056 0.         0.55005944]

rule127: mxql = 8.0
probabilities_array:[0.44162798 0.         0.558372  ]

rule69: 0.948 < a3pop < 3.063
probabilities_array:[0.37715107 0.         0.6228489 ]

rule100: b2call < 2.874
probabilities_array:[0.24512634 0.         0.7548737 ]


---1---
rule47: a2pop > 5.184
probabilities_array:[0.         0.7765579  0.22344206]

rule71: a3pop > 5.179
probabilities_array:[0.         0.6949306  0.30506942]

rule23: a1pop > 5.103
probabilities_array:[0.         0.61813855 0.38186148]

rule124: mxql = 5.0
probabilities_array:[0.        0.5398435 0.4601565]

rule46: 3.101 < a2pop < 5.184
probabilities_array:[0.0008742  0.2933787  0.70574707]

rule103: b2call > 5.060
probabilities_array:[0.         0.29188377 0.70811623]

rule70: 3.063 < a3pop < 5.179
probabilities_array:[0.         0.27320257 0.72679746]

rule88: b1eff < 0.961
probabilities_array:[0.        0.2639298 0.7360702]

rule96: b2y < -0.376
probabilities_array:[0.         0.26243624 0.7375638 ]

rule29: -0.372 < a2cy < 0.017
probabilities_array:[0.         0.24673879 0.7532612 ]

rule118: 4.010 < b3call < 5.113
probabilities_array:[0.         0.23383881 0.7661612 ]

rule87: b1call > 5.023
probabilities_array:[0.         0.22861384 0.77138615]

rule125: mxql = 6.0
probabilities_array:[0.         0.22343315 0.77656686]

rule73: 0.353 < temp < 0.495
probabilities_array:[0.         0.22285564 0.7771444 ]

rule92: b2x < -0.396
probabilities_array:[0.         0.20970726 0.79029274]

