R2: 0.5197061729151329

MAE: 0.056050758556256436

MSE: 0.007348163311765873

Accuracy: 0.7816901408450704

F1: 0.7816434286365048

Confusion Matrix: [[1416, 359], [447, 1470]]

Uncertainties: {'class0': [0.301371693611145, 0.39118680357933044, 0.42335307598114014, 0.4569501578807831, 0.4803612530231476], 'class1': [0.23141907155513763, 0.32763972878456116, 0.333449125289917, 0.3490161895751953, 0.6108752489089966]}

Most important rules
-----------------------------

---0---
rule44: a2pop < 1.018
probabilities_array:[0.6986283 0.        0.3013717]

rule20: a1pop < 0.982
probabilities_array:[0.6088132 0.        0.3911868]

rule68: a3pop < 0.948
probabilities_array:[0.5766469  0.         0.42335308]

rule128: mxql = 9.0
probabilities_array:[0.5430499  0.         0.45695016]

rule45: 1.018 < a2pop < 3.101
probabilities_array:[0.5196387  0.         0.48036125]

rule21: 0.982 < a1pop < 3.043
probabilities_array:[0.4303622 0.        0.5696378]

rule69: 0.948 < a3pop < 3.063
probabilities_array:[0.42498204 0.         0.5750179 ]

rule127: mxql = 8.0
probabilities_array:[0.33950555 0.         0.66049445]

rule100: b2call < 2.874
probabilities_array:[0.27018476 0.         0.72981524]

rule84: b1call < 2.848
probabilities_array:[0.25341004 0.         0.74658996]

rule90: 1.254 < b1eff < 1.546
probabilities_array:[0.23931472 0.         0.76068527]

rule85: 2.848 < b1call < 3.936
probabilities_array:[0.22818036 0.         0.77181965]

rule98: 0.007 < b2y < 0.390
probabilities_array:[0.21521384 0.         0.78478616]


---1---
rule47: a2pop > 5.184
probabilities_array:[0.         0.7685809  0.23141907]

rule124: mxql = 5.0
probabilities_array:[0.         0.6723603  0.32763973]

rule71: a3pop > 5.179
probabilities_array:[0.         0.6665509  0.33344913]

rule23: a1pop > 5.103
probabilities_array:[0.        0.6509838 0.3490162]

rule125: mxql = 6.0
probabilities_array:[0.         0.38912472 0.61087525]

rule46: 3.101 < a2pop < 5.184
probabilities_array:[0.0021143  0.33244708 0.6654386 ]

rule103: b2call > 5.060
probabilities_array:[4.7415546e-05 3.2757154e-01 6.7238098e-01]

rule118: 4.010 < b3call < 5.113
probabilities_array:[0.         0.30835485 0.69164515]

rule70: 3.063 < a3pop < 5.179
probabilities_array:[0.01507323 0.24398912 0.74093765]

rule29: -0.372 < a2cy < 0.017
probabilities_array:[0.         0.23832184 0.76167816]

rule122: 1.241 < b3eff < 1.533
probabilities_array:[0.         0.22258636 0.77741367]

rule73: 0.353 < temp < 0.495
probabilities_array:[0.         0.22223309 0.7777669 ]

rule22: 3.043 < a1pop < 5.103
probabilities_array:[0.02593913 0.20761229 0.7664486 ]

rule87: b1call > 5.023
probabilities_array:[0.         0.21988435 0.78011566]

rule88: b1eff < 0.961
probabilities_array:[0.         0.21966012 0.7803399 ]

