R2: 0.5079817793121093

MAE: 0.05665854145581577

MSE: 0.00752753842355805

Accuracy: 0.7784398699891658

F1: 0.7784188024154544

Confusion Matrix: [[1419, 356], [462, 1455]]

Uncertainties: {'class0': [0.3407706320285797, 0.355484277009964, 0.3852504789829254, 0.4393686354160309, 0.4493063688278198], 'class1': [0.17338907718658447, 0.3734036684036255, 0.40253621339797974, 0.4312537610530853, 0.5953086018562317]}

Most important rules
-----------------------------

---0---
rule68: a3pop < 0.948
probabilities_array:[0.6592294  0.         0.34077063]

rule44: a2pop < 1.018
probabilities_array:[0.6445157  0.         0.35548428]

rule20: a1pop < 0.982
probabilities_array:[0.61474955 0.         0.38525048]

rule128: mxql = 9.0
probabilities_array:[0.56063133 0.         0.43936864]

rule69: 0.948 < a3pop < 3.063
probabilities_array:[0.55069363 0.         0.44930637]

rule21: 0.982 < a1pop < 3.043
probabilities_array:[0.45195147 0.         0.54804856]

rule45: 1.018 < a2pop < 3.101
probabilities_array:[0.45187244 0.         0.54812753]

rule127: mxql = 8.0
probabilities_array:[0.41367596 0.         0.58632404]

rule100: b2call < 2.874
probabilities_array:[0.22700031 0.         0.7729997 ]


---1---
rule47: a2pop > 5.184
probabilities_array:[0.         0.8266109  0.17338908]

rule23: a1pop > 5.103
probabilities_array:[0.         0.62659633 0.37340367]

rule124: mxql = 5.0
probabilities_array:[0.        0.5974638 0.4025362]

rule71: a3pop > 5.179
probabilities_array:[0.         0.56874627 0.43125376]

rule46: 3.101 < a2pop < 5.184
probabilities_array:[0.        0.4046914 0.5953086]

rule118: 4.010 < b3call < 5.113
probabilities_array:[0.         0.32829404 0.67170596]

rule103: b2call > 5.060
probabilities_array:[0.         0.31780198 0.68219805]

rule125: mxql = 6.0
probabilities_array:[0.        0.2967681 0.7032319]

rule87: b1call > 5.023
probabilities_array:[0.         0.2958391  0.70416087]

rule88: b1eff < 0.961
probabilities_array:[0.         0.28426394 0.7157361 ]

rule73: 0.353 < temp < 0.495
probabilities_array:[0.        0.2672181 0.7327819]

rule29: -0.372 < a2cy < 0.017
probabilities_array:[0.         0.25129238 0.74870765]

rule96: b2y < -0.376
probabilities_array:[0.         0.24084245 0.75915754]

rule66: -0.002 < a3rho < 0.193
probabilities_array:[0.         0.21882962 0.78117037]

rule77: -0.385 < b1x < 0.008
probabilities_array:[0.         0.21803439 0.7819656 ]

rule92: b2x < -0.396
probabilities_array:[0.         0.20449108 0.7955089 ]

