R2: 0.5191355856348518

MAE: 0.056099613409741955

MSE: 0.00735689290245116

Accuracy: 0.7808775731310943

F1: 0.7808289340665091

Confusion Matrix: [[1414, 361], [448, 1469]]

Uncertainties: {'class0': [0.25860509276390076, 0.35953429341316223, 0.4040089547634125, 0.4209926426410675, 0.42709922790527344], 'class1': [0.25458765029907227, 0.3620813488960266, 0.37154051661491394, 0.3882512152194977, 0.6798269152641296]}

Most important rules
-----------------------------

---0---
rule44: a2pop < 1.018
probabilities_array:[0.74139494 0.         0.2586051 ]

rule20: a1pop < 0.982
probabilities_array:[0.6404657 0.        0.3595343]

rule68: a3pop < 0.948
probabilities_array:[0.595991   0.         0.40400895]

rule128: mxql = 9.0
probabilities_array:[0.5790073  0.         0.42099264]

rule45: 1.018 < a2pop < 3.101
probabilities_array:[0.5729008  0.         0.42709923]

rule69: 0.948 < a3pop < 3.063
probabilities_array:[0.4605112 0.        0.5394888]

rule21: 0.982 < a1pop < 3.043
probabilities_array:[0.4582062 0.        0.5417938]

rule127: mxql = 8.0
probabilities_array:[0.4147749 0.        0.5852251]

rule100: b2call < 2.874
probabilities_array:[0.25346392 0.         0.7465361 ]


---1---
rule47: a2pop > 5.184
probabilities_array:[0.         0.74541235 0.25458765]

rule23: a1pop > 5.103
probabilities_array:[0.         0.63791865 0.36208135]

rule71: a3pop > 5.179
probabilities_array:[0.         0.62845945 0.37154052]

rule124: mxql = 5.0
probabilities_array:[0.         0.61174875 0.38825122]

rule103: b2call > 5.060
probabilities_array:[0.         0.32017308 0.6798269 ]

rule118: 4.010 < b3call < 5.113
probabilities_array:[0.         0.3051344  0.69486564]

rule125: mxql = 6.0
probabilities_array:[0.         0.30334342 0.6966566 ]

rule87: b1call > 5.023
probabilities_array:[0.         0.28194648 0.7180535 ]

rule96: b2y < -0.376
probabilities_array:[0.        0.2782426 0.7217574]

rule88: b1eff < 0.961
probabilities_array:[0.        0.2620083 0.7379917]

rule46: 3.101 < a2pop < 5.184
probabilities_array:[0.01403863 0.25270554 0.7332558 ]

rule29: -0.372 < a2cy < 0.017
probabilities_array:[0.         0.22888614 0.7711139 ]

rule92: b2x < -0.396
probabilities_array:[0.         0.21189596 0.78810406]

rule37: 0.318 < a2sy < 1.003
probabilities_array:[0.         0.21170452 0.7882955 ]

rule73: 0.353 < temp < 0.495
probabilities_array:[0.         0.20431095 0.79568905]

rule43: a2rho > 0.192
probabilities_array:[0.         0.20296524 0.79703474]

rule70: 3.063 < a3pop < 5.179
probabilities_array:[0.01536953 0.19287674 0.7917537 ]

