R2: 0.5208567492151805

MAE: 0.0559146739294257

MSE: 0.007330560290284808

Accuracy: 0.7819609967497292

F1: 0.7819125981749564

Confusion Matrix: [[1416, 359], [446, 1471]]

Uncertainties: {'class0': [0.23276805877685547, 0.3389902412891388, 0.3795084059238434, 0.38801008462905884, 0.41685599088668823], 'class1': [0.28153640031814575, 0.36141470074653625, 0.37420201301574707, 0.4472862184047699, 0.6239835023880005]}

Most important rules
-----------------------------

---0---
rule44: a2pop < 1.018
probabilities_array:[0.76723194 0.         0.23276806]

rule68: a3pop < 0.948
probabilities_array:[0.6610097  0.         0.33899024]

rule20: a1pop < 0.982
probabilities_array:[0.6204916 0.        0.3795084]

rule45: 1.018 < a2pop < 3.101
probabilities_array:[0.6119899  0.         0.38801008]

rule128: mxql = 9.0
probabilities_array:[0.583144 0.       0.416856]

rule69: 0.948 < a3pop < 3.063
probabilities_array:[0.5535742  0.         0.44642577]

rule21: 0.982 < a1pop < 3.043
probabilities_array:[0.46281326 0.         0.53718674]

rule127: mxql = 8.0
probabilities_array:[0.4130358 0.        0.5869642]

rule90: 1.254 < b1eff < 1.546
probabilities_array:[0.25384617 0.         0.74615383]

rule98: 0.007 < b2y < 0.390
probabilities_array:[0.20167743 0.         0.79832256]


---1---
rule47: a2pop > 5.184
probabilities_array:[0.        0.7184636 0.2815364]

rule23: a1pop > 5.103
probabilities_array:[0.        0.6385853 0.3614147]

rule124: mxql = 5.0
probabilities_array:[0.       0.625798 0.374202]

rule71: a3pop > 5.179
probabilities_array:[0.         0.55271375 0.44728622]

rule103: b2call > 5.060
probabilities_array:[0.         0.37601647 0.6239835 ]

rule118: 4.010 < b3call < 5.113
probabilities_array:[0.        0.3389817 0.6610183]

rule125: mxql = 6.0
probabilities_array:[0.         0.32001695 0.6799831 ]

rule87: b1call > 5.023
probabilities_array:[0.        0.3017762 0.6982238]

rule46: 3.101 < a2pop < 5.184
probabilities_array:[0.07087184 0.22462723 0.704501  ]

rule27: a2cx > 0.386
probabilities_array:[0.         0.22948262 0.77051735]

rule66: -0.002 < a3rho < 0.193
probabilities_array:[0.         0.22850198 0.771498  ]

rule73: 0.353 < temp < 0.495
probabilities_array:[0.        0.2211564 0.7788436]

rule16: a1rho < -0.195
probabilities_array:[0.         0.21579424 0.7842058 ]

rule29: -0.372 < a2cy < 0.017
probabilities_array:[0.         0.20217046 0.79782957]

