R2: 0.5211387065949322

MAE: 0.056039871606585516

MSE: 0.00732624653741826

Accuracy: 0.7822318526543879

F1: 0.7821780957622455

Confusion Matrix: [[1415, 360], [444, 1473]]

Uncertainties: {'class0': [0.24926529824733734, 0.3290261924266815, 0.3776910603046417, 0.41627421975135803, 0.4671778678894043], 'class1': [0.26597192883491516, 0.2962878942489624, 0.3484174609184265, 0.48649516701698303, 0.6287025809288025]}

Most important rules
-----------------------------

---0---
rule44: a2pop < 1.018
probabilities_array:[0.7507347 0.        0.2492653]

rule128: mxql = 9.0
probabilities_array:[0.6709738 0.        0.3290262]

rule20: a1pop < 0.982
probabilities_array:[0.62230897 0.         0.37769106]

rule45: 1.018 < a2pop < 3.101
probabilities_array:[0.5837258  0.         0.41627422]

rule127: mxql = 8.0
probabilities_array:[0.53282213 0.         0.46717787]

rule68: a3pop < 0.948
probabilities_array:[0.5081727  0.         0.49182728]

rule21: 0.982 < a1pop < 3.043
probabilities_array:[0.44576222 0.         0.5542378 ]

rule69: 0.948 < a3pop < 3.063
probabilities_array:[0.3704422 0.        0.6295578]

rule126: mxql = 7.0
probabilities_array:[0.3159932 0.        0.6840068]

rule90: 1.254 < b1eff < 1.546
probabilities_array:[0.23861338 0.         0.76138663]

rule117: 2.907 < b3call < 4.010
probabilities_array:[0.21746068 0.         0.7825393 ]

rule100: b2call < 2.874
probabilities_array:[0.20603925 0.         0.79396075]

rule98: 0.007 < b2y < 0.390
probabilities_array:[2.0116243e-01 6.2311674e-04 7.9821444e-01]


---1---
rule47: a2pop > 5.184
probabilities_array:[0.         0.7340281  0.26597193]

rule71: a3pop > 5.179
probabilities_array:[0.        0.7037121 0.2962879]

rule23: a1pop > 5.103
probabilities_array:[0.         0.65158254 0.34841746]

rule124: mxql = 5.0
probabilities_array:[0.         0.5135048  0.48649517]

rule103: b2call > 5.060
probabilities_array:[4.0512256e-05 3.7125686e-01 6.2870258e-01]

rule87: b1call > 5.023
probabilities_array:[0.         0.31149256 0.68850744]

rule70: 3.063 < a3pop < 5.179
probabilities_array:[0.         0.30553737 0.6944626 ]

rule46: 3.101 < a2pop < 5.184
probabilities_array:[0.0307234  0.24447516 0.72480136]

rule29: -0.372 < a2cy < 0.017
probabilities_array:[0.         0.24024843 0.75975156]

rule118: 4.010 < b3call < 5.113
probabilities_array:[0.         0.22595875 0.77404124]

rule88: b1eff < 0.961
probabilities_array:[0.         0.22178431 0.7782157 ]

rule2: -0.007 < a1cx < 0.381
probabilities_array:[0.         0.21542633 0.7845736 ]

rule14: 1.016 < a1sy < 1.700
probabilities_array:[0.00656761 0.21054621 0.7828862 ]

rule73: 0.353 < temp < 0.495
probabilities_array:[0.         0.21077989 0.7892201 ]

