R2: 0.5195212009951975

MAE: 0.05600275764261976

MSE: 0.007350993254186798

Accuracy: 0.7822318526543879

F1: 0.7821780957622455

Confusion Matrix: [[1415, 360], [444, 1473]]

Uncertainties: {'class0': [0.2622741162776947, 0.3772135078907013, 0.3781452178955078, 0.3993869423866272, 0.4240848124027252], 'class1': [0.25344401597976685, 0.35949254035949707, 0.36817723512649536, 0.3781394362449646, 0.6660297513008118]}

Most important rules
-----------------------------

---0---
rule44: a2pop < 1.018
probabilities_array:[0.7377259  0.         0.26227412]

rule68: a3pop < 0.948
probabilities_array:[0.6227865 0.        0.3772135]

rule20: a1pop < 0.982
probabilities_array:[0.6218548  0.         0.37814522]

rule128: mxql = 9.0
probabilities_array:[0.60061306 0.         0.39938694]

rule45: 1.018 < a2pop < 3.101
probabilities_array:[0.5759152 0.        0.4240848]

rule69: 0.948 < a3pop < 3.063
probabilities_array:[0.49280056 0.         0.50719947]

rule21: 0.982 < a1pop < 3.043
probabilities_array:[0.45503533 0.         0.5449647 ]

rule127: mxql = 8.0
probabilities_array:[0.4307316 0.        0.5692684]

rule100: b2call < 2.874
probabilities_array:[0.26647064 0.         0.7335294 ]

rule84: b1call < 2.848
probabilities_array:[0.22408924 0.         0.77591074]


---1---
rule47: a2pop > 5.184
probabilities_array:[0.         0.746556   0.25344402]

rule71: a3pop > 5.179
probabilities_array:[0.         0.64050746 0.35949254]

rule124: mxql = 5.0
probabilities_array:[0.         0.63182276 0.36817724]

rule23: a1pop > 5.103
probabilities_array:[0.         0.62186056 0.37813944]

rule103: b2call > 5.060
probabilities_array:[5.6396071e-05 3.3391386e-01 6.6602975e-01]

rule125: mxql = 6.0
probabilities_array:[0.       0.308099 0.691901]

rule46: 3.101 < a2pop < 5.184
probabilities_array:[0.04314819 0.28443027 0.6724216 ]

rule96: b2y < -0.376
probabilities_array:[0.         0.30004862 0.69995135]

rule88: b1eff < 0.961
probabilities_array:[0.         0.29314536 0.70685464]

rule118: 4.010 < b3call < 5.113
probabilities_array:[0.         0.27056292 0.7294371 ]

rule29: -0.372 < a2cy < 0.017
probabilities_array:[0.         0.26546776 0.73453224]

rule87: b1call > 5.023
probabilities_array:[0.         0.26029125 0.7397087 ]

rule122: 1.241 < b3eff < 1.533
probabilities_array:[0.         0.24683541 0.7531646 ]

rule56: a3sx < 0.321
probabilities_array:[0.         0.23618367 0.76381636]

rule92: b2x < -0.396
probabilities_array:[0.         0.22279434 0.77720565]

rule14: 1.016 < a1sy < 1.700
probabilities_array:[0.00711139 0.21070279 0.7821858 ]

rule37: 0.318 < a2sy < 1.003
probabilities_array:[0.         0.21018095 0.78981906]

rule22: 3.043 < a1pop < 5.103
probabilities_array:[0.0369641  0.18676098 0.7762749 ]

rule70: 3.063 < a3pop < 5.179
probabilities_array:[0.04148458 0.18096907 0.77754635]

