R2: 0.5178743238569898

MAE: 0.056136139477658074

MSE: 0.00737618933517625

Accuracy: 0.7800650054171181

F1: 0.78001794547499

Confusion Matrix: [[1413, 362], [450, 1467]]

Uncertainties: {'class0': [0.2911791503429413, 0.3710460066795349, 0.40247663855552673, 0.40797844529151917, 0.45195332169532776], 'class1': [0.23561152815818787, 0.31950753927230835, 0.3717198371887207, 0.42424359917640686, 0.6481633186340332]}

Most important rules
-----------------------------

---0---
rule44: a2pop < 1.018
probabilities_array:[0.7088209  0.         0.29117915]

rule128: mxql = 9.0
probabilities_array:[0.628954 0.       0.371046]

rule68: a3pop < 0.948
probabilities_array:[0.5975234  0.         0.40247664]

rule20: a1pop < 0.982
probabilities_array:[0.5920216  0.         0.40797845]

rule45: 1.018 < a2pop < 3.101
probabilities_array:[0.54804665 0.         0.45195332]

rule69: 0.948 < a3pop < 3.063
probabilities_array:[0.4730781 0.        0.5269219]

rule127: mxql = 8.0
probabilities_array:[0.46755055 0.         0.5324495 ]

rule21: 0.982 < a1pop < 3.043
probabilities_array:[0.3982997 0.        0.6017003]

rule100: b2call < 2.874
probabilities_array:[0.24890192 0.         0.7510981 ]

rule90: 1.254 < b1eff < 1.546
probabilities_array:[0.24761543 0.         0.75238454]

rule126: mxql = 7.0
probabilities_array:[0.22234422 0.         0.7776558 ]

rule57: 0.321 < a3sx < 0.965
probabilities_array:[0.20772934 0.00909605 0.78317463]


---1---
rule47: a2pop > 5.184
probabilities_array:[0.         0.7643885  0.23561153]

rule23: a1pop > 5.103
probabilities_array:[0.         0.68049246 0.31950754]

rule71: a3pop > 5.179
probabilities_array:[0.         0.62828016 0.37171984]

rule124: mxql = 5.0
probabilities_array:[0.         0.57575643 0.4242436 ]

rule118: 4.010 < b3call < 5.113
probabilities_array:[0.         0.35183668 0.6481633 ]

rule103: b2call > 5.060
probabilities_array:[0.         0.33375973 0.6662403 ]

rule46: 3.101 < a2pop < 5.184
probabilities_array:[0.00410565 0.29938993 0.6965045 ]

rule87: b1call > 5.023
probabilities_array:[0.         0.30027846 0.6997215 ]

rule73: 0.353 < temp < 0.495
probabilities_array:[0.         0.2682036  0.73179644]

rule22: 3.043 < a1pop < 5.103
probabilities_array:[0.02183192 0.24348167 0.73468643]

rule125: mxql = 6.0
probabilities_array:[0.         0.23852003 0.76148   ]

rule122: 1.241 < b3eff < 1.533
probabilities_array:[0.         0.23035905 0.769641  ]

rule29: -0.372 < a2cy < 0.017
probabilities_array:[0.         0.22916725 0.7708328 ]

rule96: b2y < -0.376
probabilities_array:[0.         0.22700466 0.77299535]

rule92: b2x < -0.396
probabilities_array:[0.         0.21800014 0.7819999 ]

rule70: 3.063 < a3pop < 5.179
probabilities_array:[0.0258742  0.19349653 0.7806293 ]

rule88: b1eff < 0.961
probabilities_array:[0.         0.20561844 0.79438156]

