R2: 0.5268879268470193

MAE: 0.055785125966512826

MSE: 0.007238287444576988

Accuracy: 0.7814192849404117

F1: 0.7813671724656148

Confusion Matrix: [[1414, 361], [446, 1471]]

Uncertainties: {'class0': [0.2720533013343811, 0.36251145601272583, 0.4134397506713867, 0.4207793176174164, 0.4387877583503723], 'class1': [0.267875611782074, 0.2794666588306427, 0.38760504126548767, 0.42212551832199097, 0.6321050524711609]}

Most important rules
-----------------------------

---0---
rule44: a2pop < 1.018
probabilities_array:[0.7279467 0.        0.2720533]

rule68: a3pop < 0.948
probabilities_array:[0.63748854 0.         0.36251146]

rule128: mxql = 9.0
probabilities_array:[0.58656025 0.         0.41343975]

rule45: 1.018 < a2pop < 3.101
probabilities_array:[0.5792207  0.         0.42077932]

rule20: a1pop < 0.982
probabilities_array:[0.56121224 0.         0.43878776]

rule69: 0.948 < a3pop < 3.063
probabilities_array:[0.52025837 0.         0.47974163]

rule127: mxql = 8.0
probabilities_array:[0.41926345 0.         0.5807366 ]

rule21: 0.982 < a1pop < 3.043
probabilities_array:[0.3523136 0.        0.6476864]

rule90: 1.254 < b1eff < 1.546
probabilities_array:[0.21884406 0.         0.78115594]

rule100: b2call < 2.874
probabilities_array:[0.20839088 0.         0.7916091 ]


---1---
rule47: a2pop > 5.184
probabilities_array:[0.        0.7321244 0.2678756]

rule23: a1pop > 5.103
probabilities_array:[0.         0.7205334  0.27946666]

rule124: mxql = 5.0
probabilities_array:[0.         0.6123949  0.38760504]

rule71: a3pop > 5.179
probabilities_array:[0.         0.5778745  0.42212552]

rule103: b2call > 5.060
probabilities_array:[0.         0.36789498 0.63210505]

rule87: b1call > 5.023
probabilities_array:[0.         0.32631156 0.6736884 ]

rule118: 4.010 < b3call < 5.113
probabilities_array:[0.         0.31218225 0.68781775]

rule125: mxql = 6.0
probabilities_array:[0.        0.2952758 0.7047242]

rule46: 3.101 < a2pop < 5.184
probabilities_array:[0.02953845 0.2674408  0.70302075]

rule22: 3.043 < a1pop < 5.103
probabilities_array:[0.         0.27573097 0.72426903]

rule29: -0.372 < a2cy < 0.017
probabilities_array:[0.        0.2533581 0.7466419]

rule88: b1eff < 0.961
probabilities_array:[0.         0.23740204 0.762598  ]

rule96: b2y < -0.376
probabilities_array:[0.         0.23419172 0.7658083 ]

rule73: 0.353 < temp < 0.495
probabilities_array:[0.         0.21538107 0.7846189 ]

rule106: 1.248 < b2eff < 1.537
probabilities_array:[0.         0.20972693 0.7902731 ]

