R2: 0.5204969564629498

MAE: 0.05622606681680644

MSE: 0.00733606487050777

Accuracy: 0.7800650054171181

F1: 0.7800143941822144

Confusion Matrix: [[1412, 363], [449, 1468]]

Uncertainties: {'class0': [0.2762394845485687, 0.34925970435142517, 0.42892253398895264, 0.43878328800201416, 0.4535643756389618], 'class1': [0.2519225478172302, 0.3108450770378113, 0.38163432478904724, 0.4354231655597687, 0.6797736883163452]}

Most important rules
-----------------------------

---0---
rule44: a2pop < 1.018
probabilities_array:[0.7237605  0.         0.27623948]

rule68: a3pop < 0.948
probabilities_array:[0.65074027 0.         0.3492597 ]

rule20: a1pop < 0.982
probabilities_array:[0.57107747 0.         0.42892253]

rule45: 1.018 < a2pop < 3.101
probabilities_array:[0.5612167 0.        0.4387833]

rule128: mxql = 9.0
probabilities_array:[0.5464356  0.         0.45356438]

rule69: 0.948 < a3pop < 3.063
probabilities_array:[0.5325836  0.         0.46741638]

rule21: 0.982 < a1pop < 3.043
probabilities_array:[0.38964462 0.         0.6103554 ]

rule127: mxql = 8.0
probabilities_array:[0.38777822 0.         0.6122218 ]

rule100: b2call < 2.874
probabilities_array:[0.2562449 0.        0.7437551]


---1---
rule47: a2pop > 5.184
probabilities_array:[0.         0.74807745 0.25192255]

rule23: a1pop > 5.103
probabilities_array:[0.         0.6891549  0.31084508]

rule124: mxql = 5.0
probabilities_array:[0.         0.61836565 0.38163432]

rule71: a3pop > 5.179
probabilities_array:[0.         0.5645768  0.43542317]

rule125: mxql = 6.0
probabilities_array:[0.         0.32022634 0.6797737 ]

rule103: b2call > 5.060
probabilities_array:[0.         0.30558258 0.6944174 ]

rule46: 3.101 < a2pop < 5.184
probabilities_array:[0.01734394 0.27445865 0.7081974 ]

rule118: 4.010 < b3call < 5.113
probabilities_array:[0.         0.27388167 0.7261183 ]

rule29: -0.372 < a2cy < 0.017
probabilities_array:[0.         0.26865426 0.7313457 ]

rule88: b1eff < 0.961
probabilities_array:[0.         0.2675545  0.73244554]

rule87: b1call > 5.023
probabilities_array:[0.         0.24913833 0.75086164]

rule22: 3.043 < a1pop < 5.103
probabilities_array:[0.         0.23443761 0.76556236]

rule73: 0.353 < temp < 0.495
probabilities_array:[0.         0.22800133 0.7719987 ]

rule77: -0.385 < b1x < 0.008
probabilities_array:[0.         0.22591683 0.7740832 ]

rule96: b2y < -0.376
probabilities_array:[0.         0.21002276 0.78997725]

rule14: 1.016 < a1sy < 1.700
probabilities_array:[7.4203458e-04 2.0889293e-01 7.9036504e-01]

