R2: 0.5190045734113601

MAE: 0.05618449633027121

MSE: 0.007358897298843049

Accuracy: 0.7778981581798483

F1: 0.7778636746383454

Confusion Matrix: [[1413, 362], [458, 1459]]

Uncertainties: {'class0': [0.2876245081424713, 0.3302343189716339, 0.3541021943092346, 0.38741225004196167, 0.4430304765701294], 'class1': [0.2402818351984024, 0.31003621220588684, 0.43451714515686035, 0.47461095452308655, 0.6820717453956604]}

Most important rules
-----------------------------

---0---
rule44: a2pop < 1.018
probabilities_array:[0.7123755 0.        0.2876245]

rule128: mxql = 9.0
probabilities_array:[0.6697657  0.         0.33023432]

rule68: a3pop < 0.948
probabilities_array:[0.6458978 0.        0.3541022]

rule20: a1pop < 0.982
probabilities_array:[0.61258775 0.         0.38741225]

rule45: 1.018 < a2pop < 3.101
probabilities_array:[0.5569695  0.         0.44303048]

rule69: 0.948 < a3pop < 3.063
probabilities_array:[0.5329341  0.         0.46706587]

rule127: mxql = 8.0
probabilities_array:[0.5281716  0.         0.47182843]

rule21: 0.982 < a1pop < 3.043
probabilities_array:[0.41921034 0.         0.5807897 ]

rule126: mxql = 7.0
probabilities_array:[0.31246433 0.         0.68753564]

rule100: b2call < 2.874
probabilities_array:[0.2900849 0.        0.7099151]


---1---
rule47: a2pop > 5.184
probabilities_array:[0.         0.7597182  0.24028184]

rule23: a1pop > 5.103
probabilities_array:[0.         0.68996376 0.3100362 ]

rule71: a3pop > 5.179
probabilities_array:[0.         0.56548285 0.43451715]

rule124: mxql = 5.0
probabilities_array:[0.         0.525389   0.47461095]

rule118: 4.010 < b3call < 5.113
probabilities_array:[0.         0.31792828 0.68207175]

rule46: 3.101 < a2pop < 5.184
probabilities_array:[0.0159736  0.30153754 0.68248886]

rule87: b1call > 5.023
probabilities_array:[0.         0.3009784  0.69902164]

rule103: b2call > 5.060
probabilities_array:[0.         0.29793692 0.7020631 ]

rule88: b1eff < 0.961
probabilities_array:[0.         0.28799587 0.7120041 ]

rule29: -0.372 < a2cy < 0.017
probabilities_array:[0.         0.28015453 0.7198455 ]

rule122: 1.241 < b3eff < 1.533
probabilities_array:[0.         0.24754426 0.7524558 ]

rule92: b2x < -0.396
probabilities_array:[0.        0.2446529 0.7553471]

rule96: b2y < -0.376
probabilities_array:[0.         0.23308776 0.7669122 ]

rule22: 3.043 < a1pop < 5.103
probabilities_array:[0.01589375 0.21714988 0.7669563 ]

rule56: a3sx < 0.321
probabilities_array:[0.         0.21128005 0.78871995]

rule14: 1.016 < a1sy < 1.700
probabilities_array:[0.00694772 0.20280337 0.79024893]

