R2: 0.5139326194669782

MAE: 0.05695410058229737

MSE: 0.0074364946856745225

Accuracy: 0.7792524377031419

F1: 0.7792166578433455

Confusion Matrix: [[1415, 360], [455, 1462]]

Uncertainties: {'class0': [0.3208547830581665, 0.41895824670791626, 0.4547082781791687, 0.4661778509616852, 0.52988201379776], 'class1': [0.20850947499275208, 0.2839617133140564, 0.3709881901741028, 0.4053281843662262, 0.638786256313324]}

Most important rules
-----------------------------

---0---
rule44: a2pop < 1.018
probabilities_array:[0.6791452  0.         0.32085478]

rule68: a3pop < 0.948
probabilities_array:[0.58104175 0.         0.41895825]

rule128: mxql = 9.0
probabilities_array:[0.5452917  0.         0.45470828]

rule20: a1pop < 0.982
probabilities_array:[0.5338222  0.         0.46617785]

rule45: 1.018 < a2pop < 3.101
probabilities_array:[0.47011802 0.         0.529882  ]

rule69: 0.948 < a3pop < 3.063
probabilities_array:[0.43177763 0.         0.56822234]

rule127: mxql = 8.0
probabilities_array:[0.38693306 0.         0.6130669 ]

rule21: 0.982 < a1pop < 3.043
probabilities_array:[0.34039712 0.         0.6596029 ]

rule100: b2call < 2.874
probabilities_array:[0.2366448 0.        0.7633552]


---1---
rule47: a2pop > 5.184
probabilities_array:[0.         0.79149055 0.20850947]

rule23: a1pop > 5.103
probabilities_array:[0.        0.7160383 0.2839617]

rule71: a3pop > 5.179
probabilities_array:[0.        0.6290118 0.3709882]

rule124: mxql = 5.0
probabilities_array:[0.         0.5946718  0.40532818]

rule46: 3.101 < a2pop < 5.184
probabilities_array:[0.         0.36121374 0.63878626]

rule103: b2call > 5.060
probabilities_array:[0.        0.3034585 0.6965415]

rule125: mxql = 6.0
probabilities_array:[0.         0.29336408 0.7066359 ]

rule22: 3.043 < a1pop < 5.103
probabilities_array:[0.         0.2740337  0.72596633]

rule87: b1call > 5.023
probabilities_array:[0.         0.27366605 0.726334  ]

rule88: b1eff < 0.961
probabilities_array:[0.        0.2718416 0.7281584]

rule118: 4.010 < b3call < 5.113
probabilities_array:[0.        0.2561116 0.7438884]

rule96: b2y < -0.376
probabilities_array:[0.         0.24654704 0.75345296]

rule29: -0.372 < a2cy < 0.017
probabilities_array:[0.         0.23661381 0.7633862 ]

rule70: 3.063 < a3pop < 5.179
probabilities_array:[0.02446467 0.22063263 0.75490266]

rule56: a3sx < 0.321
probabilities_array:[0.         0.2227402  0.77725977]

