R2: 0.5224685913610325

MAE: 0.05632501846712355

MSE: 0.00730590022044299

Accuracy: 0.7814192849404117

F1: 0.7813707661207328

Confusion Matrix: [[1415, 360], [447, 1470]]

Uncertainties: {'class0': [0.23970504105091095, 0.3550615608692169, 0.38606855273246765, 0.4296322166919708, 0.4492362439632416], 'class1': [0.2865092158317566, 0.3296613395214081, 0.3661746680736542, 0.3850467801094055, 0.662499189376831]}

Most important rules
-----------------------------

---0---
rule44: a2pop < 1.018
probabilities_array:[0.760295   0.         0.23970504]

rule20: a1pop < 0.982
probabilities_array:[0.64493847 0.         0.35506156]

rule45: 1.018 < a2pop < 3.101
probabilities_array:[0.6139314  0.         0.38606855]

rule128: mxql = 9.0
probabilities_array:[0.57036775 0.         0.42963222]

rule68: a3pop < 0.948
probabilities_array:[0.5507637  0.         0.44923624]

rule21: 0.982 < a1pop < 3.043
probabilities_array:[0.4725731 0.        0.5274269]

rule127: mxql = 8.0
probabilities_array:[0.40521932 0.         0.5947807 ]

rule69: 0.948 < a3pop < 3.063
probabilities_array:[0.3984169  0.         0.60158306]

rule100: b2call < 2.874
probabilities_array:[0.23580888 0.         0.7641911 ]

rule90: 1.254 < b1eff < 1.546
probabilities_array:[0.22215308 0.         0.77784693]


---1---
rule47: a2pop > 5.184
probabilities_array:[0.         0.7134908  0.28650922]

rule71: a3pop > 5.179
probabilities_array:[0.         0.6703387  0.32966134]

rule23: a1pop > 5.103
probabilities_array:[0.         0.63382536 0.36617467]

rule124: mxql = 5.0
probabilities_array:[0.         0.6149532  0.38504678]

rule103: b2call > 5.060
probabilities_array:[0.        0.3375008 0.6624992]

rule125: mxql = 6.0
probabilities_array:[0.         0.30961525 0.69038475]

rule118: 4.010 < b3call < 5.113
probabilities_array:[0.         0.30139467 0.69860536]

rule87: b1call > 5.023
probabilities_array:[0.         0.27361518 0.7263848 ]

rule70: 3.063 < a3pop < 5.179
probabilities_array:[0.00208824 0.26327506 0.73463666]

rule29: -0.372 < a2cy < 0.017
probabilities_array:[0.         0.24906707 0.75093293]

rule43: a2rho > 0.192
probabilities_array:[0.         0.24847789 0.7515221 ]

rule56: a3sx < 0.321
probabilities_array:[0.         0.24842961 0.7515704 ]

rule92: b2x < -0.396
probabilities_array:[0.         0.24291402 0.757086  ]

rule73: 0.353 < temp < 0.495
probabilities_array:[0.         0.24126337 0.7587366 ]

rule46: 3.101 < a2pop < 5.184
probabilities_array:[0.04852268 0.21365327 0.7378241 ]

rule96: b2y < -0.376
probabilities_array:[0.         0.22906612 0.77093387]

rule88: b1eff < 0.961
probabilities_array:[0.         0.22761396 0.7723861 ]

