R2: 0.5203769054674139

MAE: 0.056000371861799736

MSE: 0.007337901567694347

Accuracy: 0.7830444203683641

F1: 0.7829962622834039

Confusion Matrix: [[1418, 357], [444, 1473]]

Uncertainties: {'class0': [0.290256530046463, 0.33584094047546387, 0.34245073795318604, 0.4581129848957062, 0.4678753912448883], 'class1': [0.2327273041009903, 0.30051329731941223, 0.4333660900592804, 0.45427975058555603, 0.6206938028335571]}

Most important rules
-----------------------------

---0---
rule44: a2pop < 1.018
probabilities_array:[0.7097435  0.         0.29025653]

rule20: a1pop < 0.982
probabilities_array:[0.66415906 0.         0.33584094]

rule128: mxql = 9.0
probabilities_array:[0.65754926 0.         0.34245074]

rule45: 1.018 < a2pop < 3.101
probabilities_array:[0.54188704 0.         0.45811298]

rule68: a3pop < 0.948
probabilities_array:[0.5321246 0.        0.4678754]

rule21: 0.982 < a1pop < 3.043
probabilities_array:[0.5125546  0.         0.48744544]

rule127: mxql = 8.0
probabilities_array:[0.50237954 0.         0.49762046]

rule69: 0.948 < a3pop < 3.063
probabilities_array:[0.38629794 0.         0.61370206]

rule126: mxql = 7.0
probabilities_array:[0.26638338 0.         0.73361665]

rule98: 0.007 < b2y < 0.390
probabilities_array:[0.23359664 0.         0.7664034 ]

rule107: b2eff > 1.537
probabilities_array:[0.19599383 0.0169842  0.78702193]


---1---
rule47: a2pop > 5.184
probabilities_array:[0.        0.7672727 0.2327273]

rule71: a3pop > 5.179
probabilities_array:[0.        0.6994867 0.3005133]

rule23: a1pop > 5.103
probabilities_array:[0.         0.56663394 0.4333661 ]

rule124: mxql = 5.0
probabilities_array:[0.         0.5457203  0.45427975]

rule103: b2call > 5.060
probabilities_array:[3.7064248e-05 3.7926912e-01 6.2069380e-01]

rule46: 3.101 < a2pop < 5.184
probabilities_array:[0.01818957 0.31446096 0.6673495 ]

rule87: b1call > 5.023
probabilities_array:[0.         0.31906736 0.68093264]

rule88: b1eff < 0.961
probabilities_array:[0.        0.2848184 0.7151816]

rule70: 3.063 < a3pop < 5.179
probabilities_array:[0.        0.2810776 0.7189224]

rule118: 4.010 < b3call < 5.113
probabilities_array:[0.         0.27029294 0.72970706]

rule53: -0.398 < a3cy < -0.006
probabilities_array:[0.         0.24988498 0.75011504]

rule122: 1.241 < b3eff < 1.533
probabilities_array:[0.         0.24628718 0.75371283]

rule29: -0.372 < a2cy < 0.017
probabilities_array:[0.         0.24265733 0.75734264]

rule55: a3cy > 0.385
probabilities_array:[0.         0.21061243 0.7893876 ]

rule43: a2rho > 0.192
probabilities_array:[0.         0.21036732 0.7896327 ]

rule73: 0.353 < temp < 0.495
probabilities_array:[0.         0.21011217 0.78988785]

