R2: 0.5188629269266091

MAE: 0.05643924581607437

MSE: 0.007361064392075968

Accuracy: 0.776273022751896

F1: 0.7762286324786325

Confusion Matrix: [[1407, 368], [458, 1459]]

Uncertainties: {'class0': [0.2822325825691223, 0.3616092801094055, 0.3774276673793793, 0.4070221185684204, 0.4316057860851288], 'class1': [0.23580889403820038, 0.32054081559181213, 0.3668149709701538, 0.44790130853652954, 0.6626679301261902]}

Most important rules
-----------------------------

---0---
rule44: a2pop < 1.018
probabilities_array:[0.7177674  0.         0.28223258]

rule20: a1pop < 0.982
probabilities_array:[0.6383907  0.         0.36160928]

rule68: a3pop < 0.948
probabilities_array:[0.62257236 0.         0.37742767]

rule128: mxql = 9.0
probabilities_array:[0.5929779  0.         0.40702212]

rule45: 1.018 < a2pop < 3.101
probabilities_array:[0.5683942 0.        0.4316058]

rule69: 0.948 < a3pop < 3.063
probabilities_array:[0.49591485 0.         0.5040852 ]

rule127: mxql = 8.0
probabilities_array:[0.47009626 0.         0.52990377]

rule21: 0.982 < a1pop < 3.043
probabilities_array:[0.4519435 0.        0.5480565]

rule126: mxql = 7.0
probabilities_array:[0.22781101 0.         0.77218896]

rule100: b2call < 2.874
probabilities_array:[0.22774714 0.         0.77225286]

rule39: a2sy > 1.688
probabilities_array:[0.18761796 0.03635967 0.7760224 ]


---1---
rule47: a2pop > 5.184
probabilities_array:[0.        0.7641911 0.2358089]

rule23: a1pop > 5.103
probabilities_array:[0.         0.6794592  0.32054082]

rule71: a3pop > 5.179
probabilities_array:[0.         0.633185   0.36681497]

rule124: mxql = 5.0
probabilities_array:[0.        0.5520987 0.4479013]

rule88: b1eff < 0.961
probabilities_array:[0.         0.33733207 0.66266793]

rule103: b2call > 5.060
probabilities_array:[0.        0.3260668 0.6739332]

rule46: 3.101 < a2pop < 5.184
probabilities_array:[0.02049622 0.2955603  0.68394345]

rule118: 4.010 < b3call < 5.113
probabilities_array:[0.         0.29196656 0.70803344]

rule73: 0.353 < temp < 0.495
probabilities_array:[0.         0.291155   0.70884496]

rule87: b1call > 5.023
probabilities_array:[0.         0.28143618 0.71856385]

rule96: b2y < -0.376
probabilities_array:[0.        0.2628385 0.7371615]

rule122: 1.241 < b3eff < 1.533
probabilities_array:[0.         0.25082502 0.74917495]

rule125: mxql = 6.0
probabilities_array:[0.         0.22470991 0.7752901 ]

rule89: 0.961 < b1eff < 1.254
probabilities_array:[0.         0.21340472 0.7865953 ]

rule66: -0.002 < a3rho < 0.193
probabilities_array:[0.         0.20450006 0.7954999 ]

rule29: -0.372 < a2cy < 0.017
probabilities_array:[0.         0.20255022 0.79744977]

rule106: 1.248 < b2eff < 1.537
probabilities_array:[0.         0.20085968 0.79914033]

