R2: 0.5225209350343896

MAE: 0.05597890112066228

MSE: 0.007305099398449294

Accuracy: 0.7800650054171181

F1: 0.7799988962900081

Confusion Matrix: [[1408, 367], [445, 1472]]

Uncertainties: {'class0': [0.2308623194694519, 0.33658337593078613, 0.34670165181159973, 0.3559766113758087, 0.3613702356815338], 'class1': [0.31447193026542664, 0.36792901158332825, 0.39703813195228577, 0.4644972085952759, 0.6253393888473511]}

Most important rules
-----------------------------

---0---
rule44: a2pop < 1.018
probabilities_array:[0.7691377  0.         0.23086232]

rule20: a1pop < 0.982
probabilities_array:[0.6634166  0.         0.33658338]

rule128: mxql = 9.0
probabilities_array:[0.6532983  0.         0.34670165]

rule68: a3pop < 0.948
probabilities_array:[0.6440234 0.        0.3559766]

rule45: 1.018 < a2pop < 3.101
probabilities_array:[0.6386298  0.         0.36137024]

rule69: 0.948 < a3pop < 3.063
probabilities_array:[0.51723635 0.         0.48276362]

rule127: mxql = 8.0
probabilities_array:[0.51447433 0.         0.48552567]

rule21: 0.982 < a1pop < 3.043
probabilities_array:[0.5015721  0.         0.49842793]

rule126: mxql = 7.0
probabilities_array:[0.2919296 0.        0.7080704]

rule100: b2call < 2.874
probabilities_array:[0.20581341 0.         0.7941866 ]


---1---
rule47: a2pop > 5.184
probabilities_array:[0.         0.6855281  0.31447193]

rule23: a1pop > 5.103
probabilities_array:[0.       0.632071 0.367929]

rule71: a3pop > 5.179
probabilities_array:[0.         0.60296184 0.39703813]

rule124: mxql = 5.0
probabilities_array:[0.        0.5355028 0.4644972]

rule103: b2call > 5.060
probabilities_array:[0.        0.3746606 0.6253394]

rule118: 4.010 < b3call < 5.113
probabilities_array:[0.         0.35312536 0.64687467]

rule88: b1eff < 0.961
probabilities_array:[0.        0.2805759 0.7194241]

rule96: b2y < -0.376
probabilities_array:[0.         0.27424827 0.7257517 ]

rule87: b1call > 5.023
probabilities_array:[0.         0.27390856 0.72609144]

rule56: a3sx < 0.321
probabilities_array:[0.         0.25459015 0.74540985]

rule29: -0.372 < a2cy < 0.017
probabilities_array:[0.         0.24310969 0.7568903 ]

rule37: 0.318 < a2sy < 1.003
probabilities_array:[0.         0.23989792 0.7601021 ]

rule92: b2x < -0.396
probabilities_array:[0.         0.22608194 0.7739181 ]

rule122: 1.241 < b3eff < 1.533
probabilities_array:[0.         0.21994841 0.7800516 ]

rule53: -0.398 < a3cy < -0.006
probabilities_array:[0.        0.2108162 0.7891838]

rule46: 3.101 < a2pop < 5.184
probabilities_array:[0.05162256 0.18470725 0.76367015]

