R2: 0.5266935341398261

MAE: 0.05590993518268461

MSE: 0.007241261518526141

Accuracy: 0.7838569880823402

F1: 0.7838173386035184

Confusion Matrix: [[1422, 353], [445, 1472]]

Uncertainties: {'class0': [0.2713014781475067, 0.3553818464279175, 0.3998086452484131, 0.42868542671203613, 0.4328674376010895], 'class1': [0.2363872081041336, 0.35037973523139954, 0.39075225591659546, 0.4269997179508209, 0.6452000141143799]}

Most important rules
-----------------------------

---0---
rule44: a2pop < 1.018
probabilities_array:[0.72869855 0.         0.27130148]

rule68: a3pop < 0.948
probabilities_array:[0.64461815 0.         0.35538185]

rule20: a1pop < 0.982
probabilities_array:[0.60019135 0.         0.39980865]

rule128: mxql = 9.0
probabilities_array:[0.5713146  0.         0.42868543]

rule45: 1.018 < a2pop < 3.101
probabilities_array:[0.56713253 0.         0.43286744]

rule69: 0.948 < a3pop < 3.063
probabilities_array:[0.5362388 0.        0.4637612]

rule21: 0.982 < a1pop < 3.043
probabilities_array:[0.44295397 0.         0.55704606]

rule127: mxql = 8.0
probabilities_array:[0.37712792 0.         0.6228721 ]

rule100: b2call < 2.874
probabilities_array:[0.24031816 0.         0.7596818 ]

rule90: 1.254 < b1eff < 1.546
probabilities_array:[0.2118344 0.        0.7881656]


---1---
rule47: a2pop > 5.184
probabilities_array:[0.         0.7636128  0.23638721]

rule124: mxql = 5.0
probabilities_array:[0.         0.64962023 0.35037974]

rule23: a1pop > 5.103
probabilities_array:[0.         0.60924774 0.39075226]

rule71: a3pop > 5.179
probabilities_array:[0.         0.57300025 0.42699972]

rule125: mxql = 6.0
probabilities_array:[0.         0.35480002 0.6452    ]

rule87: b1call > 5.023
probabilities_array:[0.         0.34482032 0.6551797 ]

rule103: b2call > 5.060
probabilities_array:[0.         0.34185156 0.65814847]

rule46: 3.101 < a2pop < 5.184
probabilities_array:[0.02082399 0.27437055 0.7048054 ]

rule29: -0.372 < a2cy < 0.017
probabilities_array:[0.         0.26827946 0.73172057]

rule118: 4.010 < b3call < 5.113
probabilities_array:[0.         0.26735404 0.732646  ]

rule122: 1.241 < b3eff < 1.533
probabilities_array:[0.         0.25040215 0.74959785]

rule96: b2y < -0.376
probabilities_array:[0.         0.24229671 0.7577033 ]

rule88: b1eff < 0.961
probabilities_array:[0.         0.23376964 0.76623034]

rule22: 3.043 < a1pop < 5.103
probabilities_array:[0.04294274 0.2047911  0.7522661 ]

rule43: a2rho > 0.192
probabilities_array:[0.         0.21108824 0.78891176]

rule56: a3sx < 0.321
probabilities_array:[0.        0.2062972 0.7937028]

