R2: 0.5205480529478625

MAE: 0.055932997236521446

MSE: 0.007335283129634532

Accuracy: 0.7833152762730228

F1: 0.7832844960366656

Confusion Matrix: [[1424, 351], [449, 1468]]

Uncertainties: {'class0': [0.2961796522140503, 0.40347474813461304, 0.42286041378974915, 0.4454265236854553, 0.476680725812912], 'class1': [0.209424689412117, 0.3426465392112732, 0.34971171617507935, 0.35228222608566284, 0.6531128287315369]}

Most important rules
-----------------------------

---0---
rule44: a2pop < 1.018
probabilities_array:[0.70382035 0.         0.29617965]

rule20: a1pop < 0.982
probabilities_array:[0.59652525 0.         0.40347475]

rule128: mxql = 9.0
probabilities_array:[0.57713956 0.         0.4228604 ]

rule68: a3pop < 0.948
probabilities_array:[0.5545735  0.         0.44542652]

rule45: 1.018 < a2pop < 3.101
probabilities_array:[0.5233193  0.         0.47668073]

rule69: 0.948 < a3pop < 3.063
probabilities_array:[0.44219944 0.         0.5578006 ]

rule21: 0.982 < a1pop < 3.043
probabilities_array:[0.43145663 0.         0.5685434 ]

rule127: mxql = 8.0
probabilities_array:[0.40300915 0.         0.5969909 ]

rule90: 1.254 < b1eff < 1.546
probabilities_array:[0.28113458 0.         0.7188654 ]

rule100: b2call < 2.874
probabilities_array:[0.2741453 0.        0.7258547]

rule91: b1eff > 1.546
probabilities_array:[0.22013567 0.         0.7798643 ]

rule98: 0.007 < b2y < 0.390
probabilities_array:[0.20500876 0.         0.79499125]


---1---
rule47: a2pop > 5.184
probabilities_array:[0.         0.7905753  0.20942469]

rule23: a1pop > 5.103
probabilities_array:[0.         0.65735346 0.34264654]

rule124: mxql = 5.0
probabilities_array:[0.         0.6502883  0.34971172]

rule71: a3pop > 5.179
probabilities_array:[0.         0.6477178  0.35228223]

rule125: mxql = 6.0
probabilities_array:[0.        0.3468872 0.6531128]

rule87: b1call > 5.023
probabilities_array:[0.         0.34435093 0.65564907]

rule46: 3.101 < a2pop < 5.184
probabilities_array:[0.         0.32599047 0.67400956]

rule103: b2call > 5.060
probabilities_array:[6.9765258e-05 3.1418061e-01 6.8574965e-01]

rule118: 4.010 < b3call < 5.113
probabilities_array:[0.         0.28576377 0.7142362 ]

rule70: 3.063 < a3pop < 5.179
probabilities_array:[0.0033723  0.23035471 0.766273  ]

rule29: -0.372 < a2cy < 0.017
probabilities_array:[0.         0.23179513 0.76820487]

rule77: -0.385 < b1x < 0.008
probabilities_array:[0.         0.22661985 0.77338016]

rule92: b2x < -0.396
probabilities_array:[0.         0.22166447 0.7783355 ]

rule73: 0.353 < temp < 0.495
probabilities_array:[0.         0.22127219 0.7787278 ]

rule122: 1.241 < b3eff < 1.533
probabilities_array:[0.         0.21807958 0.78192043]

rule22: 3.043 < a1pop < 5.103
probabilities_array:[0.00715278 0.20632407 0.7865231 ]

