R2: 0.5189135819469739

MAE: 0.05661743372077123

MSE: 0.00736028940530493

Accuracy: 0.7792524377031419

F1: 0.7792103072856753

Confusion Matrix: [[1413, 362], [453, 1464]]

Uncertainties: {'class0': [0.2811407744884491, 0.3604973256587982, 0.3708588182926178, 0.47836530208587646, 0.49317285418510437], 'class1': [0.22820135951042175, 0.355768620967865, 0.3732979893684387, 0.3989986479282379, 0.6315014958381653]}

Most important rules
-----------------------------

---0---
rule44: a2pop < 1.018
probabilities_array:[0.71885926 0.         0.28114077]

rule20: a1pop < 0.982
probabilities_array:[0.6395027  0.         0.36049733]

rule68: a3pop < 0.948
probabilities_array:[0.62914115 0.         0.37085882]

rule45: 1.018 < a2pop < 3.101
probabilities_array:[0.5216347 0.        0.4783653]

rule128: mxql = 9.0
probabilities_array:[0.5068271  0.         0.49317285]

rule69: 0.948 < a3pop < 3.063
probabilities_array:[0.5002952  0.         0.49970475]

rule21: 0.982 < a1pop < 3.043
probabilities_array:[0.4698441 0.        0.5301559]

rule127: mxql = 8.0
probabilities_array:[0.34394857 0.         0.65605146]

rule100: b2call < 2.874
probabilities_array:[0.21151124 0.         0.78848875]


---1---
rule47: a2pop > 5.184
probabilities_array:[0.         0.7717986  0.22820136]

rule124: mxql = 5.0
probabilities_array:[0.         0.6442314  0.35576862]

rule23: a1pop > 5.103
probabilities_array:[0.       0.626702 0.373298]

rule71: a3pop > 5.179
probabilities_array:[0.         0.6010014  0.39899865]

rule125: mxql = 6.0
probabilities_array:[0.         0.36849847 0.6315015 ]

rule103: b2call > 5.060
probabilities_array:[0.         0.34180537 0.6581946 ]

rule46: 3.101 < a2pop < 5.184
probabilities_array:[0.01163407 0.3135192  0.6748467 ]

rule88: b1eff < 0.961
probabilities_array:[0.         0.27250433 0.7274957 ]

rule87: b1call > 5.023
probabilities_array:[0.        0.2617527 0.7382473]

rule96: b2y < -0.376
probabilities_array:[0.         0.2506241  0.74937594]

rule118: 4.010 < b3call < 5.113
probabilities_array:[0.        0.2501793 0.7498207]

rule56: a3sx < 0.321
probabilities_array:[0.         0.24287486 0.75712514]

rule73: 0.353 < temp < 0.495
probabilities_array:[0.         0.22313601 0.776864  ]

rule32: a2sx < 0.327
probabilities_array:[0.       0.214646 0.785354]

rule122: 1.241 < b3eff < 1.533
probabilities_array:[0.        0.2044622 0.7955378]

rule92: b2x < -0.396
probabilities_array:[0.         0.20432194 0.7956781 ]

