R2: 0.5196308373334078

MAE: 0.05611310765012306

MSE: 0.007349315894052975

Accuracy: 0.7816901408450704

F1: 0.7816434286365048

Confusion Matrix: [[1416, 359], [447, 1470]]

Uncertainties: {'class0': [0.2894546091556549, 0.31115955114364624, 0.3149835169315338, 0.41856062412261963, 0.4293496310710907], 'class1': [0.22272633016109467, 0.3288431465625763, 0.45447587966918945, 0.47364935278892517, 0.6087135076522827]}

Most important rules
-----------------------------

---0---
rule20: a1pop < 0.982
probabilities_array:[0.71054536 0.         0.2894546 ]

rule68: a3pop < 0.948
probabilities_array:[0.68884045 0.         0.31115955]

rule44: a2pop < 1.018
probabilities_array:[0.68501645 0.         0.31498352]

rule69: 0.948 < a3pop < 3.063
probabilities_array:[0.5814394  0.         0.41856062]

rule21: 0.982 < a1pop < 3.043
probabilities_array:[0.57065034 0.         0.42934963]

rule128: mxql = 9.0
probabilities_array:[0.54899234 0.         0.45100763]

rule45: 1.018 < a2pop < 3.101
probabilities_array:[0.5040045  0.         0.49599552]

rule127: mxql = 8.0
probabilities_array:[0.35694668 0.         0.64305335]

rule90: 1.254 < b1eff < 1.546
probabilities_array:[0.21026075 0.         0.78973925]

rule98: 0.007 < b2y < 0.390
probabilities_array:[0.20102373 0.         0.79897624]


---1---
rule47: a2pop > 5.184
probabilities_array:[0.         0.77727365 0.22272633]

rule124: mxql = 5.0
probabilities_array:[0.         0.6711568  0.32884315]

rule23: a1pop > 5.103
probabilities_array:[0.         0.5455241  0.45447588]

rule71: a3pop > 5.179
probabilities_array:[0.         0.5263506  0.47364935]

rule103: b2call > 5.060
probabilities_array:[1.1492396e-04 3.9117151e-01 6.0871351e-01]

rule125: mxql = 6.0
probabilities_array:[0.         0.38800144 0.61199856]

rule46: 3.101 < a2pop < 5.184
probabilities_array:[0.         0.34838468 0.6516153 ]

rule118: 4.010 < b3call < 5.113
probabilities_array:[0.         0.32223278 0.6777672 ]

rule87: b1call > 5.023
probabilities_array:[0.        0.3050105 0.6949895]

rule88: b1eff < 0.961
probabilities_array:[0.         0.25139254 0.74860746]

rule73: 0.353 < temp < 0.495
probabilities_array:[0.         0.22922942 0.7707706 ]

rule92: b2x < -0.396
probabilities_array:[0.         0.22461317 0.7753868 ]

rule29: -0.372 < a2cy < 0.017
probabilities_array:[0.         0.21952718 0.7804728 ]

rule56: a3sx < 0.321
probabilities_array:[0.         0.21706645 0.78293353]

rule2: -0.007 < a1cx < 0.381
probabilities_array:[0.         0.21293256 0.7870674 ]

rule37: 0.318 < a2sy < 1.003
probabilities_array:[0.         0.20508644 0.79491353]

