R2: 0.5211766531041365

MAE: 0.056166405530883375

MSE: 0.007325665982076883

Accuracy: 0.7816901408450704

F1: 0.7816500938777391

Confusion Matrix: [[1418, 357], [449, 1468]]

Uncertainties: {'class0': [0.2532523274421692, 0.35768166184425354, 0.37007638812065125, 0.3933321237564087, 0.44057413935661316], 'class1': [0.26736852526664734, 0.3374609649181366, 0.3640711307525635, 0.4069192707538605, 0.5957822203636169]}

Most important rules
-----------------------------

---0---
rule44: a2pop < 1.018
probabilities_array:[0.7467477  0.         0.25325233]

rule20: a1pop < 0.982
probabilities_array:[0.6423183  0.         0.35768166]

rule68: a3pop < 0.948
probabilities_array:[0.62992364 0.         0.3700764 ]

rule45: 1.018 < a2pop < 3.101
probabilities_array:[0.6066679  0.         0.39333212]

rule128: mxql = 9.0
probabilities_array:[0.55942583 0.         0.44057414]

rule69: 0.948 < a3pop < 3.063
probabilities_array:[0.51313436 0.         0.48686567]

rule21: 0.982 < a1pop < 3.043
probabilities_array:[0.48124766 0.         0.51875234]

rule127: mxql = 8.0
probabilities_array:[0.37319455 0.         0.6268055 ]

rule98: 0.007 < b2y < 0.390
probabilities_array:[0.22310898 0.         0.776891  ]


---1---
rule47: a2pop > 5.184
probabilities_array:[0.         0.7326315  0.26736853]

rule124: mxql = 5.0
probabilities_array:[0.         0.66253906 0.33746096]

rule23: a1pop > 5.103
probabilities_array:[0.         0.63592887 0.36407113]

rule71: a3pop > 5.179
probabilities_array:[0.         0.5930807  0.40691927]

rule103: b2call > 5.060
probabilities_array:[3.3383585e-05 4.0418443e-01 5.9578222e-01]

rule125: mxql = 6.0
probabilities_array:[0.         0.36585018 0.6341498 ]

rule88: b1eff < 0.961
probabilities_array:[0.        0.2983396 0.7016604]

rule87: b1call > 5.023
probabilities_array:[0.         0.29498312 0.70501685]

rule118: 4.010 < b3call < 5.113
probabilities_array:[0.         0.27489594 0.7251041 ]

rule46: 3.101 < a2pop < 5.184
probabilities_array:[0.04687369 0.24374293 0.7093834 ]

rule73: 0.353 < temp < 0.495
probabilities_array:[0.        0.2592524 0.7407476]

rule29: -0.372 < a2cy < 0.017
probabilities_array:[0.        0.2558427 0.7441573]

rule66: -0.002 < a3rho < 0.193
probabilities_array:[0.         0.22765267 0.77234733]

rule53: -0.398 < a3cy < -0.006
probabilities_array:[0.        0.2199635 0.7800365]

rule56: a3sx < 0.321
probabilities_array:[0.         0.20321071 0.7967893 ]

