R2: 0.5201287087470566

MAE: 0.0561008839668422

MSE: 0.007341698805826054

Accuracy: 0.7800650054171181

F1: 0.7800143941822144

Confusion Matrix: [[1412, 363], [449, 1468]]

Uncertainties: {'class0': [0.20497824251651764, 0.3519081175327301, 0.3956831991672516, 0.39856210350990295, 0.432392954826355], 'class1': [0.32297179102897644, 0.32497134804725647, 0.3569745719432831, 0.44251930713653564, 0.6006487011909485]}

Most important rules
-----------------------------

---0---
rule44: a2pop < 1.018
probabilities_array:[0.7950218  0.         0.20497824]

rule45: 1.018 < a2pop < 3.101
probabilities_array:[0.6480919  0.         0.35190812]

rule128: mxql = 9.0
probabilities_array:[0.60431683 0.         0.3956832 ]

rule20: a1pop < 0.982
probabilities_array:[0.60143787 0.         0.3985621 ]

rule68: a3pop < 0.948
probabilities_array:[0.56760705 0.         0.43239295]

rule127: mxql = 8.0
probabilities_array:[0.4597019 0.        0.5402981]

rule69: 0.948 < a3pop < 3.063
probabilities_array:[0.44924107 0.         0.55075896]

rule21: 0.982 < a1pop < 3.043
probabilities_array:[0.40740323 0.         0.59259677]

rule90: 1.254 < b1eff < 1.546
probabilities_array:[0.22274575 0.         0.7772543 ]

rule126: mxql = 7.0
probabilities_array:[0.21470504 0.         0.78529495]


---1---
rule47: a2pop > 5.184
probabilities_array:[0.        0.6770282 0.3229718]

rule23: a1pop > 5.103
probabilities_array:[0.         0.6750287  0.32497135]

rule71: a3pop > 5.179
probabilities_array:[0.         0.6430254  0.35697457]

rule124: mxql = 5.0
probabilities_array:[0.        0.5574807 0.4425193]

rule103: b2call > 5.060
probabilities_array:[0.        0.3993513 0.6006487]

rule118: 4.010 < b3call < 5.113
probabilities_array:[0.        0.3124013 0.6875987]

rule29: -0.372 < a2cy < 0.017
probabilities_array:[0.         0.29959312 0.70040685]

rule87: b1call > 5.023
probabilities_array:[0.        0.2719044 0.7280956]

rule125: mxql = 6.0
probabilities_array:[0.         0.23747282 0.76252717]

rule88: b1eff < 0.961
probabilities_array:[0.         0.23443387 0.7655661 ]

rule92: b2x < -0.396
probabilities_array:[0.         0.23327719 0.7667228 ]

rule96: b2y < -0.376
probabilities_array:[0.         0.22283027 0.77716976]

rule70: 3.063 < a3pop < 5.179
probabilities_array:[0.00669245 0.21074799 0.7825596 ]

rule56: a3sx < 0.321
probabilities_array:[0.         0.20815022 0.7918498 ]

rule73: 0.353 < temp < 0.495
probabilities_array:[0.         0.20434892 0.7956511 ]

rule22: 3.043 < a1pop < 5.103
probabilities_array:[0.         0.20214465 0.7978554 ]

