R2: 0.5175759009970071

MAE: 0.05629584925085766

MSE: 0.007380754998500359

Accuracy: 0.7816901408450704

F1: 0.7816500938777391

Confusion Matrix: [[1418, 357], [449, 1468]]

Uncertainties: {'class0': [0.33178064227104187, 0.3344716429710388, 0.3788110315799713, 0.45887669920921326, 0.48009583353996277], 'class1': [0.1895163655281067, 0.31382042169570923, 0.4039034843444824, 0.40887463092803955, 0.6079952120780945]}

Most important rules
-----------------------------

---0---
rule20: a1pop < 0.982
probabilities_array:[0.6682193  0.         0.33178064]

rule44: a2pop < 1.018
probabilities_array:[0.66552836 0.         0.33447164]

rule128: mxql = 9.0
probabilities_array:[0.62118894 0.         0.37881103]

rule68: a3pop < 0.948
probabilities_array:[0.5411233 0.        0.4588767]

rule21: 0.982 < a1pop < 3.043
probabilities_array:[0.5199042  0.         0.48009583]

rule45: 1.018 < a2pop < 3.101
probabilities_array:[0.47892493 0.         0.52107507]

rule127: mxql = 8.0
probabilities_array:[0.45933    0.         0.54067004]

rule69: 0.948 < a3pop < 3.063
probabilities_array:[0.38540918 0.         0.6145908 ]

rule100: b2call < 2.874
probabilities_array:[0.24422544 0.         0.75577456]


---1---
rule47: a2pop > 5.184
probabilities_array:[0.         0.81048363 0.18951637]

rule71: a3pop > 5.179
probabilities_array:[0.         0.6861796  0.31382042]

rule124: mxql = 5.0
probabilities_array:[0.         0.5960965  0.40390348]

rule23: a1pop > 5.103
probabilities_array:[0.         0.59112537 0.40887463]

rule46: 3.101 < a2pop < 5.184
probabilities_array:[0.         0.39200482 0.6079952 ]

rule103: b2call > 5.060
probabilities_array:[4.0465511e-05 3.3899090e-01 6.6096866e-01]

rule70: 3.063 < a3pop < 5.179
probabilities_array:[0.00330531 0.28947872 0.70721596]

rule87: b1call > 5.023
probabilities_array:[0.         0.2884951  0.71150494]

rule118: 4.010 < b3call < 5.113
probabilities_array:[0.         0.28113544 0.71886456]

rule29: -0.372 < a2cy < 0.017
probabilities_array:[0.         0.26982358 0.73017645]

rule88: b1eff < 0.961
probabilities_array:[0.        0.2662061 0.7337939]

rule125: mxql = 6.0
probabilities_array:[0.         0.2615386  0.73846143]

rule96: b2y < -0.376
probabilities_array:[0.         0.23544614 0.76455384]

rule37: 0.318 < a2sy < 1.003
probabilities_array:[0.         0.20962143 0.7903786 ]

rule14: 1.016 < a1sy < 1.700
probabilities_array:[0.00564461 0.20293054 0.7914249 ]

