R2: 0.5168922236800368

MAE: 0.05676083373294797

MSE: 0.007391214788517106

Accuracy: 0.778169014084507

F1: 0.7781161267030219

Confusion Matrix: [[1408, 367], [452, 1465]]

Uncertainties: {'class0': [0.30476877093315125, 0.38583478331565857, 0.44104132056236267, 0.4937171936035156, 0.5061286687850952], 'class1': [0.21522493660449982, 0.3003862798213959, 0.33378612995147705, 0.4536654055118561, 0.6611281037330627]}

Most important rules
-----------------------------

---0---
rule44: a2pop < 1.018
probabilities_array:[0.6952312  0.         0.30476877]

rule20: a1pop < 0.982
probabilities_array:[0.61416525 0.         0.38583478]

rule128: mxql = 9.0
probabilities_array:[0.55895865 0.         0.44104132]

rule68: a3pop < 0.948
probabilities_array:[0.5062828 0.        0.4937172]

rule45: 1.018 < a2pop < 3.101
probabilities_array:[0.49387136 0.         0.50612867]

rule21: 0.982 < a1pop < 3.043
probabilities_array:[0.4240426  0.         0.57595736]

rule127: mxql = 8.0
probabilities_array:[0.40970814 0.         0.59029186]

rule69: 0.948 < a3pop < 3.063
probabilities_array:[0.3487171 0.        0.6512829]

rule90: 1.254 < b1eff < 1.546
probabilities_array:[0.25554138 0.         0.7444586 ]

rule91: b1eff > 1.546
probabilities_array:[0.20271939 0.         0.7972806 ]


---1---
rule47: a2pop > 5.184
probabilities_array:[0.         0.7847751  0.21522494]

rule71: a3pop > 5.179
probabilities_array:[0.         0.69961375 0.30038628]

rule23: a1pop > 5.103
probabilities_array:[0.         0.66621387 0.33378613]

rule124: mxql = 5.0
probabilities_array:[0.        0.5463346 0.4536654]

rule46: 3.101 < a2pop < 5.184
probabilities_array:[3.2712077e-04 3.3854476e-01 6.6112810e-01]

rule103: b2call > 5.060
probabilities_array:[0.         0.33159646 0.6684035 ]

rule70: 3.063 < a3pop < 5.179
probabilities_array:[0.         0.3069295  0.69307053]

rule96: b2y < -0.376
probabilities_array:[0.         0.2706999  0.72930014]

rule87: b1call > 5.023
probabilities_array:[0.         0.26694718 0.73305285]

rule118: 4.010 < b3call < 5.113
probabilities_array:[0.         0.26296392 0.7370361 ]

rule125: mxql = 6.0
probabilities_array:[0.         0.23944129 0.7605587 ]

rule14: 1.016 < a1sy < 1.700
probabilities_array:[0.00409544 0.19946623 0.79643834]

