R2: 0.5241914438509339

MAE: 0.055868667726317614

MSE: 0.0072795417691284775

Accuracy: 0.7789815817984832

F1: 0.7789377289377291

Confusion Matrix: [[1412, 363], [453, 1464]]

Uncertainties: {'class0': [0.29365473985671997, 0.41534656286239624, 0.42824891209602356, 0.4460381865501404, 0.4636989235877991], 'class1': [0.23663519322872162, 0.2905313968658447, 0.32638534903526306, 0.36740127205848694, 0.647885262966156]}

Most important rules
-----------------------------

---0---
rule44: a2pop < 1.018
probabilities_array:[0.70634526 0.         0.29365474]

rule68: a3pop < 0.948
probabilities_array:[0.58465344 0.         0.41534656]

rule20: a1pop < 0.982
probabilities_array:[0.57175106 0.         0.4282489 ]

rule45: 1.018 < a2pop < 3.101
probabilities_array:[0.5539618 0.        0.4460382]

rule128: mxql = 9.0
probabilities_array:[0.5363011  0.         0.46369892]

rule69: 0.948 < a3pop < 3.063
probabilities_array:[0.43406686 0.         0.5659331 ]

rule127: mxql = 8.0
probabilities_array:[0.37725437 0.         0.62274563]

rule21: 0.982 < a1pop < 3.043
probabilities_array:[0.377219 0.       0.622781]

rule90: 1.254 < b1eff < 1.546
probabilities_array:[0.21581317 0.         0.78418684]

rule100: b2call < 2.874
probabilities_array:[0.2108536  0.         0.78914636]


---1---
rule47: a2pop > 5.184
probabilities_array:[0.        0.7633648 0.2366352]

rule23: a1pop > 5.103
probabilities_array:[0.        0.7094686 0.2905314]

rule71: a3pop > 5.179
probabilities_array:[0.         0.6736146  0.32638535]

rule124: mxql = 5.0
probabilities_array:[0.         0.6325987  0.36740127]

rule103: b2call > 5.060
probabilities_array:[0.         0.35211474 0.64788526]

rule125: mxql = 6.0
probabilities_array:[0.        0.3433017 0.6566983]

rule87: b1call > 5.023
probabilities_array:[0.         0.31962025 0.68037975]

rule46: 3.101 < a2pop < 5.184
probabilities_array:[6.8482936e-05 2.9895195e-01 7.0097959e-01]

rule118: 4.010 < b3call < 5.113
probabilities_array:[0.        0.2735647 0.7264353]

rule96: b2y < -0.376
probabilities_array:[0.        0.2545495 0.7454505]

rule22: 3.043 < a1pop < 5.103
probabilities_array:[0.         0.25389874 0.74610126]

rule88: b1eff < 0.961
probabilities_array:[0.         0.2460927  0.75390726]

rule73: 0.353 < temp < 0.495
probabilities_array:[0.         0.2437171  0.75628287]

rule70: 3.063 < a3pop < 5.179
probabilities_array:[0.00283565 0.22836566 0.7687987 ]

rule29: -0.372 < a2cy < 0.017
probabilities_array:[0.         0.20357747 0.79642254]

