R2: 0.5181782151934705

MAE: 0.056186603124828004

MSE: 0.007371540007944533

Accuracy: 0.7835861321776815

F1: 0.7835380943376276

Confusion Matrix: [[1419, 356], [443, 1474]]

Uncertainties: {'class0': [0.27720314264297485, 0.3549705445766449, 0.3888116478919983, 0.4345058500766754, 0.4582286477088928], 'class1': [0.24762973189353943, 0.33332154154777527, 0.3777529299259186, 0.37867116928100586, 0.6037140488624573]}

Most important rules
-----------------------------

---0---
rule44: a2pop < 1.018
probabilities_array:[0.72279686 0.         0.27720314]

rule20: a1pop < 0.982
probabilities_array:[0.6450295  0.         0.35497054]

rule128: mxql = 9.0
probabilities_array:[0.61118835 0.         0.38881165]

rule45: 1.018 < a2pop < 3.101
probabilities_array:[0.5654942  0.         0.43450585]

rule68: a3pop < 0.948
probabilities_array:[0.54177135 0.         0.45822865]

rule21: 0.982 < a1pop < 3.043
probabilities_array:[0.49481404 0.         0.50518596]

rule127: mxql = 8.0
probabilities_array:[0.4423623 0.        0.5576377]

rule69: 0.948 < a3pop < 3.063
probabilities_array:[0.41307652 0.         0.5869235 ]

rule57: 0.321 < a3sx < 0.965
probabilities_array:[0.22729497 0.01457952 0.75812554]

rule59: a3sx > 1.609
probabilities_array:[0.21953367 0.         0.7804663 ]


---1---
rule47: a2pop > 5.184
probabilities_array:[0.         0.7523703  0.24762973]

rule71: a3pop > 5.179
probabilities_array:[0.         0.6666785  0.33332154]

rule124: mxql = 5.0
probabilities_array:[0.         0.6222471  0.37775293]

rule23: a1pop > 5.103
probabilities_array:[0.         0.62132883 0.37867117]

rule103: b2call > 5.060
probabilities_array:[1.3112425e-04 3.9615482e-01 6.0371405e-01]

rule87: b1call > 5.023
probabilities_array:[0.         0.35995388 0.6400461 ]

rule118: 4.010 < b3call < 5.113
probabilities_array:[0.         0.314226   0.68577397]

rule125: mxql = 6.0
probabilities_array:[0.         0.30148116 0.6985188 ]

rule46: 3.101 < a2pop < 5.184
probabilities_array:[0.02551198 0.28811046 0.6863775 ]

rule88: b1eff < 0.961
probabilities_array:[0.         0.28169328 0.7183067 ]

rule29: -0.372 < a2cy < 0.017
probabilities_array:[0.         0.26863775 0.7313623 ]

rule73: 0.353 < temp < 0.495
probabilities_array:[0.         0.26110205 0.738898  ]

rule70: 3.063 < a3pop < 5.179
probabilities_array:[0.         0.25857082 0.7414292 ]

rule43: a2rho > 0.192
probabilities_array:[0.         0.21503328 0.7849667 ]

rule122: 1.241 < b3eff < 1.533
probabilities_array:[0.         0.20228419 0.7977158 ]

rule96: b2y < -0.376
probabilities_array:[0.         0.20193353 0.7980665 ]

