R2: 0.5209821384929745

MAE: 0.055932139576592446

MSE: 0.007328641921072432

Accuracy: 0.7795232936078007

F1: 0.7794795482295482

Confusion Matrix: [[1413, 362], [452, 1465]]

Uncertainties: {'class0': [0.32350051403045654, 0.3848024904727936, 0.4138893783092499, 0.42068517208099365, 0.5050630569458008], 'class1': [0.2024785876274109, 0.32969558238983154, 0.357800155878067, 0.3689970076084137, 0.6266769766807556]}

Most important rules
-----------------------------

---0---
rule44: a2pop < 1.018
probabilities_array:[0.6764995 0.        0.3235005]

rule20: a1pop < 0.982
probabilities_array:[0.61519754 0.         0.3848025 ]

rule68: a3pop < 0.948
probabilities_array:[0.5861106  0.         0.41388938]

rule128: mxql = 9.0
probabilities_array:[0.5793148  0.         0.42068517]

rule45: 1.018 < a2pop < 3.101
probabilities_array:[0.49493694 0.         0.50506306]

rule69: 0.948 < a3pop < 3.063
probabilities_array:[0.4588416  0.         0.54115844]

rule21: 0.982 < a1pop < 3.043
probabilities_array:[0.4465539 0.        0.5534461]

rule127: mxql = 8.0
probabilities_array:[0.40825891 0.         0.5917411 ]

rule100: b2call < 2.874
probabilities_array:[0.2060992 0.        0.7939008]

rule90: 1.254 < b1eff < 1.546
probabilities_array:[0.20326737 0.         0.7967326 ]


---1---
rule47: a2pop > 5.184
probabilities_array:[0.         0.7975214  0.20247859]

rule23: a1pop > 5.103
probabilities_array:[0.         0.6703044  0.32969558]

rule124: mxql = 5.0
probabilities_array:[0.         0.6421998  0.35780016]

rule71: a3pop > 5.179
probabilities_array:[0.       0.631003 0.368997]

rule103: b2call > 5.060
probabilities_array:[5.0269362e-05 3.7327278e-01 6.2667698e-01]

rule46: 3.101 < a2pop < 5.184
probabilities_array:[0.        0.3718658 0.6281342]

rule125: mxql = 6.0
probabilities_array:[0.         0.32779944 0.67220056]

rule87: b1call > 5.023
probabilities_array:[0.         0.31720087 0.6827991 ]

rule118: 4.010 < b3call < 5.113
probabilities_array:[0.         0.29451808 0.70548195]

rule96: b2y < -0.376
probabilities_array:[0.         0.26077765 0.73922235]

rule88: b1eff < 0.961
probabilities_array:[0.         0.25839517 0.74160486]

rule70: 3.063 < a3pop < 5.179
probabilities_array:[0.02871838 0.21883275 0.7524489 ]

rule29: -0.372 < a2cy < 0.017
probabilities_array:[0.         0.22580536 0.77419466]

rule27: a2cx > 0.386
probabilities_array:[0.        0.2183518 0.7816482]

rule122: 1.241 < b3eff < 1.533
probabilities_array:[0.         0.20557223 0.79442775]

rule73: 0.353 < temp < 0.495
probabilities_array:[0.         0.20132717 0.79867285]

