R2: 0.5205647385050297

MAE: 0.05602861156233563

MSE: 0.007335027852152086

Accuracy: 0.7803358613217768

F1: 0.7802871020122852

Confusion Matrix: [[1413, 362], [449, 1468]]

Uncertainties: {'class0': [0.2567380964756012, 0.3487337827682495, 0.36968427896499634, 0.3820945918560028, 0.4026367664337158], 'class1': [0.27480727434158325, 0.35431206226348877, 0.4026205837726593, 0.4231260120868683, 0.620292067527771]}

Most important rules
-----------------------------

---0---
rule44: a2pop < 1.018
probabilities_array:[0.74326193 0.         0.2567381 ]

rule20: a1pop < 0.982
probabilities_array:[0.6512662  0.         0.34873378]

rule68: a3pop < 0.948
probabilities_array:[0.6303157  0.         0.36968428]

rule128: mxql = 9.0
probabilities_array:[0.61790544 0.         0.3820946 ]

rule45: 1.018 < a2pop < 3.101
probabilities_array:[0.59736323 0.         0.40263677]

rule69: 0.948 < a3pop < 3.063
probabilities_array:[0.5286943  0.         0.47130576]

rule21: 0.982 < a1pop < 3.043
probabilities_array:[0.4883996 0.        0.5116004]

rule127: mxql = 8.0
probabilities_array:[0.45563272 0.         0.54436725]

rule98: 0.007 < b2y < 0.390
probabilities_array:[0.23240335 0.         0.76759666]

rule94: -0.009 < b2x < 0.377
probabilities_array:[0.21628372 0.00923119 0.77448505]

rule95: b2x > 0.377
probabilities_array:[0.21138796 0.         0.78861207]

rule126: mxql = 7.0
probabilities_array:[0.20352496 0.         0.79647505]

rule100: b2call < 2.874
probabilities_array:[0.20089631 0.         0.7991037 ]

rule75: temp > 0.637
probabilities_array:[0.20053962 0.         0.7994604 ]


---1---
rule47: a2pop > 5.184
probabilities_array:[0.         0.7251927  0.27480727]

rule23: a1pop > 5.103
probabilities_array:[0.         0.64568794 0.35431206]

rule124: mxql = 5.0
probabilities_array:[0.         0.59737945 0.40262058]

rule71: a3pop > 5.179
probabilities_array:[0.       0.576874 0.423126]

rule103: b2call > 5.060
probabilities_array:[0.         0.3797079  0.62029207]

rule87: b1call > 5.023
probabilities_array:[0.         0.33111164 0.66888833]

rule66: -0.002 < a3rho < 0.193
probabilities_array:[0.         0.31301293 0.6869871 ]

rule118: 4.010 < b3call < 5.113
probabilities_array:[0.        0.3090039 0.6909961]

rule29: -0.372 < a2cy < 0.017
probabilities_array:[0.         0.29415697 0.70584303]

rule125: mxql = 6.0
probabilities_array:[0.         0.27237776 0.7276223 ]

rule88: b1eff < 0.961
probabilities_array:[0.         0.27228314 0.72771686]

rule46: 3.101 < a2pop < 5.184
probabilities_array:[0.04270808 0.24688765 0.7104042 ]

rule64: a3rho < -0.196
probabilities_array:[2.5499921e-04 2.4946323e-01 7.5028169e-01]

rule56: a3sx < 0.321
probabilities_array:[0.        0.2381769 0.7618231]

rule2: -0.007 < a1cx < 0.381
probabilities_array:[6.4822066e-06 2.2705710e-01 7.7293640e-01]

