R2: 0.5194743589155268

MAE: 0.05622081140763064

MSE: 0.00735170990560281

Accuracy: 0.7830444203683641

F1: 0.7829926953469114

Confusion Matrix: [[1417, 358], [443, 1474]]

Uncertainties: {'class0': [0.24474242329597473, 0.40907731652259827, 0.41489681601524353, 0.42221590876579285, 0.45198357105255127], 'class1': [0.2824304401874542, 0.2951427102088928, 0.3430863916873932, 0.3731268048286438, 0.6446462869644165]}

Most important rules
-----------------------------

---0---
rule44: a2pop < 1.018
probabilities_array:[0.7552576  0.         0.24474242]

rule128: mxql = 9.0
probabilities_array:[0.5909227  0.         0.40907732]

rule45: 1.018 < a2pop < 3.101
probabilities_array:[0.58510315 0.         0.41489682]

rule20: a1pop < 0.982
probabilities_array:[0.5777841 0.        0.4222159]

rule68: a3pop < 0.948
probabilities_array:[0.5480164  0.         0.45198357]

rule69: 0.948 < a3pop < 3.063
probabilities_array:[0.435736 0.       0.564264]

rule127: mxql = 8.0
probabilities_array:[0.41540456 0.         0.58459544]

rule21: 0.982 < a1pop < 3.043
probabilities_array:[0.38126603 0.         0.618734  ]

rule100: b2call < 2.874
probabilities_array:[0.23673125 0.         0.76326877]

rule30: 0.017 < a2cy < 0.406
probabilities_array:[0.2228095  0.00666045 0.77053005]


---1---
rule47: a2pop > 5.184
probabilities_array:[0.         0.71756953 0.28243044]

rule23: a1pop > 5.103
probabilities_array:[0.        0.7048573 0.2951427]

rule71: a3pop > 5.179
probabilities_array:[0.        0.6569136 0.3430864]

rule124: mxql = 5.0
probabilities_array:[0.        0.6268732 0.3731268]

rule103: b2call > 5.060
probabilities_array:[7.4662719e-05 3.5527903e-01 6.4464629e-01]

rule125: mxql = 6.0
probabilities_array:[0.         0.31601617 0.68398386]

rule118: 4.010 < b3call < 5.113
probabilities_array:[0.         0.28775105 0.712249  ]

rule87: b1call > 5.023
probabilities_array:[0.         0.28647956 0.71352047]

rule96: b2y < -0.376
probabilities_array:[0.         0.27153814 0.72846186]

rule88: b1eff < 0.961
probabilities_array:[0.         0.26912907 0.7308709 ]

rule46: 3.101 < a2pop < 5.184
probabilities_array:[0.04743035 0.24639466 0.706175  ]

rule122: 1.241 < b3eff < 1.533
probabilities_array:[0.         0.25852036 0.74147964]

rule22: 3.043 < a1pop < 5.103
probabilities_array:[0.        0.2473345 0.7526655]

rule56: a3sx < 0.321
probabilities_array:[0.         0.24729975 0.75270027]

rule70: 3.063 < a3pop < 5.179
probabilities_array:[0.         0.23157541 0.7684246 ]

rule81: -0.387 < b1y < 0.005
probabilities_array:[9.8044868e-05 2.0150258e-01 7.9839939e-01]

