R2: 0.5203647636659116

MAE: 0.056159969847460085

MSE: 0.007338087328858258

Accuracy: 0.7800650054171181

F1: 0.7800278239227035

Confusion Matrix: [[1416, 359], [453, 1464]]

Uncertainties: {'class0': [0.26711323857307434, 0.3472742736339569, 0.40367117524147034, 0.43153420090675354, 0.4462567865848541], 'class1': [0.24706783890724182, 0.3669532835483551, 0.39458441734313965, 0.4063834846019745, 0.6488867402076721]}

Most important rules
-----------------------------

---0---
rule44: a2pop < 1.018
probabilities_array:[0.7328868  0.         0.26711324]

rule20: a1pop < 0.982
probabilities_array:[0.65272576 0.         0.34727427]

rule68: a3pop < 0.948
probabilities_array:[0.59632885 0.         0.40367118]

rule128: mxql = 9.0
probabilities_array:[0.5684658 0.        0.4315342]

rule45: 1.018 < a2pop < 3.101
probabilities_array:[0.55374324 0.         0.4462568 ]

rule21: 0.982 < a1pop < 3.043
probabilities_array:[0.48367476 0.         0.51632524]

rule69: 0.948 < a3pop < 3.063
probabilities_array:[0.44970813 0.         0.5502919 ]

rule127: mxql = 8.0
probabilities_array:[0.4062675 0.        0.5937325]

rule100: b2call < 2.874
probabilities_array:[0.20962493 0.         0.79037505]


---1---
rule47: a2pop > 5.184
probabilities_array:[0.         0.75293213 0.24706784]

rule71: a3pop > 5.179
probabilities_array:[0.         0.63304675 0.36695328]

rule124: mxql = 5.0
probabilities_array:[0.         0.6054156  0.39458442]

rule23: a1pop > 5.103
probabilities_array:[0.         0.5936165  0.40638348]

rule103: b2call > 5.060
probabilities_array:[0.         0.35111326 0.64888674]

rule87: b1call > 5.023
probabilities_array:[0.         0.34644103 0.65355897]

rule125: mxql = 6.0
probabilities_array:[0.         0.3064873  0.69351274]

rule118: 4.010 < b3call < 5.113
probabilities_array:[0.         0.29137656 0.7086234 ]

rule46: 3.101 < a2pop < 5.184
probabilities_array:[0.01915323 0.27655602 0.70429075]

rule88: b1eff < 0.961
probabilities_array:[0.         0.26702458 0.7329754 ]

rule56: a3sx < 0.321
probabilities_array:[0.        0.2308019 0.7691981]

rule122: 1.241 < b3eff < 1.533
probabilities_array:[0.         0.22279158 0.77720845]

rule96: b2y < -0.376
probabilities_array:[0.         0.21955284 0.7804472 ]

rule70: 3.063 < a3pop < 5.179
probabilities_array:[0.01921452 0.20104581 0.7797397 ]

rule77: -0.385 < b1x < 0.008
probabilities_array:[0.         0.20856927 0.7914307 ]

rule92: b2x < -0.396
probabilities_array:[0.         0.20764042 0.7923596 ]

