R2: 0.5177133009305352

MAE: 0.05645292543334707

MSE: 0.007378652874563604

Accuracy: 0.7795232936078007

F1: 0.7794795482295482

Confusion Matrix: [[1413, 362], [452, 1465]]

Uncertainties: {'class0': [0.3096522390842438, 0.367099791765213, 0.4385066330432892, 0.4389950931072235, 0.4555758833885193], 'class1': [0.17668895423412323, 0.33748990297317505, 0.38617002964019775, 0.4316171705722809, 0.5750236511230469]}

Most important rules
-----------------------------

---0---
rule20: a1pop < 0.982
probabilities_array:[0.6903478  0.         0.30965224]

rule44: a2pop < 1.018
probabilities_array:[0.63290024 0.         0.3670998 ]

rule128: mxql = 9.0
probabilities_array:[0.56149334 0.         0.43850663]

rule68: a3pop < 0.948
probabilities_array:[0.5610049 0.        0.4389951]

rule21: 0.982 < a1pop < 3.043
probabilities_array:[0.5444241  0.         0.45557588]

rule45: 1.018 < a2pop < 3.101
probabilities_array:[0.43448332 0.         0.5655167 ]

rule69: 0.948 < a3pop < 3.063
probabilities_array:[0.42779416 0.         0.57220584]

rule127: mxql = 8.0
probabilities_array:[0.3837947  0.         0.61620533]

rule100: b2call < 2.874
probabilities_array:[0.23313019 0.         0.7668698 ]

rule84: b1call < 2.848
probabilities_array:[0.21543911 0.         0.7845609 ]


---1---
rule47: a2pop > 5.184
probabilities_array:[0.         0.82331103 0.17668895]

rule71: a3pop > 5.179
probabilities_array:[0.        0.6625101 0.3374899]

rule124: mxql = 5.0
probabilities_array:[0.         0.61383    0.38617003]

rule23: a1pop > 5.103
probabilities_array:[0.         0.5683828  0.43161717]

rule46: 3.101 < a2pop < 5.184
probabilities_array:[0.         0.42497638 0.57502365]

rule103: b2call > 5.060
probabilities_array:[0.        0.3246677 0.6753323]

rule88: b1eff < 0.961
probabilities_array:[0.         0.31629714 0.6837029 ]

rule29: -0.372 < a2cy < 0.017
probabilities_array:[0.         0.30596405 0.69403595]

rule125: mxql = 6.0
probabilities_array:[0.         0.30127874 0.69872123]

rule118: 4.010 < b3call < 5.113
probabilities_array:[0.         0.27942654 0.7205734 ]

rule70: 3.063 < a3pop < 5.179
probabilities_array:[0.        0.2375276 0.7624724]

rule87: b1call > 5.023
probabilities_array:[0.         0.22168148 0.7783185 ]

rule92: b2x < -0.396
probabilities_array:[0.         0.21624917 0.78375083]

rule106: 1.248 < b2eff < 1.537
probabilities_array:[0.         0.21511437 0.78488564]

rule96: b2y < -0.376
probabilities_array:[0.         0.20626122 0.7937388 ]

rule89: 0.961 < b1eff < 1.254
probabilities_array:[0.00362287 0.20338751 0.7929896 ]

