R2: 0.519058029860081

MAE: 0.056276033416189516

MSE: 0.007358079452156049

Accuracy: 0.7776273022751896

F1: 0.7775848616951404

Confusion Matrix: [[1410, 365], [456, 1461]]

Uncertainties: {'class0': [0.33351653814315796, 0.3491080105304718, 0.35973048210144043, 0.46403563022613525, 0.48140090703964233], 'class1': [0.1857719123363495, 0.3311103284358978, 0.35445305705070496, 0.4932287037372589, 0.6180127859115601]}

Most important rules
-----------------------------

---0---
rule44: a2pop < 1.018
probabilities_array:[0.66648346 0.         0.33351654]

rule128: mxql = 9.0
probabilities_array:[0.650892 0.       0.349108]

rule20: a1pop < 0.982
probabilities_array:[0.6402695  0.         0.35973048]

rule68: a3pop < 0.948
probabilities_array:[0.53596437 0.         0.46403563]

rule127: mxql = 8.0
probabilities_array:[0.5185991 0.        0.4814009]

rule45: 1.018 < a2pop < 3.101
probabilities_array:[0.46704417 0.         0.5329558 ]

rule21: 0.982 < a1pop < 3.043
probabilities_array:[0.44897503 0.         0.551025  ]

rule69: 0.948 < a3pop < 3.063
probabilities_array:[0.40978715 0.         0.5902129 ]

rule126: mxql = 7.0
probabilities_array:[0.29389527 0.         0.7061047 ]

rule100: b2call < 2.874
probabilities_array:[0.24848112 0.         0.7515189 ]

rule94: -0.009 < b2x < 0.377
probabilities_array:[0.20971507 0.00576773 0.78451717]

rule95: b2x > 0.377
probabilities_array:[0.21143037 0.         0.7885696 ]

rule30: 0.017 < a2cy < 0.406
probabilities_array:[0.20363285 0.00480365 0.7915635 ]


---1---
rule47: a2pop > 5.184
probabilities_array:[0.         0.8142281  0.18577191]

rule71: a3pop > 5.179
probabilities_array:[0.         0.66888964 0.33111033]

rule23: a1pop > 5.103
probabilities_array:[0.         0.645547   0.35445306]

rule124: mxql = 5.0
probabilities_array:[0.         0.50677127 0.4932287 ]

rule46: 3.101 < a2pop < 5.184
probabilities_array:[0.        0.3819872 0.6180128]

rule103: b2call > 5.060
probabilities_array:[0.        0.3130142 0.6869858]

rule96: b2y < -0.376
probabilities_array:[0.        0.2914114 0.7085886]

rule56: a3sx < 0.321
probabilities_array:[0.         0.27487585 0.7251242 ]

rule118: 4.010 < b3call < 5.113
probabilities_array:[0.         0.27386394 0.726136  ]

rule70: 3.063 < a3pop < 5.179
probabilities_array:[0.         0.26166508 0.7383349 ]

rule88: b1eff < 0.961
probabilities_array:[0.         0.25762296 0.74237704]

rule87: b1call > 5.023
probabilities_array:[0.         0.25134256 0.74865746]

rule114: -0.002 < b3y < 0.392
probabilities_array:[0.         0.22648956 0.77351046]

rule108: b3x < -0.393
probabilities_array:[4.6572681e-05 2.2238342e-01 7.7757001e-01]

