R2: 0.5154713716058923

MAE: 0.05639915841354631

MSE: 0.007412952842378936

Accuracy: 0.7803358613217768

F1: 0.7802758802780598

Confusion Matrix: [[1410, 365], [446, 1471]]

Uncertainties: {'class0': [0.22832231223583221, 0.3366948664188385, 0.35649847984313965, 0.35886314511299133, 0.39124298095703125], 'class1': [0.31217849254608154, 0.36166226863861084, 0.4128849506378174, 0.43059107661247253, 0.5970339179039001]}

Most important rules
-----------------------------

---0---
rule44: a2pop < 1.018
probabilities_array:[0.7716777  0.         0.22832231]

rule68: a3pop < 0.948
probabilities_array:[0.66330516 0.         0.33669487]

rule20: a1pop < 0.982
probabilities_array:[0.6435015  0.         0.35649848]

rule45: 1.018 < a2pop < 3.101
probabilities_array:[0.6411369  0.         0.35886315]

rule128: mxql = 9.0
probabilities_array:[0.608757   0.         0.39124298]

rule69: 0.948 < a3pop < 3.063
probabilities_array:[0.5481674 0.        0.4518326]

rule21: 0.982 < a1pop < 3.043
probabilities_array:[0.478079   0.         0.52192104]

rule127: mxql = 8.0
probabilities_array:[0.45128617 0.         0.54871386]


---1---
rule47: a2pop > 5.184
probabilities_array:[0.        0.6878215 0.3121785]

rule23: a1pop > 5.103
probabilities_array:[0.         0.63833773 0.36166227]

rule124: mxql = 5.0
probabilities_array:[0.         0.58711505 0.41288495]

rule71: a3pop > 5.179
probabilities_array:[0.         0.56940895 0.43059108]

rule103: b2call > 5.060
probabilities_array:[1.7335771e-05 4.0294871e-01 5.9703392e-01]

rule29: -0.372 < a2cy < 0.017
probabilities_array:[0.         0.30295584 0.69704413]

rule87: b1call > 5.023
probabilities_array:[0.        0.2945699 0.7054301]

rule88: b1eff < 0.961
probabilities_array:[0.        0.2697326 0.7302674]

rule118: 4.010 < b3call < 5.113
probabilities_array:[0.        0.2677642 0.7322358]

rule125: mxql = 6.0
probabilities_array:[0.         0.25997344 0.74002653]

rule73: 0.353 < temp < 0.495
probabilities_array:[0.        0.2506153 0.7493847]

rule96: b2y < -0.376
probabilities_array:[0.         0.23742102 0.76257896]

rule14: 1.016 < a1sy < 1.700
probabilities_array:[0.00179582 0.22624068 0.7719635 ]

rule56: a3sx < 0.321
probabilities_array:[0.         0.22097112 0.7790289 ]

rule92: b2x < -0.396
probabilities_array:[0.         0.21184543 0.7881546 ]

