R2: 0.5254539534048353

MAE: 0.05582912679724715

MSE: 0.007260226246293134

Accuracy: 0.7816901408450704

F1: 0.7816468253968254

Confusion Matrix: [[1417, 358], [448, 1469]]

Uncertainties: {'class0': [0.2485412210226059, 0.3698200285434723, 0.383415549993515, 0.3983568549156189, 0.4604831039905548], 'class1': [0.26330748200416565, 0.3372637629508972, 0.3549248278141022, 0.39862239360809326, 0.6199480891227722]}

Most important rules
-----------------------------

---0---
rule44: a2pop < 1.018
probabilities_array:[0.75145876 0.         0.24854122]

rule20: a1pop < 0.982
probabilities_array:[0.63017994 0.         0.36982003]

rule68: a3pop < 0.948
probabilities_array:[0.6165845  0.         0.38341555]

rule45: 1.018 < a2pop < 3.101
probabilities_array:[0.60164315 0.         0.39835685]

rule128: mxql = 9.0
probabilities_array:[0.5395169 0.        0.4604831]

rule69: 0.948 < a3pop < 3.063
probabilities_array:[0.49243197 0.         0.507568  ]

rule21: 0.982 < a1pop < 3.043
probabilities_array:[0.45408008 0.         0.54591995]

rule127: mxql = 8.0
probabilities_array:[0.35983875 0.         0.6401612 ]


---1---
rule47: a2pop > 5.184
probabilities_array:[0.         0.73669255 0.26330748]

rule124: mxql = 5.0
probabilities_array:[0.         0.66273624 0.33726376]

rule23: a1pop > 5.103
probabilities_array:[0.         0.6450752  0.35492483]

rule71: a3pop > 5.179
probabilities_array:[0.        0.6013776 0.3986224]

rule103: b2call > 5.060
probabilities_array:[3.7083507e-06 3.8004819e-01 6.1994809e-01]

rule125: mxql = 6.0
probabilities_array:[0.        0.3799972 0.6200028]

rule87: b1call > 5.023
probabilities_array:[0.         0.31768817 0.68231183]

rule118: 4.010 < b3call < 5.113
probabilities_array:[0.         0.26812902 0.73187095]

rule92: b2x < -0.396
probabilities_array:[0.       0.264695 0.735305]

rule46: 3.101 < a2pop < 5.184
probabilities_array:[0.04362997 0.24061604 0.71575403]

rule88: b1eff < 0.961
probabilities_array:[0.         0.26027364 0.73972636]

rule29: -0.372 < a2cy < 0.017
probabilities_array:[0.         0.25664696 0.74335307]

rule56: a3sx < 0.321
probabilities_array:[0.       0.235883 0.764117]

rule96: b2y < -0.376
probabilities_array:[0.         0.20801905 0.791981  ]

rule73: 0.353 < temp < 0.495
probabilities_array:[0.         0.20485811 0.7951419 ]

