R2: 0.5229952851380171

MAE: 0.05607324781401172

MSE: 0.007297842169994863

Accuracy: 0.7800650054171181

F1: 0.7800278239227035

Confusion Matrix: [[1416, 359], [453, 1464]]

Uncertainties: {'class0': [0.2702409625053406, 0.39664241671562195, 0.4217037558555603, 0.4331563413143158, 0.4636740982532501], 'class1': [0.23304998874664307, 0.3325674533843994, 0.355181485414505, 0.40401771664619446, 0.6589828133583069]}

Most important rules
-----------------------------

---0---
rule44: a2pop < 1.018
probabilities_array:[0.72975904 0.         0.27024096]

rule20: a1pop < 0.982
probabilities_array:[0.60335755 0.         0.39664242]

rule128: mxql = 9.0
probabilities_array:[0.57829624 0.         0.42170376]

rule68: a3pop < 0.948
probabilities_array:[0.5668437  0.         0.43315634]

rule45: 1.018 < a2pop < 3.101
probabilities_array:[0.5363259 0.        0.4636741]

rule127: mxql = 8.0
probabilities_array:[0.42370942 0.         0.57629055]

rule69: 0.948 < a3pop < 3.063
probabilities_array:[0.41814888 0.         0.5818511 ]

rule21: 0.982 < a1pop < 3.043
probabilities_array:[0.4064448 0.        0.5935552]

rule100: b2call < 2.874
probabilities_array:[0.21871045 0.         0.7812896 ]


---1---
rule47: a2pop > 5.184
probabilities_array:[0.         0.76695    0.23304999]

rule23: a1pop > 5.103
probabilities_array:[0.         0.66743255 0.33256745]

rule71: a3pop > 5.179
probabilities_array:[0.         0.64481854 0.3551815 ]

rule124: mxql = 5.0
probabilities_array:[0.         0.5959823  0.40401772]

rule103: b2call > 5.060
probabilities_array:[0.        0.3410172 0.6589828]

rule46: 3.101 < a2pop < 5.184
probabilities_array:[0.01111752 0.2917652  0.69711727]

rule125: mxql = 6.0
probabilities_array:[0.         0.27903947 0.7209605 ]

rule118: 4.010 < b3call < 5.113
probabilities_array:[0.        0.2771913 0.7228087]

rule88: b1eff < 0.961
probabilities_array:[0.        0.2683258 0.7316742]

rule87: b1call > 5.023
probabilities_array:[0.         0.2627813  0.73721874]

rule29: -0.372 < a2cy < 0.017
probabilities_array:[0.       0.255661 0.744339]

rule122: 1.241 < b3eff < 1.533
probabilities_array:[0.        0.2545051 0.7454949]

rule92: b2x < -0.396
probabilities_array:[0.         0.25175878 0.74824125]

rule96: b2y < -0.376
probabilities_array:[0.         0.24157576 0.7584242 ]

rule22: 3.043 < a1pop < 5.103
probabilities_array:[0.01743424 0.22168651 0.76087916]

rule70: 3.063 < a3pop < 5.179
probabilities_array:[2.3690784e-04 2.2925964e-01 7.7050346e-01]

rule73: 0.353 < temp < 0.495
probabilities_array:[0.         0.20237555 0.79762447]

rule53: -0.398 < a3cy < -0.006
probabilities_array:[0.         0.20215805 0.79784197]

