R2: 0.5185089161533849

MAE: 0.05615606609427887

MSE: 0.007366480512019803

Accuracy: 0.7803358613217768

F1: 0.7802797499710693

Confusion Matrix: [[1411, 364], [447, 1470]]

Uncertainties: {'class0': [0.24471460282802582, 0.3601571023464203, 0.39448705315589905, 0.39892610907554626, 0.445707768201828], 'class1': [0.275627464056015, 0.31886783242225647, 0.3556845784187317, 0.41808798909187317, 0.6933416724205017]}

Most important rules
-----------------------------

---0---
rule44: a2pop < 1.018
probabilities_array:[0.7552854 0.        0.2447146]

rule20: a1pop < 0.982
probabilities_array:[0.63984287 0.         0.3601571 ]

rule128: mxql = 9.0
probabilities_array:[0.605513   0.         0.39448705]

rule45: 1.018 < a2pop < 3.101
probabilities_array:[0.6010739 0.        0.3989261]

rule68: a3pop < 0.948
probabilities_array:[0.55429226 0.         0.44570777]

rule21: 0.982 < a1pop < 3.043
probabilities_array:[0.4764421 0.        0.5235579]

rule127: mxql = 8.0
probabilities_array:[0.44178134 0.         0.55821866]

rule69: 0.948 < a3pop < 3.063
probabilities_array:[0.41406122 0.         0.5859388 ]

rule100: b2call < 2.874
probabilities_array:[0.28289717 0.         0.7171028 ]

rule90: 1.254 < b1eff < 1.546
probabilities_array:[0.24881998 0.         0.75118   ]


---1---
rule47: a2pop > 5.184
probabilities_array:[0.         0.7243725  0.27562746]

rule71: a3pop > 5.179
probabilities_array:[0.         0.6811322  0.31886783]

rule23: a1pop > 5.103
probabilities_array:[0.         0.6443154  0.35568458]

rule124: mxql = 5.0
probabilities_array:[0.         0.58191204 0.418088  ]

rule103: b2call > 5.060
probabilities_array:[0.       0.293088 0.706912]

rule46: 3.101 < a2pop < 5.184
probabilities_array:[0.06144837 0.24521    0.6933417 ]

rule73: 0.353 < temp < 0.495
probabilities_array:[0.         0.26237243 0.73762757]

rule125: mxql = 6.0
probabilities_array:[0.         0.26115957 0.7388404 ]

rule87: b1call > 5.023
probabilities_array:[0.         0.25951093 0.74048907]

rule70: 3.063 < a3pop < 5.179
probabilities_array:[0.         0.25578946 0.74421054]

rule118: 4.010 < b3call < 5.113
probabilities_array:[0.         0.25547397 0.744526  ]

rule29: -0.372 < a2cy < 0.017
probabilities_array:[0.         0.25019935 0.7498006 ]

rule56: a3sx < 0.321
probabilities_array:[0.        0.2428431 0.7571569]

rule66: -0.002 < a3rho < 0.193
probabilities_array:[0.         0.24010396 0.75989604]

rule106: 1.248 < b2eff < 1.537
probabilities_array:[0.         0.22941941 0.7705806 ]

rule14: 1.016 < a1sy < 1.700
probabilities_array:[0.00388798 0.22145161 0.7746604 ]

rule96: b2y < -0.376
probabilities_array:[0.         0.21087398 0.78912604]

rule88: b1eff < 0.961
probabilities_array:[0.        0.2075793 0.7924207]

rule122: 1.241 < b3eff < 1.533
probabilities_array:[0.         0.20314695 0.79685307]

rule92: b2x < -0.396
probabilities_array:[0.         0.20209879 0.7979012 ]

