R2: -0.5446090239806851

MAE: 48429830.372906044

MSE: 6652073481004404.0

Accuracy: 0.7421704297159505

F1: 0.7419622341803602

Confusion Matrix: [[529, 127], [227, 490]]

Uncertainties: {'class0': [0.4561137855052948, 0.557849109172821, 0.6272636651992798, 0.6313351988792419, 0.6687378883361816], 'class1': [0.45840024948120117, 0.5121768116950989, 0.5990318655967712, 0.6049736738204956, 0.6339389681816101]}

Most important rules
-----------------------------

---0---
rule16: num_user_for_reviews < 43.042
probabilities_array:[0.5438862 0.        0.4561138]

rule9: -3916.841 < num_voted_users < 99331.246
probabilities_array:[0.44215086 0.         0.5578491 ]

rule51: budget > 222074813.480
probabilities_array:[0.37273633 0.         0.62726367]

rule49: -129890367.550 < budget < 46092222.965
probabilities_array:[0.3686648 0.        0.6313352]

rule12: num_critic_for_reviews < 77.736
probabilities_array:[0.33126208 0.         0.6687379 ]

rule6: 2003.205 < title_year < 2009.984
probabilities_array:[0.2739243 0.        0.7260757]

rule3: imdb_score > 7.220
probabilities_array:[0.2638694 0.        0.7361306]


---1---
rule4: title_year < 1996.426
probabilities_array:[0.         0.54159975 0.45840025]

rule11: num_voted_users > 202579.334
probabilities_array:[0.        0.4878232 0.5121768]

rule50: 46092222.965 < budget < 222074813.480
probabilities_array:[0.         0.4009681  0.59903187]

rule10: 99331.246 < num_voted_users < 202579.334
probabilities_array:[0.         0.39502633 0.6049737 ]

rule19: num_user_for_reviews > 593.911
probabilities_array:[0.         0.36606103 0.63393897]

rule0: imdb_score < 5.731
probabilities_array:[0.        0.3341968 0.6658032]

rule1: 5.731 < imdb_score < 6.476
probabilities_array:[0.         0.31504172 0.6849583 ]

rule35: actor_3_facebook_likes > 1882.129
probabilities_array:[0.         0.27965227 0.7203477 ]

rule30: 1866.577 < actor_2_facebook_likes < 4918.738
probabilities_array:[0.         0.27118874 0.72881126]

rule14: 160.087 < num_critic_for_reviews < 242.438
probabilities_array:[0.        0.2581286 0.7418714]

rule13: 77.736 < num_critic_for_reviews < 160.087
probabilities_array:[0.         0.24966292 0.75033706]

rule18: 318.476 < num_user_for_reviews < 593.911
probabilities_array:[0.         0.24668379 0.7533162 ]

rule15: num_critic_for_reviews > 242.438
probabilities_array:[0.         0.24584052 0.7541595 ]

rule43: movie_facebook_likes > 22803.099
probabilities_array:[0.         0.23394352 0.7660565 ]

rule26: 7562.947 < actor_1_facebook_likes < 18978.852
probabilities_array:[0.        0.2246745 0.7753255]

rule47: duration > 124.591
probabilities_array:[2.7354045e-05 2.2133575e-01 7.7863693e-01]

