R2: -0.5005752409841482

MAE: 48167999.32556446

MSE: 6955096381249651.0

Accuracy: 0.7618353969410051

F1: 0.7617944561904282

Confusion Matrix: [[532, 138], [189, 514]]

Uncertainties: {'class0': [0.47401705384254456, 0.6265243291854858, 0.646510124206543, 0.647808849811554, 0.6625433564186096], 'class1': [0.522316575050354, 0.5430075526237488, 0.574390709400177, 0.5864828824996948, 0.6651681661605835]}

Most important rules
-----------------------------

---0---
rule16: num_user_for_reviews < 49.071
probabilities_array:[0.525983   0.         0.47401705]

rule3: imdb_score > 7.195
probabilities_array:[0.3734757 0.        0.6265243]

rule51: budget > 224594420.512
probabilities_array:[0.35348985 0.         0.6465101 ]

rule9: -1423.836 < num_voted_users < 97016.317
probabilities_array:[0.35219115 0.         0.64780885]

rule6: 2003.188 < title_year < 2009.889
probabilities_array:[0.3374566  0.         0.66254336]

rule49: -132279571.259 < budget < 46157424.627
probabilities_array:[0.3321681 0.        0.6678319]

rule12: num_critic_for_reviews < 75.318
probabilities_array:[0.30956972 0.         0.6904303 ]

rule7: title_year > 2009.889
probabilities_array:[0.20671071 0.         0.7932893 ]


---1---
rule10: 97016.317 < num_voted_users < 195456.470
probabilities_array:[0.         0.47768345 0.5223166 ]

rule4: title_year < 1996.487
probabilities_array:[0.         0.45699242 0.54300755]

rule50: 46157424.627 < budget < 224594420.512
probabilities_array:[0.        0.4256093 0.5743907]

rule11: num_voted_users > 195456.470
probabilities_array:[0.         0.41351715 0.5864829 ]

rule19: num_user_for_reviews > 565.493
probabilities_array:[0.         0.3348318  0.66516817]

rule14: 158.447 < num_critic_for_reviews < 241.576
probabilities_array:[0.         0.33328307 0.66671693]

rule35: actor_3_facebook_likes > 1996.015
probabilities_array:[0.        0.3170836 0.6829164]

rule43: movie_facebook_likes > 22951.106
probabilities_array:[0.         0.29361215 0.7063878 ]

rule1: 5.711 < imdb_score < 6.453
probabilities_array:[0.         0.28170806 0.71829194]

rule46: 109.615 < duration < 125.475
probabilities_array:[0.         0.27360177 0.7263982 ]

rule47: duration > 125.475
probabilities_array:[0.02094336 0.26199567 0.71706104]

rule15: num_critic_for_reviews > 241.576
probabilities_array:[0.        0.2627421 0.7372579]

rule38: 10919.566 < cast_total_facebook_likes < 24349.384
probabilities_array:[0.03648938 0.24431859 0.719192  ]

rule13: 75.318 < num_critic_for_reviews < 158.447
probabilities_array:[0.         0.25602934 0.74397063]

rule0: imdb_score < 5.711
probabilities_array:[0.         0.25003755 0.74996245]

rule34: 739.801 < actor_3_facebook_likes < 1996.015
probabilities_array:[0.0018459  0.2366158  0.76153827]

rule18: 307.282 < num_user_for_reviews < 565.493
probabilities_array:[0.         0.23533517 0.7646648 ]

rule30: 1874.752 < actor_2_facebook_likes < 4946.068
probabilities_array:[0.         0.21559961 0.7844004 ]

rule42: 8758.994 < movie_facebook_likes < 22951.106
probabilities_array:[0.04884423 0.19236241 0.75879335]

rule39: cast_total_facebook_likes > 24349.384
probabilities_array:[0.07285056 0.17417221 0.75297725]

