R2: -0.5169895357192551

MAE: 49932746.20830299

MSE: 7315919532393113.0

Accuracy: 0.7713037144938092

F1: 0.7709088783556868

Confusion Matrix: [[558, 119], [195, 501]]

Uncertainties: {'class0': [0.5508967041969299, 0.5690401792526245, 0.5892205238342285, 0.5904146432876587, 0.688380241394043], 'class1': [0.4733336865901947, 0.5352634787559509, 0.5438268780708313, 0.5875887274742126, 0.6066151261329651]}

Most important rules
-----------------------------

---0---
rule16: num_user_for_reviews < 43.541
probabilities_array:[0.44910333 0.         0.5508967 ]

rule51: budget > 225005912.540
probabilities_array:[0.43095985 0.         0.5690402 ]

rule9: -1176.408 < num_voted_users < 96346.491
probabilities_array:[0.41077948 0.         0.5892205 ]

rule3: imdb_score > 7.206
probabilities_array:[0.4095854  0.         0.59041464]

rule49: -132412477.642 < budget < 46296717.449
probabilities_array:[0.31161976 0.         0.68838024]

rule6: 2003.423 < title_year < 2010.082
probabilities_array:[0.29876593 0.         0.70123404]

rule22: 739.818 < director_facebook_likes < 2723.332
probabilities_array:[0.2706424 0.        0.7293576]

rule12: num_critic_for_reviews < 78.277
probabilities_array:[0.21488701 0.         0.785113  ]

rule41: -5331.513 < movie_facebook_likes < 8822.829
probabilities_array:[0.20604232 0.01037568 0.783582  ]


---1---
rule4: title_year < 1996.765
probabilities_array:[0.         0.52666634 0.4733337 ]

rule50: 46296717.449 < budget < 225005912.540
probabilities_array:[0.         0.46473652 0.5352635 ]

rule19: num_user_for_reviews > 575.977
probabilities_array:[0.         0.45617315 0.5438269 ]

rule11: num_voted_users > 193869.389
probabilities_array:[0.        0.4124113 0.5875887]

rule10: 96346.491 < num_voted_users < 193869.389
probabilities_array:[0.        0.3933849 0.6066151]

rule30: 1862.423 < actor_2_facebook_likes < 4937.996
probabilities_array:[0.         0.31710505 0.68289495]

rule14: 160.258 < num_critic_for_reviews < 242.239
probabilities_array:[0.        0.3160889 0.6839111]

rule18: 309.759 < num_user_for_reviews < 575.977
probabilities_array:[0.         0.3121945  0.68780553]

rule26: 7411.782 < actor_1_facebook_likes < 18602.044
probabilities_array:[0.02114341 0.28426182 0.6945948 ]

rule47: duration > 125.070
probabilities_array:[0.         0.27940014 0.72059983]

rule1: 5.746 < imdb_score < 6.476
probabilities_array:[0.         0.26418677 0.7358132 ]

rule43: movie_facebook_likes > 22977.171
probabilities_array:[0.00584059 0.25751218 0.73664725]

rule13: 78.277 < num_critic_for_reviews < 160.258
probabilities_array:[0.         0.26000077 0.73999923]

rule15: num_critic_for_reviews > 242.239
probabilities_array:[0.        0.2586129 0.7413871]

rule46: 109.614 < duration < 125.070
probabilities_array:[3.9335430e-04 2.3756707e-01 7.6203954e-01]

rule34: 700.586 < actor_3_facebook_likes < 1892.613
probabilities_array:[0.00197354 0.22153828 0.7764882 ]

rule35: actor_3_facebook_likes > 1892.613
probabilities_array:[0.         0.22228467 0.7777153 ]

rule0: imdb_score < 5.746
probabilities_array:[0.         0.21035187 0.7896481 ]

