R2: -0.48329909901502477

MAE: 48506717.53168245

MSE: 7221273812498334.0

Accuracy: 0.7603787327021122

F1: 0.758595664291192

Confusion Matrix: [[581, 128], [201, 463]]

Uncertainties: {'class0': [0.46038341522216797, 0.506469190120697, 0.5429556369781494, 0.6052632331848145, 0.6476636528968811], 'class1': [0.5283987522125244, 0.5904403328895569, 0.5982242822647095, 0.6010711789131165, 0.6651201248168945]}

Most important rules
-----------------------------

---0---
rule51: budget > 229708647.116
probabilities_array:[0.5396166  0.         0.46038342]

rule9: -1144.987 < num_voted_users < 96665.997
probabilities_array:[0.4935308 0.        0.5064692]

rule3: imdb_score > 7.212
probabilities_array:[0.45704433 0.         0.54295564]

rule16: num_user_for_reviews < 55.424
probabilities_array:[0.39473674 0.         0.60526323]

rule6: 2003.163 < title_year < 2009.865
probabilities_array:[0.35233632 0.         0.64766365]

rule49: -133237541.523 < budget < 48235552.797
probabilities_array:[0.34288847 0.         0.6571115 ]

rule12: num_critic_for_reviews < 76.110
probabilities_array:[0.32715434 0.         0.67284566]

rule7: title_year > 2009.865
probabilities_array:[0.27239028 0.         0.7276097 ]


---1---
rule50: 48235552.797 < budget < 229708647.116
probabilities_array:[0.         0.47160128 0.52839875]

rule4: title_year < 1996.461
probabilities_array:[0.         0.40955964 0.59044033]

rule19: num_user_for_reviews > 563.129
probabilities_array:[0.         0.40177575 0.5982243 ]

rule10: 96665.997 < num_voted_users < 194476.982
probabilities_array:[0.         0.39892882 0.6010712 ]

rule11: num_voted_users > 194476.982
probabilities_array:[0.         0.33487985 0.6651201 ]

rule1: 5.728 < imdb_score < 6.470
probabilities_array:[0.         0.33239385 0.6676062 ]

rule30: 1909.415 < actor_2_facebook_likes < 5042.353
probabilities_array:[0.         0.3197991  0.68020093]

rule0: imdb_score < 5.728
probabilities_array:[0.        0.3197785 0.6802215]

rule43: movie_facebook_likes > 23324.171
probabilities_array:[0.         0.29830313 0.7016969 ]

rule15: num_critic_for_reviews > 241.706
probabilities_array:[3.232201e-04 2.824705e-01 7.172063e-01]

rule18: 309.276 < num_user_for_reviews < 563.129
probabilities_array:[0.         0.26395577 0.7360442 ]

rule47: duration > 123.752
probabilities_array:[0.01194772 0.2323679  0.7556843 ]

rule13: 76.110 < num_critic_for_reviews < 158.908
probabilities_array:[0.         0.2328187  0.76718134]

rule46: 109.234 < duration < 123.752
probabilities_array:[0.         0.22684972 0.77315027]

rule23: director_facebook_likes > 2597.364
probabilities_array:[0.00801608 0.21938549 0.77259845]

rule14: 158.908 < num_critic_for_reviews < 241.706
probabilities_array:[0.         0.21988255 0.78011745]

rule38: 11080.090 < cast_total_facebook_likes < 24857.993
probabilities_array:[0.02759499 0.20449594 0.76790905]

rule31: actor_2_facebook_likes > 5042.353
probabilities_array:[0.00092803 0.21167547 0.7873965 ]

rule35: actor_3_facebook_likes > 2029.262
probabilities_array:[0.         0.20922463 0.79077536]

rule21: -1211.008 < director_facebook_likes < 693.178
probabilities_array:[0.         0.20210882 0.7978912 ]

