R2: -0.508359536737379

MAE: 49538601.48798252

MSE: 7281464493146398.0

Accuracy: 0.7603787327021122

F1: 0.7600605323725491

Confusion Matrix: [[547, 116], [213, 497]]

Uncertainties: {'class0': [0.41191762685775757, 0.5373490452766418, 0.5675104856491089, 0.5683676600456238, 0.6596963405609131], 'class1': [0.5126280784606934, 0.5311490297317505, 0.5847657322883606, 0.6013063788414001, 0.6133726835250854]}

Most important rules
-----------------------------

---0---
rule51: budget > 230560416.584
probabilities_array:[0.5880824  0.         0.41191763]

rule16: num_user_for_reviews < 41.919
probabilities_array:[0.46265098 0.         0.53734905]

rule9: -2191.058 < num_voted_users < 98266.406
probabilities_array:[0.43248948 0.         0.5675105 ]

rule49: -133419991.873 < budget < 48570212.356
probabilities_array:[0.43024468 0.00138762 0.56836766]

rule6: 2003.308 < title_year < 2009.747
probabilities_array:[0.34030366 0.         0.65969634]

rule12: num_critic_for_reviews < 77.119
probabilities_array:[0.33396405 0.         0.66603595]

rule3: imdb_score > 7.208
probabilities_array:[0.31205466 0.         0.68794537]

rule7: title_year > 2009.747
probabilities_array:[0.21349184 0.         0.78650814]


---1---
rule4: title_year < 1996.869
probabilities_array:[0.        0.4873719 0.5126281]

rule0: imdb_score < 5.750
probabilities_array:[0.         0.46885097 0.531149  ]

rule1: 5.750 < imdb_score < 6.479
probabilities_array:[0.         0.41523427 0.58476573]

rule10: 98266.406 < num_voted_users < 198723.870
probabilities_array:[0.         0.39869365 0.6013064 ]

rule19: num_user_for_reviews > 587.337
probabilities_array:[0.         0.38662735 0.6133727 ]

rule11: num_voted_users > 198723.870
probabilities_array:[0.         0.37116003 0.62883997]

rule30: 1912.884 < actor_2_facebook_likes < 5049.330
probabilities_array:[0.         0.35964936 0.64035064]

rule50: 48570212.356 < budget < 230560416.584
probabilities_array:[0.         0.35781804 0.64218193]

rule18: 314.628 < num_user_for_reviews < 587.337
probabilities_array:[0.         0.33301327 0.6669867 ]

rule47: duration > 125.201
probabilities_array:[0.         0.27817562 0.72182435]

rule15: num_critic_for_reviews > 243.232
probabilities_array:[0.         0.27733132 0.72266865]

rule21: -1216.583 < director_facebook_likes < 723.710
probabilities_array:[0.        0.2686937 0.7313063]

rule14: 160.176 < num_critic_for_reviews < 243.232
probabilities_array:[0.        0.2685101 0.7314899]

rule34: 734.613 < actor_3_facebook_likes < 1991.137
probabilities_array:[0.         0.24822648 0.75177354]

rule23: director_facebook_likes > 2664.002
probabilities_array:[0.         0.23394226 0.7660577 ]

rule43: movie_facebook_likes > 23146.247
probabilities_array:[0.         0.21731302 0.78268695]

rule31: actor_2_facebook_likes > 5049.330
probabilities_array:[0.00466366 0.20231993 0.7930164 ]

rule35: actor_3_facebook_likes > 1991.137
probabilities_array:[0.         0.20343518 0.7965648 ]

