R2: -0.46472065695666687

MAE: 46317235.25200291

MSE: 6761535025590687.0

Accuracy: 0.774217042971595

F1: 0.7717409957740738

Confusion Matrix: [[603, 116], [194, 460]]

Uncertainties: {'class0': [0.44935697317123413, 0.559950590133667, 0.5642054677009583, 0.6215240359306335, 0.6924908757209778], 'class1': [0.5447852611541748, 0.548679769039154, 0.5592476725578308, 0.5655294060707092, 0.5955995917320251]}

Most important rules
-----------------------------

---0---
rule51: budget > 227443140.299
probabilities_array:[0.550643   0.         0.44935697]

rule16: num_user_for_reviews < 50.246
probabilities_array:[0.44004944 0.         0.5599506 ]

rule3: imdb_score > 7.203
probabilities_array:[0.43579453 0.         0.56420547]

rule49: -131146612.321 < budget < 48148263.989
probabilities_array:[0.37847593 0.         0.62152404]

rule6: 2003.361 < title_year < 2010.181
probabilities_array:[0.30750912 0.         0.6924909 ]

rule9: -296.998 < num_voted_users < 98374.560
probabilities_array:[0.2929542 0.        0.7070458]

rule12: num_critic_for_reviews < 78.619
probabilities_array:[0.27422976 0.         0.72577024]

rule7: title_year > 2010.181
probabilities_array:[0.21800283 0.         0.78199714]


---1---
rule50: 48148263.989 < budget < 227443140.299
probabilities_array:[0.         0.45521474 0.54478526]

rule11: num_voted_users > 197046.117
probabilities_array:[0.         0.45132023 0.54867977]

rule19: num_user_for_reviews > 573.475
probabilities_array:[0.         0.44075233 0.5592477 ]

rule4: title_year < 1996.541
probabilities_array:[0.         0.43447056 0.5655294 ]

rule30: 2021.372 < actor_2_facebook_likes < 5234.463
probabilities_array:[0.         0.40440044 0.5955996 ]

rule10: 98374.560 < num_voted_users < 197046.117
probabilities_array:[0.         0.40153447 0.5984655 ]

rule43: movie_facebook_likes > 23543.864
probabilities_array:[0.00143726 0.32156405 0.6769987 ]

rule15: num_critic_for_reviews > 246.784
probabilities_array:[0.         0.31926787 0.68073213]

rule14: 162.702 < num_critic_for_reviews < 246.784
probabilities_array:[0.         0.31638846 0.6836116 ]

rule18: 311.860 < num_user_for_reviews < 573.475
probabilities_array:[0.         0.3104473  0.68955266]

rule47: duration > 125.574
probabilities_array:[0.00175039 0.28092736 0.71732235]

rule1: 5.708 < imdb_score < 6.455
probabilities_array:[0.         0.27603826 0.7239617 ]

rule35: actor_3_facebook_likes > 2053.697
probabilities_array:[0.         0.26586488 0.7341351 ]

rule46: 109.798 < duration < 125.574
probabilities_array:[0.00691477 0.2354072  0.75767803]

rule23: director_facebook_likes > 2763.077
probabilities_array:[0.06344776 0.18060762 0.7559446 ]

rule26: 7752.598 < actor_1_facebook_likes < 19342.863
probabilities_array:[0.00246885 0.20131245 0.7962187 ]

rule39: cast_total_facebook_likes > 25513.030
probabilities_array:[0.        0.2022129 0.7977871]

