R2: -0.5185483513821005

MAE: 46595289.80844865

MSE: 6357999571348437.0

Accuracy: 0.7611070648215587

F1: 0.7597017027870385

Confusion Matrix: [[575, 127], [201, 470]]

Uncertainties: {'class0': [0.5464994311332703, 0.5826654434204102, 0.6016387939453125, 0.6243088245391846, 0.6652601361274719], 'class1': [0.5052644610404968, 0.5270499587059021, 0.5794603824615479, 0.5848313570022583, 0.6024990081787109]}

Most important rules
-----------------------------

---0---
rule8: num_voted_users < 1046.961
probabilities_array:[0.45350054 0.         0.54649943]

rule3: imdb_score > 7.221
probabilities_array:[0.41733456 0.         0.58266544]

rule16: num_user_for_reviews < 45.980
probabilities_array:[0.39836118 0.         0.6016388 ]

rule49: -40318301.429 < budget < 44325534.096
probabilities_array:[0.37569115 0.         0.6243088 ]

rule9: 1046.961 < num_voted_users < 99046.511
probabilities_array:[0.3347399  0.         0.66526014]

rule12: num_critic_for_reviews < 78.070
probabilities_array:[0.3193055 0.        0.6806945]

rule6: 2003.336 < title_year < 2010.046
probabilities_array:[0.31418884 0.         0.68581116]

rule22: 697.521 < director_facebook_likes < 2588.034
probabilities_array:[0.26630035 0.         0.7336996 ]


---1---
rule4: title_year < 1996.627
probabilities_array:[0.         0.49473557 0.50526446]

rule50: 44325534.096 < budget < 128969369.622
probabilities_array:[0.         0.47295007 0.52704996]

rule51: budget > 128969369.622
probabilities_array:[0.         0.42053965 0.5794604 ]

rule11: num_voted_users > 197046.062
probabilities_array:[0.         0.41516864 0.58483136]

rule19: num_user_for_reviews > 592.694
probabilities_array:[0.       0.397501 0.602499]

rule18: 319.337 < num_user_for_reviews < 592.694
probabilities_array:[0.        0.3892139 0.6107861]

rule15: num_critic_for_reviews > 244.640
probabilities_array:[0.         0.37497187 0.62502813]

rule10: 99046.511 < num_voted_users < 197046.062
probabilities_array:[0.         0.36458132 0.6354187 ]

rule14: 161.355 < num_critic_for_reviews < 244.640
probabilities_array:[0.         0.31764755 0.6823524 ]

rule30: 1960.760 < actor_2_facebook_likes < 5126.597
probabilities_array:[0.         0.28779262 0.7122074 ]

rule13: 78.070 < num_critic_for_reviews < 161.355
probabilities_array:[0.         0.25748375 0.7425162 ]

rule35: actor_3_facebook_likes > 1945.218
probabilities_array:[0.         0.24835758 0.7516424 ]

rule34: 728.486 < actor_3_facebook_likes < 1945.218
probabilities_array:[0.00249989 0.24560724 0.75189286]

rule23: director_facebook_likes > 2588.034
probabilities_array:[0.04474809 0.21244085 0.7428111 ]

rule47: duration > 124.497
probabilities_array:[0.01016575 0.21738993 0.7724443 ]

rule43: movie_facebook_likes > 23603.067
probabilities_array:[0.         0.21815483 0.78184515]

rule46: 109.702 < duration < 124.497
probabilities_array:[0.00145168 0.2169659  0.7815824 ]

rule0: imdb_score < 5.725
probabilities_array:[0.         0.20682783 0.7931722 ]

rule1: 5.725 < imdb_score < 6.473
probabilities_array:[0.        0.2032446 0.7967554]

