R2: -0.5821069980436215

MAE: 48254539.95193008

MSE: 6328592105079399.0

Accuracy: 0.7458120903131829

F1: 0.7457468117337747

Confusion Matrix: [[523, 130], [219, 501]]

Uncertainties: {'class0': [0.5278051495552063, 0.5325034856796265, 0.6041040420532227, 0.6511743664741516, 0.6716568470001221], 'class1': [0.4270404875278473, 0.5138658285140991, 0.5548943877220154, 0.5550717711448669, 0.5655259490013123]}

Most important rules
-----------------------------

---0---
rule16: num_user_for_reviews < 37.379
probabilities_array:[0.47219485 0.         0.52780515]

rule51: budget > 230452749.730
probabilities_array:[0.4674965 0.        0.5325035]

rule49: -133295027.667 < budget < 48578861.031
probabilities_array:[0.395896   0.         0.60410404]

rule3: imdb_score > 7.209
probabilities_array:[0.34882566 0.         0.65117437]

rule12: num_critic_for_reviews < 75.422
probabilities_array:[0.32834318 0.         0.67165685]

rule6: 2003.195 < title_year < 2010.049
probabilities_array:[0.3233157  0.         0.67668426]

rule9: -4883.042 < num_voted_users < 98065.425
probabilities_array:[0.3108726 0.        0.6891274]

rule41: -5652.916 < movie_facebook_likes < 8678.276
probabilities_array:[0.2559554 0.        0.7440446]

rule7: title_year > 2010.049
probabilities_array:[0.21283828 0.         0.7871617 ]


---1---
rule4: title_year < 1996.341
probabilities_array:[0.         0.57295954 0.4270405 ]

rule50: 48578861.031 < budget < 230452749.730
probabilities_array:[0.         0.48613417 0.5138658 ]

rule10: 98065.425 < num_voted_users < 201013.891
probabilities_array:[0.         0.44510564 0.5548944 ]

rule19: num_user_for_reviews > 590.788
probabilities_array:[0.        0.4449282 0.5550718]

rule11: num_voted_users > 201013.891
probabilities_array:[0.         0.43447402 0.56552595]

rule18: 314.084 < num_user_for_reviews < 590.788
probabilities_array:[0.        0.3698493 0.6301507]

rule1: 5.740 < imdb_score < 6.475
probabilities_array:[0.         0.32392853 0.67607147]

rule30: 1864.305 < actor_2_facebook_likes < 4474.452
probabilities_array:[0.         0.28258136 0.7174186 ]

rule23: director_facebook_likes > 2750.036
probabilities_array:[0.02340596 0.26323187 0.7133621 ]

rule15: num_critic_for_reviews > 242.305
probabilities_array:[0.        0.2742519 0.7257481]

rule0: imdb_score < 5.740
probabilities_array:[0.         0.26088008 0.7391199 ]

rule14: 158.863 < num_critic_for_reviews < 242.305
probabilities_array:[0.         0.23870115 0.76129884]

rule22: 746.855 < director_facebook_likes < 2750.036
probabilities_array:[0.03515231 0.2153989  0.7494488 ]

rule43: movie_facebook_likes > 23009.469
probabilities_array:[0.         0.22975682 0.77024317]

rule21: -1256.326 < director_facebook_likes < 746.855
probabilities_array:[0.        0.2280152 0.7719848]

rule46: 109.764 < duration < 125.232
probabilities_array:[0.         0.22695842 0.7730416 ]

rule13: 75.422 < num_critic_for_reviews < 158.863
probabilities_array:[0.         0.22642666 0.77357334]

rule34: 751.751 < actor_3_facebook_likes < 2044.830
probabilities_array:[0.02330272 0.21394968 0.7627476 ]

rule35: actor_3_facebook_likes > 2044.830
probabilities_array:[0.         0.22399579 0.7760042 ]

