R2: -0.47202834348201894

MAE: 50708021.13037145

MSE: 8018605335767134.0

Accuracy: 0.7691187181354697

F1: 0.7690594249845462

Confusion Matrix: [[539, 127], [190, 517]]

Uncertainties: {'class0': [0.5593735575675964, 0.5605083703994751, 0.5682604908943176, 0.5977712869644165, 0.615474283695221], 'class1': [0.5055033564567566, 0.6061424016952515, 0.6221799254417419, 0.6700201034545898, 0.6757001876831055]}

Most important rules
-----------------------------

---0---
rule49: -127299388.435 < budget < 45305295.794
probabilities_array:[0.44062644 0.         0.55937356]

rule6: 2003.282 < title_year < 2009.884
probabilities_array:[0.43949163 0.         0.5605084 ]

rule36: cast_total_facebook_likes < 613.773
probabilities_array:[0.43173948 0.         0.5682605 ]

rule51: budget > 217909980.022
probabilities_array:[0.4022287 0.        0.5977713]

rule16: num_user_for_reviews < 47.428
probabilities_array:[0.3845257 0.        0.6154743]

rule9: -1205.391 < num_voted_users < 95757.794
probabilities_array:[0.3729042 0.        0.6270958]

rule12: num_critic_for_reviews < 75.383
probabilities_array:[0.31597215 0.         0.68402785]

rule7: title_year > 2009.884
probabilities_array:[0.3098309 0.        0.6901691]

rule22: 740.091 < director_facebook_likes < 2741.688
probabilities_array:[0.30089867 0.         0.6991013 ]

rule5: 1996.680 < title_year < 2003.282
probabilities_array:[0.2736465 0.        0.7263535]

rule3: imdb_score > 7.223
probabilities_array:[0.24288596 0.         0.75711405]

rule45: 94.113 < duration < 109.168
probabilities_array:[0.20512603 0.0099067  0.78496724]


---1---
rule19: num_user_for_reviews > 561.717
probabilities_array:[0.         0.4944966  0.50550336]

rule4: title_year < 1996.680
probabilities_array:[0.        0.3938576 0.6061424]

rule50: 45305295.794 < budget < 217909980.022
probabilities_array:[0.         0.37782007 0.6221799 ]

rule18: 304.573 < num_user_for_reviews < 561.717
probabilities_array:[0.        0.3299799 0.6700201]

rule1: 5.735 < imdb_score < 6.479
probabilities_array:[0.         0.32429978 0.6757002 ]

rule35: actor_3_facebook_likes > 1916.773
probabilities_array:[0.       0.318074 0.681926]

rule11: num_voted_users > 192720.980
probabilities_array:[0.         0.31324205 0.686758  ]

rule30: 1870.330 < actor_2_facebook_likes < 4456.705
probabilities_array:[0.         0.31320077 0.6867992 ]

rule23: director_facebook_likes > 2741.688
probabilities_array:[0.       0.313147 0.686853]

rule14: 158.481 < num_critic_for_reviews < 241.579
probabilities_array:[0.         0.30390504 0.696095  ]

rule10: 95757.794 < num_voted_users < 192720.980
probabilities_array:[0.         0.30071628 0.6992837 ]

rule13: 75.383 < num_critic_for_reviews < 158.481
probabilities_array:[0.        0.2947289 0.7052711]

rule27: actor_1_facebook_likes > 14764.895
probabilities_array:[0.         0.28306004 0.7169399 ]

rule15: num_critic_for_reviews > 241.579
probabilities_array:[0.         0.27372605 0.72627395]

rule0: imdb_score < 5.735
probabilities_array:[0.         0.26624933 0.73375064]

rule37: 613.773 < cast_total_facebook_likes < 10687.577
probabilities_array:[0.         0.25168353 0.74831647]

rule47: duration > 124.222
probabilities_array:[0.0085805  0.23992248 0.751497  ]

rule34: 714.792 < actor_3_facebook_likes < 1916.773
probabilities_array:[0.00348391 0.23383291 0.76268315]

rule43: movie_facebook_likes > 22853.589
probabilities_array:[0.         0.23470382 0.76529616]

rule42: 8735.133 < movie_facebook_likes < 22853.589
probabilities_array:[0.04692573 0.200219   0.75285524]

rule38: 10687.577 < cast_total_facebook_likes < 20761.381
probabilities_array:[0.         0.20868984 0.79131013]

rule46: 109.168 < duration < 124.222
probabilities_array:[0.01699808 0.19459903 0.78840286]

