R2: -0.5189879332305447

MAE: 45313342.564457394

MSE: 6009613687343906.0

Accuracy: 0.7625637290604516

F1: 0.7603146553570663

Confusion Matrix: [[590, 127], [199, 457]]

Uncertainties: {'class0': [0.4008440673351288, 0.527906596660614, 0.6048550009727478, 0.6135357022285461, 0.6262525320053101], 'class1': [0.502326250076294, 0.5390422940254211, 0.5393260717391968, 0.6008394956588745, 0.6050136089324951]}

Most important rules
-----------------------------

---0---
rule51: budget > 230530428.342
probabilities_array:[0.59915596 0.         0.40084407]

rule16: num_user_for_reviews < 42.175
probabilities_array:[0.4720934 0.        0.5279066]

rule6: 2003.330 < title_year < 2010.031
probabilities_array:[0.39514503 0.         0.604855  ]

rule49: -132891083.078 < budget < 48819672.632
probabilities_array:[0.38646427 0.         0.6135357 ]

rule12: num_critic_for_reviews < 79.188
probabilities_array:[3.7369844e-01 4.9074406e-05 6.2625253e-01]

rule9: -1565.511 < num_voted_users < 101155.959
probabilities_array:[0.35815397 0.         0.64184606]

rule7: title_year > 2010.031
probabilities_array:[0.3475253 0.        0.6524747]

rule3: imdb_score > 7.209
probabilities_array:[0.3396971 0.        0.6603029]

rule22: 732.519 < director_facebook_likes < 2710.089
probabilities_array:[0.27169403 0.00909614 0.71920985]

rule44: duration < 93.823
probabilities_array:[0.19680683 0.03823703 0.7649561 ]

rule45: 93.823 < duration < 109.617
probabilities_array:[0.20658392 0.01091955 0.7824965 ]


---1---
rule11: num_voted_users > 203877.429
probabilities_array:[0.         0.49767378 0.50232625]

rule10: 101155.959 < num_voted_users < 203877.429
probabilities_array:[0.         0.46095768 0.5390423 ]

rule19: num_user_for_reviews > 603.863
probabilities_array:[0.         0.46067396 0.5393261 ]

rule35: actor_3_facebook_likes > 1924.950
probabilities_array:[0.        0.3991605 0.6008395]

rule50: 48819672.632 < budget < 230530428.342
probabilities_array:[0.        0.3949864 0.6050136]

rule4: title_year < 1996.629
probabilities_array:[0.        0.3796953 0.6203047]

rule1: 5.737 < imdb_score < 6.473
probabilities_array:[0.         0.37202266 0.6279773 ]

rule14: 162.342 < num_critic_for_reviews < 245.497
probabilities_array:[0.00318189 0.3167302  0.68008786]

rule0: imdb_score < 5.737
probabilities_array:[0.        0.3089189 0.6910811]

rule15: num_critic_for_reviews > 245.497
probabilities_array:[0.         0.28577423 0.71422577]

rule18: 323.019 < num_user_for_reviews < 603.863
probabilities_array:[0.         0.25123075 0.7487692 ]

rule43: movie_facebook_likes > 22742.639
probabilities_array:[0.         0.23750556 0.76249444]

rule47: duration > 125.411
probabilities_array:[0.00910629 0.22391209 0.7669816 ]

rule23: director_facebook_likes > 2710.089
probabilities_array:[0.01340812 0.21905805 0.76753384]

rule46: 109.617 < duration < 125.411
probabilities_array:[0.         0.22488312 0.77511686]

