R2: -0.47923853783543957

MAE: 47906197.68536052

MSE: 7083813185529070.0

Accuracy: 0.7625637290604516

F1: 0.7604490903875218

Confusion Matrix: [[588, 141], [185, 459]]

Uncertainties: {'class0': [0.46060365438461304, 0.5095804333686829, 0.5154352188110352, 0.563698410987854, 0.6373276710510254], 'class1': [0.5263528823852539, 0.5320517420768738, 0.553889811038971, 0.5649489760398865, 0.6180510520935059]}

Most important rules
-----------------------------

---0---
rule51: budget > 229234014.290
probabilities_array:[0.53939635 0.         0.46060365]

rule9: -3153.261 < num_voted_users < 97414.686
probabilities_array:[0.4904196  0.         0.50958043]

rule16: num_user_for_reviews < 41.213
probabilities_array:[0.48456478 0.         0.5154352 ]

rule3: imdb_score > 7.213
probabilities_array:[0.4363016 0.        0.5636984]

rule6: 2003.420 < title_year < 2009.886
probabilities_array:[0.36267236 0.         0.6373277 ]

rule49: -132930435.876 < budget < 48151789.207
probabilities_array:[0.35898107 0.         0.6410189 ]

rule12: num_critic_for_reviews < 76.544
probabilities_array:[0.3028772 0.        0.6971228]


---1---
rule4: title_year < 1996.953
probabilities_array:[0.         0.47364715 0.5263529 ]

rule11: num_voted_users > 197982.633
probabilities_array:[0.         0.4679483  0.53205174]

rule19: num_user_for_reviews > 581.057
probabilities_array:[0.         0.44611016 0.5538898 ]

rule10: 97414.686 < num_voted_users < 197982.633
probabilities_array:[0.         0.43505102 0.564949  ]

rule50: 48151789.207 < budget < 229234014.290
probabilities_array:[0.         0.38194895 0.61805105]

rule14: 160.594 < num_critic_for_reviews < 244.643
probabilities_array:[0.00179869 0.33299094 0.6652104 ]

rule18: 311.135 < num_user_for_reviews < 581.057
probabilities_array:[0.         0.31773335 0.68226665]

rule23: director_facebook_likes > 2842.208
probabilities_array:[0.00712221 0.31312457 0.6797532 ]

rule15: num_critic_for_reviews > 244.643
probabilities_array:[0.         0.30443013 0.6955699 ]

rule13: 76.544 < num_critic_for_reviews < 160.594
probabilities_array:[0.        0.2949742 0.7050258]

rule1: 5.734 < imdb_score < 6.474
probabilities_array:[0.         0.28819194 0.711808  ]

rule43: movie_facebook_likes > 23321.365
probabilities_array:[0.        0.2806027 0.7193973]

rule47: duration > 124.492
probabilities_array:[0.00148081 0.24686341 0.75165576]

rule0: imdb_score < 5.734
probabilities_array:[0.         0.24752715 0.7524729 ]

rule35: actor_3_facebook_likes > 1902.322
probabilities_array:[0.         0.24194591 0.7580541 ]

rule46: 109.564 < duration < 124.492
probabilities_array:[0.01028172 0.23573597 0.7539823 ]

rule21: -1264.814 < director_facebook_likes < 788.697
probabilities_array:[0.         0.21467932 0.7853207 ]

rule34: 710.155 < actor_3_facebook_likes < 1902.322
probabilities_array:[0.         0.21117026 0.78882974]

rule30: 1851.793 < actor_2_facebook_likes < 4436.176
probabilities_array:[0.         0.20004566 0.79995435]

