R2: -0.5168329445244983

MAE: 46817027.8208303

MSE: 6432689993928949.0

Accuracy: 0.7727603787327021

F1: 0.7719269102990034

Confusion Matrix: [[572, 110], [202, 489]]

Uncertainties: {'class0': [0.5806863307952881, 0.5808272957801819, 0.5893816947937012, 0.6469898819923401, 0.6704318523406982], 'class1': [0.5097812414169312, 0.5367456078529358, 0.5539801120758057, 0.6158055663108826, 0.62831050157547]}

Most important rules
-----------------------------

---0---
rule51: budget > 228167908.701
probabilities_array:[0.41931367 0.         0.58068633]

rule16: num_user_for_reviews < 42.905
probabilities_array:[0.41917267 0.         0.5808273 ]

rule36: cast_total_facebook_likes < 371.111
probabilities_array:[0.4106183 0.        0.5893817]

rule49: -132720757.547 < budget < 47723575.577
probabilities_array:[0.35301015 0.         0.6469899 ]

rule3: imdb_score > 7.237
probabilities_array:[0.32956815 0.         0.67043185]

rule6: 2003.369 < title_year < 2009.915
probabilities_array:[0.32340187 0.         0.67659813]

rule12: num_critic_for_reviews < 76.803
probabilities_array:[0.26846543 0.         0.73153454]

rule7: title_year > 2009.915
probabilities_array:[0.2611758 0.        0.7388242]

rule9: -1474.002 < num_voted_users < 99345.119
probabilities_array:[0.26112315 0.         0.7388768 ]


---1---
rule50: 47723575.577 < budget < 228167908.701
probabilities_array:[0.         0.49021876 0.50978124]

rule4: title_year < 1996.824
probabilities_array:[0.        0.4632544 0.5367456]

rule10: 99345.119 < num_voted_users < 200164.240
probabilities_array:[0.         0.44601986 0.5539801 ]

rule11: num_voted_users > 200164.240
probabilities_array:[0.         0.3841944  0.61580557]

rule19: num_user_for_reviews > 590.917
probabilities_array:[0.         0.37168953 0.6283105 ]

rule35: actor_3_facebook_likes > 2012.476
probabilities_array:[0.         0.34821668 0.65178335]

rule18: 316.911 < num_user_for_reviews < 590.917
probabilities_array:[0.         0.34468013 0.65531987]

rule14: 159.611 < num_critic_for_reviews < 242.418
probabilities_array:[0.         0.33406308 0.6659369 ]

rule1: 5.757 < imdb_score < 6.497
probabilities_array:[0.        0.2868549 0.7131451]

rule30: 1878.318 < actor_2_facebook_likes < 4498.493
probabilities_array:[0.        0.2782814 0.7217186]

rule43: movie_facebook_likes > 23016.479
probabilities_array:[7.4581627e-04 2.5211728e-01 7.4713689e-01]

rule15: num_critic_for_reviews > 242.418
probabilities_array:[0.         0.24549331 0.7545067 ]

