R2: -0.5748292511914204

MAE: 48910928.91551347

MSE: 6553961318107348.0

Accuracy: 0.7618353969410051

F1: 0.7618333755058715

Confusion Matrix: [[521, 126], [201, 525]]

Uncertainties: {'class0': [0.45902183651924133, 0.5190754532814026, 0.5321118235588074, 0.6278542280197144, 0.658216655254364], 'class1': [0.46291276812553406, 0.495333194732666, 0.5024909973144531, 0.5046510100364685, 0.6042462587356567]}

Most important rules
-----------------------------

---0---
rule51: budget > 228554770.931
probabilities_array:[0.54097813 0.         0.45902184]

rule8: num_voted_users < 276.379
probabilities_array:[0.48092458 0.         0.51907545]

rule16: num_user_for_reviews < 47.288
probabilities_array:[0.46788818 0.         0.5321118 ]

rule3: imdb_score > 7.209
probabilities_array:[0.3721458 0.        0.6278542]

rule12: num_critic_for_reviews < 76.243
probabilities_array:[0.34178331 0.         0.65821666]

rule9: 276.379 < num_voted_users < 93428.830
probabilities_array:[0.27911162 0.         0.7208884 ]

rule22: 687.946 < director_facebook_likes < 2520.772
probabilities_array:[0.2615981 0.        0.7384019]

rule49: -133855585.316 < budget < 47349592.807
probabilities_array:[0.24629469 0.         0.7537053 ]

rule6: 2003.131 < title_year < 2010.151
probabilities_array:[0.24062333 0.         0.75937665]

rule45: 94.328 < duration < 109.575
probabilities_array:[0.21413991 0.         0.78586006]


---1---
rule4: title_year < 1996.111
probabilities_array:[0.         0.53708726 0.46291277]

rule11: num_voted_users > 186581.281
probabilities_array:[0.        0.5046668 0.4953332]

rule10: 93428.830 < num_voted_users < 186581.281
probabilities_array:[0.         0.49750903 0.502491  ]

rule50: 47349592.807 < budget < 228554770.931
probabilities_array:[0.       0.495349 0.504651]

rule19: num_user_for_reviews > 565.061
probabilities_array:[0.         0.39575374 0.60424626]

rule1: 5.728 < imdb_score < 6.468
probabilities_array:[0.        0.3213262 0.6786738]

rule35: actor_3_facebook_likes > 1871.051
probabilities_array:[0.        0.3035832 0.6964168]

rule18: 306.175 < num_user_for_reviews < 565.061
probabilities_array:[0.02007562 0.25835508 0.72156924]

rule47: duration > 124.821
probabilities_array:[0.         0.24953875 0.7504613 ]

rule14: 158.065 < num_critic_for_reviews < 239.888
probabilities_array:[0.         0.23710687 0.76289314]

rule43: movie_facebook_likes > 21204.294
probabilities_array:[0.         0.23687874 0.76312125]

rule0: imdb_score < 5.728
probabilities_array:[0.         0.23500484 0.76499516]

rule30: 1804.160 < actor_2_facebook_likes < 4309.059
probabilities_array:[0.         0.23454338 0.7654566 ]

rule34: 705.378 < actor_3_facebook_likes < 1871.051
probabilities_array:[0.02444441 0.21810792 0.75744766]

rule15: num_critic_for_reviews > 239.888
probabilities_array:[0.         0.20092897 0.799071  ]

rule38: 10858.944 < cast_total_facebook_likes < 23919.483
probabilities_array:[0.04800672 0.17757449 0.77441883]

