R2: -0.5045216783972599

MAE: 48324187.90094683

MSE: 6963776154988469.0

Accuracy: 0.7545520757465404

F1: 0.7533462372721975

Confusion Matrix: [[566, 153], [184, 470]]

Uncertainties: {'class0': [0.506825864315033, 0.5324631333351135, 0.533918023109436, 0.5573340058326721, 0.58892422914505], 'class1': [0.5639035701751709, 0.5672479867935181, 0.604836642742157, 0.6116010546684265, 0.6169347763061523]}

Most important rules
-----------------------------

---0---
rule51: budget > 225049591.039
probabilities_array:[0.4931741  0.         0.50682586]

rule16: num_user_for_reviews < 46.261
probabilities_array:[0.4675369  0.         0.53246313]

rule6: 2003.423 < title_year < 2009.906
probabilities_array:[0.46608198 0.         0.533918  ]

rule9: -3911.016 < num_voted_users < 96071.722
probabilities_array:[0.44266602 0.         0.557334  ]

rule49: -131657910.462 < budget < 46695840.289
probabilities_array:[0.41107577 0.         0.5889242 ]

rule7: title_year > 2009.906
probabilities_array:[0.33149934 0.         0.66850066]

rule5: 1996.940 < title_year < 2003.423
probabilities_array:[0.28552523 0.         0.7144748 ]

rule12: num_critic_for_reviews < 77.077
probabilities_array:[0.28207698 0.         0.717923  ]

rule3: imdb_score > 7.197
probabilities_array:[0.23699953 0.         0.7630005 ]


---1---
rule50: 46695840.289 < budget < 225049591.039
probabilities_array:[0.         0.43609646 0.56390357]

rule11: num_voted_users > 196054.460
probabilities_array:[0.       0.432752 0.567248]

rule1: 5.708 < imdb_score < 6.452
probabilities_array:[0.         0.39516336 0.60483664]

rule0: imdb_score < 5.708
probabilities_array:[0.         0.38839895 0.61160105]

rule10: 96071.722 < num_voted_users < 196054.460
probabilities_array:[0.        0.3830652 0.6169348]

rule19: num_user_for_reviews > 562.610
probabilities_array:[0.         0.37248588 0.6275141 ]

rule4: title_year < 1996.940
probabilities_array:[0.         0.34018448 0.65981555]

rule47: duration > 122.932
probabilities_array:[0.         0.33525503 0.664745  ]

rule35: actor_3_facebook_likes > 1867.558
probabilities_array:[0.         0.31529054 0.6847095 ]

rule30: 1784.100 < actor_2_facebook_likes < 4279.134
probabilities_array:[0.         0.30147758 0.69852245]

rule13: 77.077 < num_critic_for_reviews < 158.175
probabilities_array:[0.         0.29879823 0.7012018 ]

rule18: 304.436 < num_user_for_reviews < 562.610
probabilities_array:[0.         0.29372197 0.706278  ]

rule15: num_critic_for_reviews > 239.274
probabilities_array:[0.         0.27438217 0.7256178 ]

rule14: 158.175 < num_critic_for_reviews < 239.274
probabilities_array:[0.         0.26812732 0.7318727 ]

rule46: 108.623 < duration < 122.932
probabilities_array:[0.03217342 0.21210055 0.75572604]

rule43: movie_facebook_likes > 22093.222
probabilities_array:[0.         0.21800272 0.78199726]

