R2: -0.4451053406387444

MAE: 49940155.16314639

MSE: 8097183669563655.0

Accuracy: 0.7552804078659869

F1: 0.7542938707684441

Confusion Matrix: [[562, 153], [183, 475]]

Uncertainties: {'class0': [0.4681820273399353, 0.5111023783683777, 0.516094982624054, 0.5172379016876221, 0.5345668196678162], 'class1': [0.5388355255126953, 0.5817843675613403, 0.5818552374839783, 0.6004762053489685, 0.604236900806427]}

Most important rules
-----------------------------

---0---
rule51: budget > 229784002.531
probabilities_array:[0.531818   0.         0.46818203]

rule6: 2003.225 < title_year < 2009.996
probabilities_array:[0.48889762 0.         0.5111024 ]

rule16: num_user_for_reviews < 52.073
probabilities_array:[0.48390502 0.         0.516095  ]

rule9: 221.660 < num_voted_users < 95051.985
probabilities_array:[0.4827621 0.        0.5172379]

rule8: num_voted_users < 221.660
probabilities_array:[0.4654332 0.        0.5345668]

rule7: title_year > 2009.996
probabilities_array:[0.37500238 0.         0.6249976 ]

rule49: -133311507.845 < budget < 48236247.343
probabilities_array:[0.35997027 0.         0.6400297 ]

rule5: 1996.455 < title_year < 2003.225
probabilities_array:[0.3026162 0.        0.6973838]

rule3: imdb_score > 7.188
probabilities_array:[0.29557556 0.         0.70442444]

rule45: 94.321 < duration < 109.140
probabilities_array:[0.22580831 0.02707254 0.7471191 ]

rule12: num_critic_for_reviews < 77.183
probabilities_array:[0.2074795  0.         0.79252046]


---1---
rule50: 48236247.343 < budget < 229784002.531
probabilities_array:[0.         0.46116447 0.5388355 ]

rule0: imdb_score < 5.716
probabilities_array:[0.         0.4182156  0.58178437]

rule4: title_year < 1996.455
probabilities_array:[0.         0.41814473 0.58185524]

rule35: actor_3_facebook_likes > 1880.849
probabilities_array:[0.         0.39952382 0.6004762 ]

rule1: 5.716 < imdb_score < 6.452
probabilities_array:[0.         0.39576313 0.6042369 ]

rule10: 95051.985 < num_voted_users < 189882.310
probabilities_array:[0.         0.39507023 0.6049298 ]

rule13: 77.183 < num_critic_for_reviews < 158.419
probabilities_array:[0.         0.37437734 0.6256227 ]

rule15: num_critic_for_reviews > 239.654
probabilities_array:[0.         0.37180093 0.62819904]

rule14: 158.419 < num_critic_for_reviews < 239.654
probabilities_array:[0.         0.36737892 0.63262105]

rule19: num_user_for_reviews > 558.673
probabilities_array:[0.        0.3651814 0.6348186]

rule18: 305.373 < num_user_for_reviews < 558.673
probabilities_array:[0.        0.3370688 0.6629312]

rule11: num_voted_users > 189882.310
probabilities_array:[0.         0.331161   0.66883904]

rule30: 1823.315 < actor_2_facebook_likes < 4338.489
probabilities_array:[0.         0.3162764  0.68372357]

rule43: movie_facebook_likes > 22231.841
probabilities_array:[0.         0.2873728  0.71262723]

rule47: duration > 123.960
probabilities_array:[0.01470001 0.26086378 0.7244362 ]

rule38: 10814.894 < cast_total_facebook_likes < 23267.484
probabilities_array:[0.02228547 0.22157352 0.756141  ]

rule21: -1247.059 < director_facebook_likes < 756.743
probabilities_array:[0.         0.22304681 0.7769532 ]

