R2: -0.5222774317991516

MAE: 45799228.58412236

MSE: 6113726913876113.0

Accuracy: 0.7516387472687546

F1: 0.7499146695240135

Confusion Matrix: [[573, 132], [209, 459]]

Uncertainties: {'class0': [0.5412768721580505, 0.5618096590042114, 0.6001171469688416, 0.6133334636688232, 0.6195645332336426], 'class1': [0.48055487871170044, 0.48743680119514465, 0.5092810392379761, 0.5824622511863708, 0.6559656262397766]}

Most important rules
-----------------------------

---0---
rule9: -1709.562 < num_voted_users < 100276.003
probabilities_array:[0.45872316 0.         0.5412769 ]

rule51: budget > 224851810.259
probabilities_array:[0.43819034 0.         0.56180966]

rule16: num_user_for_reviews < 39.212
probabilities_array:[0.39988288 0.         0.60011715]

rule36: cast_total_facebook_likes < 150.629
probabilities_array:[0.38666654 0.         0.61333346]

rule49: -130733397.207 < budget < 47059206.526
probabilities_array:[0.38043547 0.         0.61956453]

rule3: imdb_score > 7.221
probabilities_array:[0.30426982 0.         0.6957302 ]

rule12: num_critic_for_reviews < 78.026
probabilities_array:[0.29988772 0.         0.7001123 ]

rule6: 2003.311 < title_year < 2010.007
probabilities_array:[0.291013 0.       0.708987]


---1---
rule4: title_year < 1996.615
probabilities_array:[0.         0.5194451  0.48055488]

rule50: 47059206.526 < budget < 224851810.259
probabilities_array:[0.         0.51256317 0.4874368 ]

rule19: num_user_for_reviews > 603.466
probabilities_array:[0.         0.49071896 0.50928104]

rule11: num_voted_users > 202261.569
probabilities_array:[0.         0.41753778 0.58246225]

rule10: 100276.003 < num_voted_users < 202261.569
probabilities_array:[0.         0.34403437 0.6559656 ]

rule1: 5.726 < imdb_score < 6.474
probabilities_array:[0.         0.3310772  0.66892284]

rule18: 321.339 < num_user_for_reviews < 603.466
probabilities_array:[0.         0.31674612 0.6832539 ]

rule43: movie_facebook_likes > 23258.379
probabilities_array:[0.         0.2810115  0.71898854]

rule34: 705.081 < actor_3_facebook_likes < 1867.511
probabilities_array:[0.         0.27400592 0.7259941 ]

rule38: 10888.794 < cast_total_facebook_likes < 21626.959
probabilities_array:[0.00749518 0.2455316  0.7469732 ]

rule30: 1922.109 < actor_2_facebook_likes < 5034.047
probabilities_array:[0.00813881 0.2375639  0.75429726]

rule0: imdb_score < 5.726
probabilities_array:[0.        0.2286605 0.7713395]

rule13: 78.026 < num_critic_for_reviews < 162.174
probabilities_array:[0.         0.22194079 0.7780592 ]

rule15: num_critic_for_reviews > 246.322
probabilities_array:[0.         0.21637024 0.7836298 ]

rule35: actor_3_facebook_likes > 1867.511
probabilities_array:[0.024917   0.19876535 0.7763176 ]

rule42: 8901.526 < movie_facebook_likes < 23258.379
probabilities_array:[0.00671294 0.19851737 0.79476964]

