R2: -0.4632086305231302

MAE: 50401397.176984705

MSE: 8024395047056510.0

Accuracy: 0.7450837581937363

F1: 0.7449992146474615

Confusion Matrix: [[524, 137], [213, 499]]

Uncertainties: {'class0': [0.5103323459625244, 0.5250798463821411, 0.5410919785499573, 0.5886380672454834, 0.6085336208343506], 'class1': [0.5189889073371887, 0.5936892032623291, 0.6133971810340881, 0.6393991708755493, 0.6597049236297607]}

Most important rules
-----------------------------

---0---
rule16: num_user_for_reviews < 46.925
probabilities_array:[0.48966768 0.         0.51033235]

rule9: 420.006 < num_voted_users < 93889.130
probabilities_array:[0.47492012 0.         0.52507985]

rule51: budget > 224918171.255
probabilities_array:[0.45890805 0.         0.541092  ]

rule8: num_voted_users < 420.006
probabilities_array:[0.4113619  0.         0.58863807]

rule49: -131497450.570 < budget < 46710360.343
probabilities_array:[0.3914664 0.        0.6085336]

rule6: 2003.226 < title_year < 2009.910
probabilities_array:[0.3584686 0.        0.6415314]

rule7: title_year > 2009.910
probabilities_array:[0.31798813 0.         0.6820119 ]

rule12: num_critic_for_reviews < 77.239
probabilities_array:[0.2944699 0.        0.7055301]

rule3: imdb_score > 7.208
probabilities_array:[0.27191544 0.         0.72808456]

rule41: -4678.737 < movie_facebook_likes < 8299.804
probabilities_array:[0.20182584 0.         0.79817414]


---1---
rule4: title_year < 1996.542
probabilities_array:[0.        0.4810111 0.5189889]

rule19: num_user_for_reviews > 566.381
probabilities_array:[0.        0.4063108 0.5936892]

rule50: 46710360.343 < budget < 224918171.255
probabilities_array:[0.         0.38660282 0.6133972 ]

rule30: 1876.421 < actor_2_facebook_likes < 4939.531
probabilities_array:[0.         0.36060083 0.6393992 ]

rule1: 5.726 < imdb_score < 6.467
probabilities_array:[0.         0.34029508 0.6597049 ]

rule23: director_facebook_likes > 2681.860
probabilities_array:[0.         0.31418017 0.68581986]

rule10: 93889.130 < num_voted_users < 187358.253
probabilities_array:[0.         0.31080776 0.68919224]

rule11: num_voted_users > 187358.253
probabilities_array:[0.        0.3068657 0.6931343]

rule43: movie_facebook_likes > 21278.346
probabilities_array:[0.         0.30300295 0.69699705]

rule47: duration > 124.152
probabilities_array:[4.6970203e-04 2.9761919e-01 7.0191115e-01]

rule21: -1200.585 < director_facebook_likes < 740.637
probabilities_array:[0.        0.2839365 0.7160635]

rule14: 157.313 < num_critic_for_reviews < 237.386
probabilities_array:[0.00311234 0.2763292  0.72055846]

rule15: num_critic_for_reviews > 237.386
probabilities_array:[0.         0.27281967 0.72718036]

rule0: imdb_score < 5.726
probabilities_array:[0.         0.26319098 0.736809  ]

rule34: 714.204 < actor_3_facebook_likes < 1887.897
probabilities_array:[0.         0.24471778 0.7552822 ]

rule31: actor_2_facebook_likes > 4939.531
probabilities_array:[0.04062079 0.2233782  0.7360011 ]

rule46: 109.203 < duration < 124.152
probabilities_array:[0.01664999 0.22869523 0.75465477]

rule18: 306.653 < num_user_for_reviews < 566.381
probabilities_array:[0.         0.22696827 0.7730317 ]

