R2: -0.5284143176644078

MAE: 45766604.581209034

MSE: 6058445973658852.0

Accuracy: 0.7713037144938092

F1: 0.770249616302865

Confusion Matrix: [[576, 117], [197, 483]]

Uncertainties: {'class0': [0.5235888957977295, 0.5648258328437805, 0.6098862290382385, 0.6507235765457153, 0.659724235534668], 'class1': [0.49596261978149414, 0.5775883793830872, 0.6313920021057129, 0.6472451090812683, 0.6556885242462158]}

Most important rules
-----------------------------

---0---
rule9: -2010.548 < num_voted_users < 99359.659
probabilities_array:[0.4764111 0.        0.5235889]

rule36: cast_total_facebook_likes < 225.516
probabilities_array:[0.43517417 0.         0.56482583]

rule49: -125244329.179 < budget < 48037944.843
probabilities_array:[0.39011374 0.         0.6098862 ]

rule51: budget > 221320218.865
probabilities_array:[0.34927645 0.         0.6507236 ]

rule12: num_critic_for_reviews < 76.751
probabilities_array:[0.34027576 0.         0.65972424]

rule16: num_user_for_reviews < 44.089
probabilities_array:[0.33900735 0.         0.6609927 ]

rule3: imdb_score > 7.217
probabilities_array:[0.3339463 0.        0.6660537]

rule6: 2003.267 < title_year < 2009.975
probabilities_array:[0.29743668 0.         0.7025633 ]

rule7: title_year > 2009.975
probabilities_array:[0.20327128 0.         0.79672873]

rule22: 812.203 < director_facebook_likes < 2917.059
probabilities_array:[0.20196946 0.         0.79803056]


---1---
rule4: title_year < 1996.559
probabilities_array:[0.         0.5040374  0.49596262]

rule50: 48037944.843 < budget < 221320218.865
probabilities_array:[0.        0.4224116 0.5775884]

rule19: num_user_for_reviews > 586.893
probabilities_array:[0.         0.36860797 0.631392  ]

rule11: num_voted_users > 200729.867
probabilities_array:[0.         0.35275486 0.6472451 ]

rule10: 99359.659 < num_voted_users < 200729.867
probabilities_array:[0.         0.34431148 0.6556885 ]

rule0: imdb_score < 5.735
probabilities_array:[0.         0.32989794 0.67010206]

rule1: 5.735 < imdb_score < 6.476
probabilities_array:[0.         0.32873702 0.671263  ]

rule30: 1892.017 < actor_2_facebook_likes < 4990.360
probabilities_array:[0.        0.3285309 0.6714691]

rule18: 315.491 < num_user_for_reviews < 586.893
probabilities_array:[0.       0.299618 0.700382]

rule43: movie_facebook_likes > 23507.354
probabilities_array:[0.         0.29714108 0.7028589 ]

rule15: num_critic_for_reviews > 242.686
probabilities_array:[0.         0.27535746 0.7246425 ]

rule14: 159.718 < num_critic_for_reviews < 242.686
probabilities_array:[0.         0.27227402 0.727726  ]

rule37: 225.516 < cast_total_facebook_likes < 10546.756
probabilities_array:[0.        0.2651736 0.7348264]

rule35: actor_3_facebook_likes > 1824.677
probabilities_array:[0.         0.24765345 0.7523466 ]

rule47: duration > 125.065
probabilities_array:[0.0178717  0.23630764 0.7458207 ]

rule38: 10546.756 < cast_total_facebook_likes < 20867.995
probabilities_array:[0.         0.21009837 0.7899016 ]

rule13: 76.751 < num_critic_for_reviews < 159.718
probabilities_array:[0.         0.20642368 0.7935763 ]

