R2: -0.48088734569860314

MAE: 47271449.48434086

MSE: 6881350406752541.0

Accuracy: 0.7705753823743627

F1: 0.7696290318714595

Confusion Matrix: [[573, 136], [179, 485]]

Uncertainties: {'class0': [0.5419397354125977, 0.5976792573928833, 0.6873054504394531, 0.6955278515815735, 0.7021331191062927], 'class1': [0.4799737334251404, 0.4862205386161804, 0.5044667720794678, 0.5115076303482056, 0.5353612303733826]}

Most important rules
-----------------------------

---0---
rule16: num_user_for_reviews < 50.391
probabilities_array:[0.4580603  0.         0.54193974]

rule3: imdb_score > 7.224
probabilities_array:[0.40232074 0.         0.59767926]

rule9: -291.824 < num_voted_users < 98523.256
probabilities_array:[0.31269455 0.         0.68730545]

rule22: 771.526 < director_facebook_likes < 2810.235
probabilities_array:[0.30447215 0.         0.69552785]

rule6: 2003.230 < title_year < 2009.877
probabilities_array:[0.29786688 0.         0.7021331 ]

rule49: -36135400.422 < budget < 42473365.563
probabilities_array:[0.2795549 0.        0.7204451]

rule12: num_critic_for_reviews < 77.123
probabilities_array:[0.21825871 0.00184379 0.7798975 ]


---1---
rule11: num_voted_users > 197338.336
probabilities_array:[0.         0.52002627 0.47997373]

rule10: 98523.256 < num_voted_users < 197338.336
probabilities_array:[0.         0.51377946 0.48622054]

rule4: title_year < 1996.583
probabilities_array:[0.         0.49553326 0.5044668 ]

rule50: 42473365.563 < budget < 121082131.548
probabilities_array:[0.         0.48849237 0.51150763]

rule51: budget > 121082131.548
probabilities_array:[0.         0.46463877 0.53536123]

rule19: num_user_for_reviews > 573.949
probabilities_array:[0.         0.42668262 0.5733174 ]

rule30: 1977.504 < actor_2_facebook_likes < 5162.130
probabilities_array:[0.         0.39078328 0.6092167 ]

rule35: actor_3_facebook_likes > 1894.906
probabilities_array:[0.         0.33350796 0.66649204]

rule34: 709.756 < actor_3_facebook_likes < 1894.906
probabilities_array:[0.00437629 0.30444342 0.6911803 ]

rule43: movie_facebook_likes > 23260.187
probabilities_array:[0.        0.2694315 0.7305685]

rule42: 8890.450 < movie_facebook_likes < 23260.187
probabilities_array:[0.       0.248301 0.751699]

rule18: 312.170 < num_user_for_reviews < 573.949
probabilities_array:[0.         0.24120176 0.75879824]

rule1: 5.736 < imdb_score < 6.480
probabilities_array:[0.         0.22599006 0.77400994]

rule26: 7600.764 < actor_1_facebook_likes < 18697.754
probabilities_array:[0.08036938 0.18498069 0.7346499 ]

rule14: 159.382 < num_critic_for_reviews < 241.641
probabilities_array:[0.0051519  0.20982116 0.78502697]

rule47: duration > 125.058
probabilities_array:[0.01008716 0.20322211 0.7866908 ]

