R2: -0.514121365780918

MAE: 47941989.48798252

MSE: 6769004315352338.0

Accuracy: 0.7327021121631464

F1: 0.7322880035362629

Confusion Matrix: [[530, 130], [237, 476]]

Uncertainties: {'class0': [0.5006924867630005, 0.5292257070541382, 0.6108124256134033, 0.617546558380127, 0.6347914934158325], 'class1': [0.49683377146720886, 0.5346106886863708, 0.611283540725708, 0.6224228739738464, 0.6339727640151978]}

Most important rules
-----------------------------

---0---
rule9: -5048.168 < num_voted_users < 99501.738
probabilities_array:[0.4993075 0.        0.5006925]

rule16: num_user_for_reviews < 41.082
probabilities_array:[0.47077432 0.         0.5292257 ]

rule6: 2003.259 < title_year < 2009.825
probabilities_array:[0.38918757 0.         0.6108124 ]

rule49: -124036816.146 < budget < 45713607.591
probabilities_array:[0.3824534  0.         0.61754656]

rule12: num_critic_for_reviews < 75.346
probabilities_array:[0.36520854 0.         0.6347915 ]

rule51: budget > 215464031.329
probabilities_array:[0.33342475 0.         0.66657525]

rule7: title_year > 2009.825
probabilities_array:[0.3257233 0.        0.6742767]

rule36: cast_total_facebook_likes < 450.331
probabilities_array:[0.3186813 0.        0.6813187]

rule3: imdb_score > 7.210
probabilities_array:[0.29956865 0.         0.70043135]

rule41: -4953.886 < movie_facebook_likes < 8577.229
probabilities_array:[0.25585648 0.         0.7441435 ]

rule25: -532.796 < actor_1_facebook_likes < 7182.522
probabilities_array:[0.23781918 0.03335135 0.7288295 ]

rule45: 94.112 < duration < 109.720
probabilities_array:[0.20111372 0.03231955 0.76656675]


---1---
rule4: title_year < 1996.692
probabilities_array:[0.         0.50316626 0.49683377]

rule37: 450.331 < cast_total_facebook_likes < 10777.639
probabilities_array:[0.        0.4653893 0.5346107]

rule19: num_user_for_reviews > 583.923
probabilities_array:[0.         0.38871646 0.61128354]

rule11: num_voted_users > 204051.644
probabilities_array:[0.         0.37757713 0.6224229 ]

rule1: 5.729 < imdb_score < 6.469
probabilities_array:[0.         0.36602727 0.63397276]

rule50: 45713607.591 < budget < 215464031.329
probabilities_array:[0.         0.34848428 0.6515157 ]

rule18: 312.502 < num_user_for_reviews < 583.923
probabilities_array:[0.       0.332776 0.667224]

rule14: 157.545 < num_critic_for_reviews < 239.743
probabilities_array:[0.         0.31955922 0.6804408 ]

rule10: 99501.738 < num_voted_users < 204051.644
probabilities_array:[0.         0.3128467  0.68715334]

rule0: imdb_score < 5.729
probabilities_array:[0.         0.29846412 0.7015359 ]

rule34: 752.772 < actor_3_facebook_likes < 2048.400
probabilities_array:[0.         0.297689   0.70231104]

rule38: 10777.639 < cast_total_facebook_likes < 21104.948
probabilities_array:[0.         0.29658362 0.70341635]

rule15: num_critic_for_reviews > 239.743
probabilities_array:[0.        0.2915619 0.7084381]

rule13: 75.346 < num_critic_for_reviews < 157.545
probabilities_array:[0.         0.24789503 0.752105  ]

rule30: 1911.646 < actor_2_facebook_likes < 4561.174
probabilities_array:[0.         0.24133588 0.75866413]

rule35: actor_3_facebook_likes > 2048.400
probabilities_array:[0.         0.23108412 0.7689159 ]

rule43: movie_facebook_likes > 22108.344
probabilities_array:[0.         0.22970195 0.77029806]

rule21: -1228.607 < director_facebook_likes < 734.371
probabilities_array:[0.         0.22940448 0.77059555]

rule27: actor_1_facebook_likes > 14897.840
probabilities_array:[0.        0.2095787 0.7904213]

rule47: duration > 125.328
probabilities_array:[0.00399086 0.20004809 0.7959611 ]

