R2: -0.46552556592696304

MAE: 48892299.980335034

MSE: 7525372791305584.0

Accuracy: 0.7574654042243263

F1: 0.7561719753680947

Confusion Matrix: [[570, 141], [192, 470]]

Uncertainties: {'class0': [0.6061866879463196, 0.6199352741241455, 0.6286277174949646, 0.6419126987457275, 0.6757519245147705], 'class1': [0.4631056785583496, 0.5425008535385132, 0.5997028350830078, 0.5999305844306946, 0.6390274167060852]}

Most important rules
-----------------------------

---0---
rule36: cast_total_facebook_likes < 739.535
probabilities_array:[0.3938133 0.        0.6061867]

rule3: imdb_score > 7.200
probabilities_array:[0.38006476 0.         0.6199353 ]

rule16: num_user_for_reviews < 43.034
probabilities_array:[0.37137228 0.         0.6286277 ]

rule12: num_critic_for_reviews < 77.239
probabilities_array:[0.35808733 0.         0.6419127 ]

rule9: -2826.441 < num_voted_users < 97931.766
probabilities_array:[0.32424808 0.         0.6757519 ]

rule49: -21637540.907 < budget < 41376953.993
probabilities_array:[0.3209736  0.         0.67902637]

rule6: 2003.156 < title_year < 2010.040
probabilities_array:[0.3101625  0.         0.68983746]

rule24: actor_1_facebook_likes < 191.739
probabilities_array:[0.28031474 0.         0.71968526]

rule7: title_year > 2010.040
probabilities_array:[0.25245094 0.         0.74754906]


---1---
rule4: title_year < 1996.271
probabilities_array:[0.         0.5368943  0.46310568]

rule51: budget > 104391448.892
probabilities_array:[0.         0.45749915 0.54250085]

rule50: 41376953.993 < budget < 104391448.892
probabilities_array:[0.         0.40029714 0.59970284]

rule10: 97931.766 < num_voted_users < 198689.974
probabilities_array:[0.         0.40006945 0.5999306 ]

rule11: num_voted_users > 198689.974
probabilities_array:[0.        0.3609726 0.6390274]

rule14: 158.273 < num_critic_for_reviews < 239.307
probabilities_array:[0.         0.35217908 0.6478209 ]

rule15: num_critic_for_reviews > 239.307
probabilities_array:[0.        0.3210737 0.6789263]

rule38: 10728.515 < cast_total_facebook_likes < 20717.495
probabilities_array:[0.         0.31104115 0.6889589 ]

rule30: 1921.646 < actor_2_facebook_likes < 5022.857
probabilities_array:[0.         0.30761746 0.6923825 ]

rule27: actor_1_facebook_likes > 14105.785
probabilities_array:[0.        0.3002926 0.6997074]

rule19: num_user_for_reviews > 578.954
probabilities_array:[0.         0.29993793 0.70006204]

rule43: movie_facebook_likes > 22520.584
probabilities_array:[0.         0.29868212 0.70131785]

rule47: duration > 124.996
probabilities_array:[0.0074996  0.28390792 0.70859253]

rule18: 310.994 < num_user_for_reviews < 578.954
probabilities_array:[0.00448846 0.27337605 0.7221355 ]

rule35: actor_3_facebook_likes > 1908.218
probabilities_array:[0.0273695  0.26157403 0.7110564 ]

rule46: 109.654 < duration < 124.996
probabilities_array:[0.         0.26947978 0.73052025]

rule1: 5.732 < imdb_score < 6.466
probabilities_array:[0.         0.24512556 0.75487447]

rule13: 77.239 < num_critic_for_reviews < 158.273
probabilities_array:[0.         0.21595366 0.78404635]

rule31: actor_2_facebook_likes > 5022.857
probabilities_array:[0.        0.2062352 0.7937648]

