R2: -0.4622532473684151

MAE: 49915958.02112163

MSE: 7881675491786786.0

Accuracy: 0.7764020393299345

F1: 0.7753935838308915

Confusion Matrix: [[579, 132], [175, 487]]

Uncertainties: {'class0': [0.5937012434005737, 0.597126305103302, 0.6037089228630066, 0.6662468314170837, 0.6807539463043213], 'class1': [0.48475953936576843, 0.5750768184661865, 0.5760425925254822, 0.5914264917373657, 0.6309001445770264]}

Most important rules
-----------------------------

---0---
rule9: -3487.383 < num_voted_users < 96167.619
probabilities_array:[0.40629876 0.         0.59370124]

rule36: cast_total_facebook_likes < 784.000
probabilities_array:[0.4028737 0.        0.5971263]

rule49: -7835236.795 < budget < 39370319.266
probabilities_array:[0.3962911 0.        0.6037089]

rule16: num_user_for_reviews < 46.937
probabilities_array:[0.33375314 0.         0.66624683]

rule12: num_critic_for_reviews < 75.490
probabilities_array:[0.31924608 0.         0.68075395]

rule3: imdb_score > 7.209
probabilities_array:[0.28773782 0.         0.7122622 ]

rule6: 2003.113 < title_year < 2009.808
probabilities_array:[0.24454488 0.         0.75545514]


---1---
rule4: title_year < 1996.417
probabilities_array:[0.         0.5152405  0.48475954]

rule50: 39370319.266 < budget < 86575875.327
probabilities_array:[0.         0.42492318 0.5750768 ]

rule19: num_user_for_reviews > 564.817
probabilities_array:[0.        0.4239574 0.5760426]

rule51: budget > 86575875.327
probabilities_array:[0.         0.40857354 0.5914265 ]

rule11: num_voted_users > 195822.620
probabilities_array:[0.         0.36909986 0.63090014]

rule10: 96167.619 < num_voted_users < 195822.620
probabilities_array:[0.         0.33148932 0.6685107 ]

rule38: 10587.093 < cast_total_facebook_likes < 20390.186
probabilities_array:[0.         0.2793984  0.72060156]

rule30: 1817.757 < actor_2_facebook_likes < 4355.478
probabilities_array:[0.         0.27733722 0.7226628 ]

rule1: 5.729 < imdb_score < 6.469
probabilities_array:[0.         0.26823533 0.7317647 ]

rule27: actor_1_facebook_likes > 14440.441
probabilities_array:[0.         0.26413143 0.7358686 ]

rule37: 784.000 < cast_total_facebook_likes < 10587.093
probabilities_array:[0.         0.24784487 0.7521551 ]

rule35: actor_3_facebook_likes > 1927.194
probabilities_array:[0.       0.236817 0.763183]

rule18: 305.877 < num_user_for_reviews < 564.817
probabilities_array:[0.         0.23372293 0.7662771 ]

rule0: imdb_score < 5.729
probabilities_array:[0.         0.22447716 0.7755228 ]

rule34: 726.694 < actor_3_facebook_likes < 1927.194
probabilities_array:[0.03022725 0.2038673  0.7659055 ]

rule47: duration > 125.218
probabilities_array:[0.00632532 0.21374865 0.77992606]

