R2: -0.5107585180095167

MAE: 48350440.25200291

MSE: 6914771398014542.0

Accuracy: 0.7443554260742898

F1: 0.7443114804979826

Confusion Matrix: [[520, 157], [194, 502]]

Uncertainties: {'class0': [0.533301055431366, 0.5673975348472595, 0.5805571675300598, 0.616610586643219, 0.6518810391426086], 'class1': [0.47475624084472656, 0.5244578719139099, 0.5572274923324585, 0.5579702854156494, 0.5984193682670593]}

Most important rules
-----------------------------

---0---
rule16: num_user_for_reviews < 37.371
probabilities_array:[0.4666989  0.         0.53330106]

rule51: budget > 226859723.839
probabilities_array:[0.43260247 0.         0.56739753]

rule3: imdb_score > 7.216
probabilities_array:[0.41944283 0.         0.58055717]

rule9: -4800.967 < num_voted_users < 98539.553
probabilities_array:[0.38338938 0.         0.6166106 ]

rule12: num_critic_for_reviews < 76.394
probabilities_array:[0.348119   0.         0.65188104]

rule6: 2003.392 < title_year < 2010.146
probabilities_array:[0.3285211 0.        0.6714789]

rule49: -131721250.667 < budget < 47569236.586
probabilities_array:[0.26949376 0.         0.73050624]

rule22: 724.989 < director_facebook_likes < 2659.746
probabilities_array:[0.258004   0.00614316 0.73585284]


---1---
rule4: title_year < 1996.637
probabilities_array:[0.         0.52524376 0.47475624]

rule50: 47569236.586 < budget < 226859723.839
probabilities_array:[0.         0.47554216 0.5244579 ]

rule11: num_voted_users > 201880.072
probabilities_array:[0.        0.4427725 0.5572275]

rule30: 1917.058 < actor_2_facebook_likes < 5038.551
probabilities_array:[0.         0.44202968 0.5579703 ]

rule43: movie_facebook_likes > 23097.275
probabilities_array:[0.         0.40158066 0.59841937]

rule10: 98539.553 < num_voted_users < 201880.072
probabilities_array:[0.         0.40064323 0.5993568 ]

rule19: num_user_for_reviews > 588.812
probabilities_array:[0.         0.37783796 0.62216204]

rule18: 313.091 < num_user_for_reviews < 588.812
probabilities_array:[0.         0.33699018 0.6630098 ]

rule0: imdb_score < 5.729
probabilities_array:[0.         0.33053777 0.66946226]

rule14: 159.495 < num_critic_for_reviews < 242.596
probabilities_array:[0.        0.3268423 0.6731577]

rule47: duration > 124.663
probabilities_array:[0.00363617 0.28571436 0.7106495 ]

rule15: num_critic_for_reviews > 242.596
probabilities_array:[0.        0.2782976 0.7217024]

rule35: actor_3_facebook_likes > 1951.207
probabilities_array:[0.        0.2614342 0.7385658]

rule13: 76.394 < num_critic_for_reviews < 159.495
probabilities_array:[0.         0.25746915 0.7425308 ]

rule1: 5.729 < imdb_score < 6.473
probabilities_array:[0.         0.24978282 0.7502172 ]

rule34: 723.974 < actor_3_facebook_likes < 1951.207
probabilities_array:[0.         0.23837692 0.7616231 ]

rule42: 8661.066 < movie_facebook_likes < 23097.275
probabilities_array:[0.00999542 0.2177821  0.7722225 ]

rule46: 109.426 < duration < 124.663
probabilities_array:[0.         0.20056994 0.7994301 ]

