R2: -0.5096233833658634

MAE: 51467473.24107793

MSE: 7846615959189547.0

Accuracy: 0.7691187181354697

F1: 0.7688121238969547

Confusion Matrix: [[553, 131], [186, 503]]

Uncertainties: {'class0': [0.5409014821052551, 0.6059698462486267, 0.6093559265136719, 0.7086864709854126, 0.7186380624771118], 'class1': [0.517302393913269, 0.5714728236198425, 0.5834276080131531, 0.5881143808364868, 0.5985385179519653]}

Most important rules
-----------------------------

---0---
rule9: -974.493 < num_voted_users < 94641.148
probabilities_array:[0.45909852 0.         0.5409015 ]

rule6: 2003.133 < title_year < 2009.704
probabilities_array:[0.39403015 0.         0.60596985]

rule16: num_user_for_reviews < 46.211
probabilities_array:[0.39064407 0.         0.6093559 ]

rule3: imdb_score > 7.213
probabilities_array:[0.29131356 0.         0.7086865 ]

rule12: num_critic_for_reviews < 77.481
probabilities_array:[0.28136194 0.         0.71863806]

rule49: -41905251.113 < budget < 42538526.334
probabilities_array:[0.2784971 0.        0.7215029]

rule7: title_year > 2009.704
probabilities_array:[0.25107196 0.         0.74892807]


---1---
rule50: 42538526.334 < budget < 126982303.781
probabilities_array:[0.         0.48269764 0.5173024 ]

rule10: 94641.148 < num_voted_users < 190256.789
probabilities_array:[0.         0.42852718 0.5714728 ]

rule19: num_user_for_reviews > 570.237
probabilities_array:[0.         0.41657236 0.5834276 ]

rule51: budget > 126982303.781
probabilities_array:[0.         0.41188565 0.5881144 ]

rule4: title_year < 1996.563
probabilities_array:[0.        0.4014615 0.5985385]

rule11: num_voted_users > 190256.789
probabilities_array:[0.         0.35761288 0.64238715]

rule1: 5.718 < imdb_score < 6.465
probabilities_array:[0.         0.33195996 0.66804004]

rule43: movie_facebook_likes > 22071.047
probabilities_array:[1.0728804e-04 3.2693154e-01 6.7296112e-01]

rule0: imdb_score < 5.718
probabilities_array:[0.         0.31989962 0.6801004 ]

rule30: 1872.021 < actor_2_facebook_likes < 4936.308
probabilities_array:[0.         0.31417397 0.68582606]

rule15: num_critic_for_reviews > 237.524
probabilities_array:[0.         0.29471827 0.70528173]

rule18: 308.224 < num_user_for_reviews < 570.237
probabilities_array:[0.         0.27852213 0.72147787]

rule46: 109.031 < duration < 123.954
probabilities_array:[0.0084302  0.25503385 0.7365359 ]

rule35: actor_3_facebook_likes > 1860.150
probabilities_array:[0.         0.25051215 0.7494878 ]

rule47: duration > 123.954
probabilities_array:[3.4349828e-04 2.4764924e-01 7.5200719e-01]

rule14: 157.503 < num_critic_for_reviews < 237.524
probabilities_array:[6.8463531e-05 2.3727717e-01 7.6265436e-01]

rule13: 77.481 < num_critic_for_reviews < 157.503
probabilities_array:[0.         0.23224473 0.76775527]

rule42: 8356.535 < movie_facebook_likes < 22071.047
probabilities_array:[0.06513303 0.18263163 0.75223535]

