R2: -0.45429675230531297

MAE: 50468698.94537509

MSE: 8153705980562971.0

Accuracy: 0.7611070648215587

F1: 0.7606946245244117

Confusion Matrix: [[551, 129], [199, 494]]

Uncertainties: {'class0': [0.45913827419281006, 0.5907028317451477, 0.6411279439926147, 0.6590791344642639, 0.676050066947937], 'class1': [0.4804573953151703, 0.5595641732215881, 0.5810661315917969, 0.5810661911964417, 0.604974627494812]}

Most important rules
-----------------------------

---0---
rule51: budget > 227594901.670
probabilities_array:[0.5408617  0.         0.45913827]

rule16: num_user_for_reviews < 46.788
probabilities_array:[0.40929717 0.         0.59070283]

rule6: 2003.330 < title_year < 2009.817
probabilities_array:[0.3588721  0.         0.64112794]

rule49: -133897000.894 < budget < 46848950.388
probabilities_array:[0.34092087 0.         0.65907913]

rule9: -392.664 < num_voted_users < 95554.209
probabilities_array:[0.3239499  0.         0.67605007]

rule3: imdb_score > 7.193
probabilities_array:[0.32186738 0.         0.67813265]

rule12: num_critic_for_reviews < 76.329
probabilities_array:[0.30185494 0.         0.69814503]

rule45: 94.150 < duration < 109.156
probabilities_array:[0.26269975 0.         0.7373003 ]

rule5: 1996.844 < title_year < 2003.330
probabilities_array:[0.24350984 0.         0.7564902 ]

rule7: title_year > 2009.817
probabilities_array:[0.2312488 0.        0.7687512]


---1---
rule50: 46848950.388 < budget < 227594901.670
probabilities_array:[0.         0.51954263 0.4804574 ]

rule10: 95554.209 < num_voted_users < 191501.082
probabilities_array:[0.        0.4404358 0.5595642]

rule4: title_year < 1996.844
probabilities_array:[0.         0.41893387 0.58106613]

rule11: num_voted_users > 191501.082
probabilities_array:[0.         0.41893378 0.5810662 ]

rule1: 5.721 < imdb_score < 6.457
probabilities_array:[0.        0.3950254 0.6049746]

rule19: num_user_for_reviews > 570.214
probabilities_array:[0.        0.3948807 0.6051193]

rule0: imdb_score < 5.721
probabilities_array:[0.        0.3132549 0.6867451]

rule30: 1912.960 < actor_2_facebook_likes < 5036.369
probabilities_array:[0.        0.2976547 0.7023453]

rule43: movie_facebook_likes > 22335.980
probabilities_array:[0.         0.27867633 0.72132367]

rule15: num_critic_for_reviews > 238.048
probabilities_array:[0.         0.27501473 0.7249853 ]

rule35: actor_3_facebook_likes > 1944.189
probabilities_array:[0.         0.26819962 0.7318004 ]

rule34: 725.252 < actor_3_facebook_likes < 1944.189
probabilities_array:[0.         0.23657684 0.76342314]

rule23: director_facebook_likes > 2663.341
probabilities_array:[0.         0.23271143 0.76728857]

rule13: 76.329 < num_critic_for_reviews < 157.189
probabilities_array:[0.01234484 0.21734066 0.7703145 ]

rule47: duration > 124.162
probabilities_array:[0.         0.22256196 0.77743804]

rule14: 157.189 < num_critic_for_reviews < 238.048
probabilities_array:[0.01611706 0.20556594 0.77831703]

rule18: 308.501 < num_user_for_reviews < 570.214
probabilities_array:[0.         0.21172953 0.7882705 ]

rule42: 8562.176 < movie_facebook_likes < 22335.980
probabilities_array:[0.04368983 0.17956592 0.77674425]

