R2: -0.48059849308054403

MAE: 48745698.351784416

MSE: 7320234738775815.0

Accuracy: 0.7749453750910416

F1: 0.7744553125862226

Confusion Matrix: [[564, 123], [186, 500]]

Uncertainties: {'class0': [0.49309828877449036, 0.5942479372024536, 0.604495644569397, 0.6215910911560059, 0.663139283657074], 'class1': [0.45916464924812317, 0.5110341310501099, 0.5898631811141968, 0.6164665818214417, 0.6604836583137512]}

Most important rules
-----------------------------

---0---
rule51: budget > 223931152.875
probabilities_array:[0.5069017 0.        0.4930983]

rule16: num_user_for_reviews < 42.927
probabilities_array:[0.4057521  0.         0.59424794]

rule49: -130553250.460 < budget < 46688951.208
probabilities_array:[0.39550436 0.         0.60449564]

rule9: -2377.972 < num_voted_users < 96192.999
probabilities_array:[0.37840894 0.         0.6215911 ]

rule3: imdb_score > 7.207
probabilities_array:[0.33686072 0.         0.6631393 ]

rule12: num_critic_for_reviews < 76.834
probabilities_array:[0.30567512 0.         0.69432485]

rule6: 2003.256 < title_year < 2009.935
probabilities_array:[0.2549247 0.        0.7450753]


---1---
rule4: title_year < 1996.577
probabilities_array:[0.         0.5408354  0.45916465]

rule19: num_user_for_reviews > 573.826
probabilities_array:[0.         0.48896584 0.51103413]

rule10: 96192.999 < num_voted_users < 194763.970
probabilities_array:[0.         0.41013685 0.5898632 ]

rule50: 46688951.208 < budget < 223931152.875
probabilities_array:[0.         0.38353345 0.6164666 ]

rule1: 5.718 < imdb_score < 6.462
probabilities_array:[0.         0.33951637 0.66048366]

rule43: movie_facebook_likes > 22529.518
probabilities_array:[0.         0.32268327 0.6773167 ]

rule18: 308.376 < num_user_for_reviews < 573.826
probabilities_array:[0.         0.31302777 0.68697226]

rule11: num_voted_users > 194763.970
probabilities_array:[0.        0.3029176 0.6970824]

rule35: actor_3_facebook_likes > 1869.778
probabilities_array:[0.         0.29011393 0.7098861 ]

rule0: imdb_score < 5.718
probabilities_array:[0.         0.28920767 0.7107923 ]

rule47: duration > 124.520
probabilities_array:[0.00347839 0.27165484 0.72486675]

rule15: num_critic_for_reviews > 239.309
probabilities_array:[0.         0.27111214 0.72888786]

rule14: 158.071 < num_critic_for_reviews < 239.309
probabilities_array:[0.         0.25754604 0.742454  ]

rule13: 76.834 < num_critic_for_reviews < 158.071
probabilities_array:[0.         0.25346822 0.7465318 ]

rule46: 109.295 < duration < 124.520
probabilities_array:[0.03722661 0.22104622 0.7417272 ]

rule38: 10793.543 < cast_total_facebook_likes < 21645.782
probabilities_array:[0.         0.21879537 0.78120464]

rule30: 1896.116 < actor_2_facebook_likes < 5005.433
probabilities_array:[0.         0.21631488 0.7836851 ]

