R2: -0.46258594101761163

MAE: 51706699.907501824

MSE: 8453178561265038.0

Accuracy: 0.7603787327021122

F1: 0.7602790359514844

Confusion Matrix: [[536, 127], [202, 508]]

Uncertainties: {'class0': [0.5625029802322388, 0.6008158326148987, 0.6472640633583069, 0.6663004159927368, 0.677010178565979], 'class1': [0.5011752843856812, 0.5045638084411621, 0.5092368721961975, 0.5503742098808289, 0.5584630370140076]}

Most important rules
-----------------------------

---0---
rule16: num_user_for_reviews < 41.604
probabilities_array:[0.43749705 0.         0.562503  ]

rule3: imdb_score > 7.180
probabilities_array:[0.39918417 0.         0.60081583]

rule9: -2991.587 < num_voted_users < 93722.348
probabilities_array:[0.35273597 0.         0.64726406]

rule49: -39729701.038 < budget < 42703076.320
probabilities_array:[0.33369958 0.         0.6663004 ]

rule22: 736.565 < director_facebook_likes < 2693.579
probabilities_array:[0.32298982 0.         0.6770102 ]

rule12: num_critic_for_reviews < 75.021
probabilities_array:[0.30058062 0.         0.6994194 ]

rule6: 2003.283 < title_year < 2009.986
probabilities_array:[0.3000191 0.        0.6999809]

rule7: title_year > 2009.986
probabilities_array:[0.20502724 0.         0.7949728 ]


---1---
rule10: 93722.348 < num_voted_users < 190436.284
probabilities_array:[0.        0.4988247 0.5011753]

rule4: title_year < 1996.580
probabilities_array:[0.        0.4954362 0.5045638]

rule50: 42703076.320 < budget < 125135853.679
probabilities_array:[0.         0.49076313 0.5092369 ]

rule19: num_user_for_reviews > 569.759
probabilities_array:[0.        0.4496258 0.5503742]

rule51: budget > 125135853.679
probabilities_array:[0.         0.441537   0.55846304]

rule11: num_voted_users > 190436.284
probabilities_array:[0.         0.4262862  0.57371384]

rule18: 305.682 < num_user_for_reviews < 569.759
probabilities_array:[0.        0.3319866 0.6680134]

rule1: 5.709 < imdb_score < 6.444
probabilities_array:[0.         0.31134436 0.6886557 ]

rule15: num_critic_for_reviews > 234.634
probabilities_array:[0.         0.30168626 0.6983138 ]

rule30: 1837.847 < actor_2_facebook_likes < 4382.831
probabilities_array:[0.       0.294481 0.705519]

rule43: movie_facebook_likes > 21110.870
probabilities_array:[2.4481462e-05 2.8734720e-01 7.1262830e-01]

rule0: imdb_score < 5.709
probabilities_array:[0.         0.24795707 0.75204295]

rule46: 109.014 < duration < 124.088
probabilities_array:[0.03738156 0.21473217 0.7478863 ]

rule13: 75.021 < num_critic_for_reviews < 154.828
probabilities_array:[0.         0.22815204 0.77184796]

