R2: -0.44038701357810184

MAE: 48518551.4173343

MSE: 7699414155153778.0

Accuracy: 0.764748725418791

F1: 0.7639473282203022

Confusion Matrix: [[565, 130], [193, 485]]

Uncertainties: {'class0': [0.551224946975708, 0.5595769882202148, 0.6551398038864136, 0.6600612998008728, 0.7141215801239014], 'class1': [0.4819975793361664, 0.48640722036361694, 0.5395726561546326, 0.6030871272087097, 0.6165575981140137]}

Most important rules
-----------------------------

---0---
rule3: imdb_score > 7.238
probabilities_array:[0.44877508 0.         0.55122495]

rule16: num_user_for_reviews < 39.973
probabilities_array:[0.440423 0.       0.559577]

rule6: 2003.263 < title_year < 2010.098
probabilities_array:[0.34486023 0.         0.6551398 ]

rule36: cast_total_facebook_likes < 24.068
probabilities_array:[0.33993873 0.         0.6600613 ]

rule9: -3643.816 < num_voted_users < 99711.776
probabilities_array:[0.28587842 0.         0.7141216 ]

rule49: -35503981.478 < budget < 41801778.711
probabilities_array:[0.2819068  0.         0.71809316]

rule12: num_critic_for_reviews < 78.344
probabilities_array:[0.25620344 0.         0.7437965 ]

rule45: 94.244 < duration < 109.699
probabilities_array:[0.21655561 0.01946473 0.7639797 ]


---1---
rule4: title_year < 1996.427
probabilities_array:[0.         0.5180024  0.48199758]

rule50: 41801778.711 < budget < 119107538.900
probabilities_array:[0.         0.5135928  0.48640722]

rule10: 99711.776 < num_voted_users < 203067.369
probabilities_array:[0.         0.46042734 0.53957266]

rule19: num_user_for_reviews > 592.556
probabilities_array:[0.         0.39691284 0.6030871 ]

rule11: num_voted_users > 203067.369
probabilities_array:[0.         0.38344237 0.6165576 ]

rule51: budget > 119107538.900
probabilities_array:[0.         0.34724462 0.6527554 ]

rule43: movie_facebook_likes > 23610.603
probabilities_array:[0.         0.33008444 0.66991556]

rule14: 161.281 < num_critic_for_reviews < 244.217
probabilities_array:[0.         0.307996   0.69200397]

rule30: 1990.578 < actor_2_facebook_likes < 5181.957
probabilities_array:[0.        0.3013652 0.6986348]

rule13: 78.344 < num_critic_for_reviews < 161.281
probabilities_array:[0.         0.28743777 0.71256226]

rule18: 316.265 < num_user_for_reviews < 592.556
probabilities_array:[0.01554927 0.27586913 0.7085817 ]

rule15: num_critic_for_reviews > 244.217
probabilities_array:[0.         0.28285128 0.7171487 ]

rule1: 5.736 < imdb_score < 6.487
probabilities_array:[0.        0.2774278 0.7225722]

rule31: actor_2_facebook_likes > 5181.957
probabilities_array:[0.         0.23858938 0.76141065]

rule42: 9219.164 < movie_facebook_likes < 23610.603
probabilities_array:[0.00750656 0.23376147 0.75873196]

rule0: imdb_score < 5.736
probabilities_array:[0.         0.22203498 0.777965  ]

rule38: 10956.860 < cast_total_facebook_likes < 21889.653
probabilities_array:[0.         0.20222573 0.79777426]

