R2: -0.49017016588095874

MAE: 47333904.15003642

MSE: 6811312001649617.0

Accuracy: 0.7436270939548434

F1: 0.7427755140274461

Confusion Matrix: [[550, 143], [209, 471]]

Uncertainties: {'class0': [0.4875237047672272, 0.525283932685852, 0.551559567451477, 0.6000587344169617, 0.6058403849601746], 'class1': [0.4431718587875366, 0.5538046956062317, 0.559673547744751, 0.5976284146308899, 0.6169685125350952]}

Most important rules
-----------------------------

---0---
rule8: num_voted_users < 481.384
probabilities_array:[0.51247627 0.         0.4875237 ]

rule9: 481.384 < num_voted_users < 98851.821
probabilities_array:[0.47471607 0.         0.52528393]

rule16: num_user_for_reviews < 52.987
probabilities_array:[0.44844043 0.         0.55155957]

rule49: -128293717.259 < budget < 44809026.545
probabilities_array:[0.3999413  0.         0.60005873]

rule3: imdb_score > 7.226
probabilities_array:[0.39415962 0.         0.6058404 ]

rule6: 2003.238 < title_year < 2009.954
probabilities_array:[0.38639897 0.         0.613601  ]

rule12: num_critic_for_reviews < 77.061
probabilities_array:[0.31094962 0.         0.6890504 ]

rule7: title_year > 2009.954
probabilities_array:[0.20140125 0.         0.79859877]


---1---
rule4: title_year < 1996.522
probabilities_array:[0.         0.55682814 0.44317186]

rule50: 44809026.545 < budget < 217911770.349
probabilities_array:[0.         0.44619527 0.5538047 ]

rule11: num_voted_users > 197222.257
probabilities_array:[0.         0.44032642 0.55967355]

rule30: 1852.493 < actor_2_facebook_likes < 4444.925
probabilities_array:[0.        0.4023716 0.5976284]

rule19: num_user_for_reviews > 573.638
probabilities_array:[0.         0.38303152 0.6169685 ]

rule0: imdb_score < 5.746
probabilities_array:[0.         0.32368046 0.67631954]

rule15: num_critic_for_reviews > 242.120
probabilities_array:[0.         0.31851462 0.6814854 ]

rule14: 159.591 < num_critic_for_reviews < 242.120
probabilities_array:[0.         0.30146348 0.6985365 ]

rule43: movie_facebook_likes > 22218.960
probabilities_array:[0.         0.29411632 0.7058837 ]

rule1: 5.746 < imdb_score < 6.486
probabilities_array:[0.         0.2903882  0.70961183]

rule10: 98851.821 < num_voted_users < 197222.257
probabilities_array:[0.         0.28947785 0.7105222 ]

rule34: 752.668 < actor_3_facebook_likes < 2045.173
probabilities_array:[0.         0.26629964 0.73370034]

rule18: 313.313 < num_user_for_reviews < 573.638
probabilities_array:[0.        0.2505663 0.7494337]

rule13: 77.061 < num_critic_for_reviews < 159.591
probabilities_array:[0.         0.24030492 0.75969505]

rule23: director_facebook_likes > 2569.317
probabilities_array:[0.         0.23733462 0.7626654 ]

rule35: actor_3_facebook_likes > 2045.173
probabilities_array:[0.        0.2315008 0.7684992]

rule46: 109.607 < duration < 125.257
probabilities_array:[0.       0.213419 0.786581]

