R2: -0.48298033536436846

MAE: 46936730.67225055

MSE: 6764392224307200.0

Accuracy: 0.7640203932993445

F1: 0.7614325246154836

Confusion Matrix: [[596, 118], [206, 453]]

Uncertainties: {'class0': [0.5281239151954651, 0.528523325920105, 0.607449471950531, 0.6241859793663025, 0.630843997001648], 'class1': [0.5690168738365173, 0.5863428711891174, 0.6384580135345459, 0.6505617499351501, 0.6507236957550049]}

Most important rules
-----------------------------

---0---
rule16: num_user_for_reviews < 39.823
probabilities_array:[0.47187608 0.         0.5281239 ]

rule49: -40243573.450 < budget < 44120905.646
probabilities_array:[0.47147667 0.         0.5285233 ]

rule36: cast_total_facebook_likes < 548.579
probabilities_array:[0.3925505 0.        0.6074495]

rule9: -1866.663 < num_voted_users < 99666.925
probabilities_array:[0.375814 0.       0.624186]

rule6: 2003.206 < title_year < 2009.874
probabilities_array:[0.36915603 0.         0.630844  ]

rule12: num_critic_for_reviews < 75.849
probabilities_array:[0.34518534 0.         0.65481466]

rule24: actor_1_facebook_likes < 139.881
probabilities_array:[0.25184435 0.         0.74815565]

rule41: -5464.091 < movie_facebook_likes < 8767.255
probabilities_array:[0.23749681 0.01421123 0.74829197]

rule3: imdb_score > 7.212
probabilities_array:[0.21436755 0.         0.78563243]

rule7: title_year > 2009.874
probabilities_array:[0.20267662 0.         0.7973234 ]


---1---
rule4: title_year < 1996.538
probabilities_array:[0.         0.43098313 0.5690169 ]

rule11: num_voted_users > 201200.512
probabilities_array:[0.         0.41365716 0.5863429 ]

rule19: num_user_for_reviews > 590.345
probabilities_array:[0.       0.361542 0.638458]

rule1: 5.755 < imdb_score < 6.483
probabilities_array:[0.         0.34943825 0.65056175]

rule10: 99666.925 < num_voted_users < 201200.512
probabilities_array:[0.         0.34927627 0.6507237 ]

rule0: imdb_score < 5.755
probabilities_array:[0.         0.33605877 0.66394126]

rule50: 44120905.646 < budget < 128485384.742
probabilities_array:[0.        0.3101789 0.6898211]

rule30: 1915.523 < actor_2_facebook_likes < 5024.380
probabilities_array:[0.        0.2949316 0.7050684]

rule14: 159.214 < num_critic_for_reviews < 242.580
probabilities_array:[0.         0.28636032 0.7136397 ]

rule38: 10561.058 < cast_total_facebook_likes < 20573.536
probabilities_array:[0.        0.2765586 0.7234414]

rule31: actor_2_facebook_likes > 5024.380
probabilities_array:[0.03591741 0.23881476 0.7252678 ]

rule15: num_critic_for_reviews > 242.580
probabilities_array:[0.         0.25435668 0.7456433 ]

rule13: 75.849 < num_critic_for_reviews < 159.214
probabilities_array:[0.00727362 0.24523214 0.7474942 ]

rule37: 548.579 < cast_total_facebook_likes < 10561.058
probabilities_array:[0.         0.24422406 0.7557759 ]

rule51: budget > 128485384.742
probabilities_array:[0.         0.23865265 0.76134735]

rule27: actor_1_facebook_likes > 13905.669
probabilities_array:[0.         0.23345506 0.76654494]

rule21: -1206.265 < director_facebook_likes < 725.112
probabilities_array:[0.         0.23291291 0.7670871 ]

rule47: duration > 124.567
probabilities_array:[0.00276918 0.2191242  0.77810663]

rule18: 315.084 < num_user_for_reviews < 590.345
probabilities_array:[0.        0.2080371 0.7919629]

