R2: -0.5016781654525309

MAE: 50403284.0793882

MSE: 7604434590383889.0

Accuracy: 0.7450837581937363

F1: 0.7450349326813697

Confusion Matrix: [[521, 148], [202, 502]]

Uncertainties: {'class0': [0.4800191819667816, 0.5114842653274536, 0.5997968912124634, 0.6333497166633606, 0.663127064704895], 'class1': [0.5011675953865051, 0.5315824747085571, 0.5655185580253601, 0.5991477966308594, 0.6225049495697021]}

Most important rules
-----------------------------

---0---
rule9: -1239.638 < num_voted_users < 96060.313
probabilities_array:[0.51998085 0.         0.48001918]

rule16: num_user_for_reviews < 42.370
probabilities_array:[0.48851573 0.         0.51148427]

rule3: imdb_score > 7.213
probabilities_array:[0.40020308 0.         0.5997969 ]

rule6: 2003.184 < title_year < 2009.903
probabilities_array:[0.36665025 0.         0.6333497 ]

rule49: -121743155.951 < budget < 42496767.062
probabilities_array:[0.33687294 0.         0.66312706]

rule22: 748.803 < director_facebook_likes < 2762.429
probabilities_array:[0.30949754 0.         0.69050246]

rule12: num_critic_for_reviews < 75.615
probabilities_array:[3.0920273e-01 1.9469413e-05 6.9077778e-01]

rule7: title_year > 2009.903
probabilities_array:[0.3060861  0.         0.69391394]

rule51: budget > 206736690.076
probabilities_array:[0.20676267 0.         0.7932373 ]


---1---
rule11: num_voted_users > 193360.264
probabilities_array:[0.         0.49883243 0.5011676 ]

rule4: title_year < 1996.466
probabilities_array:[0.         0.46841756 0.5315825 ]

rule50: 42496767.062 < budget < 206736690.076
probabilities_array:[0.         0.4344814  0.56551856]

rule0: imdb_score < 5.756
probabilities_array:[0.        0.4008522 0.5991478]

rule1: 5.756 < imdb_score < 6.484
probabilities_array:[0.         0.37749505 0.62250495]

rule10: 96060.313 < num_voted_users < 193360.264
probabilities_array:[0.       0.366946 0.633054]

rule14: 158.096 < num_critic_for_reviews < 240.577
probabilities_array:[0.        0.3544956 0.6455044]

rule18: 310.149 < num_user_for_reviews < 577.928
probabilities_array:[0.        0.3359118 0.6640882]

rule43: movie_facebook_likes > 22335.014
probabilities_array:[0.        0.3357075 0.6642925]

rule30: 1892.610 < actor_2_facebook_likes < 4999.823
probabilities_array:[0.         0.32393909 0.6760609 ]

rule19: num_user_for_reviews > 577.928
probabilities_array:[0.         0.32161054 0.67838943]

rule15: num_critic_for_reviews > 240.577
probabilities_array:[0.00261793 0.3119137  0.6854684 ]

rule23: director_facebook_likes > 2762.429
probabilities_array:[0.       0.284406 0.715594]

rule34: 730.591 < actor_3_facebook_likes < 1981.886
probabilities_array:[0.         0.27371863 0.7262814 ]

rule47: duration > 125.480
probabilities_array:[1.3789540e-05 2.6301551e-01 7.3697066e-01]

rule46: 109.704 < duration < 125.480
probabilities_array:[0.         0.23559524 0.7644048 ]

rule31: actor_2_facebook_likes > 4999.823
probabilities_array:[0.01368238 0.22528853 0.7610292 ]

rule13: 75.615 < num_critic_for_reviews < 158.096
probabilities_array:[0.         0.22375925 0.77624077]

rule35: actor_3_facebook_likes > 1981.886
probabilities_array:[0.         0.20990719 0.7900928 ]

rule42: 8452.089 < movie_facebook_likes < 22335.014
probabilities_array:[0.04855329 0.18108012 0.7703666 ]

