R2: -0.5282288925874501

MAE: 45954122.53313911

MSE: 6109597094282563.0

Accuracy: 0.7669337217771304

F1: 0.7663088110769283

Confusion Matrix: [[562, 125], [195, 491]]

Uncertainties: {'class0': [0.5192278027534485, 0.6341165900230408, 0.6428839564323425, 0.6684710383415222, 0.6702782511711121], 'class1': [0.44016268849372864, 0.5415464639663696, 0.5580059885978699, 0.5656980276107788, 0.5839104056358337]}

Most important rules
-----------------------------

---0---
rule16: num_user_for_reviews < 32.241
probabilities_array:[0.48077223 0.         0.5192278 ]

rule36: cast_total_facebook_likes < 536.803
probabilities_array:[0.3658834 0.        0.6341166]

rule3: imdb_score > 7.213
probabilities_array:[0.35711607 0.         0.64288396]

rule9: -3117.640 < num_voted_users < 99322.184
probabilities_array:[0.33152896 0.         0.66847104]

rule51: budget > 212810565.066
probabilities_array:[0.32972178 0.         0.67027825]

rule22: 771.226 < director_facebook_likes < 2778.612
probabilities_array:[0.32868648 0.         0.6713135 ]

rule49: -122609708.455 < budget < 45100428.305
probabilities_array:[0.31686336 0.         0.68313664]

rule6: 2003.334 < title_year < 2009.967
probabilities_array:[0.273094 0.       0.726906]

rule12: num_critic_for_reviews < 76.743
probabilities_array:[0.26191217 0.         0.73808783]

rule41: -4909.095 < movie_facebook_likes < 8952.191
probabilities_array:[0.25304976 0.         0.7469502 ]

rule17: 32.241 < num_user_for_reviews < 318.547
probabilities_array:[0.19536933 0.04644882 0.7581818 ]


---1---
rule4: title_year < 1996.700
probabilities_array:[0.         0.55983734 0.4401627 ]

rule10: 99322.184 < num_voted_users < 201762.008
probabilities_array:[0.         0.45845357 0.54154646]

rule50: 45100428.305 < budget < 212810565.066
probabilities_array:[0.       0.441994 0.558006]

rule11: num_voted_users > 201762.008
probabilities_array:[0.       0.434302 0.565698]

rule19: num_user_for_reviews > 604.853
probabilities_array:[0.         0.41608956 0.5839104 ]

rule14: 160.605 < num_critic_for_reviews < 244.466
probabilities_array:[0.         0.32477194 0.67522806]

rule37: 536.803 < cast_total_facebook_likes < 10674.592
probabilities_array:[0.         0.30943334 0.69056666]

rule1: 5.735 < imdb_score < 6.474
probabilities_array:[0.         0.2925227  0.70747733]

rule13: 76.743 < num_critic_for_reviews < 160.605
probabilities_array:[0.         0.28369442 0.7163056 ]

rule30: 1874.554 < actor_2_facebook_likes < 4478.608
probabilities_array:[0.         0.28123203 0.718768  ]

rule47: duration > 125.120
probabilities_array:[0.00384966 0.27268344 0.72346693]

rule43: movie_facebook_likes > 22813.476
probabilities_array:[0.         0.26824033 0.73175967]

rule27: actor_1_facebook_likes > 14817.022
probabilities_array:[0.         0.26271912 0.7372809 ]

rule15: num_critic_for_reviews > 244.466
probabilities_array:[0.00418668 0.23891233 0.75690097]

rule18: 318.547 < num_user_for_reviews < 604.853
probabilities_array:[0.        0.2366177 0.7633823]

rule35: actor_3_facebook_likes > 1931.204
probabilities_array:[0.01836754 0.22110908 0.7605234 ]

rule46: 109.534 < duration < 125.120
probabilities_array:[0.00495023 0.21937132 0.77567846]

rule38: 10674.592 < cast_total_facebook_likes < 20812.381
probabilities_array:[0.         0.21705699 0.782943  ]

rule0: imdb_score < 5.735
probabilities_array:[0.         0.20619455 0.7938055 ]

