R2: -0.532474040382054

MAE: 46901325.16678806

MSE: 6330856715905977.0

Accuracy: 0.7494537509104151

F1: 0.7486215250722769

Confusion Matrix: [[554, 134], [210, 475]]

Uncertainties: {'class0': [0.5369271636009216, 0.5605735182762146, 0.5708197355270386, 0.6197975277900696, 0.6533975601196289], 'class1': [0.47783321142196655, 0.5567808151245117, 0.5633958578109741, 0.5731837153434753, 0.5852257013320923]}

Most important rules
-----------------------------

---0---
rule49: -39476858.372 < budget < 43648792.658
probabilities_array:[0.4630728  0.         0.53692716]

rule6: 2003.192 < title_year < 2010.118
probabilities_array:[0.43942648 0.         0.5605735 ]

rule16: num_user_for_reviews < 41.678
probabilities_array:[0.42918026 0.         0.57081974]

rule9: -5030.350 < num_voted_users < 98903.631
probabilities_array:[0.38020247 0.         0.6197975 ]

rule12: num_critic_for_reviews < 76.074
probabilities_array:[0.34660244 0.         0.65339756]

rule3: imdb_score > 7.206
probabilities_array:[0.30953985 0.         0.69046015]

rule7: title_year > 2010.118
probabilities_array:[0.30690697 0.         0.69309306]

rule41: -5718.227 < movie_facebook_likes < 8745.629
probabilities_array:[0.23261471 0.00148766 0.76589763]


---1---
rule4: title_year < 1996.266
probabilities_array:[0.        0.5221668 0.4778332]

rule51: budget > 126774443.687
probabilities_array:[0.        0.4432192 0.5567808]

rule11: num_voted_users > 202837.611
probabilities_array:[0.         0.43660414 0.56339586]

rule19: num_user_for_reviews > 581.981
probabilities_array:[0.        0.4268163 0.5731837]

rule0: imdb_score < 5.711
probabilities_array:[0.         0.41477427 0.5852257 ]

rule10: 98903.631 < num_voted_users < 202837.611
probabilities_array:[0.         0.41215485 0.58784515]

rule30: 1877.925 < actor_2_facebook_likes < 4955.988
probabilities_array:[0.         0.41067305 0.589327  ]

rule1: 5.711 < imdb_score < 6.458
probabilities_array:[0.         0.40118796 0.59881204]

rule50: 43648792.658 < budget < 126774443.687
probabilities_array:[0.         0.32351047 0.67648953]

rule15: num_critic_for_reviews > 241.979
probabilities_array:[0.        0.3162589 0.6837411]

rule14: 159.027 < num_critic_for_reviews < 241.979
probabilities_array:[0.         0.30759156 0.69240844]

rule18: 311.830 < num_user_for_reviews < 581.981
probabilities_array:[0.         0.30251285 0.6974872 ]

rule43: movie_facebook_likes > 23209.485
probabilities_array:[0.        0.3018318 0.6981682]

rule34: 719.372 < actor_3_facebook_likes < 1931.469
probabilities_array:[0.         0.29628143 0.70371854]

rule13: 76.074 < num_critic_for_reviews < 159.027
probabilities_array:[0.        0.2814849 0.7185151]

rule47: duration > 124.442
probabilities_array:[0.01077947 0.2598598  0.72936076]

rule35: actor_3_facebook_likes > 1931.469
probabilities_array:[0.         0.23067439 0.7693256 ]

rule46: 109.203 < duration < 124.442
probabilities_array:[0.         0.20540388 0.79459614]

rule27: actor_1_facebook_likes > 15409.915
probabilities_array:[0.         0.20169263 0.79830736]

