R2: -0.5166042545789602

MAE: 48333360.716678806

MSE: 6858128632899242.0

Accuracy: 0.7764020393299345

F1: 0.7760023169736923

Confusion Matrix: [[562, 129], [178, 504]]

Uncertainties: {'class0': [0.5067775845527649, 0.5393674969673157, 0.592351496219635, 0.6200041174888611, 0.6608411073684692], 'class1': [0.45012667775154114, 0.5121691823005676, 0.6334901452064514, 0.6420628428459167, 0.6429119110107422]}

Most important rules
-----------------------------

---0---
rule9: -3694.420 < num_voted_users < 95784.974
probabilities_array:[0.49322242 0.         0.5067776 ]

rule51: budget > 228334620.869
probabilities_array:[0.4606325 0.        0.5393675]

rule16: num_user_for_reviews < 37.627
probabilities_array:[0.40764847 0.         0.5923515 ]

rule3: imdb_score > 7.200
probabilities_array:[0.37999588 0.         0.6200041 ]

rule49: -134147743.803 < budget < 47093438.533
probabilities_array:[0.3391589 0.        0.6608411]

rule12: num_critic_for_reviews < 74.960
probabilities_array:[0.31405562 0.         0.6859444 ]

rule6: 2003.245 < title_year < 2009.973
probabilities_array:[0.2715688 0.        0.7284312]

rule45: 93.959 < duration < 109.468
probabilities_array:[2.4531576e-01 2.3938244e-04 7.5444484e-01]


---1---
rule4: title_year < 1996.516
probabilities_array:[0.         0.54987335 0.45012668]

rule50: 47093438.533 < budget < 228334620.869
probabilities_array:[0.        0.4878308 0.5121692]

rule1: 5.701 < imdb_score < 6.450
probabilities_array:[0.         0.36650982 0.63349015]

rule0: imdb_score < 5.701
probabilities_array:[0.         0.35793716 0.64206284]

rule30: 1895.945 < actor_2_facebook_likes < 5014.015
probabilities_array:[0.        0.3570881 0.6429119]

rule14: 158.425 < num_critic_for_reviews < 241.890
probabilities_array:[0.       0.346493 0.653507]

rule19: num_user_for_reviews > 585.418
probabilities_array:[0.        0.3299921 0.6700079]

rule10: 95784.974 < num_voted_users < 195264.368
probabilities_array:[0.         0.32861084 0.67138916]

rule15: num_critic_for_reviews > 241.890
probabilities_array:[0.         0.31394574 0.6860542 ]

rule23: director_facebook_likes > 2648.528
probabilities_array:[0.         0.31023452 0.68976545]

rule18: 311.523 < num_user_for_reviews < 585.418
probabilities_array:[0.         0.29844135 0.70155865]

rule11: num_voted_users > 195264.368
probabilities_array:[0.        0.2954639 0.7045361]

rule13: 74.960 < num_critic_for_reviews < 158.425
probabilities_array:[0.         0.27944362 0.7205564 ]

rule47: duration > 124.977
probabilities_array:[0.         0.26386908 0.73613095]

rule21: -1243.214 < director_facebook_likes < 702.657
probabilities_array:[0.         0.23461795 0.76538205]

rule31: actor_2_facebook_likes > 5014.015
probabilities_array:[0.00095913 0.21722583 0.781815  ]

