R2: -0.5146428203952631

MAE: 48623888.51493081

MSE: 6958263174369047.0

Accuracy: 0.763292061179898

F1: 0.7624027394036335

Confusion Matrix: [[566, 125], [200, 482]]

Uncertainties: {'class0': [0.46484971046447754, 0.5597289800643921, 0.5799218416213989, 0.595469057559967, 0.6569325923919678], 'class1': [0.5535915493965149, 0.5565271377563477, 0.5620799660682678, 0.5856252312660217, 0.6172770857810974]}

Most important rules
-----------------------------

---0---
rule51: budget > 225280781.445
probabilities_array:[0.5351503 0.        0.4648497]

rule6: 2003.277 < title_year < 2009.928
probabilities_array:[0.44027105 0.         0.559729  ]

rule9: -2000.169 < num_voted_users < 96886.341
probabilities_array:[0.42007816 0.         0.57992184]

rule49: -131198722.294 < budget < 47041029.576
probabilities_array:[0.40453097 0.         0.59546906]

rule16: num_user_for_reviews < 48.037
probabilities_array:[0.3430674 0.        0.6569326]

rule12: num_critic_for_reviews < 75.678
probabilities_array:[0.3357746 0.        0.6642254]

rule7: title_year > 2009.928
probabilities_array:[0.30202678 0.         0.6979732 ]

rule3: imdb_score > 7.199
probabilities_array:[0.27022332 0.         0.7297767 ]

rule45: 94.054 < duration < 109.169
probabilities_array:[0.21801399 0.         0.781986  ]

rule5: 1996.626 < title_year < 2003.277
probabilities_array:[0.20412198 0.         0.79587805]


---1---
rule4: title_year < 1996.626
probabilities_array:[0.         0.44640845 0.55359155]

rule50: 47041029.576 < budget < 225280781.445
probabilities_array:[0.         0.44347286 0.55652714]

rule11: num_voted_users > 195772.851
probabilities_array:[0.         0.43792006 0.56207997]

rule10: 96886.341 < num_voted_users < 195772.851
probabilities_array:[0.         0.41437477 0.58562523]

rule1: 5.693 < imdb_score < 6.446
probabilities_array:[0.         0.38272294 0.6172771 ]

rule19: num_user_for_reviews > 570.047
probabilities_array:[0.         0.35070768 0.6492923 ]

rule18: 309.042 < num_user_for_reviews < 570.047
probabilities_array:[0.        0.3330621 0.6669379]

rule14: 159.441 < num_critic_for_reviews < 243.205
probabilities_array:[0.         0.30413672 0.69586325]

rule15: num_critic_for_reviews > 243.205
probabilities_array:[0.         0.29045004 0.70954996]

rule0: imdb_score < 5.693
probabilities_array:[0.        0.2693036 0.7306964]

rule35: actor_3_facebook_likes > 1973.231
probabilities_array:[0.         0.26872286 0.7312771 ]

rule23: director_facebook_likes > 2843.775
probabilities_array:[0.00703752 0.25941932 0.73354316]

rule26: 7176.634 < actor_1_facebook_likes < 17868.640
probabilities_array:[0.         0.26056257 0.73943746]

rule30: 1838.440 < actor_2_facebook_likes < 4408.160
probabilities_array:[0.         0.23944871 0.7605513 ]

rule43: movie_facebook_likes > 23592.723
probabilities_array:[1.1723864e-04 2.3823194e-01 7.6165080e-01]

rule13: 75.678 < num_critic_for_reviews < 159.441
probabilities_array:[0.         0.22957382 0.77042615]

rule47: duration > 124.284
probabilities_array:[1.5400474e-05 2.2938506e-01 7.7059954e-01]

rule21: -1274.135 < director_facebook_likes < 784.820
probabilities_array:[0.         0.22922724 0.77077276]

