R2: -0.4713188153324841

MAE: 50404379.23962127

MSE: 7930959706055939.0

Accuracy: 0.7676620538965768

F1: 0.7673021066159889

Confusion Matrix: [[554, 118], [201, 500]]

Uncertainties: {'class0': [0.43627074360847473, 0.5332317352294922, 0.5621396899223328, 0.5644921660423279, 0.6075373291969299], 'class1': [0.5697821974754333, 0.5873426198959351, 0.6036930680274963, 0.6353540420532227, 0.6624093055725098]}

Most important rules
-----------------------------

---0---
rule16: num_user_for_reviews < 39.180
probabilities_array:[0.5637292  0.         0.43627074]

rule9: -1901.648 < num_voted_users < 94706.913
probabilities_array:[0.46676826 0.         0.53323174]

rule51: budget > 228496335.052
probabilities_array:[0.43786034 0.         0.5621397 ]

rule3: imdb_score > 7.212
probabilities_array:[0.43550783 0.         0.56449217]

rule6: 2003.148 < title_year < 2009.856
probabilities_array:[0.39246267 0.         0.6075373 ]

rule36: cast_total_facebook_likes < 244.776
probabilities_array:[0.37285826 0.         0.6271417 ]

rule49: -133737692.032 < budget < 47379321.510
probabilities_array:[0.3674253  0.         0.63257474]

rule12: num_critic_for_reviews < 75.555
probabilities_array:[0.31385145 0.         0.6861485 ]

rule7: title_year > 2009.856
probabilities_array:[0.24810694 0.         0.75189304]

rule41: -5483.179 < movie_facebook_likes < 8466.226
probabilities_array:[2.1805221e-01 3.4671440e-04 7.8160107e-01]

rule5: 1996.440 < title_year < 2003.148
probabilities_array:[0.21228038 0.         0.7877196 ]


---1---
rule4: title_year < 1996.440
probabilities_array:[0.        0.4302178 0.5697822]

rule19: num_user_for_reviews > 573.636
probabilities_array:[0.         0.41265738 0.5873426 ]

rule10: 94706.913 < num_voted_users < 191315.475
probabilities_array:[0.         0.39630693 0.60369307]

rule0: imdb_score < 5.763
probabilities_array:[0.         0.364646   0.63535404]

rule50: 47379321.510 < budget < 228496335.052
probabilities_array:[0.        0.3375907 0.6624093]

rule38: 10279.455 < cast_total_facebook_likes < 20314.134
probabilities_array:[0.         0.33329606 0.66670394]

rule1: 5.763 < imdb_score < 6.488
probabilities_array:[0.         0.33198023 0.6680198 ]

rule15: num_critic_for_reviews > 239.325
probabilities_array:[0.         0.32872748 0.6712725 ]

rule11: num_voted_users > 191315.475
probabilities_array:[0.         0.32324415 0.67675585]

rule37: 244.776 < cast_total_facebook_likes < 10279.455
probabilities_array:[0.        0.3190465 0.6809535]

rule14: 157.440 < num_critic_for_reviews < 239.325
probabilities_array:[0.         0.31580693 0.6841931 ]

rule47: duration > 124.679
probabilities_array:[0.        0.2972002 0.7027998]

rule13: 75.555 < num_critic_for_reviews < 157.440
probabilities_array:[0.        0.2888973 0.7111027]

rule21: -1219.283 < director_facebook_likes < 696.103
probabilities_array:[0.         0.26035082 0.7396492 ]

rule30: 1863.133 < actor_2_facebook_likes < 4950.608
probabilities_array:[0.         0.24634689 0.7536531 ]

rule31: actor_2_facebook_likes > 4950.608
probabilities_array:[0.03443511 0.22233053 0.7432344 ]

rule35: actor_3_facebook_likes > 1895.381
probabilities_array:[0.         0.23448846 0.7655116 ]

rule23: director_facebook_likes > 2611.489
probabilities_array:[0.00259096 0.22956352 0.7678455 ]

rule46: 109.502 < duration < 124.679
probabilities_array:[0.00606308 0.22735465 0.76658225]

rule18: 306.408 < num_user_for_reviews < 573.636
probabilities_array:[0.         0.21439539 0.7856046 ]

rule43: movie_facebook_likes > 22415.631
probabilities_array:[0.         0.20740145 0.79259855]

rule22: 696.103 < director_facebook_likes < 2611.489
probabilities_array:[0.       0.207349 0.792651]

