R2: 0.254861663110847


MAE: 31895834.281534493


Accuracy: 0.7503158499234304


F1: 0.7509104151493081


Most important rules
-----------------------------

---0---
rule3: imdb_score > 7.225
probabilities_array:[0.4351991 0.        0.5648009]

rule9: -2159.349 < num_voted_users < 99427.831
probabilities_array:[0.41442466 0.         0.58557534]

rule16: num_user_for_reviews < 33.537
probabilities_array:[0.38748118 0.         0.61251885]

rule49: -125046107.549 < budget < 45737718.827
probabilities_array:[0.30845818 0.         0.69154185]

rule22: 714.231 < director_facebook_likes < 2665.822
probabilities_array:[0.2816867 0.        0.7183133]

rule51: budget > 216521545.202
probabilities_array:[0.2800782 0.        0.7199218]

rule6: 2003.330 < title_year < 2009.853
probabilities_array:[0.2693115 0.        0.7306885]

rule12: num_critic_for_reviews < 76.597
probabilities_array:[0.2285497 0.        0.7714503]


---1---
rule4: title_year < 1996.807
probabilities_array:[0.         0.5393915  0.46060848]

rule50: 45737718.827 < budget < 216521545.202
probabilities_array:[0.         0.51203    0.48796996]

rule11: num_voted_users > 201015.012
probabilities_array:[0.        0.4671048 0.5328952]

rule19: num_user_for_reviews > 610.292
probabilities_array:[0.         0.44960538 0.5503946 ]

rule10: 99427.831 < num_voted_users < 201015.012
probabilities_array:[0.         0.39335617 0.60664386]

rule14: 160.309 < num_critic_for_reviews < 244.021
probabilities_array:[0.        0.3644175 0.6355825]

rule15: num_critic_for_reviews > 244.021
probabilities_array:[0.         0.35058296 0.64941704]

rule43: movie_facebook_likes > 23214.606
probabilities_array:[0.         0.33361024 0.66638976]

rule13: 76.597 < num_critic_for_reviews < 160.309
probabilities_array:[0.         0.33171597 0.668284  ]

rule18: 321.914 < num_user_for_reviews < 610.292
probabilities_array:[0.         0.26156926 0.73843074]

rule1: 5.745 < imdb_score < 6.485
probabilities_array:[0.         0.25786555 0.74213445]

rule0: imdb_score < 5.745
probabilities_array:[0.        0.2557311 0.7442689]

rule47: duration > 124.998
probabilities_array:[0.00596274 0.25261348 0.7414238 ]

rule30: 1944.842 < actor_2_facebook_likes < 4614.294
probabilities_array:[0.         0.2512454  0.74875456]

rule46: 109.765 < duration < 124.998
probabilities_array:[0.         0.24143104 0.75856894]

rule26: 7509.983 < actor_1_facebook_likes < 18804.919
probabilities_array:[0.0241085  0.19648749 0.77940404]

rule35: actor_3_facebook_likes > 2038.100
probabilities_array:[0.         0.20325665 0.79674333]

