R2: -12.10390623294643


MAE: 41617150.720890574


Accuracy: 0.748682224421094


F1: 0.7487254187909687


Most important rules
-----------------------------

---0---
rule16: num_user_for_reviews < 44.324
probabilities_array:[0.54683 0.      0.45317]

rule9: -2297.578 < num_voted_users < 96951.808
probabilities_array:[0.5021984  0.         0.49780157]

rule49: -13346420.337 < budget < 39837255.676
probabilities_array:[0.3887207 0.        0.6112793]

rule6: 2003.334 < title_year < 2009.880
probabilities_array:[0.36689872 0.         0.6331013 ]

rule12: num_critic_for_reviews < 75.796
probabilities_array:[0.30666187 0.         0.69333816]

rule3: imdb_score > 7.209
probabilities_array:[0.29939762 0.         0.7006024 ]


---1---
rule4: title_year < 1996.788
probabilities_array:[0.        0.4807225 0.5192775]

rule51: budget > 93020931.690
probabilities_array:[0.         0.45644298 0.54355705]

rule50: 39837255.676 < budget < 93020931.690
probabilities_array:[0.         0.43482125 0.56517875]

rule11: num_voted_users > 196201.195
probabilities_array:[0.         0.40645972 0.59354025]

rule0: imdb_score < 5.728
probabilities_array:[0.         0.38961136 0.61038864]

rule19: num_user_for_reviews > 575.967
probabilities_array:[0.        0.3445638 0.6554362]

rule18: 310.146 < num_user_for_reviews < 575.967
probabilities_array:[0.      0.33602 0.66398]

rule1: 5.728 < imdb_score < 6.468
probabilities_array:[0.         0.32697907 0.6730209 ]

rule10: 96951.808 < num_voted_users < 196201.195
probabilities_array:[0.         0.30583835 0.69416165]

rule35: actor_3_facebook_likes > 1995.873
probabilities_array:[0.        0.2879036 0.7120964]

rule15: num_critic_for_reviews > 237.952
probabilities_array:[0.        0.2795127 0.7204873]

rule34: 738.675 < actor_3_facebook_likes < 1995.873
probabilities_array:[0.         0.27197385 0.72802615]

rule14: 156.874 < num_critic_for_reviews < 237.952
probabilities_array:[0.         0.27134946 0.72865057]

rule30: 1913.400 < actor_2_facebook_likes < 5060.386
probabilities_array:[0.        0.2709041 0.7290959]

rule13: 75.796 < num_critic_for_reviews < 156.874
probabilities_array:[0.         0.24419133 0.75580865]

rule47: duration > 123.875
probabilities_array:[0.         0.22700669 0.7729933 ]

rule26: 7427.272 < actor_1_facebook_likes < 18419.250
probabilities_array:[0.01980899 0.21593799 0.764253  ]

rule38: 11003.580 < cast_total_facebook_likes < 24413.160
probabilities_array:[0.00305768 0.2162964  0.7806459 ]

