R2: 0.3271646963571607


MAE: 33292093.94051406


Accuracy: 0.7626393325336644


F1: 0.763292061179898


Most important rules
-----------------------------

---0---
rule51: budget > 223765698.408
probabilities_array:[0.56067705 0.         0.43932292]

rule9: -3983.487 < num_voted_users < 96980.803
probabilities_array:[0.5283201  0.         0.47167993]

rule49: -130120236.256 < budget < 46822731.076
probabilities_array:[0.42981863 0.         0.57018137]

rule12: num_critic_for_reviews < 75.698
probabilities_array:[0.42409587 0.         0.57590413]

rule16: num_user_for_reviews < 43.155
probabilities_array:[0.32803705 0.         0.671963  ]

rule6: 2003.274 < title_year < 2009.986
probabilities_array:[0.2992024  0.         0.70079756]

rule3: imdb_score > 7.216
probabilities_array:[0.24888626 0.         0.7511138 ]

rule45: 94.291 < duration < 109.734
probabilities_array:[0.1962292  0.01574755 0.78802323]


---1---
rule4: title_year < 1996.562
probabilities_array:[0.         0.56812346 0.4318765 ]

rule0: imdb_score < 5.740
probabilities_array:[0.         0.42545143 0.5745486 ]

rule19: num_user_for_reviews > 570.030
probabilities_array:[0.        0.4041193 0.5958807]

rule10: 96980.803 < num_voted_users < 197945.094
probabilities_array:[0.         0.40349233 0.59650767]

rule18: 306.593 < num_user_for_reviews < 570.030
probabilities_array:[0.        0.3684559 0.6315441]

rule1: 5.740 < imdb_score < 6.478
probabilities_array:[0.         0.35419646 0.6458035 ]

rule30: 1852.489 < actor_2_facebook_likes < 4915.260
probabilities_array:[0.         0.32186624 0.6781338 ]

rule35: actor_3_facebook_likes > 1862.092
probabilities_array:[0.         0.31983963 0.6801604 ]

rule50: 46822731.076 < budget < 223765698.408
probabilities_array:[0.         0.30054772 0.6994523 ]

rule11: num_voted_users > 197945.094
probabilities_array:[0.         0.30006373 0.6999363 ]

rule31: actor_2_facebook_likes > 4915.260
probabilities_array:[0.         0.2567415  0.74325854]

rule15: num_critic_for_reviews > 241.371
probabilities_array:[0.         0.24860063 0.75139934]

rule43: movie_facebook_likes > 23094.001
probabilities_array:[0.         0.23601437 0.76398563]

rule42: 8731.747 < movie_facebook_likes < 23094.001
probabilities_array:[0.0011797  0.23538718 0.76343316]

rule34: 697.356 < actor_3_facebook_likes < 1862.092
probabilities_array:[0.         0.22139992 0.7786001 ]

rule14: 158.534 < num_critic_for_reviews < 241.371
probabilities_array:[0.         0.21911658 0.78088343]

rule13: 75.698 < num_critic_for_reviews < 158.534
probabilities_array:[0.         0.20672305 0.79327697]

