R2: -1.0365877021885264


MAE: 33159449.550538458


Accuracy: 0.7607612440153144


F1: 0.7618353969410051


Most important rules
-----------------------------

---0---
rule16: num_user_for_reviews < 39.600
probabilities_array:[0.4490841 0.        0.5509159]

rule51: budget > 226113568.976
probabilities_array:[0.4399708 0.        0.5600292]

rule3: imdb_score > 7.232
probabilities_array:[0.40643382 0.         0.5935662 ]

rule6: 2003.230 < title_year < 2009.962
probabilities_array:[0.36521614 0.         0.63478386]

rule9: -3451.308 < num_voted_users < 99965.913
probabilities_array:[0.35050598 0.         0.64949405]

rule49: -131016421.366 < budget < 47548573.805
probabilities_array:[0.3319824  0.         0.66801757]

rule12: num_critic_for_reviews < 77.371
probabilities_array:[0.2613957 0.        0.7386043]

rule2: 6.495 < imdb_score < 7.232
probabilities_array:[0.22693317 0.         0.7730668 ]

rule7: title_year > 2009.962
probabilities_array:[0.22166155 0.         0.77833843]


---1---
rule50: 47548573.805 < budget < 226113568.976
probabilities_array:[0.         0.5317322  0.46826777]

rule19: num_user_for_reviews > 595.961
probabilities_array:[0.         0.508383   0.49161702]

rule4: title_year < 1996.499
probabilities_array:[0.        0.4844798 0.5155202]

rule10: 99965.913 < num_voted_users < 203383.133
probabilities_array:[0.        0.4510204 0.5489796]

rule11: num_voted_users > 203383.133
probabilities_array:[0.         0.43739328 0.56260675]

rule18: 317.781 < num_user_for_reviews < 595.961
probabilities_array:[0.         0.33650172 0.6634983 ]

rule30: 1942.779 < actor_2_facebook_likes < 5088.725
probabilities_array:[0.         0.27739802 0.722602  ]

rule14: 159.557 < num_critic_for_reviews < 241.743
probabilities_array:[0.00076502 0.26036298 0.738872  ]

rule15: num_critic_for_reviews > 241.743
probabilities_array:[5.6144518e-07 2.5426015e-01 7.4573922e-01]

rule1: 5.759 < imdb_score < 6.495
probabilities_array:[0.         0.24093294 0.75906706]

rule38: 11003.214 < cast_total_facebook_likes < 22094.453
probabilities_array:[0.03431196 0.20490994 0.7607781 ]

rule13: 77.371 < num_critic_for_reviews < 159.557
probabilities_array:[0.         0.21948951 0.7805105 ]

rule43: movie_facebook_likes > 23136.826
probabilities_array:[0.         0.21391264 0.78608733]

rule46: 109.825 < duration < 125.107
probabilities_array:[0.         0.21364272 0.7863573 ]

rule34: 745.708 < actor_3_facebook_likes < 2014.383
probabilities_array:[0.         0.20998727 0.7900127 ]

rule0: imdb_score < 5.759
probabilities_array:[0.         0.20872067 0.7912793 ]

rule47: duration > 125.107
probabilities_array:[0.03664489 0.18864    0.77471507]

