R2: 0.32636567105098635


MAE: 33040156.795145735


Accuracy: 0.747648906151728


F1: 0.7479970866715222


Most important rules
-----------------------------

---0---
rule51: budget > 226462518.137
probabilities_array:[0.6737459 0.        0.3262541]

rule3: imdb_score > 7.203
probabilities_array:[0.47424996 0.         0.52575004]

rule16: num_user_for_reviews < 42.737
probabilities_array:[0.43676418 0.         0.5632358 ]

rule6: 2003.313 < title_year < 2009.864
probabilities_array:[0.37514463 0.         0.6248554 ]

rule9: -83.540 < num_voted_users < 95264.695
probabilities_array:[0.3715984  0.         0.62840164]

rule12: num_critic_for_reviews < 77.251
probabilities_array:[0.34425664 0.         0.65574336]

rule49: -132078063.467 < budget < 47192227.335
probabilities_array:[0.28809303 0.         0.71190697]

rule22: 738.159 < director_facebook_likes < 2703.858
probabilities_array:[2.517216e-01 6.350214e-04 7.476434e-01]

rule7: title_year > 2009.864
probabilities_array:[0.21639346 0.         0.7836065 ]


---1---
rule4: title_year < 1996.762
probabilities_array:[0.        0.5206491 0.4793509]

rule11: num_voted_users > 190612.930
probabilities_array:[0.         0.4859272  0.51407284]

rule19: num_user_for_reviews > 573.749
probabilities_array:[0.        0.4804239 0.5195761]

rule10: 95264.695 < num_voted_users < 190612.930
probabilities_array:[0.         0.46314037 0.53685963]

rule50: 47192227.335 < budget < 226462518.137
probabilities_array:[0.         0.46092215 0.5390779 ]

rule30: 1882.712 < actor_2_facebook_likes < 4981.065
probabilities_array:[0.         0.40481398 0.595186  ]

rule18: 308.243 < num_user_for_reviews < 573.749
probabilities_array:[0.         0.38204423 0.6179558 ]

rule47: duration > 125.143
probabilities_array:[0.00479189 0.32949162 0.6657165 ]

rule14: 159.948 < num_critic_for_reviews < 242.645
probabilities_array:[0.         0.31603032 0.6839697 ]

rule15: num_critic_for_reviews > 242.645
probabilities_array:[0.         0.31381837 0.68618166]

rule0: imdb_score < 5.727
probabilities_array:[0.         0.287703   0.71229696]

rule1: 5.727 < imdb_score < 6.465
probabilities_array:[0.       0.280327 0.719673]

rule23: director_facebook_likes > 2703.858
probabilities_array:[0.00123499 0.27741584 0.7213492 ]

rule35: actor_3_facebook_likes > 1896.484
probabilities_array:[0.         0.26705125 0.7329487 ]

rule31: actor_2_facebook_likes > 4981.065
probabilities_array:[0.00825788 0.26057735 0.7311648 ]

rule43: movie_facebook_likes > 22966.138
probabilities_array:[0.         0.23869818 0.7613018 ]

rule34: 708.430 < actor_3_facebook_likes < 1896.484
probabilities_array:[0.0354696  0.21003766 0.7544928 ]

rule13: 77.251 < num_critic_for_reviews < 159.948
probabilities_array:[0.         0.22332376 0.77667624]

