R2: 0.12828923185494645


MAE: 32812133.06862942


Accuracy: 0.7671302578018996


F1: 0.7683903860160233


Most important rules
-----------------------------

---0---
rule9: 1092.928 < num_voted_users < 96959.874
probabilities_array:[0.47380093 0.         0.52619904]

rule16: num_user_for_reviews < 54.044
probabilities_array:[0.45350146 0.         0.54649854]

rule49: -133185996.867 < budget < 47336691.362
probabilities_array:[0.45183367 0.         0.54816633]

rule6: 2003.351 < title_year < 2010.093
probabilities_array:[0.40647307 0.         0.59352696]

rule8: num_voted_users < 1092.928
probabilities_array:[0.37741238 0.         0.6225876 ]

rule3: imdb_score > 7.191
probabilities_array:[0.34961355 0.         0.65038645]

rule12: num_critic_for_reviews < 76.826
probabilities_array:[0.34007236 0.         0.6599276 ]

rule51: budget > 227859379.590
probabilities_array:[0.26283336 0.         0.73716664]

rule7: title_year > 2010.093
probabilities_array:[0.22036795 0.         0.77963203]


---1---
rule4: title_year < 1996.610
probabilities_array:[0.         0.45308855 0.5469115 ]

rule10: 96959.874 < num_voted_users < 192826.819
probabilities_array:[0.         0.40540096 0.59459907]

rule50: 47336691.362 < budget < 227859379.590
probabilities_array:[0.         0.39607614 0.60392386]

rule0: imdb_score < 5.714
probabilities_array:[0.         0.38612905 0.6138709 ]

rule11: num_voted_users > 192826.819
probabilities_array:[0.         0.34681603 0.65318394]

rule1: 5.714 < imdb_score < 6.453
probabilities_array:[0.        0.3275357 0.6724643]

rule19: num_user_for_reviews > 563.629
probabilities_array:[0.         0.32593036 0.67406964]

rule15: num_critic_for_reviews > 244.936
probabilities_array:[0.        0.3068987 0.6931013]

rule14: 160.881 < num_critic_for_reviews < 244.936
probabilities_array:[0.00078873 0.3034501  0.6957611 ]

rule47: duration > 124.600
probabilities_array:[0.00101065 0.30165088 0.69733846]

rule35: actor_3_facebook_likes > 1903.353
probabilities_array:[0.        0.2722828 0.7277172]

rule23: director_facebook_likes > 2938.894
probabilities_array:[0.         0.24840398 0.75159603]

rule31: actor_2_facebook_likes > 4897.057
probabilities_array:[0.02941229 0.22834206 0.7422457 ]

rule18: 308.837 < num_user_for_reviews < 563.629
probabilities_array:[0.         0.23674783 0.76325214]

rule42: 8973.382 < movie_facebook_likes < 22998.812
probabilities_array:[0.03745474 0.20746359 0.75508165]

rule43: movie_facebook_likes > 22998.812
probabilities_array:[0.00398374 0.21576267 0.78025365]

rule27: actor_1_facebook_likes > 18494.605
probabilities_array:[0.03856784 0.19902419 0.76240796]

rule30: 1858.706 < actor_2_facebook_likes < 4897.057
probabilities_array:[0.         0.21493459 0.7850654 ]

