R2: 0.2421222965448211


MAE: 33284050.343942307


Accuracy: 0.7548579080493973


F1: 0.7552804078659869


Most important rules
-----------------------------

---0---
rule16: num_user_for_reviews < 44.432
probabilities_array:[0.41382873 0.         0.58617127]

rule3: imdb_score > 7.222
probabilities_array:[0.40283585 0.         0.59716415]

rule49: -126809314.258 < budget < 46757710.868
probabilities_array:[0.37272426 0.         0.6272757 ]

rule9: -893.328 < num_voted_users < 96137.213
probabilities_array:[0.33784974 0.         0.66215026]

rule6: 2003.412 < title_year < 2010.179
probabilities_array:[0.29043156 0.         0.70956844]

rule51: budget > 220324735.994
probabilities_array:[0.28604335 0.         0.71395665]

rule22: 734.738 < director_facebook_likes < 2685.289
probabilities_array:[0.269083  0.0209811 0.7099359]

rule12: num_critic_for_reviews < 78.146
probabilities_array:[0.2393418 0.        0.7606582]


---1---
rule4: title_year < 1996.645
probabilities_array:[0.         0.5882577  0.41174233]

rule19: num_user_for_reviews > 578.107
probabilities_array:[0.         0.45090184 0.54909813]

rule10: 96137.213 < num_voted_users < 193167.754
probabilities_array:[0.        0.4432106 0.5567894]

rule50: 46757710.868 < budget < 220324735.994
probabilities_array:[0.        0.4336408 0.5663592]

rule14: 160.289 < num_critic_for_reviews < 242.432
probabilities_array:[0.         0.39014116 0.6098589 ]

rule11: num_voted_users > 193167.754
probabilities_array:[0.         0.37566152 0.6243385 ]

rule15: num_critic_for_reviews > 242.432
probabilities_array:[0.         0.36292538 0.63707465]

rule13: 78.146 < num_critic_for_reviews < 160.289
probabilities_array:[0.         0.33621308 0.6637869 ]

rule18: 311.269 < num_user_for_reviews < 578.107
probabilities_array:[0.         0.32440144 0.67559856]

rule0: imdb_score < 5.769
probabilities_array:[0.         0.3150119  0.68498814]

rule1: 5.769 < imdb_score < 6.495
probabilities_array:[0.         0.30090174 0.6990982 ]

rule34: 719.425 < actor_3_facebook_likes < 1929.693
probabilities_array:[0.00308757 0.2948072  0.7021052 ]

rule43: movie_facebook_likes > 22104.163
probabilities_array:[0.         0.27428448 0.7257155 ]

rule35: actor_3_facebook_likes > 1929.693
probabilities_array:[0.         0.24194887 0.7580511 ]

rule26: 7359.841 < actor_1_facebook_likes < 18729.001
probabilities_array:[0.01498233 0.22279558 0.7622222 ]

rule47: duration > 125.132
probabilities_array:[0.03342527 0.20451185 0.76206285]

rule46: 109.750 < duration < 125.132
probabilities_array:[0.         0.20574449 0.7942555 ]

