R2: -17.94668366214769


MAE: 39310459.88849618


Accuracy: 0.7507379293552783


F1: 0.752367079388201


Most important rules
-----------------------------

---0---
rule49: -40742401.622 < budget < 44228338.258
probabilities_array:[0.4664114 0.        0.5335886]

rule9: -1241.470 < num_voted_users < 99504.052
probabilities_array:[0.45863158 0.         0.5413684 ]

rule16: num_user_for_reviews < 45.988
probabilities_array:[0.4573769 0.        0.5426231]

rule36: cast_total_facebook_likes < 632.220
probabilities_array:[0.4298213 0.        0.5701787]

rule3: imdb_score > 7.224
probabilities_array:[0.31915537 0.         0.68084466]

rule6: 2003.400 < title_year < 2010.055
probabilities_array:[0.2913237  0.         0.70867634]

rule41: -5624.335 < movie_facebook_likes < 9145.595
probabilities_array:[0.2755865 0.        0.7244135]

rule12: num_critic_for_reviews < 77.895
probabilities_array:[0.24391875 0.         0.7560813 ]


---1---
rule19: num_user_for_reviews > 589.064
probabilities_array:[0.         0.46738532 0.53261465]

rule4: title_year < 1996.746
probabilities_array:[0.        0.4478519 0.5521481]

rule23: director_facebook_likes > 2697.936
probabilities_array:[0.         0.3836421  0.61635786]

rule51: budget > 129199078.137
probabilities_array:[0.        0.3753056 0.6246944]

rule10: 99504.052 < num_voted_users < 200249.574
probabilities_array:[0.         0.35485563 0.64514434]

rule50: 44228338.258 < budget < 129199078.137
probabilities_array:[0.         0.35102656 0.6489734 ]

rule1: 5.737 < imdb_score < 6.480
probabilities_array:[0.        0.3459615 0.6540385]

rule30: 1924.899 < actor_2_facebook_likes < 4592.926
probabilities_array:[0.         0.33291265 0.6670873 ]

rule11: num_voted_users > 200249.574
probabilities_array:[0.        0.2955954 0.7044046]

rule35: actor_3_facebook_likes > 2005.217
probabilities_array:[0.         0.29075894 0.7092411 ]

rule0: imdb_score < 5.737
probabilities_array:[0.        0.2867878 0.7132122]

rule18: 317.526 < num_user_for_reviews < 589.064
probabilities_array:[0.         0.27973512 0.72026485]

rule47: duration > 125.498
probabilities_array:[0.00302532 0.2774845  0.7194902 ]

rule37: 632.220 < cast_total_facebook_likes < 10849.586
probabilities_array:[0.         0.27510288 0.72489715]

rule27: actor_1_facebook_likes > 14900.137
probabilities_array:[0.         0.26694795 0.733052  ]

rule38: 10849.586 < cast_total_facebook_likes < 21066.952
probabilities_array:[0.         0.26335126 0.73664874]

rule14: 161.628 < num_critic_for_reviews < 245.360
probabilities_array:[1.9090287e-04 2.3700793e-01 7.6280111e-01]

rule46: 109.933 < duration < 125.498
probabilities_array:[0.00117056 0.23536205 0.7634674 ]

rule13: 77.895 < num_critic_for_reviews < 161.628
probabilities_array:[0.         0.23371747 0.7662825 ]

rule15: num_critic_for_reviews > 245.360
probabilities_array:[0.         0.22979999 0.7702    ]

