R2: -16.985751089976695


MAE: 42487487.87356663


Accuracy: 0.7586962697087394


F1: 0.7589220684632192


Most important rules
-----------------------------

---0---
rule16: num_user_for_reviews < 32.272
probabilities_array:[0.46751046 0.         0.53248954]

rule49: -34224103.550 < budget < 40843714.488
probabilities_array:[0.41652375 0.01098363 0.5724926 ]

rule9: -5836.587 < num_voted_users < 95928.457
probabilities_array:[0.40621245 0.         0.59378755]

rule6: 2003.202 < title_year < 2009.980
probabilities_array:[0.3488101 0.        0.6511899]

rule3: imdb_score > 7.211
probabilities_array:[0.2880503 0.        0.7119497]

rule12: num_critic_for_reviews < 75.430
probabilities_array:[0.2843859  0.         0.71561414]

rule7: title_year > 2009.980
probabilities_array:[0.24032776 0.         0.7596722 ]

rule5: 1996.424 < title_year < 2003.202
probabilities_array:[0.23296805 0.         0.76703197]

rule44: duration < 93.738
probabilities_array:[0.2291394  0.00298713 0.7678735 ]

rule45: 93.738 < duration < 108.917
probabilities_array:[0.21496987 0.         0.7850301 ]


---1---
rule51: budget > 115911532.527
probabilities_array:[0.         0.47342473 0.52657527]

rule50: 40843714.488 < budget < 115911532.527
probabilities_array:[0.         0.47146985 0.5285301 ]

rule4: title_year < 1996.424
probabilities_array:[0.         0.44260153 0.5573985 ]

rule1: 5.713 < imdb_score < 6.462
probabilities_array:[0.         0.37832773 0.6216723 ]

rule11: num_voted_users > 197693.501
probabilities_array:[0.         0.37803558 0.62196445]

rule10: 95928.457 < num_voted_users < 197693.501
probabilities_array:[0.         0.34271845 0.6572815 ]

rule19: num_user_for_reviews > 594.999
probabilities_array:[0.         0.3314748  0.66852516]

rule0: imdb_score < 5.713
probabilities_array:[0.         0.30419067 0.69580936]

rule13: 75.430 < num_critic_for_reviews < 157.206
probabilities_array:[0.00212136 0.29375488 0.70412374]

rule14: 157.206 < num_critic_for_reviews < 238.982
probabilities_array:[0.         0.28833053 0.7116695 ]

rule18: 313.636 < num_user_for_reviews < 594.999
probabilities_array:[0.00469941 0.25433233 0.7409682 ]

rule30: 1904.972 < actor_2_facebook_likes < 5038.494
probabilities_array:[0.         0.25305143 0.7469486 ]

rule15: num_critic_for_reviews > 238.982
probabilities_array:[0.         0.25254756 0.74745244]

rule43: movie_facebook_likes > 22752.945
probabilities_array:[0.         0.24708313 0.7529169 ]

rule26: 7282.125 < actor_1_facebook_likes < 18606.725
probabilities_array:[0.00283798 0.22184174 0.77532023]

rule34: 747.772 < actor_3_facebook_likes < 2045.250
probabilities_array:[6.7736080e-05 2.2216918e-01 7.7776307e-01]

rule35: actor_3_facebook_likes > 2045.250
probabilities_array:[0.         0.21927369 0.7807263 ]

rule47: duration > 124.097
probabilities_array:[0.00307941 0.20721811 0.7897024 ]

rule42: 8511.009 < movie_facebook_likes < 22752.945
probabilities_array:[0.04317746 0.18634981 0.7704727 ]

