R2: 0.24585307062692519


MAE: 33386091.609365366


Accuracy: 0.7319217719736253


F1: 0.7334304442825929


Most important rules
-----------------------------

---0---
rule51: budget > 230544534.085
probabilities_array:[0.5130993  0.         0.48690072]

rule16: num_user_for_reviews < 38.978
probabilities_array:[0.46746272 0.         0.5325373 ]

rule9: -4012.837 < num_voted_users < 99293.341
probabilities_array:[0.44496515 0.         0.5550349 ]

rule12: num_critic_for_reviews < 77.709
probabilities_array:[0.37113973 0.         0.6288603 ]

rule3: imdb_score > 7.226
probabilities_array:[0.3179774 0.        0.6820226]

rule49: -132507052.923 < budget < 49018740.581
probabilities_array:[0.31128222 0.         0.6887178 ]

rule6: 2003.224 < title_year < 2010.011
probabilities_array:[0.26284212 0.         0.7371579 ]


---1---
rule50: 49018740.581 < budget < 230544534.085
probabilities_array:[0.         0.50044256 0.49955744]

rule4: title_year < 1996.437
probabilities_array:[0.         0.48779976 0.51220024]

rule10: 99293.341 < num_voted_users < 202599.520
probabilities_array:[0.         0.4205422  0.57945776]

rule11: num_voted_users > 202599.520
probabilities_array:[0.         0.41556203 0.58443797]

rule0: imdb_score < 5.741
probabilities_array:[0.         0.38325483 0.6167452 ]

rule19: num_user_for_reviews > 589.615
probabilities_array:[0.         0.3614467  0.63855326]

rule30: 1974.052 < actor_2_facebook_likes < 5153.891
probabilities_array:[0.         0.33551764 0.66448236]

rule35: actor_3_facebook_likes > 2026.097
probabilities_array:[0.         0.33233503 0.667665  ]

rule1: 5.741 < imdb_score < 6.483
probabilities_array:[0.         0.31232354 0.6876764 ]

rule15: num_critic_for_reviews > 245.414
probabilities_array:[0.         0.26188448 0.7381155 ]

rule43: movie_facebook_likes > 23259.415
probabilities_array:[0.         0.25171298 0.748287  ]

rule18: 314.297 < num_user_for_reviews < 589.615
probabilities_array:[0.         0.25005734 0.74994266]

rule46: 109.997 < duration < 125.411
probabilities_array:[0.         0.22942561 0.7705744 ]

rule14: 161.561 < num_critic_for_reviews < 245.414
probabilities_array:[0.         0.22908548 0.77091455]

rule42: 8935.039 < movie_facebook_likes < 23259.415
probabilities_array:[7.3309371e-04 2.1199694e-01 7.8727001e-01]

rule13: 77.709 < num_critic_for_reviews < 161.561
probabilities_array:[0.         0.20919749 0.7908025 ]

