R2: -1.4252188033799897


MAE: 36221474.48895258


Accuracy: 0.7618227624084297


F1: 0.7618353969410051


Most important rules
-----------------------------

---0---
rule51: budget > 226116760.630
probabilities_array:[0.5111062  0.         0.48889384]

rule3: imdb_score > 7.209
probabilities_array:[0.49435255 0.         0.5056475 ]

rule16: num_user_for_reviews < 39.595
probabilities_array:[0.43040243 0.         0.5695976 ]

rule9: -1385.788 < num_voted_users < 94538.789
probabilities_array:[0.3889967 0.        0.6110033]

rule6: 2003.210 < title_year < 2010.000
probabilities_array:[0.34288216 0.         0.65711784]

rule49: -131776201.584 < budget < 47170279.523
probabilities_array:[0.3363351 0.        0.6636649]

rule22: 737.966 < director_facebook_likes < 2711.098
probabilities_array:[0.31020284 0.         0.68979716]

rule12: num_critic_for_reviews < 75.505
probabilities_array:[0.29567266 0.         0.70432734]


---1---
rule50: 47170279.523 < budget < 226116760.630
probabilities_array:[0.         0.5215248  0.47847524]

rule4: title_year < 1996.419
probabilities_array:[0.         0.48653385 0.5134662 ]

rule11: num_voted_users > 190463.365
probabilities_array:[0.         0.46871835 0.53128165]

rule19: num_user_for_reviews > 573.322
probabilities_array:[0.         0.38534388 0.6146561 ]

rule15: num_critic_for_reviews > 239.737
probabilities_array:[0.         0.37299663 0.6270034 ]

rule35: actor_3_facebook_likes > 1905.987
probabilities_array:[0.         0.35404056 0.64595944]

rule10: 94538.789 < num_voted_users < 190463.365
probabilities_array:[0.         0.34015477 0.65984523]

rule14: 157.621 < num_critic_for_reviews < 239.737
probabilities_array:[0.         0.33980033 0.66019964]

rule13: 75.505 < num_critic_for_reviews < 157.621
probabilities_array:[0.         0.32213613 0.6778639 ]

rule30: 1877.969 < actor_2_facebook_likes < 4969.139
probabilities_array:[0.         0.31821233 0.68178767]

rule47: duration > 125.247
probabilities_array:[0.         0.27914798 0.720852  ]

rule18: 306.458 < num_user_for_reviews < 573.322
probabilities_array:[0.         0.27318472 0.7268153 ]

rule0: imdb_score < 5.731
probabilities_array:[0.         0.27060956 0.72939044]

rule26: 7525.125 < actor_1_facebook_likes < 18817.173
probabilities_array:[0.01900201 0.23674925 0.74424875]

rule1: 5.731 < imdb_score < 6.470
probabilities_array:[0.         0.24590278 0.7540972 ]

rule34: 715.928 < actor_3_facebook_likes < 1905.987
probabilities_array:[2.9180711e-04 2.3516735e-01 7.6454079e-01]

rule42: 8384.531 < movie_facebook_likes < 22085.326
probabilities_array:[0.04514519 0.20991515 0.7449396 ]

rule43: movie_facebook_likes > 22085.326
probabilities_array:[0.         0.23065758 0.7693424 ]

