R2: -0.835439428402712


MAE: 33094253.00425301


Accuracy: 0.7738855285395192


F1: 0.7749453750910416


Most important rules
-----------------------------

---0---
rule6: 2003.351 < title_year < 2010.135
probabilities_array:[0.42333055 0.         0.57666945]

rule9: -2852.884 < num_voted_users < 98648.891
probabilities_array:[0.4061159 0.        0.5938841]

rule51: budget > 221876820.959
probabilities_array:[0.3734201 0.        0.6265799]

rule3: imdb_score > 7.222
probabilities_array:[0.33391252 0.         0.6660875 ]

rule16: num_user_for_reviews < 38.848
probabilities_array:[0.32852045 0.         0.6714796 ]

rule12: num_critic_for_reviews < 78.178
probabilities_array:[0.32839745 0.         0.67160255]

rule49: -129658592.346 < budget < 46109114.306
probabilities_array:[0.3226061  0.00240143 0.6749925 ]

rule7: title_year > 2010.135
probabilities_array:[0.23332536 0.         0.76667464]


---1---
rule50: 46109114.306 < budget < 221876820.959
probabilities_array:[0.        0.4869627 0.5130373]

rule19: num_user_for_reviews > 593.676
probabilities_array:[0.         0.47346118 0.5265388 ]

rule11: num_voted_users > 200150.666
probabilities_array:[0.         0.42633078 0.5736692 ]

rule4: title_year < 1996.566
probabilities_array:[0.         0.42068088 0.5793191 ]

rule10: 98648.891 < num_voted_users < 200150.666
probabilities_array:[0.         0.38720036 0.61279964]

rule18: 316.262 < num_user_for_reviews < 593.676
probabilities_array:[0.         0.33095628 0.6690437 ]

rule15: num_critic_for_reviews > 242.988
probabilities_array:[0.       0.321884 0.678116]

rule1: 5.753 < imdb_score < 6.487
probabilities_array:[0.        0.3071506 0.6928494]

rule14: 160.583 < num_critic_for_reviews < 242.988
probabilities_array:[0.         0.2914637  0.70853627]

rule31: actor_2_facebook_likes > 5029.437
probabilities_array:[0.         0.27532512 0.7246749 ]

rule30: 1908.859 < actor_2_facebook_likes < 5029.437
probabilities_array:[0.         0.27426356 0.72573644]

rule43: movie_facebook_likes > 22609.615
probabilities_array:[0.         0.2650111  0.73498887]

rule13: 78.178 < num_critic_for_reviews < 160.583
probabilities_array:[0.        0.2581427 0.7418573]

rule35: actor_3_facebook_likes > 2042.606
probabilities_array:[0.         0.25767395 0.7423261 ]

rule0: imdb_score < 5.753
probabilities_array:[0.         0.25431854 0.74568146]

rule34: 749.710 < actor_3_facebook_likes < 2042.606
probabilities_array:[0.         0.21878244 0.7812176 ]

rule42: 8745.474 < movie_facebook_likes < 22609.615
probabilities_array:[0.04188652 0.19244863 0.7656648 ]

