R2: -0.028098796902744416


MAE: 31804881.649859056


Accuracy: 0.740688839908217


F1: 0.741442097596504


Most important rules
-----------------------------

---0---
rule9: -2150.878 < num_voted_users < 99709.475
probabilities_array:[0.5002625 0.        0.4997375]

rule16: num_user_for_reviews < 41.751
probabilities_array:[0.47505662 0.         0.5249434 ]

rule49: -35762325.721 < budget < 43154392.556
probabilities_array:[0.34163204 0.         0.65836793]

rule6: 2003.259 < title_year < 2009.893
probabilities_array:[0.3266861 0.        0.6733139]

rule45: 94.134 < duration < 109.635
probabilities_array:[0.3025975  0.         0.69740254]

rule41: -5800.601 < movie_facebook_likes < 8902.894
probabilities_array:[0.27281013 0.         0.7271899 ]

rule12: num_critic_for_reviews < 75.639
probabilities_array:[0.26659897 0.         0.733401  ]

rule3: imdb_score > 7.222
probabilities_array:[0.24992004 0.         0.75008   ]


---1---
rule50: 43154392.556 < budget < 122071110.834
probabilities_array:[0.         0.5021108  0.49788925]

rule4: title_year < 1996.626
probabilities_array:[0.        0.4656834 0.5343166]

rule1: 5.752 < imdb_score < 6.487
probabilities_array:[0.         0.40374056 0.5962595 ]

rule0: imdb_score < 5.752
probabilities_array:[0.        0.3990475 0.6009525]

rule10: 99709.475 < num_voted_users < 201569.828
probabilities_array:[0.         0.39799777 0.6020022 ]

rule51: budget > 122071110.834
probabilities_array:[0.         0.35571498 0.644285  ]

rule14: 159.642 < num_critic_for_reviews < 243.645
probabilities_array:[0.         0.32686183 0.67313814]

rule34: 725.820 < actor_3_facebook_likes < 1926.561
probabilities_array:[0.         0.32343775 0.67656225]

rule19: num_user_for_reviews > 594.018
probabilities_array:[0.         0.32158563 0.67841434]

rule13: 75.639 < num_critic_for_reviews < 159.642
probabilities_array:[0.        0.3145315 0.6854685]

rule11: num_voted_users > 201569.828
probabilities_array:[0.         0.29909694 0.70090306]

rule15: num_critic_for_reviews > 243.645
probabilities_array:[0.       0.276367 0.723633]

rule23: director_facebook_likes > 2664.712
probabilities_array:[0.         0.25195032 0.7480497 ]

rule18: 317.885 < num_user_for_reviews < 594.018
probabilities_array:[0.         0.24842796 0.751572  ]

rule21: -1241.040 < director_facebook_likes < 711.836
probabilities_array:[0.         0.23420945 0.7657905 ]

rule35: actor_3_facebook_likes > 1926.561
probabilities_array:[9.7707045e-05 2.3381634e-01 7.6608592e-01]

rule30: 1880.425 < actor_2_facebook_likes < 4944.069
probabilities_array:[0.         0.21637775 0.78362226]

