R2: -5.175352714464382


MAE: 42404813.710581124


Accuracy: 0.7703387157949465


F1: 0.7713037144938092


Most important rules
-----------------------------

---0---
rule16: num_user_for_reviews < 37.148
probabilities_array:[0.40703034 0.         0.59296966]

rule9: -3397.311 < num_voted_users < 99696.029
probabilities_array:[0.40090996 0.         0.59909004]

rule49: -29720723.288 < budget < 41654830.227
probabilities_array:[0.37623593 0.         0.6237641 ]

rule3: imdb_score > 7.214
probabilities_array:[0.3499832  0.         0.65001684]

rule12: num_critic_for_reviews < 78.125
probabilities_array:[0.31019384 0.00383358 0.6859725 ]

rule6: 2003.284 < title_year < 2009.919
probabilities_array:[0.29739174 0.         0.7026083 ]

rule7: title_year > 2009.919
probabilities_array:[0.27071777 0.         0.72928226]

rule41: -5578.234 < movie_facebook_likes < 9078.164
probabilities_array:[0.24916032 0.         0.75083965]

rule45: 94.086 < duration < 109.546
probabilities_array:[0.20456372 0.00598428 0.78945196]


---1---
rule11: num_voted_users > 202789.370
probabilities_array:[0.         0.46433136 0.5356687 ]

rule51: budget > 113030383.742
probabilities_array:[0.         0.42439434 0.5756057 ]

rule10: 99696.029 < num_voted_users < 202789.370
probabilities_array:[0.         0.40518746 0.5948125 ]

rule19: num_user_for_reviews > 603.596
probabilities_array:[0.         0.39951923 0.6004808 ]

rule50: 41654830.227 < budget < 113030383.742
probabilities_array:[0.         0.39743495 0.60256505]

rule4: title_year < 1996.648
probabilities_array:[0.         0.38719007 0.6128099 ]

rule15: num_critic_for_reviews > 245.904
probabilities_array:[0.00118849 0.31494448 0.68386704]

rule30: 1938.848 < actor_2_facebook_likes < 5104.117
probabilities_array:[0.         0.30980527 0.6901947 ]

rule0: imdb_score < 5.722
probabilities_array:[0.         0.30794436 0.69205564]

rule1: 5.722 < imdb_score < 6.468
probabilities_array:[0.       0.289631 0.710369]

rule23: director_facebook_likes > 2753.714
probabilities_array:[0.01001994 0.277178   0.71280205]

rule14: 162.014 < num_critic_for_reviews < 245.904
probabilities_array:[0.0080573  0.27597883 0.7159639 ]

rule35: actor_3_facebook_likes > 2066.108
probabilities_array:[0.        0.2694455 0.7305545]

rule18: 320.372 < num_user_for_reviews < 603.596
probabilities_array:[0.        0.2606601 0.7393399]

rule47: duration > 125.007
probabilities_array:[0.00845447 0.21403322 0.7775123 ]

rule13: 78.125 < num_critic_for_reviews < 162.014
probabilities_array:[0.         0.21754949 0.7824505 ]

rule38: 10812.596 < cast_total_facebook_likes < 21751.659
probabilities_array:[0.01598951 0.20789331 0.77611715]

