R2: -2.9124403122648115


MAE: 36891522.91744953


Accuracy: 0.7587372623342012


F1: 0.7589220684632192


Most important rules
-----------------------------

---0---
rule9: -2763.821 < num_voted_users < 97691.134
probabilities_array:[0.44923487 0.         0.5507651 ]

rule49: -23416315.917 < budget < 40040416.146
probabilities_array:[0.38010326 0.         0.61989677]

rule6: 2003.073 < title_year < 2010.008
probabilities_array:[0.37478396 0.         0.62521607]

rule16: num_user_for_reviews < 36.490
probabilities_array:[0.35819328 0.         0.6418067 ]

rule12: num_critic_for_reviews < 75.998
probabilities_array:[0.34638608 0.         0.6536139 ]

rule45: 94.112 < duration < 109.275
probabilities_array:[0.23855487 0.01204701 0.7493981 ]

rule7: title_year > 2010.008
probabilities_array:[0.22385684 0.         0.7761432 ]

rule3: imdb_score > 7.214
probabilities_array:[0.21064016 0.         0.7893598 ]

rule41: -5734.444 < movie_facebook_likes < 8940.320
probabilities_array:[0.19787753 0.02375047 0.77837193]


---1---
rule4: title_year < 1996.137
probabilities_array:[0.         0.46790072 0.5320993 ]

rule1: 5.720 < imdb_score < 6.467
probabilities_array:[0.         0.42942327 0.5705767 ]

rule50: 40040416.146 < budget < 103497148.209
probabilities_array:[0.         0.38441572 0.61558425]

rule30: 1923.893 < actor_2_facebook_likes < 5048.422
probabilities_array:[0.         0.38242182 0.6175782 ]

rule51: budget > 103497148.209
probabilities_array:[0.         0.37099195 0.62900805]

rule11: num_voted_users > 198146.090
probabilities_array:[0.        0.3638243 0.6361757]

rule19: num_user_for_reviews > 598.185
probabilities_array:[0.         0.35210967 0.6478903 ]

rule34: 712.139 < actor_3_facebook_likes < 1911.800
probabilities_array:[0.         0.32102147 0.6789785 ]

rule35: actor_3_facebook_likes > 1911.800
probabilities_array:[5.5504590e-04 2.9834530e-01 7.0109963e-01]

rule0: imdb_score < 5.720
probabilities_array:[0.         0.28585538 0.7141446 ]

rule14: 159.815 < num_critic_for_reviews < 243.633
probabilities_array:[0.         0.26818773 0.7318123 ]

rule39: cast_total_facebook_likes > 24904.032
probabilities_array:[0.0212659  0.24896719 0.72976696]

rule10: 97691.134 < num_voted_users < 198146.090
probabilities_array:[0.        0.2534045 0.7465955]

rule15: num_critic_for_reviews > 243.633
probabilities_array:[0.         0.2531176  0.74688244]

rule18: 317.338 < num_user_for_reviews < 598.185
probabilities_array:[0.         0.2356951  0.76430494]

rule47: duration > 124.438
probabilities_array:[0.00909569 0.22363617 0.7672681 ]

rule13: 75.998 < num_critic_for_reviews < 159.815
probabilities_array:[0.         0.22123851 0.7787615 ]

rule21: -1263.193 < director_facebook_likes < 777.245
probabilities_array:[0.00554871 0.21245243 0.7819988 ]

rule23: director_facebook_likes > 2817.684
probabilities_array:[0.         0.21147603 0.788524  ]

rule31: actor_2_facebook_likes > 5048.422
probabilities_array:[0.04227493 0.18979086 0.7679342 ]

