R2: -1.2853863854622096


MAE: 35291021.813208625


Accuracy: 0.7748976112746182


F1: 0.7749453750910416


Most important rules
-----------------------------

---0---
rule9: -2045.650 < num_voted_users < 96925.003
probabilities_array:[0.46437597 0.         0.535624  ]

rule49: -36101999.245 < budget < 42318343.413
probabilities_array:[0.39949962 0.         0.60050035]

rule6: 2003.511 < title_year < 2010.123
probabilities_array:[0.3752391 0.        0.6247609]

rule16: num_user_for_reviews < 38.375
probabilities_array:[0.37477526 0.         0.6252247 ]

rule3: imdb_score > 7.191
probabilities_array:[0.33800426 0.         0.6619957 ]

rule36: cast_total_facebook_likes < 699.210
probabilities_array:[0.31002465 0.         0.6899753 ]

rule12: num_critic_for_reviews < 76.871
probabilities_array:[0.2640633 0.        0.7359367]

rule41: -5359.892 < movie_facebook_likes < 8755.225
probabilities_array:[0.2020984  0.00664352 0.7912581 ]


---1---
rule4: title_year < 1996.899
probabilities_array:[0.         0.44466227 0.5553377 ]

rule50: 42318343.413 < budget < 120738686.070
probabilities_array:[0.         0.44186392 0.55813605]

rule19: num_user_for_reviews > 579.465
probabilities_array:[0.         0.44078273 0.5592173 ]

rule11: num_voted_users > 195895.655
probabilities_array:[0.         0.37246746 0.62753254]

rule18: 308.920 < num_user_for_reviews < 579.465
probabilities_array:[0.        0.3242606 0.6757394]

rule10: 96925.003 < num_voted_users < 195895.655
probabilities_array:[0.         0.3206108  0.67938924]

rule37: 699.210 < cast_total_facebook_likes < 10572.301
probabilities_array:[0.         0.31777063 0.68222934]

rule13: 76.871 < num_critic_for_reviews < 158.650
probabilities_array:[0.         0.3021442  0.69785583]

rule47: duration > 124.020
probabilities_array:[0.00214649 0.29503235 0.7028212 ]

rule14: 158.650 < num_critic_for_reviews < 240.429
probabilities_array:[0.         0.29226825 0.7077317 ]

rule51: budget > 120738686.070
probabilities_array:[0.         0.29085284 0.70914716]

rule15: num_critic_for_reviews > 240.429
probabilities_array:[0.        0.2896237 0.7103763]

rule23: director_facebook_likes > 2740.221
probabilities_array:[5.4258190e-04 2.8790987e-01 7.1154755e-01]

rule30: 1884.595 < actor_2_facebook_likes < 4493.952
probabilities_array:[0.         0.26835203 0.73164797]

rule0: imdb_score < 5.722
probabilities_array:[0.        0.2615956 0.7384044]

rule1: 5.722 < imdb_score < 6.456
probabilities_array:[0.         0.21623343 0.78376657]

rule43: movie_facebook_likes > 22870.341
probabilities_array:[0.         0.21369131 0.7863087 ]

rule27: actor_1_facebook_likes > 14460.583
probabilities_array:[0.         0.20203926 0.79796076]

