R2: 0.18400851310095723


MAE: 33453188.767978076


Accuracy: 0.745637219435056


F1: 0.7458120903131829


Most important rules
-----------------------------

---0---
rule16: num_user_for_reviews < 40.036
probabilities_array:[0.5028583  0.         0.49714172]

rule9: -3068.140 < num_voted_users < 96932.754
probabilities_array:[0.4193951 0.        0.5806049]

rule3: imdb_score > 7.238
probabilities_array:[0.39187902 0.         0.608121  ]

rule51: budget > 226079359.707
probabilities_array:[0.38686627 0.         0.6131337 ]

rule49: -131426020.940 < budget < 47326669.384
probabilities_array:[0.36879683 0.         0.6312032 ]

rule12: num_critic_for_reviews < 77.157
probabilities_array:[0.3200303  0.         0.67996967]

rule6: 2003.297 < title_year < 2010.190
probabilities_array:[0.26514187 0.         0.73485816]

rule45: 94.401 < duration < 109.306
probabilities_array:[0.2266738 0.        0.7733262]


---1---
rule4: title_year < 1996.405
probabilities_array:[0.         0.57149214 0.42850783]

rule50: 47326669.384 < budget < 226079359.707
probabilities_array:[0.         0.46841183 0.53158814]

rule11: num_voted_users > 196933.649
probabilities_array:[0.         0.43766788 0.56233215]

rule10: 96932.754 < num_voted_users < 196933.649
probabilities_array:[0.         0.4047359  0.59526414]

rule14: 158.917 < num_critic_for_reviews < 240.677
probabilities_array:[0.         0.3349485  0.66505146]

rule0: imdb_score < 5.768
probabilities_array:[0.         0.32363796 0.67636204]

rule18: 309.326 < num_user_for_reviews < 578.616
probabilities_array:[9.6263560e-05 2.8472078e-01 7.1518296e-01]

rule19: num_user_for_reviews > 578.616
probabilities_array:[0.         0.28088716 0.7191129 ]

rule43: movie_facebook_likes > 21896.323
probabilities_array:[0.         0.27134207 0.72865796]

rule30: 1873.086 < actor_2_facebook_likes < 4950.500
probabilities_array:[0.         0.26994652 0.7300535 ]

rule23: director_facebook_likes > 2873.503
probabilities_array:[0.        0.2529958 0.7470042]

rule1: 5.768 < imdb_score < 6.503
probabilities_array:[0.         0.24841122 0.75158876]

rule47: duration > 124.212
probabilities_array:[0.         0.24452776 0.75547224]

rule15: num_critic_for_reviews > 240.677
probabilities_array:[0.         0.23975421 0.7602458 ]

rule21: -1286.613 < director_facebook_likes < 793.445
probabilities_array:[0.00751429 0.22932959 0.7631561 ]

rule34: 742.861 < actor_3_facebook_likes < 2011.261
probabilities_array:[0.         0.22129987 0.7787001 ]

rule13: 77.157 < num_critic_for_reviews < 158.917
probabilities_array:[0.         0.21693656 0.7830634 ]

rule35: actor_3_facebook_likes > 2011.261
probabilities_array:[0.         0.21547796 0.78452206]

