R2: 0.19864239403477157


MAE: 32729383.477427654


Accuracy: 0.7591008405288382


F1: 0.7603787327021122


Most important rules
-----------------------------

---0---
rule16: num_user_for_reviews < 44.246
probabilities_array:[0.521961   0.         0.47803903]

rule9: -785.134 < num_voted_users < 97076.939
probabilities_array:[0.40876034 0.         0.59123963]

rule6: 2003.283 < title_year < 2010.035
probabilities_array:[0.3926616  0.         0.60733837]

rule49: -125298068.343 < budget < 45277458.621
probabilities_array:[0.38626155 0.         0.6137384 ]

rule3: imdb_score > 7.217
probabilities_array:[0.3700978  0.         0.62990224]

rule12: num_critic_for_reviews < 77.383
probabilities_array:[0.3405849 0.        0.6594151]

rule24: actor_1_facebook_likes < 102.820
probabilities_array:[0.32019576 0.         0.6798042 ]

rule7: title_year > 2010.035
probabilities_array:[0.29912606 0.         0.700874  ]

rule36: cast_total_facebook_likes < 1012.492
probabilities_array:[0.2316229  0.00170933 0.7666677 ]

rule51: budget > 215852985.585
probabilities_array:[0.22622217 0.         0.77377784]


---1---
rule4: title_year < 1996.530
probabilities_array:[0.        0.5008841 0.4991159]

rule50: 45277458.621 < budget < 215852985.585
probabilities_array:[0.         0.48389482 0.5161052 ]

rule10: 97076.939 < num_voted_users < 194939.011
probabilities_array:[0.        0.4786926 0.5213074]

rule11: num_voted_users > 194939.011
probabilities_array:[0.         0.370262   0.62973803]

rule15: num_critic_for_reviews > 242.799
probabilities_array:[0.         0.36677587 0.6332241 ]

rule19: num_user_for_reviews > 580.814
probabilities_array:[0.        0.3122764 0.6877236]

rule43: movie_facebook_likes > 22292.572
probabilities_array:[0.         0.30318016 0.69681984]

rule37: 1012.492 < cast_total_facebook_likes < 10865.151
probabilities_array:[0.00252433 0.2963256  0.70115006]

rule30: 1923.770 < actor_2_facebook_likes < 4584.904
probabilities_array:[0.         0.28076062 0.7192394 ]

rule18: 312.530 < num_user_for_reviews < 580.814
probabilities_array:[0.00598263 0.26093397 0.7330834 ]

rule38: 10865.151 < cast_total_facebook_likes < 20717.810
probabilities_array:[0.         0.24894401 0.75105596]

rule0: imdb_score < 5.732
probabilities_array:[0.        0.2475862 0.7524138]

rule1: 5.732 < imdb_score < 6.475
probabilities_array:[0.         0.2461423  0.75385773]

rule27: actor_1_facebook_likes > 14468.949
probabilities_array:[0.         0.22839202 0.771608  ]

rule31: actor_2_facebook_likes > 4584.904
probabilities_array:[0.         0.22766766 0.7723324 ]

rule47: duration > 124.432
probabilities_array:[0.01093243 0.21411026 0.7749573 ]

rule14: 160.091 < num_critic_for_reviews < 242.799
probabilities_array:[0.01153438 0.19889139 0.78957427]

rule46: 109.534 < duration < 124.432
probabilities_array:[0.         0.20203194 0.79796803]

