R2: 0.2851025613892535


MAE: 30806963.24569855


Accuracy: 0.7588868753886515


F1: 0.7603787327021122


Most important rules
-----------------------------

---0---
rule51: budget > 226145867.317
probabilities_array:[0.566702 0.       0.433298]

rule49: -131421532.587 < budget < 47362167.365
probabilities_array:[0.43401363 0.         0.56598634]

rule16: num_user_for_reviews < 41.240
probabilities_array:[0.3775362 0.        0.6224638]

rule12: num_critic_for_reviews < 78.622
probabilities_array:[0.37223706 0.         0.627763  ]

rule6: 2003.462 < title_year < 2010.136
probabilities_array:[0.34529603 0.         0.654704  ]

rule3: imdb_score > 7.211
probabilities_array:[0.33145759 0.         0.66854244]

rule9: -3030.528 < num_voted_users < 98883.980
probabilities_array:[0.311207 0.       0.688793]

rule45: 94.390 < duration < 109.769
probabilities_array:[0.22795147 0.00704465 0.76500386]

rule7: title_year > 2010.136
probabilities_array:[0.21273658 0.         0.7872634 ]


---1---
rule4: title_year < 1996.788
probabilities_array:[0.         0.51501995 0.48498005]

rule19: num_user_for_reviews > 596.644
probabilities_array:[0.        0.4526602 0.5473398]

rule10: 98883.980 < num_voted_users < 200798.487
probabilities_array:[0.         0.41426128 0.5857387 ]

rule11: num_voted_users > 200798.487
probabilities_array:[0.         0.40681446 0.59318554]

rule35: actor_3_facebook_likes > 1966.659
probabilities_array:[0.         0.37941554 0.6205845 ]

rule18: 318.942 < num_user_for_reviews < 596.644
probabilities_array:[0.        0.3753164 0.6246836]

rule50: 47362167.365 < budget < 226145867.317
probabilities_array:[0.         0.37398866 0.6260113 ]

rule15: num_critic_for_reviews > 244.669
probabilities_array:[4.9562694e-04 3.4303859e-01 6.5646577e-01]

rule43: movie_facebook_likes > 23039.354
probabilities_array:[0.       0.322132 0.677868]

rule0: imdb_score < 5.713
probabilities_array:[0.        0.3206403 0.6793597]

rule14: 161.645 < num_critic_for_reviews < 244.669
probabilities_array:[0.         0.31964892 0.6803511 ]

rule1: 5.713 < imdb_score < 6.462
probabilities_array:[0.         0.31830716 0.68169284]

rule30: 1900.317 < actor_2_facebook_likes < 4982.784
probabilities_array:[0.         0.31519383 0.68480617]

rule27: actor_1_facebook_likes > 17910.846
probabilities_array:[0.        0.2488807 0.7511193]

rule23: director_facebook_likes > 2855.677
probabilities_array:[0.         0.23679613 0.76320386]

rule26: 7230.112 < actor_1_facebook_likes < 17910.846
probabilities_array:[0.01502003 0.21411121 0.7708688 ]

rule31: actor_2_facebook_likes > 4982.784
probabilities_array:[0.06009699 0.18193613 0.75796694]

rule34: 727.486 < actor_3_facebook_likes < 1966.659
probabilities_array:[0.04905659 0.18005078 0.77089256]

