R2: 0.12034206574171924


MAE: 34418834.97134001


Accuracy: 0.7519089649073578


F1: 0.752367079388201


Most important rules
-----------------------------

---0---
rule16: num_user_for_reviews < 47.415
probabilities_array:[0.51168627 0.         0.4883137 ]

rule6: 2003.298 < title_year < 2009.827
probabilities_array:[0.42683437 0.         0.57316566]

rule49: -22045044.488 < budget < 41088439.757
probabilities_array:[0.37968072 0.         0.6203193 ]

rule9: -2546.304 < num_voted_users < 98965.181
probabilities_array:[0.37331426 0.         0.62668574]

rule12: num_critic_for_reviews < 76.817
probabilities_array:[0.3159195  0.         0.68408054]

rule5: 1996.768 < title_year < 2003.298
probabilities_array:[0.27074057 0.         0.72925943]

rule7: title_year > 2009.827
probabilities_array:[0.24743815 0.         0.75256187]

rule3: imdb_score > 7.228
probabilities_array:[0.23007938 0.         0.76992065]


---1---
rule10: 98965.181 < num_voted_users < 200476.667
probabilities_array:[0.        0.4345287 0.5654713]

rule4: title_year < 1996.768
probabilities_array:[0.         0.42951536 0.57048464]

rule50: 41088439.757 < budget < 104221924.002
probabilities_array:[0.         0.42686966 0.57313037]

rule19: num_user_for_reviews > 582.665
probabilities_array:[0.         0.4136211  0.58637893]

rule1: 5.753 < imdb_score < 6.491
probabilities_array:[0.         0.36936465 0.6306354 ]

rule30: 1916.866 < actor_2_facebook_likes < 5053.991
probabilities_array:[0.         0.3583571  0.64164287]

rule0: imdb_score < 5.753
probabilities_array:[0.         0.33333394 0.66666603]

rule18: 315.040 < num_user_for_reviews < 582.665
probabilities_array:[0.         0.31924206 0.68075794]

rule11: num_voted_users > 200476.667
probabilities_array:[0.         0.3132604  0.68673956]

rule51: budget > 104221924.002
probabilities_array:[0.         0.28269145 0.7173085 ]

rule14: 159.834 < num_critic_for_reviews < 242.851
probabilities_array:[0.        0.2748228 0.7251772]

rule23: director_facebook_likes > 2804.470
probabilities_array:[3.3668228e-05 2.7392724e-01 7.2603911e-01]

rule35: actor_3_facebook_likes > 2005.184
probabilities_array:[0.         0.25167826 0.7483218 ]

rule47: duration > 124.683
probabilities_array:[0.01974019 0.24003926 0.7402205 ]

rule21: -1264.559 < director_facebook_likes < 769.956
probabilities_array:[0.         0.24871668 0.75128335]

rule46: 109.520 < duration < 124.683
probabilities_array:[0.         0.23270242 0.76729757]

rule15: num_critic_for_reviews > 242.851
probabilities_array:[0.         0.23071328 0.7692867 ]

rule43: movie_facebook_likes > 22713.221
probabilities_array:[0.         0.20268613 0.79731387]

