R2: -21.64916423896267


MAE: 41335033.31621201


Accuracy: 0.7646508468459863


F1: 0.764748725418791


Most important rules
-----------------------------

---0---
rule9: -2143.089 < num_voted_users < 95624.829
probabilities_array:[0.53176963 0.         0.46823037]

rule16: num_user_for_reviews < 37.570
probabilities_array:[0.40497193 0.         0.59502804]

rule49: -6243885.605 < budget < 40153930.135
probabilities_array:[0.34412172 0.         0.65587825]

rule6: 2003.321 < title_year < 2009.911
probabilities_array:[0.31423038 0.         0.6857696 ]

rule12: num_critic_for_reviews < 76.469
probabilities_array:[0.29190367 0.         0.7080963 ]

rule3: imdb_score > 7.206
probabilities_array:[0.26165342 0.         0.7383466 ]

rule45: 94.063 < duration < 109.317
probabilities_array:[0.22652727 0.00554825 0.7679245 ]


---1---
rule50: 40153930.135 < budget < 86551745.876
probabilities_array:[0.         0.48083195 0.519168  ]

rule51: budget > 86551745.876
probabilities_array:[0.         0.46212912 0.5378709 ]

rule4: title_year < 1996.731
probabilities_array:[0.         0.44358838 0.5564116 ]

rule0: imdb_score < 5.721
probabilities_array:[0.       0.389861 0.610139]

rule19: num_user_for_reviews > 584.347
probabilities_array:[0.         0.36256984 0.63743013]

rule1: 5.721 < imdb_score < 6.464
probabilities_array:[0.         0.35426012 0.64573985]

rule11: num_voted_users > 193392.747
probabilities_array:[0.         0.33204174 0.66795826]

rule10: 95624.829 < num_voted_users < 193392.747
probabilities_array:[0.         0.29913616 0.70086384]

rule18: 310.958 < num_user_for_reviews < 584.347
probabilities_array:[0.         0.2645149  0.73548514]

rule14: 157.468 < num_critic_for_reviews < 238.468
probabilities_array:[0.         0.26129293 0.73870707]

rule30: 1892.412 < actor_2_facebook_likes < 5006.206
probabilities_array:[0.       0.255284 0.744716]

rule35: actor_3_facebook_likes > 1851.530
probabilities_array:[0.         0.25300482 0.74699515]

rule23: director_facebook_likes > 2874.845
probabilities_array:[0.         0.25219026 0.7478097 ]

rule47: duration > 124.571
probabilities_array:[3.6602913e-04 2.4610758e-01 7.5352639e-01]

rule15: num_critic_for_reviews > 238.468
probabilities_array:[0.         0.23417923 0.76582074]

rule34: 703.663 < actor_3_facebook_likes < 1851.530
probabilities_array:[0.01400067 0.2082958  0.7777036 ]

rule13: 76.469 < num_critic_for_reviews < 157.468
probabilities_array:[0.         0.21343964 0.78656036]

rule43: movie_facebook_likes > 21363.221
probabilities_array:[0.         0.20378393 0.7962161 ]

