R2: 0.3413713711210211


MAE: 31699487.023796286


Accuracy: 0.753582048341192


F1: 0.7538237436270939


Most important rules
-----------------------------

---0---
rule9: -2672.602 < num_voted_users < 97026.344
probabilities_array:[0.48086926 0.         0.5191307 ]

rule16: num_user_for_reviews < 39.702
probabilities_array:[0.47920007 0.         0.52079993]

rule3: imdb_score > 7.207
probabilities_array:[0.42029822 0.         0.5797018 ]

rule51: budget > 222707749.746
probabilities_array:[0.41155356 0.         0.58844644]

rule6: 2003.239 < title_year < 2009.967
probabilities_array:[0.3487428 0.        0.6512572]

rule36: cast_total_facebook_likes < 397.644
probabilities_array:[0.33972186 0.         0.66027814]

rule49: -129799848.792 < budget < 46453950.477
probabilities_array:[0.3368662 0.        0.6631338]

rule7: title_year > 2009.967
probabilities_array:[0.30591756 0.         0.69408244]

rule12: num_critic_for_reviews < 76.186
probabilities_array:[0.26887137 0.         0.73112863]

rule45: 94.049 < duration < 109.448
probabilities_array:[0.25311074 0.00075487 0.7461344 ]


---1---
rule4: title_year < 1996.510
probabilities_array:[0.         0.51329005 0.48670992]

rule11: num_voted_users > 196725.290
probabilities_array:[0.       0.404553 0.595447]

rule50: 46453950.477 < budget < 222707749.746
probabilities_array:[0.        0.3756175 0.6243825]

rule37: 397.644 < cast_total_facebook_likes < 10443.070
probabilities_array:[0.       0.369865 0.630135]

rule10: 97026.344 < num_voted_users < 196725.290
probabilities_array:[0.        0.3585229 0.6414771]

rule30: 1795.256 < actor_2_facebook_likes < 4337.333
probabilities_array:[0.         0.3512073  0.64879274]

rule15: num_critic_for_reviews > 243.303
probabilities_array:[0.        0.3490814 0.6509186]

rule14: 159.745 < num_critic_for_reviews < 243.303
probabilities_array:[0.         0.33524066 0.66475934]

rule13: 76.186 < num_critic_for_reviews < 159.745
probabilities_array:[0.         0.30508292 0.6949171 ]

rule18: 311.180 < num_user_for_reviews < 582.657
probabilities_array:[0.        0.2945777 0.7054223]

rule19: num_user_for_reviews > 582.657
probabilities_array:[0.         0.29277447 0.7072255 ]

rule23: director_facebook_likes > 2822.556
probabilities_array:[0.         0.27920517 0.72079486]

rule38: 10443.070 < cast_total_facebook_likes < 20488.497
probabilities_array:[0.         0.27909133 0.7209087 ]

rule43: movie_facebook_likes > 22763.762
probabilities_array:[0.         0.27231884 0.72768116]

rule21: -1276.961 < director_facebook_likes < 772.797
probabilities_array:[0.         0.25976485 0.74023515]

rule35: actor_3_facebook_likes > 1941.405
probabilities_array:[0.         0.24769416 0.75230587]

rule27: actor_1_facebook_likes > 14535.626
probabilities_array:[0.         0.23573683 0.76426315]

rule1: 5.748 < imdb_score < 6.478
probabilities_array:[0.         0.23299769 0.76700234]

rule39: cast_total_facebook_likes > 20488.497
probabilities_array:[0.05709096 0.17868707 0.7642219 ]

