R2: 0.2970060838402967


MAE: 32488616.993182443


Accuracy: 0.7525235634497092


F1: 0.7530954115076475


Most important rules
-----------------------------

---0---
rule16: num_user_for_reviews < 41.772
probabilities_array:[0.55696565 0.         0.44303435]

rule51: budget > 220440141.318
probabilities_array:[0.5181588  0.         0.48184124]

rule3: imdb_score > 7.226
probabilities_array:[0.4478136 0.        0.5521864]

rule9: -3345.956 < num_voted_users < 99918.579
probabilities_array:[0.37011606 0.         0.62988394]

rule49: -126862641.144 < budget < 46788750.087
probabilities_array:[0.3495073 0.        0.6504927]

rule6: 2003.221 < title_year < 2010.056
probabilities_array:[0.325528   0.         0.67447203]

rule41: -5490.884 < movie_facebook_likes < 8984.176
probabilities_array:[0.25171795 0.         0.748282  ]

rule12: num_critic_for_reviews < 77.547
probabilities_array:[0.22014189 0.         0.7798581 ]

rule45: 94.159 < duration < 109.815
probabilities_array:[0.21526831 0.         0.7847317 ]

rule44: duration < 94.159
probabilities_array:[0.21259645 0.00256592 0.78483766]


---1---
rule4: title_year < 1996.386
probabilities_array:[0.         0.48284072 0.5171593 ]

rule10: 99918.579 < num_voted_users < 203183.115
probabilities_array:[0.        0.4379359 0.5620641]

rule11: num_voted_users > 203183.115
probabilities_array:[0.         0.40149134 0.59850866]

rule50: 46788750.087 < budget < 220440141.318
probabilities_array:[0.         0.39328405 0.606716  ]

rule19: num_user_for_reviews > 592.220
probabilities_array:[0.         0.39073244 0.6092676 ]

rule0: imdb_score < 5.727
probabilities_array:[0.         0.37087438 0.6291256 ]

rule15: num_critic_for_reviews > 243.197
probabilities_array:[0.         0.34425414 0.65574586]

rule35: actor_3_facebook_likes > 1916.548
probabilities_array:[0.         0.34310874 0.6568913 ]

rule1: 5.727 < imdb_score < 6.476
probabilities_array:[0.        0.3397807 0.6602193]

rule14: 160.372 < num_critic_for_reviews < 243.197
probabilities_array:[0.         0.33329508 0.6667049 ]

rule13: 77.547 < num_critic_for_reviews < 160.372
probabilities_array:[0.         0.30420518 0.6957948 ]

rule18: 316.996 < num_user_for_reviews < 592.220
probabilities_array:[0.         0.27039805 0.7296019 ]

rule30: 1861.022 < actor_2_facebook_likes < 4430.473
probabilities_array:[0.        0.2676242 0.7323758]

rule47: duration > 125.472
probabilities_array:[0.         0.26058555 0.73941445]

rule43: movie_facebook_likes > 23459.235
probabilities_array:[0.         0.25885373 0.74114627]

rule34: 716.890 < actor_3_facebook_likes < 1916.548
probabilities_array:[0.00439725 0.23387416 0.7617286 ]

rule31: actor_2_facebook_likes > 4430.473
probabilities_array:[0.02076583 0.2164233  0.7628109 ]

rule26: 7470.771 < actor_1_facebook_likes < 18750.812
probabilities_array:[0.03500792 0.20249079 0.7625013 ]

