R2: 0.05168822424116781


MAE: 33659652.058906674


Accuracy: 0.7407682787575344


F1: 0.741442097596504


Most important rules
-----------------------------

---0---
rule9: -427.103 < num_voted_users < 98776.961
probabilities_array:[0.4324946  0.         0.56750536]

rule36: cast_total_facebook_likes < 339.294
probabilities_array:[0.38103646 0.         0.61896354]

rule16: num_user_for_reviews < 47.609
probabilities_array:[0.37882492 0.         0.62117505]

rule6: 2003.279 < title_year < 2009.945
probabilities_array:[0.37128252 0.         0.6287175 ]

rule12: num_critic_for_reviews < 78.351
probabilities_array:[0.30684915 0.         0.6931508 ]

rule3: imdb_score > 7.218
probabilities_array:[0.30374208 0.         0.69625795]

rule49: -16258443.928 < budget < 40899710.443
probabilities_array:[0.28987736 0.         0.71012264]

rule7: title_year > 2009.945
probabilities_array:[0.27503875 0.         0.7249613 ]

rule41: -5366.244 < movie_facebook_likes < 8975.303
probabilities_array:[0.22116716 0.         0.77883285]


---1---
rule50: 40899710.443 < budget < 98057864.814
probabilities_array:[0.         0.49241865 0.50758135]

rule4: title_year < 1996.613
probabilities_array:[0.        0.4809204 0.5190796]

rule19: num_user_for_reviews > 584.435
probabilities_array:[0.        0.4006509 0.5993491]

rule1: 5.748 < imdb_score < 6.483
probabilities_array:[0.         0.39712524 0.60287476]

rule10: 98776.961 < num_voted_users < 197981.024
probabilities_array:[0.         0.38485172 0.6151483 ]

rule51: budget > 98057864.814
probabilities_array:[0.        0.3737247 0.6262753]

rule11: num_voted_users > 197981.024
probabilities_array:[0.        0.3626083 0.6373917]

rule30: 1898.522 < actor_2_facebook_likes < 4972.057
probabilities_array:[0.         0.31717244 0.68282753]

rule15: num_critic_for_reviews > 243.935
probabilities_array:[0.         0.31049842 0.6895016 ]

rule0: imdb_score < 5.748
probabilities_array:[0.         0.30268797 0.69731206]

rule14: 161.143 < num_critic_for_reviews < 243.935
probabilities_array:[0.         0.29973334 0.70026666]

rule18: 316.022 < num_user_for_reviews < 584.435
probabilities_array:[0.         0.273402   0.72659796]

rule47: duration > 125.595
probabilities_array:[0.03821078 0.2444054  0.7173838 ]

rule38: 10875.111 < cast_total_facebook_likes < 21410.929
probabilities_array:[0.         0.23953006 0.76047   ]

rule35: actor_3_facebook_likes > 1872.304
probabilities_array:[0.         0.23501974 0.76498026]

rule27: actor_1_facebook_likes > 14982.311
probabilities_array:[0.        0.2170403 0.7829597]

rule23: director_facebook_likes > 2844.344
probabilities_array:[0.00579584 0.19830626 0.7958979 ]

