R2: -15.404582915595203


MAE: 38725852.90900131


Accuracy: 0.7505100674564211


F1: 0.7509104151493081


Most important rules
-----------------------------

---0---
rule16: num_user_for_reviews < 34.080
probabilities_array:[0.54441696 0.         0.45558307]

rule9: -4870.157 < num_voted_users < 98401.389
probabilities_array:[0.40120792 0.         0.5987921 ]

rule49: -41173466.354 < budget < 44013027.220
probabilities_array:[0.37201983 0.         0.6279802 ]

rule6: 2003.129 < title_year < 2009.859
probabilities_array:[0.36120376 0.         0.6387962 ]

rule12: num_critic_for_reviews < 73.701
probabilities_array:[0.317079 0.       0.682921]

rule3: imdb_score > 7.217
probabilities_array:[0.3096307 0.        0.6903693]

rule7: title_year > 2009.859
probabilities_array:[0.23869748 0.         0.76130253]

rule17: 34.080 < num_user_for_reviews < 316.916
probabilities_array:[0.19489196 0.04921671 0.7558913 ]


---1---
rule4: title_year < 1996.400
probabilities_array:[0.         0.45723462 0.5427654 ]

rule51: budget > 129199520.794
probabilities_array:[0.         0.41712692 0.5828731 ]

rule50: 44013027.220 < budget < 129199520.794
probabilities_array:[0.         0.39956194 0.60043806]

rule10: 98401.389 < num_voted_users < 201672.935
probabilities_array:[0.        0.3529336 0.6470664]

rule11: num_voted_users > 201672.935
probabilities_array:[0.         0.3326274  0.66737264]

rule35: actor_3_facebook_likes > 1961.295
probabilities_array:[0.        0.3317185 0.6682815]

rule15: num_critic_for_reviews > 241.124
probabilities_array:[0.         0.31159723 0.6884028 ]

rule0: imdb_score < 5.734
probabilities_array:[0.         0.29857334 0.7014267 ]

rule14: 157.413 < num_critic_for_reviews < 241.124
probabilities_array:[0.        0.2979411 0.7020589]

rule22: 810.558 < director_facebook_likes < 2903.903
probabilities_array:[0.         0.2797934  0.72020656]

rule13: 73.701 < num_critic_for_reviews < 157.413
probabilities_array:[0.         0.26759702 0.732403  ]

rule19: num_user_for_reviews > 599.752
probabilities_array:[0.         0.26646963 0.73353034]

rule30: 1870.816 < actor_2_facebook_likes < 4466.605
probabilities_array:[0.        0.2606029 0.7393971]

rule23: director_facebook_likes > 2903.903
probabilities_array:[0.         0.2532082  0.74679184]

rule1: 5.734 < imdb_score < 6.475
probabilities_array:[0.         0.24049106 0.7595089 ]

rule31: actor_2_facebook_likes > 4466.605
probabilities_array:[0.0288218  0.21150465 0.75967354]

rule18: 316.916 < num_user_for_reviews < 599.752
probabilities_array:[0.         0.22469057 0.77530944]

rule21: -1282.786 < director_facebook_likes < 810.558
probabilities_array:[0.         0.22121525 0.77878475]

rule34: 725.342 < actor_3_facebook_likes < 1961.295
probabilities_array:[0.00245257 0.21416707 0.7833804 ]

rule26: 7388.847 < actor_1_facebook_likes < 18440.790
probabilities_array:[0.0068609  0.2076822  0.78545696]

rule27: actor_1_facebook_likes > 18440.790
probabilities_array:[0.04687094 0.1808132  0.77231586]

