R2: 0.2840027186115591


MAE: 33266732.73903151


Accuracy: 0.7489902468474444


F1: 0.7494537509104151


Most important rules
-----------------------------

---0---
rule16: num_user_for_reviews < 38.105
probabilities_array:[0.44369316 0.         0.55630684]

rule9: -1141.804 < num_voted_users < 95126.427
probabilities_array:[0.41949737 0.         0.5805026 ]

rule6: 2003.219 < title_year < 2009.795
probabilities_array:[0.410719 0.       0.589281]

rule51: budget > 229651577.964
probabilities_array:[0.40387806 0.         0.59612197]

rule12: num_critic_for_reviews < 74.780
probabilities_array:[0.3088534 0.        0.6911466]

rule3: imdb_score > 7.204
probabilities_array:[0.3035075 0.        0.6964925]

rule49: -133381412.350 < budget < 48135082.807
probabilities_array:[0.28412798 0.         0.715872  ]

rule7: title_year > 2009.795
probabilities_array:[0.2833078 0.        0.7166922]

rule5: 1996.644 < title_year < 2003.219
probabilities_array:[0.21763244 0.         0.7823676 ]


---1---
rule50: 48135082.807 < budget < 229651577.964
probabilities_array:[0.         0.5243935  0.47560653]

rule10: 95126.427 < num_voted_users < 191394.657
probabilities_array:[0.         0.46677378 0.5332262 ]

rule35: actor_3_facebook_likes > 1984.082
probabilities_array:[0.         0.44696066 0.5530394 ]

rule4: title_year < 1996.644
probabilities_array:[0.         0.43751064 0.56248933]

rule11: num_voted_users > 191394.657
probabilities_array:[0.         0.38172993 0.61827004]

rule1: 5.730 < imdb_score < 6.467
probabilities_array:[0.       0.371801 0.628199]

rule13: 74.780 < num_critic_for_reviews < 158.045
probabilities_array:[0.         0.33401203 0.66598797]

rule15: num_critic_for_reviews > 241.311
probabilities_array:[0.00092413 0.3307582  0.66831756]

rule0: imdb_score < 5.730
probabilities_array:[0.         0.32223445 0.67776555]

rule30: 1883.160 < actor_2_facebook_likes < 4974.240
probabilities_array:[0.         0.3095608  0.69043916]

rule14: 158.045 < num_critic_for_reviews < 241.311
probabilities_array:[0.         0.30923796 0.69076204]

rule19: num_user_for_reviews > 585.777
probabilities_array:[0.         0.29728657 0.70271343]

rule47: duration > 124.451
probabilities_array:[0.00197314 0.28649577 0.7115311 ]

rule23: director_facebook_likes > 2762.896
probabilities_array:[0.         0.25645968 0.74354035]

rule46: 109.554 < duration < 124.451
probabilities_array:[0.         0.20879261 0.7912074 ]

rule34: 734.400 < actor_3_facebook_likes < 1984.082
probabilities_array:[0.0055443  0.20420516 0.79025054]

rule18: 311.941 < num_user_for_reviews < 585.777
probabilities_array:[0.         0.20202379 0.7979762 ]

rule42: 8688.201 < movie_facebook_likes < 22544.726
probabilities_array:[0.02587858 0.18909883 0.78502256]

