R2: 0.3233763355430097


MAE: 31112578.272186797


Accuracy: 0.7731879196591576


F1: 0.7734887108521485


Most important rules
-----------------------------

---0---
rule51: budget > 228924163.905
probabilities_array:[0.43005922 0.         0.56994075]

rule16: num_user_for_reviews < 48.420
probabilities_array:[0.4043997 0.        0.5956003]

rule6: 2003.298 < title_year < 2009.984
probabilities_array:[0.35850397 0.         0.64149606]

rule12: num_critic_for_reviews < 76.490
probabilities_array:[0.3583125 0.        0.6416875]

rule9: -3435.163 < num_voted_users < 97364.337
probabilities_array:[0.34314877 0.         0.65685123]

rule3: imdb_score > 7.213
probabilities_array:[0.30478424 0.         0.69521576]

rule49: -133591122.750 < budget < 47666520.577
probabilities_array:[0.26373014 0.         0.7362699 ]

rule7: title_year > 2009.984
probabilities_array:[0.23343003 0.         0.76657   ]

rule45: 94.100 < duration < 109.269
probabilities_array:[0.21115242 0.         0.78884757]


---1---
rule50: 47666520.577 < budget < 228924163.905
probabilities_array:[0.         0.5207577  0.47924235]

rule4: title_year < 1996.613
probabilities_array:[0.        0.4844538 0.5155462]

rule10: 97364.337 < num_voted_users < 198163.838
probabilities_array:[0.         0.41219115 0.58780885]

rule11: num_voted_users > 198163.838
probabilities_array:[0.        0.4021595 0.5978405]

rule19: num_user_for_reviews > 571.652
probabilities_array:[0.         0.3440108  0.65598917]

rule43: movie_facebook_likes > 22012.085
probabilities_array:[0.        0.3076084 0.6923916]

rule30: 1925.258 < actor_2_facebook_likes < 5055.180
probabilities_array:[0.         0.2896463  0.71035373]

rule18: 310.036 < num_user_for_reviews < 571.652
probabilities_array:[0.         0.27719858 0.7228014 ]

rule1: 5.721 < imdb_score < 6.467
probabilities_array:[0.        0.2764041 0.7235959]

rule14: 159.183 < num_critic_for_reviews < 241.876
probabilities_array:[0.         0.26007977 0.73992026]

rule42: 8582.854 < movie_facebook_likes < 22012.085
probabilities_array:[0.01135912 0.24949382 0.73914707]

rule0: imdb_score < 5.721
probabilities_array:[0.         0.25088698 0.749113  ]

rule47: duration > 124.438
probabilities_array:[2.7309541e-04 2.3978958e-01 7.5993729e-01]

rule15: num_critic_for_reviews > 241.876
probabilities_array:[0.        0.2255274 0.7744726]

rule35: actor_3_facebook_likes > 2040.384
probabilities_array:[0.         0.22265768 0.7773423 ]

rule46: 109.269 < duration < 124.438
probabilities_array:[0.         0.20411105 0.79588896]

