R2: -4.1386463535959335


MAE: 43633620.781581596


Accuracy: 0.7615905539156105


F1: 0.7618353969410051


Most important rules
-----------------------------

---0---
rule16: num_user_for_reviews < 41.004
probabilities_array:[0.4531376  0.         0.54686236]

rule9: -3533.513 < num_voted_users < 95856.234
probabilities_array:[0.44536775 0.         0.55463225]

rule49: -41208460.860 < budget < 44041978.705
probabilities_array:[0.37788782 0.         0.62211215]

rule3: imdb_score > 7.199
probabilities_array:[0.36250594 0.         0.637494  ]

rule12: num_critic_for_reviews < 77.649
probabilities_array:[0.32128105 0.         0.678719  ]

rule6: 2003.520 < title_year < 2010.238
probabilities_array:[0.31822944 0.         0.68177056]

rule45: 94.549 < duration < 109.668
probabilities_array:[0.2126231  0.00148392 0.78589296]


---1---
rule4: title_year < 1996.802
probabilities_array:[0.         0.5259054  0.47409463]

rule11: num_voted_users > 195245.980
probabilities_array:[0.        0.4771289 0.5228711]

rule19: num_user_for_reviews > 564.564
probabilities_array:[0.         0.45637816 0.54362184]

rule0: imdb_score < 5.744
probabilities_array:[0.         0.37391457 0.6260854 ]

rule1: 5.744 < imdb_score < 6.472
probabilities_array:[0.         0.36877462 0.6312254 ]

rule51: budget > 129292418.271
probabilities_array:[0.         0.36809564 0.63190436]

rule50: 44041978.705 < budget < 129292418.271
probabilities_array:[0.         0.36219782 0.6378022 ]

rule15: num_critic_for_reviews > 243.756
probabilities_array:[0.        0.3253653 0.6746347]

rule14: 160.703 < num_critic_for_reviews < 243.756
probabilities_array:[0.         0.32203192 0.6779681 ]

rule10: 95856.234 < num_voted_users < 195245.980
probabilities_array:[0.         0.31994474 0.68005526]

rule30: 1852.997 < actor_2_facebook_likes < 4915.857
probabilities_array:[0.         0.30898225 0.69101775]

rule23: director_facebook_likes > 2689.249
probabilities_array:[0.         0.27853703 0.72146297]

rule18: 302.784 < num_user_for_reviews < 564.564
probabilities_array:[0.        0.2488592 0.7511408]

rule35: actor_3_facebook_likes > 1892.626
probabilities_array:[0.         0.22797629 0.77202374]

rule13: 77.649 < num_critic_for_reviews < 160.703
probabilities_array:[0.         0.22678994 0.77321005]

rule47: duration > 124.788
probabilities_array:[0.         0.21094117 0.7890588 ]

