R2: -2.561069707370845


MAE: 45103986.969024956


Accuracy: 0.7507664380798709


F1: 0.7509104151493081


Most important rules
-----------------------------

---0---
rule16: num_user_for_reviews < 37.914
probabilities_array:[0.4756314  0.         0.52436864]

rule9: -2046.408 < num_voted_users < 95868.415
probabilities_array:[0.42825413 0.         0.5717459 ]

rule6: 2003.386 < title_year < 2009.922
probabilities_array:[0.38474685 0.         0.61525315]

rule49: -40896359.818 < budget < 43194042.962
probabilities_array:[0.35660172 0.         0.6433983 ]

rule12: num_critic_for_reviews < 76.098
probabilities_array:[0.31619704 0.         0.68380296]

rule3: imdb_score > 7.188
probabilities_array:[0.31087765 0.         0.6891223 ]

rule7: title_year > 2009.922
probabilities_array:[0.2850643 0.        0.7149357]

rule45: 94.246 < duration < 109.539
probabilities_array:[0.20777284 0.0070338  0.7851933 ]


---1---
rule10: 95868.415 < num_voted_users < 193783.238
probabilities_array:[0.         0.47555462 0.5244454 ]

rule4: title_year < 1996.850
probabilities_array:[0.         0.47306192 0.5269381 ]

rule19: num_user_for_reviews > 575.481
probabilities_array:[0.         0.41729483 0.5827052 ]

rule51: budget > 127284445.741
probabilities_array:[0.         0.40263072 0.59736925]

rule1: 5.731 < imdb_score < 6.459
probabilities_array:[0.        0.3823181 0.6176819]

rule0: imdb_score < 5.731
probabilities_array:[0.        0.3753307 0.6246693]

rule50: 43194042.962 < budget < 127284445.741
probabilities_array:[0.         0.36862895 0.6313711 ]

rule11: num_voted_users > 193783.238
probabilities_array:[0.        0.3609436 0.6390564]

rule14: 157.133 < num_critic_for_reviews < 238.167
probabilities_array:[0.00395003 0.278629   0.717421  ]

rule18: 306.698 < num_user_for_reviews < 575.481
probabilities_array:[0.        0.2639807 0.7360193]

rule35: actor_3_facebook_likes > 1851.462
probabilities_array:[0.         0.25117597 0.748824  ]

rule30: 1868.810 < actor_2_facebook_likes < 4442.992
probabilities_array:[0.        0.2470512 0.7529488]

rule43: movie_facebook_likes > 21503.105
probabilities_array:[0.         0.24461128 0.75538874]

rule22: 780.924 < director_facebook_likes < 2821.512
probabilities_array:[0.         0.23740093 0.76259905]

rule23: director_facebook_likes > 2821.512
probabilities_array:[0.         0.23584074 0.76415926]

rule15: num_critic_for_reviews > 238.167
probabilities_array:[0.         0.23394407 0.76605594]

rule38: 10781.360 < cast_total_facebook_likes < 23458.013
probabilities_array:[0.03517404 0.20884801 0.7559779 ]

rule26: 7309.883 < actor_1_facebook_likes < 18104.992
probabilities_array:[4.8726771e-04 2.1035394e-01 7.8915876e-01]

