R2: 0.32200978540675296


MAE: 32744394.292822663


Accuracy: 0.7675787085164767


F1: 0.7676620538965768


Most important rules
-----------------------------

---0---
rule51: budget > 226629832.335
probabilities_array:[0.51428586 0.         0.48571417]

rule16: num_user_for_reviews < 44.680
probabilities_array:[0.43393904 0.         0.56606096]

rule9: -1723.539 < num_voted_users < 95574.723
probabilities_array:[0.4232334 0.        0.5767666]

rule3: imdb_score > 7.210
probabilities_array:[0.4163792 0.        0.5836208]

rule36: cast_total_facebook_likes < 553.122
probabilities_array:[0.40854263 0.         0.59145737]

rule22: 746.918 < director_facebook_likes < 2740.247
probabilities_array:[0.33463094 0.         0.6653691 ]

rule6: 2003.458 < title_year < 2010.111
probabilities_array:[0.33418292 0.         0.6658171 ]

rule12: num_critic_for_reviews < 75.927
probabilities_array:[0.31947187 0.         0.6805281 ]

rule49: -132169842.408 < budget < 47229994.963
probabilities_array:[0.25666323 0.         0.74333674]

rule7: title_year > 2010.111
probabilities_array:[0.23523888 0.         0.76476115]


---1---
rule50: 47229994.963 < budget < 226629832.335
probabilities_array:[0.         0.48671764 0.51328236]

rule4: title_year < 1996.805
probabilities_array:[0.         0.47388947 0.52611053]

rule19: num_user_for_reviews > 565.418
probabilities_array:[0.         0.45778012 0.5422199 ]

rule11: num_voted_users > 192872.984
probabilities_array:[0.         0.44615164 0.5538484 ]

rule10: 95574.723 < num_voted_users < 192872.984
probabilities_array:[0.         0.36484364 0.6351564 ]

rule43: movie_facebook_likes > 23023.056
probabilities_array:[0.         0.35135677 0.64864326]

rule14: 158.587 < num_critic_for_reviews < 241.247
probabilities_array:[0.         0.32845947 0.67154056]

rule15: num_critic_for_reviews > 241.247
probabilities_array:[0.         0.27922422 0.7207758 ]

rule18: 305.049 < num_user_for_reviews < 565.418
probabilities_array:[0.         0.27777237 0.72222763]

rule30: 1894.895 < actor_2_facebook_likes < 4490.657
probabilities_array:[0.        0.2757303 0.7242697]

rule23: director_facebook_likes > 2740.247
probabilities_array:[0.01479735 0.2652911  0.7199115 ]

rule37: 553.122 < cast_total_facebook_likes < 10812.699
probabilities_array:[0.         0.2673767  0.73262334]

rule1: 5.740 < imdb_score < 6.475
probabilities_array:[0.         0.26074928 0.7392507 ]

rule38: 10812.699 < cast_total_facebook_likes < 21072.276
probabilities_array:[0.00296305 0.23033924 0.76669776]

rule47: duration > 124.405
probabilities_array:[0.02503043 0.21423462 0.7607349 ]

rule0: imdb_score < 5.740
probabilities_array:[0.         0.20374879 0.7962512 ]

rule35: actor_3_facebook_likes > 1930.362
probabilities_array:[0.         0.20317008 0.79682994]

rule13: 75.927 < num_critic_for_reviews < 158.587
probabilities_array:[0.         0.20296134 0.7970387 ]

rule46: 109.268 < duration < 124.405
probabilities_array:[0.         0.20070106 0.79929894]

