R2: -1.5076117558528015


MAE: 35763628.73930906


Accuracy: 0.7670565659821225


F1: 0.7676620538965768


Most important rules
-----------------------------

---0---
rule16: num_user_for_reviews < 38.312
probabilities_array:[0.3792547 0.        0.6207453]

rule24: actor_1_facebook_likes < 132.137
probabilities_array:[0.35186443 0.         0.6481356 ]

rule36: cast_total_facebook_likes < 933.980
probabilities_array:[0.31745428 0.         0.6825457 ]

rule12: num_critic_for_reviews < 76.732
probabilities_array:[0.31305766 0.         0.68694234]

rule49: -123536369.048 < budget < 44271727.092
probabilities_array:[0.3112754  0.         0.68872464]

rule9: -3574.303 < num_voted_users < 98904.796
probabilities_array:[0.30130896 0.         0.69869107]

rule6: 2003.058 < title_year < 2009.875
probabilities_array:[0.295191 0.       0.704809]

rule3: imdb_score > 7.215
probabilities_array:[0.29314706 0.         0.706853  ]

rule45: 94.529 < duration < 109.327
probabilities_array:[0.25205716 0.         0.7479428 ]

rule41: -5478.246 < movie_facebook_likes < 8614.453
probabilities_array:[0.2314311 0.        0.7685689]

rule22: 751.051 < director_facebook_likes < 2745.875
probabilities_array:[0.22993298 0.         0.77006704]

rule7: title_year > 2009.875
probabilities_array:[0.20359863 0.         0.7964014 ]


---1---
rule4: title_year < 1996.241
probabilities_array:[0.         0.49762547 0.50237453]

rule10: 98904.796 < num_voted_users < 201383.896
probabilities_array:[0.         0.45900887 0.5409911 ]

rule50: 44271727.092 < budget < 212079823.232
probabilities_array:[0.         0.40168956 0.5983105 ]

rule11: num_voted_users > 201383.896
probabilities_array:[0.         0.36901397 0.63098603]

rule19: num_user_for_reviews > 598.996
probabilities_array:[0.        0.3529457 0.6470543]

rule15: num_critic_for_reviews > 242.040
probabilities_array:[0.        0.3211475 0.6788525]

rule1: 5.727 < imdb_score < 6.471
probabilities_array:[0.        0.3059921 0.6940079]

rule14: 159.386 < num_critic_for_reviews < 242.040
probabilities_array:[0.        0.2953676 0.7046324]

rule18: 318.654 < num_user_for_reviews < 598.996
probabilities_array:[0.        0.2800651 0.7199349]

rule13: 76.732 < num_critic_for_reviews < 159.386
probabilities_array:[0.         0.27821738 0.7217826 ]

rule23: director_facebook_likes > 2745.875
probabilities_array:[0.01152792 0.2720556  0.7164165 ]

rule38: 10524.779 < cast_total_facebook_likes < 20115.579
probabilities_array:[0.         0.25682023 0.74317974]

rule37: 933.980 < cast_total_facebook_likes < 10524.779
probabilities_array:[0.         0.24425013 0.7557499 ]

rule47: duration > 124.125
probabilities_array:[0.00302779 0.23465955 0.7623127 ]

