R2: -1.5698240488338961


MAE: 37425622.634307116


Accuracy: 0.7559341658207542


F1: 0.7560087399854334


Most important rules
-----------------------------

---0---
rule16: num_user_for_reviews < 45.484
probabilities_array:[0.43896008 0.         0.5610399 ]

rule6: 2003.354 < title_year < 2009.942
probabilities_array:[0.3647619 0.        0.6352381]

rule49: -131312997.357 < budget < 46904509.473
probabilities_array:[0.3545197  0.         0.64548033]

rule9: -1439.748 < num_voted_users < 96946.299
probabilities_array:[0.31857562 0.         0.6814244 ]

rule41: -5034.938 < movie_facebook_likes < 8636.733
probabilities_array:[3.1283900e-01 9.2315513e-06 6.8715173e-01]

rule45: 93.935 < duration < 109.643
probabilities_array:[3.0862302e-01 6.6053867e-04 6.9071639e-01]

rule12: num_critic_for_reviews < 76.574
probabilities_array:[0.28465557 0.         0.7153444 ]

rule51: budget > 225122016.304
probabilities_array:[0.2710529 0.        0.7289471]

rule7: title_year > 2009.942
probabilities_array:[0.25790015 0.         0.7420999 ]

rule3: imdb_score > 7.198
probabilities_array:[0.24977851 0.         0.7502215 ]

rule44: duration < 93.935
probabilities_array:[0.23637088 0.00523444 0.75839466]

rule5: 1996.766 < title_year < 2003.354
probabilities_array:[0.2016036 0.        0.7983964]


---1---
rule4: title_year < 1996.766
probabilities_array:[0.        0.4614822 0.5385178]

rule1: 5.705 < imdb_score < 6.452
probabilities_array:[0.         0.43473947 0.5652605 ]

rule19: num_user_for_reviews > 579.458
probabilities_array:[0.         0.41335803 0.58664197]

rule50: 46904509.473 < budget < 225122016.304
probabilities_array:[0.         0.41265076 0.58734924]

rule10: 96946.299 < num_voted_users < 195332.347
probabilities_array:[0.        0.4034801 0.5965199]

rule30: 1905.003 < actor_2_facebook_likes < 5014.343
probabilities_array:[0.         0.39719307 0.6028069 ]

rule11: num_voted_users > 195332.347
probabilities_array:[0.         0.33880082 0.6611992 ]

rule0: imdb_score < 5.705
probabilities_array:[0.       0.322154 0.677846]

rule18: 312.471 < num_user_for_reviews < 579.458
probabilities_array:[0.        0.3181472 0.6818528]

rule14: 159.259 < num_critic_for_reviews < 241.943
probabilities_array:[0.         0.31032342 0.6896766 ]

rule23: director_facebook_likes > 2601.220
probabilities_array:[0.         0.30135638 0.6986436 ]

rule13: 76.574 < num_critic_for_reviews < 159.259
probabilities_array:[0.         0.30093873 0.6990613 ]

rule34: 710.252 < actor_3_facebook_likes < 1893.184
probabilities_array:[0.        0.2716891 0.7283109]

rule15: num_critic_for_reviews > 241.943
probabilities_array:[0.        0.2552331 0.7447669]

rule35: actor_3_facebook_likes > 1893.184
probabilities_array:[0.         0.24405375 0.7559463 ]

rule26: 7523.198 < actor_1_facebook_likes < 18583.682
probabilities_array:[0.01555253 0.20414683 0.7803006 ]

