R2: 0.21698032388222288


MAE: 31707911.966593504


Accuracy: 0.7709816903396334


F1: 0.7727603787327021


Most important rules
-----------------------------

---0---
rule16: num_user_for_reviews < 47.779
probabilities_array:[0.46004167 0.         0.53995836]

rule8: num_voted_users < 1000.524
probabilities_array:[0.44911325 0.         0.55088675]

rule9: 1000.524 < num_voted_users < 95032.076
probabilities_array:[0.42431563 0.         0.57568437]

rule3: imdb_score > 7.191
probabilities_array:[0.41935393 0.         0.5806461 ]

rule6: 2003.436 < title_year < 2009.937
probabilities_array:[0.32953122 0.         0.6704688 ]

rule12: num_critic_for_reviews < 77.366
probabilities_array:[0.31242913 0.         0.68757087]

rule36: cast_total_facebook_likes < 634.137
probabilities_array:[0.31213525 0.         0.6878648 ]

rule51: budget > 218922059.960
probabilities_array:[0.2966504 0.        0.7033496]

rule41: -5239.434 < movie_facebook_likes < 8483.457
probabilities_array:[0.28835592 0.         0.7116441 ]

rule49: -126037877.806 < budget < 46442091.077
probabilities_array:[0.27631983 0.         0.7236802 ]

rule7: title_year > 2009.937
probabilities_array:[0.21604927 0.         0.78395075]

rule29: -710.284 < actor_2_facebook_likes < 1863.591
probabilities_array:[0.19182532 0.03512901 0.77304566]


---1---
rule4: title_year < 1996.936
probabilities_array:[0.         0.49309245 0.5069075 ]

rule50: 46442091.077 < budget < 218922059.960
probabilities_array:[0.         0.42214233 0.5778577 ]

rule10: 95032.076 < num_voted_users < 189063.627
probabilities_array:[0.        0.4138777 0.5861223]

rule37: 634.137 < cast_total_facebook_likes < 10716.081
probabilities_array:[0.         0.4120663  0.58793366]

rule19: num_user_for_reviews > 566.970
probabilities_array:[0.         0.36077487 0.6392251 ]

rule11: num_voted_users > 189063.627
probabilities_array:[0.         0.34555542 0.6544446 ]

rule15: num_critic_for_reviews > 239.868
probabilities_array:[0.         0.32923198 0.670768  ]

rule1: 5.721 < imdb_score < 6.456
probabilities_array:[0.         0.31259343 0.68740654]

rule38: 10716.081 < cast_total_facebook_likes < 20798.026
probabilities_array:[0.         0.29737836 0.70262164]

rule14: 158.617 < num_critic_for_reviews < 239.868
probabilities_array:[0.         0.28072116 0.7192789 ]

rule43: movie_facebook_likes > 22206.349
probabilities_array:[0.         0.28071806 0.7192819 ]

rule0: imdb_score < 5.721
probabilities_array:[0.         0.26072025 0.73927975]

rule13: 77.366 < num_critic_for_reviews < 158.617
probabilities_array:[0.         0.26071993 0.73928005]

rule47: duration > 123.894
probabilities_array:[0.01911445 0.24275096 0.73813456]

rule35: actor_3_facebook_likes > 1772.712
probabilities_array:[0.         0.24535845 0.75464153]

rule30: 1863.591 < actor_2_facebook_likes < 4437.466
probabilities_array:[0.         0.24261864 0.7573814 ]

rule46: 109.307 < duration < 123.894
probabilities_array:[0.         0.22962876 0.77037126]

rule27: actor_1_facebook_likes > 15015.310
probabilities_array:[0.         0.20457344 0.79542655]

