R2: 0.31679925368390627


MAE: 32885550.833099086


Accuracy: 0.7581474218577565


F1: 0.7581937363437727


Most important rules
-----------------------------

---0---
rule16: num_user_for_reviews < 39.919
probabilities_array:[0.4309722  0.         0.56902784]

rule9: -3052.803 < num_voted_users < 96796.468
probabilities_array:[0.42126775 0.         0.57873225]

rule51: budget > 224389652.391
probabilities_array:[0.40769282 0.         0.59230715]

rule6: 2003.491 < title_year < 2009.860
probabilities_array:[0.40138307 0.         0.5986169 ]

rule12: num_critic_for_reviews < 75.946
probabilities_array:[0.39055637 0.         0.60944366]

rule49: -131852249.757 < budget < 46268701.317
probabilities_array:[0.37007567 0.         0.62992436]

rule7: title_year > 2009.860
probabilities_array:[0.36226657 0.         0.63773346]

rule36: cast_total_facebook_likes < 288.477
probabilities_array:[0.34732074 0.         0.65267926]

rule3: imdb_score > 7.216
probabilities_array:[0.30960238 0.         0.6903976 ]

rule44: duration < 93.833
probabilities_array:[0.24335401 0.0130422  0.7436038 ]

rule45: 93.833 < duration < 109.648
probabilities_array:[0.22300735 0.00914446 0.7678482 ]

rule5: 1997.122 < title_year < 2003.491
probabilities_array:[0.22257996 0.         0.77742004]


---1---
rule50: 46268701.317 < budget < 224389652.391
probabilities_array:[0.         0.49221757 0.5077824 ]

rule4: title_year < 1997.122
probabilities_array:[0.         0.46914265 0.5308574 ]

rule0: imdb_score < 5.731
probabilities_array:[0.       0.409499 0.590501]

rule1: 5.731 < imdb_score < 6.473
probabilities_array:[0.        0.4083415 0.5916585]

rule11: num_voted_users > 196645.738
probabilities_array:[0.         0.40222338 0.5977766 ]

rule30: 1912.141 < actor_2_facebook_likes < 5025.161
probabilities_array:[0.       0.400859 0.599141]

rule19: num_user_for_reviews > 589.131
probabilities_array:[0.        0.3560801 0.6439199]

rule15: num_critic_for_reviews > 243.944
probabilities_array:[0.         0.3458183  0.65418166]

rule10: 96796.468 < num_voted_users < 196645.738
probabilities_array:[0.         0.31620553 0.6837945 ]

rule14: 159.945 < num_critic_for_reviews < 243.944
probabilities_array:[0.         0.30909362 0.6909064 ]

rule37: 288.477 < cast_total_facebook_likes < 10654.930
probabilities_array:[0.         0.30793017 0.6920698 ]

rule43: movie_facebook_likes > 22283.057
probabilities_array:[0.         0.2962511  0.70374894]

rule18: 314.525 < num_user_for_reviews < 589.131
probabilities_array:[0.       0.277045 0.722955]

rule31: actor_2_facebook_likes > 5025.161
probabilities_array:[0.02632853 0.23599538 0.7376761 ]

rule38: 10654.930 < cast_total_facebook_likes < 21021.383
probabilities_array:[0.         0.24239396 0.757606  ]

rule47: duration > 125.462
probabilities_array:[0.00565432 0.22722453 0.76712114]

rule35: actor_3_facebook_likes > 1964.262
probabilities_array:[0.02089368 0.21757138 0.7615349 ]

rule13: 75.946 < num_critic_for_reviews < 159.945
probabilities_array:[0.         0.22151001 0.77849   ]

rule34: 733.456 < actor_3_facebook_likes < 1964.262
probabilities_array:[0.         0.21254215 0.7874579 ]

rule42: 8765.796 < movie_facebook_likes < 22283.057
probabilities_array:[0.0140811  0.20531765 0.78060126]

