R2: 0.0657142655468218


MAE: 31825586.394160792


Accuracy: 0.762467909150324


F1: 0.7640203932993445


Most important rules
-----------------------------

---0---
rule9: -2665.647 < num_voted_users < 99095.055
probabilities_array:[0.47846586 0.         0.52153414]

rule16: num_user_for_reviews < 34.620
probabilities_array:[0.46845186 0.         0.53154814]

rule6: 2003.374 < title_year < 2010.030
probabilities_array:[0.44529137 0.         0.5547086 ]

rule12: num_critic_for_reviews < 77.868
probabilities_array:[0.36240435 0.         0.63759565]

rule49: -123971743.533 < budget < 45747938.457
probabilities_array:[0.32086906 0.         0.6791309 ]

rule7: title_year > 2010.030
probabilities_array:[0.25152978 0.         0.7484702 ]

rule3: imdb_score > 7.201
probabilities_array:[0.2227086 0.        0.7772914]

rule5: 1996.718 < title_year < 2003.374
probabilities_array:[0.2159809 0.        0.7840191]


---1---
rule50: 45747938.457 < budget < 215467620.446
probabilities_array:[0.        0.5163532 0.4836468]

rule0: imdb_score < 5.734
probabilities_array:[0.         0.42109537 0.5789046 ]

rule1: 5.734 < imdb_score < 6.468
probabilities_array:[0.         0.41210553 0.58789444]

rule4: title_year < 1996.718
probabilities_array:[0.         0.40985373 0.5901463 ]

rule11: num_voted_users > 200855.757
probabilities_array:[0.         0.39331073 0.6066893 ]

rule10: 99095.055 < num_voted_users < 200855.757
probabilities_array:[0.        0.3831319 0.6168681]

rule30: 1890.226 < actor_2_facebook_likes < 4480.297
probabilities_array:[0.         0.30592206 0.6940779 ]

rule15: num_critic_for_reviews > 242.848
probabilities_array:[0.        0.2906213 0.7093787]

rule19: num_user_for_reviews > 606.090
probabilities_array:[0.         0.28492904 0.71507096]

rule14: 160.358 < num_critic_for_reviews < 242.848
probabilities_array:[0.         0.27671033 0.72328967]

rule35: actor_3_facebook_likes > 1773.145
probabilities_array:[0.         0.25912386 0.74087614]

rule18: 320.355 < num_user_for_reviews < 606.090
probabilities_array:[0.04516434 0.22837137 0.72646433]

rule21: -1208.376 < director_facebook_likes < 709.356
probabilities_array:[0.         0.22059499 0.779405  ]

rule34: 679.507 < actor_3_facebook_likes < 1773.145
probabilities_array:[0.         0.21681055 0.7831894 ]

rule47: duration > 124.925
probabilities_array:[6.8516405e-05 2.1094514e-01 7.8898633e-01]

