R2: 0.34257855248053204


MAE: 29175404.174679972


Accuracy: 0.7635169542295711


F1: 0.7654770575382375


Most important rules
-----------------------------

---0---
rule51: budget > 230344120.940
probabilities_array:[0.43004176 0.         0.56995827]

rule9: -4101.078 < num_voted_users < 101158.913
probabilities_array:[0.41381615 0.         0.58618385]

rule16: num_user_for_reviews < 42.962
probabilities_array:[0.38870037 0.         0.61129963]

rule3: imdb_score > 7.212
probabilities_array:[0.37720075 0.         0.6227993 ]

rule12: num_critic_for_reviews < 77.239
probabilities_array:[0.3690421 0.        0.6309579]

rule24: actor_1_facebook_likes < 138.082
probabilities_array:[0.35432196 0.         0.64567804]

rule36: cast_total_facebook_likes < 914.662
probabilities_array:[0.34244916 0.         0.6575508 ]

rule49: -132934878.261 < budget < 48704621.340
probabilities_array:[0.34221584 0.         0.65778416]

rule6: 2003.270 < title_year < 2009.935
probabilities_array:[0.2933973 0.        0.7066027]

rule7: title_year > 2009.935
probabilities_array:[0.24682274 0.         0.7531772 ]

rule45: 94.392 < duration < 109.798
probabilities_array:[0.21355496 0.00949664 0.7769484 ]


---1---
rule4: title_year < 1996.606
probabilities_array:[0.         0.49493164 0.50506836]

rule11: num_voted_users > 206418.905
probabilities_array:[0.         0.44264698 0.557353  ]

rule19: num_user_for_reviews > 593.997
probabilities_array:[0.         0.39930138 0.60069865]

rule50: 48704621.340 < budget < 230344120.940
probabilities_array:[0.         0.39629588 0.6037041 ]

rule10: 101158.913 < num_voted_users < 206418.905
probabilities_array:[0.         0.36064872 0.63935125]

rule43: movie_facebook_likes > 23884.580
probabilities_array:[0.         0.33676818 0.6632318 ]

rule30: 1932.289 < actor_2_facebook_likes < 4591.652
probabilities_array:[0.         0.32453868 0.67546135]

rule18: 318.479 < num_user_for_reviews < 593.997
probabilities_array:[0.         0.32251802 0.677482  ]

rule14: 160.372 < num_critic_for_reviews < 243.505
probabilities_array:[0.         0.2582986  0.74170136]

rule38: 10831.841 < cast_total_facebook_likes < 20749.021
probabilities_array:[2.8226612e-04 2.5621372e-01 7.4350399e-01]

rule15: num_critic_for_reviews > 243.505
probabilities_array:[0.         0.24774122 0.7522588 ]

rule13: 77.239 < num_critic_for_reviews < 160.372
probabilities_array:[0.         0.24267618 0.7573238 ]

rule0: imdb_score < 5.737
probabilities_array:[0.         0.24025397 0.759746  ]

rule1: 5.737 < imdb_score < 6.475
probabilities_array:[0.         0.23170266 0.7682974 ]

rule47: duration > 125.203
probabilities_array:[0.03028355 0.20298791 0.76672846]

rule37: 914.662 < cast_total_facebook_likes < 10831.841
probabilities_array:[0.         0.21628791 0.7837121 ]

