R2: -1.1085601895057606


MAE: 35109257.613798134


Accuracy: 0.7711190438774946


F1: 0.7713037144938092


Most important rules
-----------------------------

---0---
rule16: num_user_for_reviews < 39.550
probabilities_array:[0.48747355 0.         0.51252645]

rule6: 2003.234 < title_year < 2010.073
probabilities_array:[0.46482852 0.         0.5351715 ]

rule49: -125465769.113 < budget < 44852843.165
probabilities_array:[0.39944962 0.00142226 0.5991281 ]

rule51: budget > 215171455.444
probabilities_array:[0.37360433 0.         0.62639564]

rule9: -3667.874 < num_voted_users < 97298.845
probabilities_array:[0.34790024 0.         0.6520998 ]

rule12: num_critic_for_reviews < 75.675
probabilities_array:[0.3269099 0.        0.6730901]

rule5: 1996.396 < title_year < 2003.234
probabilities_array:[0.24576423 0.         0.75423574]

rule41: -5788.331 < movie_facebook_likes < 8856.017
probabilities_array:[0.22810861 0.02290479 0.74898666]

rule7: title_year > 2010.073
probabilities_array:[0.23775792 0.         0.7622421 ]

rule3: imdb_score > 7.210
probabilities_array:[0.21912253 0.         0.7808775 ]

rule44: duration < 93.854
probabilities_array:[0.18205091 0.04419763 0.77375144]


---1---
rule1: 5.729 < imdb_score < 6.470
probabilities_array:[0.         0.42731202 0.572688  ]

rule50: 44852843.165 < budget < 215171455.444
probabilities_array:[0.         0.41413283 0.58586717]

rule4: title_year < 1996.396
probabilities_array:[0.         0.39837074 0.60162926]

rule11: num_voted_users > 198265.565
probabilities_array:[0.         0.39266583 0.60733414]

rule0: imdb_score < 5.729
probabilities_array:[0.         0.38335323 0.61664677]

rule19: num_user_for_reviews > 574.971
probabilities_array:[0.         0.37036222 0.6296378 ]

rule10: 97298.845 < num_voted_users < 198265.565
probabilities_array:[0.         0.36028516 0.63971484]

rule18: 307.261 < num_user_for_reviews < 574.971
probabilities_array:[0.         0.30636328 0.6936367 ]

rule47: duration > 124.875
probabilities_array:[0.0011297  0.29767737 0.701193  ]

rule30: 1919.279 < actor_2_facebook_likes < 5038.848
probabilities_array:[0.         0.29662722 0.7033728 ]

rule14: 157.484 < num_critic_for_reviews < 239.293
probabilities_array:[0.00649432 0.29216567 0.70133996]

rule23: director_facebook_likes > 2692.455
probabilities_array:[0.         0.26603562 0.7339644 ]

rule35: actor_3_facebook_likes > 1954.527
probabilities_array:[0.       0.257854 0.742146]

rule43: movie_facebook_likes > 23500.365
probabilities_array:[0.        0.2459302 0.7540698]

rule21: -1238.125 < director_facebook_likes < 727.165
probabilities_array:[0.02005676 0.21646407 0.7634791 ]

rule15: num_critic_for_reviews > 239.293
probabilities_array:[0.         0.21341884 0.78658116]

rule34: 722.068 < actor_3_facebook_likes < 1954.527
probabilities_array:[0.         0.21118549 0.7888145 ]

rule37: -2426.806 < cast_total_facebook_likes < 10889.545
probabilities_array:[0.         0.20612092 0.7938791 ]

rule13: 75.675 < num_critic_for_reviews < 157.484
probabilities_array:[0.01463706 0.19885305 0.78650993]

