R2: -0.5321906358638877


MAE: 31245415.056126628


Accuracy: 0.7363061160756799


F1: 0.7370721048798252


Most important rules
-----------------------------

---0---
rule16: num_user_for_reviews < 42.845
probabilities_array:[0.48115927 0.         0.51884073]

rule3: imdb_score > 7.219
probabilities_array:[0.4488298 0.        0.5511702]

rule6: 2003.268 < title_year < 2009.970
probabilities_array:[0.36854178 0.         0.6314582 ]

rule36: cast_total_facebook_likes < 188.042
probabilities_array:[0.33676317 0.         0.66323686]

rule9: -1874.109 < num_voted_users < 97998.382
probabilities_array:[0.33183908 0.         0.6681609 ]

rule49: -129867141.738 < budget < 46349797.926
probabilities_array:[0.29230237 0.         0.70769763]

rule12: num_critic_for_reviews < 76.641
probabilities_array:[0.25685167 0.         0.7431483 ]

rule51: budget > 222566737.591
probabilities_array:[0.22159761 0.         0.7784024 ]

rule45: 94.458 < duration < 109.680
probabilities_array:[0.1821953 0.0393066 0.7784981]


---1---
rule50: 46349797.926 < budget < 222566737.591
probabilities_array:[0.         0.5651931  0.43480685]

rule10: 97998.382 < num_voted_users < 197870.873
probabilities_array:[0.         0.49903998 0.50096   ]

rule4: title_year < 1996.565
probabilities_array:[0.         0.48218578 0.5178142 ]

rule19: num_user_for_reviews > 583.488
probabilities_array:[0.         0.45066884 0.5493311 ]

rule11: num_voted_users > 197870.873
probabilities_array:[0.        0.4182691 0.5817309]

rule30: 1924.070 < actor_2_facebook_likes < 5059.835
probabilities_array:[0.         0.34972194 0.65027803]

rule15: num_critic_for_reviews > 243.003
probabilities_array:[0.         0.32724714 0.67275286]

rule18: 313.167 < num_user_for_reviews < 583.488
probabilities_array:[0.         0.29476935 0.70523065]

rule1: 5.729 < imdb_score < 6.474
probabilities_array:[0.        0.2898906 0.7101094]

rule43: movie_facebook_likes > 22953.081
probabilities_array:[0.         0.27255204 0.7274479 ]

rule38: 10631.839 < cast_total_facebook_likes < 21075.637
probabilities_array:[0.         0.24223736 0.7577626 ]

rule35: actor_3_facebook_likes > 1982.034
probabilities_array:[0.         0.23381594 0.7661841 ]

rule14: 159.822 < num_critic_for_reviews < 243.003
probabilities_array:[3.3960692e-04 2.2622888e-01 7.7343148e-01]

rule13: 76.641 < num_critic_for_reviews < 159.822
probabilities_array:[0.         0.21882293 0.78117704]

rule47: duration > 124.902
probabilities_array:[0.01912467 0.20700493 0.77387035]

rule42: 8723.075 < movie_facebook_likes < 22953.081
probabilities_array:[0.04751912 0.19006337 0.7624175 ]

rule0: imdb_score < 5.729
probabilities_array:[0.         0.20436579 0.7956342 ]

