R2: -7.471445394498179


MAE: 41195304.79753658


Accuracy: 0.7659650391648651


F1: 0.7662053896576839


Most important rules
-----------------------------

---0---
rule9: -3570.854 < num_voted_users < 98317.660
probabilities_array:[0.36594492 0.         0.6340551 ]

rule6: 2003.164 < title_year < 2010.115
probabilities_array:[0.35155386 0.         0.64844614]

rule16: num_user_for_reviews < 41.993
probabilities_array:[0.33654013 0.         0.66345984]

rule49: -41947755.550 < budget < 43188640.707
probabilities_array:[0.32718623 0.         0.6728138 ]

rule3: imdb_score > 7.239
probabilities_array:[0.3093524 0.        0.6906476]

rule12: num_critic_for_reviews < 76.938
probabilities_array:[0.2809901  0.         0.71900994]

rule44: duration < 94.435
probabilities_array:[0.2220753  0.01702673 0.76089793]

rule7: title_year > 2010.115
probabilities_array:[0.2206208 0.        0.7793792]


---1---
rule4: title_year < 1996.213
probabilities_array:[0.        0.4691623 0.5308377]

rule50: 43188640.707 < budget < 128325036.964
probabilities_array:[0.        0.4630419 0.5369581]

rule10: 98317.660 < num_voted_users < 200206.175
probabilities_array:[0.        0.4260986 0.5739014]

rule19: num_user_for_reviews > 577.994
probabilities_array:[0.         0.38174948 0.6182505 ]

rule51: budget > 128325036.964
probabilities_array:[0.         0.36813003 0.63187   ]

rule30: 1818.670 < actor_2_facebook_likes < 4390.011
probabilities_array:[0.         0.3421856  0.65781444]

rule1: 5.745 < imdb_score < 6.492
probabilities_array:[0.       0.333462 0.666538]

rule15: num_critic_for_reviews > 241.094
probabilities_array:[0.         0.32746544 0.6725346 ]

rule14: 159.016 < num_critic_for_reviews < 241.094
probabilities_array:[0.        0.3230806 0.6769194]

rule43: movie_facebook_likes > 21979.772
probabilities_array:[3.5149316e-04 2.9540607e-01 7.0424247e-01]

rule13: 76.938 < num_critic_for_reviews < 159.016
probabilities_array:[0.         0.29494178 0.7050582 ]

rule11: num_voted_users > 200206.175
probabilities_array:[0.         0.28860903 0.711391  ]

rule0: imdb_score < 5.745
probabilities_array:[0.         0.23891594 0.7610841 ]

rule47: duration > 124.293
probabilities_array:[0.00340411 0.23563166 0.7609642 ]

rule18: 309.993 < num_user_for_reviews < 577.994
probabilities_array:[0.         0.22915933 0.7708407 ]

rule26: 7427.972 < actor_1_facebook_likes < 18682.198
probabilities_array:[0.01201809 0.21185727 0.7761246 ]

rule46: 109.364 < duration < 124.293
probabilities_array:[0.04060109 0.18648519 0.7729137 ]

rule34: 715.855 < actor_3_facebook_likes < 1895.987
probabilities_array:[0.00259739 0.2041952  0.79320747]

rule35: actor_3_facebook_likes > 1895.987
probabilities_array:[0.         0.20487201 0.795128  ]

