R2: 0.2703236505972386


MAE: 33117635.19959121


Accuracy: 0.7561719753680947


F1: 0.7574654042243263


Most important rules
-----------------------------

---0---
rule51: budget > 227863780.576
probabilities_array:[0.48044905 0.         0.519551  ]

rule9: -589.825 < num_voted_users < 97060.789
probabilities_array:[0.43398 0.      0.56602]

rule16: num_user_for_reviews < 47.366
probabilities_array:[0.42232153 0.         0.57767844]

rule3: imdb_score > 7.203
probabilities_array:[0.41913903 0.         0.580861  ]

rule36: cast_total_facebook_likes < 99.260
probabilities_array:[0.4104446  0.         0.58955544]

rule49: -130981898.776 < budget < 48440940.900
probabilities_array:[0.37757766 0.         0.62242234]

rule6: 2003.108 < title_year < 2009.780
probabilities_array:[0.35634172 0.         0.6436583 ]

rule7: title_year > 2009.780
probabilities_array:[0.20317274 0.         0.79682726]

rule12: num_critic_for_reviews < 75.923
probabilities_array:[0.20146938 0.         0.79853064]


---1---
rule19: num_user_for_reviews > 576.021
probabilities_array:[0.         0.46469614 0.53530383]

rule11: num_voted_users > 194711.404
probabilities_array:[0.         0.45178378 0.5482162 ]

rule50: 48440940.900 < budget < 227863780.576
probabilities_array:[0.         0.42654637 0.57345366]

rule4: title_year < 1996.437
probabilities_array:[0.        0.4026689 0.5973311]

rule10: 97060.789 < num_voted_users < 194711.404
probabilities_array:[0.        0.3614372 0.6385628]

rule15: num_critic_for_reviews > 238.842
probabilities_array:[0.         0.34482977 0.6551702 ]

rule13: 75.923 < num_critic_for_reviews < 157.382
probabilities_array:[0.        0.3045445 0.6954555]

rule1: 5.737 < imdb_score < 6.470
probabilities_array:[0.        0.3030681 0.6969319]

rule30: 1923.257 < actor_2_facebook_likes < 5058.730
probabilities_array:[0.         0.30074623 0.6992538 ]

rule18: 311.693 < num_user_for_reviews < 576.021
probabilities_array:[0.         0.28405827 0.7159417 ]

rule31: actor_2_facebook_likes > 5058.730
probabilities_array:[0.         0.28011414 0.7198859 ]

rule38: 10919.574 < cast_total_facebook_likes < 21739.888
probabilities_array:[0.        0.2631913 0.7368087]

rule0: imdb_score < 5.737
probabilities_array:[0.         0.25929734 0.7407026 ]

rule23: director_facebook_likes > 2707.340
probabilities_array:[0.         0.25379056 0.74620944]

rule37: 99.260 < cast_total_facebook_likes < 10919.574
probabilities_array:[0.         0.23579457 0.7642054 ]

rule14: 157.382 < num_critic_for_reviews < 238.842
probabilities_array:[0.00737082 0.21967672 0.77295256]

rule47: duration > 125.152
probabilities_array:[0.         0.21649124 0.7835088 ]

rule34: 712.557 < actor_3_facebook_likes < 1922.789
probabilities_array:[0.         0.20389809 0.7961019 ]

