R2: 0.33073058571702574


MAE: 31884326.536779705


Accuracy: 0.7710038818862184


F1: 0.7720320466132556


Most important rules
-----------------------------

---0---
rule51: budget > 227505467.613
probabilities_array:[0.51751494 0.         0.48248506]

rule9: -950.767 < num_voted_users < 97806.048
probabilities_array:[0.477749 0.       0.522251]

rule49: -132261790.642 < budget < 47621838.486
probabilities_array:[0.47512555 0.         0.52487445]

rule16: num_user_for_reviews < 43.235
probabilities_array:[0.45554236 0.         0.5444577 ]

rule6: 2003.174 < title_year < 2009.904
probabilities_array:[0.3842148  0.         0.61578524]

rule12: num_critic_for_reviews < 76.731
probabilities_array:[0.32269537 0.         0.6773046 ]

rule45: 94.452 < duration < 109.529
probabilities_array:[0.20870537 0.02282063 0.76847404]

rule3: imdb_score > 7.224
probabilities_array:[0.20690416 0.         0.7930958 ]

rule7: title_year > 2009.904
probabilities_array:[0.2003513 0.        0.7996487]


---1---
rule0: imdb_score < 5.739
probabilities_array:[0.         0.43747506 0.5625249 ]

rule10: 97806.048 < num_voted_users < 196562.864
probabilities_array:[0.         0.42292243 0.57707757]

rule4: title_year < 1996.444
probabilities_array:[0.         0.42135158 0.5786484 ]

rule1: 5.739 < imdb_score < 6.481
probabilities_array:[0.         0.38112977 0.61887026]

rule19: num_user_for_reviews > 582.982
probabilities_array:[0.         0.37376627 0.6262337 ]

rule50: 47621838.486 < budget < 227505467.613
probabilities_array:[0.         0.36252588 0.6374741 ]

rule30: 1809.640 < actor_2_facebook_likes < 4351.850
probabilities_array:[0.         0.36107782 0.6389222 ]

rule11: num_voted_users > 196562.864
probabilities_array:[0.         0.34374097 0.656259  ]

rule23: director_facebook_likes > 2677.514
probabilities_array:[0.         0.2779576  0.72204244]

rule35: actor_3_facebook_likes > 1905.785
probabilities_array:[0.         0.2699404  0.73005956]

rule43: movie_facebook_likes > 22312.677
probabilities_array:[0.         0.24501361 0.7549864 ]

rule13: 76.731 < num_critic_for_reviews < 158.957
probabilities_array:[0.         0.24449962 0.7555004 ]

rule38: 10632.694 < cast_total_facebook_likes < 23631.089
probabilities_array:[0.02818708 0.22945058 0.7423623 ]

rule34: 711.803 < actor_3_facebook_likes < 1905.785
probabilities_array:[0.         0.24174699 0.758253  ]

rule14: 158.957 < num_critic_for_reviews < 241.184
probabilities_array:[0.         0.24086818 0.75913185]

rule18: 313.109 < num_user_for_reviews < 582.982
probabilities_array:[0.         0.22514273 0.7748573 ]

rule15: num_critic_for_reviews > 241.184
probabilities_array:[0.         0.20779511 0.79220486]

rule31: actor_2_facebook_likes > 4351.850
probabilities_array:[0.00792221 0.20009771 0.79198   ]

