R2: -0.25182579637946056


MAE: 42285232.553104535


Accuracy: 0.7563740490458584


F1: 0.7567370721048798


Most important rules
-----------------------------

---0---
rule51: budget > 229666903.123
probabilities_array:[0.5907505  0.         0.40924948]

rule8: num_voted_users < 1461.164
probabilities_array:[0.48883793 0.         0.5111621 ]

rule16: num_user_for_reviews < 43.181
probabilities_array:[0.43633044 0.         0.56366956]

rule9: 1461.164 < num_voted_users < 96887.466
probabilities_array:[0.39229625 0.         0.60770375]

rule3: imdb_score > 7.204
probabilities_array:[0.3725936  0.         0.62740636]

rule49: -133866312.240 < budget < 47900295.442
probabilities_array:[0.368457   0.         0.63154304]

rule12: num_critic_for_reviews < 76.172
probabilities_array:[0.3682493 0.        0.6317507]

rule6: 2003.084 < title_year < 2010.084
probabilities_array:[0.3585152 0.        0.6414848]


---1---
rule4: title_year < 1996.083
probabilities_array:[0.         0.5345447  0.46545532]

rule11: num_voted_users > 192313.768
probabilities_array:[0.         0.47007108 0.5299289 ]

rule50: 47900295.442 < budget < 229666903.123
probabilities_array:[0.         0.39125192 0.6087481 ]

rule10: 96887.466 < num_voted_users < 192313.768
probabilities_array:[0.         0.38806716 0.6119329 ]

rule1: 5.731 < imdb_score < 6.467
probabilities_array:[0.        0.3355133 0.6644867]

rule14: 158.605 < num_critic_for_reviews < 241.037
probabilities_array:[0.         0.32161057 0.67838943]

rule19: num_user_for_reviews > 579.938
probabilities_array:[0.         0.31637076 0.6836292 ]

rule0: imdb_score < 5.731
probabilities_array:[0.         0.30438894 0.69561106]

rule30: 1889.113 < actor_2_facebook_likes < 5005.863
probabilities_array:[0.         0.29361853 0.7063815 ]

rule15: num_critic_for_reviews > 241.037
probabilities_array:[0.        0.2863888 0.7136112]

rule47: duration > 123.569
probabilities_array:[4.1396139e-05 2.7751869e-01 7.2243994e-01]

rule35: actor_3_facebook_likes > 2022.449
probabilities_array:[0.        0.2608035 0.7391965]

rule18: 311.560 < num_user_for_reviews < 579.938
probabilities_array:[0.         0.2510701  0.74892986]

rule43: movie_facebook_likes > 22589.688
probabilities_array:[0.         0.24893641 0.7510636 ]

rule31: actor_2_facebook_likes > 5005.863
probabilities_array:[0.00572935 0.21646862 0.77780205]

rule34: 738.721 < actor_3_facebook_likes < 2022.449
probabilities_array:[0.         0.21439245 0.7856076 ]

rule13: 76.172 < num_critic_for_reviews < 158.605
probabilities_array:[0.         0.20955808 0.79044193]

