R2: -0.22186515902023474


MAE: 43912243.165305555


Accuracy: 0.7494932032586059


F1: 0.7501820830298617


Most important rules
-----------------------------

---0---
rule51: budget > 217470722.513
probabilities_array:[0.4582174 0.        0.5417826]

rule16: num_user_for_reviews < 50.825
probabilities_array:[0.44992515 0.         0.5500749 ]

rule9: -1200.491 < num_voted_users < 97147.703
probabilities_array:[0.444472 0.       0.555528]

rule49: -124900095.043 < budget < 46285313.735
probabilities_array:[0.3630949  0.         0.63690513]

rule3: imdb_score > 7.207
probabilities_array:[0.34404454 0.         0.6559555 ]

rule12: num_critic_for_reviews < 76.217
probabilities_array:[0.31133243 0.         0.68866754]

rule6: 2003.323 < title_year < 2009.980
probabilities_array:[0.29062235 0.         0.70937765]

rule45: 93.998 < duration < 109.589
probabilities_array:[0.21316236 0.         0.78683764]


---1---
rule4: title_year < 1996.665
probabilities_array:[0.        0.5389778 0.4610222]

rule19: num_user_for_reviews > 572.632
probabilities_array:[0.         0.4230338  0.57696617]

rule50: 46285313.735 < budget < 217470722.513
probabilities_array:[0.         0.41536868 0.5846313 ]

rule10: 97147.703 < num_voted_users < 195495.896
probabilities_array:[0.         0.39042538 0.6095746 ]

rule43: movie_facebook_likes > 22973.889
probabilities_array:[0.         0.34750438 0.6524956 ]

rule15: num_critic_for_reviews > 241.184
probabilities_array:[0.       0.319138 0.680862]

rule1: 5.699 < imdb_score < 6.453
probabilities_array:[0.         0.31842843 0.6815716 ]

rule23: director_facebook_likes > 2720.012
probabilities_array:[0.         0.3056791  0.69432086]

rule11: num_voted_users > 195495.896
probabilities_array:[0.         0.30541754 0.69458246]

rule13: 76.217 < num_critic_for_reviews < 158.700
probabilities_array:[0.         0.28853106 0.71146894]

rule14: 158.700 < num_critic_for_reviews < 241.184
probabilities_array:[0.         0.28676304 0.7132369 ]

rule0: imdb_score < 5.699
probabilities_array:[0.         0.28373244 0.7162676 ]

rule47: duration > 125.179
probabilities_array:[0.        0.2619669 0.7380331]

rule18: 311.729 < num_user_for_reviews < 572.632
probabilities_array:[0.         0.26038772 0.7396123 ]

rule34: 710.612 < actor_3_facebook_likes < 1872.284
probabilities_array:[0.       0.256187 0.743813]

rule42: 8763.403 < movie_facebook_likes < 22973.889
probabilities_array:[0.00266955 0.24760967 0.74972075]

rule46: 109.589 < duration < 125.179
probabilities_array:[0.01322233 0.21175796 0.7750197 ]

rule21: -1229.672 < director_facebook_likes < 745.170
probabilities_array:[0.         0.20976827 0.7902317 ]

rule35: actor_3_facebook_likes > 1872.284
probabilities_array:[0.         0.20383802 0.79616195]

